0.435374	0.806893	3538.35	15.4244
0.795283	1.47447	1763.05	4.71722
0.946213	1.44544	3542.44	25.6573
1.31773	1.56735	3962.49	16.495
1.41642	1.60218	3534.26	12.211
1.5151	1.82277	1762.03	5.10211
1.56154	2.03175	3145.03	8.00908
1.60798	1.82277	3540.39	4.52663
1.72989	1.92726	488.211	5.31288
1.78794	2.04336	3532.22	29.0674
1.99692	2.39166	2095.42	18.7801
2.02594	2.27556	3152.31	21.5964
2.06077	2.19429	1661.22	8.74942
2.14204	2.57161	1389.67	7.00768
2.19429	3.33206	1666.99	11.223
2.25234	2.40907	458.685	7.30275
2.31039	3.22757	2212.34	19.8785
2.45551	2.73415	1107.45	9.12343
2.58322	2.72834	2180.63	7.33331
2.64707	3.33206	921.087	6.85269
3.0302	4.13315	1399.34	8.6612
3.12889	4.1912	2099.06	14.6195
3.33206	3.68617	1669.88	6.86709
3.46558	3.63392	2195.79	5.65902
3.65134	4.19701	1104.89	5.899
3.68617	4.16798	1661.22	5.23432
3.82549	4.09252	1110.01	4.97154
3.99964	4.1912	653.568	6.67517
4.14476	4.5395	2102.7	37.6339
4.26667	4.47565	4207.83	80.9843
4.51628	4.69043	5006.87	60.2501
4.61497	4.86458	4202.97	57.0305
4.71365	4.85297	4989.55	13.4677
4.77751	5.50313	4450.32	41.408
4.82395	6.07202	619.743	22.7211
4.98068	5.2361	2103.91	7.61096
5.10839	5.40444	930.713	8.88147
5.18966	5.37542	1558.05	6.69962
5.29415	5.97333	2094.21	20.6701
5.4741	5.75274	3538.35	26.3017
5.60762	5.71791	932.328	7.81923
5.68889	5.88045	4207.83	38.6032
5.8166	5.9385	3515.94	19.6967
5.8166	5.9385	3515.94	19.6967
5.92109	6.58286	3729.31	24.5693
5.9385	6.01397	3729.31	19.6967
6.08943	6.48998	1244.51	7.23007
6.14748	6.4029	932.328	7.46495
6.25778	6.61769	2116.1	6.57274
6.43193	6.62349	869.892	12.0514
6.45515	7.42458	436.961	18.5884
6.52481	7.2098	1981.25	24.3786
6.59447	6.79764	1578.89	12.5846
6.73379	7.01823	3960.21	74.5583
6.91955	7.11111	3145.03	25.2864
7.02984	7.28526	2643.12	12.678
7.12853	7.3317	2091.8	21.5742
7.16336	7.3259	1040.47	10.3425
7.27946	7.90639	3534.26	16.8334
7.42458	7.79029	1176.7	6.98756
7.52327	7.77868	1977.82	11.0339
7.70902	8.86422	1976.67	23.5429
8.01669	8.63202	3534.26	5.73978
8.59138	8.92807	3154.13	143.299
8.82939	9.04417	512.779	12.6245
8.93388	9.05578	3150.49	98.8806
8.99193	9.37506	3157.78	92.0892
9.1893	9.8859	2358.84	34.9292
9.21832	10.9946	1871.13	46.9002
9.25315	10.2516	1247.39	69.515
9.34023	9.68853	3154.13	78.4817
9.57243	9.83946	2803.53	11.828
9.69433	10.6812	3150.49	122.689
10.211	10.4606	765.642	26.5442
10.5128	10.7044	2099.06	11.3731
10.5419	10.9656	1241.64	19.2338
10.6812	10.896	2975.38	28.7387
10.7683	10.896	3059.03	27.3167
10.8495	11.0237	2653.83	38.3295
10.954	11.6216	983.781	21.6088
11.0063	12.5504	1763.05	32.7772
11.0237	11.2385	2800.29	21.5218
11.0875	11.3894	2963.38	39.005
11.1514	12.4343	2343.9	14.0277
11.2152	11.3197	1315.47	10.6705
11.3197	11.4532	1323.09	9.98421
11.4649	12.086	1314.71	9.53705
11.6216	12.1324	982.645	7.5298
11.8364	12.2427	1173.98	6.9963
12.1556	12.7652	488.493	6.47269
12.2253	12.6317	1479.98	6.10234
12.353	12.5156	1315.47	4.0612
12.4343	13.009	2345.25	7.98735
12.4691	13.2586	1171.95	13.2518
12.858	13.1541	2875.69	6.64149
13.218	14.2629	1657.39	18.1141
13.2412	14.199	2088.17	14.4919
13.781	14.2106	2343.9	7.09066
13.8623	14.2222	655.458	5.01821
14.199	14.5531	2649.23	83.7063
14.3441	15.6619	1973.25	31.5358
14.5009	14.6286	411.009	9.05982
14.5299	14.7505	2656.9	61.2704
14.6228	15.1568	2793.83	45.5217
14.9943	15.1104	1230.92	10.3578
15.0291	15.6502	652.813	24.3357
15.151	15.2729	2779.34	10.9197
15.2381	15.7722	2797.06	12.3877
15.5806	16.4688	1570.7	10.8025
15.6038	16.4978	1982.39	19.6397
15.6444	16.2946	1314.71	16.1893
15.6619	16.5674	437.466	15.6316
15.778	15.9811	2649.23	18.0764
15.9753	16.1611	2352.03	9.47346
16.1437	16.4455	2647.7	28.8183
16.4223	16.9912	2085.76	26.873
16.4513	16.8171	2640.07	6.13853
16.4978	17.8736	1044.09	7.60141
16.7416	17.0957	1997.33	11.181
16.9273	17.8736	2008.9	9.9208
17.0144	17.8213	1316.99	5.89598
17.3801	17.6762	2045.2	6.22515
17.8155	19.0055	1656.43	19.3513
17.8155	19.0288	1475.71	14.4505
17.8561	19.0984	1990.42	18.9519
18.0593	18.8372	589.709	7.8309
18.8488	19.1216	588.688	7.67721
18.9823	19.8415	1751.89	19.4755
19.4409	19.5454	2033.42	6.21261
19.4467	20.1085	589.369	5.87104
19.4932	20.1781	3528.14	5.26238
19.6963	19.8182	2036.95	4.02255
19.7892	20.0562	2357.47	30.733
20.0562	20.5322	2481.84	30.733
20.2072	21.3856	1760	18.0846
20.242	20.5903	1977.82	40.529
20.5264	21.5075	2354.75	24.4754
20.747	21.8558	588.008	9.96648
21.0721	21.2172	2787.38	5.35896
21.1302	21.374	2086.97	6.59853
21.2927	22.2389	1761.02	18.3118
21.7281	22.1751	3546.53	8.09507
21.8093	22.0822	2088.17	11.6145
21.8558	22.1983	1167.89	7.7446
21.8848	22.0938	587.33	5.81901
22.0183	22.2795	2647.7	17.3063
22.1112	22.4885	788.532	19.2338
22.1983	23.5044	2808.39	56.6593
22.3956	22.9819	1663.14	29.3815
22.4595	23.4754	1866.81	75.4767
22.593	22.8078	4470.93	11.8914
22.6336	23.4696	2225.16	19.9999
23.0284	23.1735	1614.86	10.7917
23.0748	23.2083	400.001	9.40473
23.1735	23.5741	3177.9	66.5468
23.2896	23.4347	1609.27	29.2602
23.3535	24.4158	3335.9	143.118
23.5334	24.8395	1660.26	58.4771
23.7424	24.2707	2217.46	14.6623
24.0036	24.5551	2658.43	14.8011
24.4158	24.7583	3174.23	24.8912
24.5145	24.7351	2116.1	15.1041
24.6828	24.7583	3146.85	24.7526
24.7583	25.5187	3137.78	27.2876
24.7699	25.4665	1986.98	17.5255
24.8163	25.2923	1311.67	9.6941
24.9034	25.0776	2337.14	8.15551
24.9905	25.8961	1570.7	9.8181
25.2575	25.4897	1023.78	18.4888
25.5536	25.8264	1980.1	7.92228
25.5652	26.9177	6271.93	10.2308
25.7277	26.047	1183.51	32.1706
25.7858	26.8713	2093	29.1182
25.9135	26.0818	2365.66	16.7435
26.0296	26.3663	1033.88	14.5914
26.3198	26.8423	746.859	14.7026
26.3895	26.581	1176.02	6.01865
26.552	26.8249	1471.45	9.13244
26.5868	26.7262	1175.34	4.31452
26.6739	26.8423	2587.23	4.90186
26.79	27.3589	1565.27	16.6754
26.8481	27.0861	2017.04	17.3498
26.8887	27.7188	1760	16.5489
27.0861	27.3299	2039.3	11.6751
27.2428	27.504	2650.76	56.7487
27.3357	27.504	1988.13	9.03338
27.5098	27.7304	2641.59	18.1472
27.5795	28.1019	2987.44	69.8794
27.713	28.0149	1980.1	10.9184
27.8175	28.0149	5950.77	17.771
27.8756	28.7231	2353.39	18.743
27.9858	29.1933	3146.85	99.0012
28.4038	28.7231	1569.79	10.6488
28.5838	29.0366	3540.39	62.6336
29.0424	29.5474	2373.87	15.7357
29.0714	29.2862	3554.74	30.8689
29.1817	29.2862	3742.26	21.7538
29.2339	29.8609	1865.73	8.50968
29.292	29.8376	3740.1	12.4065
