0.905578	1.38739	1273.6	601.318
0.917188	1.38739	2544.25	408.42
1.38739	1.79955	2768.12	252.024
1.38739	2.70512	1397.72	576.705
2.61224	2.78059	1128.76	923.206
2.76898	3.19274	1265.53	276.875
2.96054	4.0693	3339.75	86.2803
3.19274	4.3015	1392.08	222.73
3.96481	4.32472	2800.29	83.4228
4.26086	4.47565	1666.02	49.1449
4.37116	4.52789	2553.09	68.1828
4.42921	4.60916	1117.09	172.7
4.45243	4.63238	2181.89	93.8314
4.68463	4.95746	1289.14	286.294
4.95746	6.10685	1395.3	382.358
5.8224	6.41451	2701.78	137.922
6.22295	6.46095	1128.11	77.8353
6.36227	6.57125	1667.95	67.8699
6.42032	7.73805	2792.21	87.8264
6.46676	7.99927	2222.59	114.609
6.48417	6.79184	779.926	112.713
7.5639	7.97025	1110.01	38.8164
7.61034	8.05152	1671.81	46.0936
7.94122	8.08635	1332.29	262.544
8.16762	8.48689	1292.12	768.674
8.27211	8.48689	2584.24	345.494
8.48689	9.35184	1396.91	998.91
8.48689	9.35764	2793.83	589.616
9.35184	9.60726	1272.13	581.833
9.35764	9.59565	2541.32	359.948
9.72916	9.89751	1158.49	158.91
9.95555	10.3039	1316.99	274.626
10.1645	10.298	2620.32	89.5462
10.298	10.5477	2811.63	95.0514
10.3039	11.401	1405.82	271.487
11.4939	11.5984	1093.47	133.915
11.6506	12.8522	2239.34	101.631
11.6971	12.9161	3362.98	185.316
11.7783	12.7884	836.87	266.809
12.8813	13.485	3750.91	83.0756
12.9451	13.5024	3139.59	54.4371
13.4211	14.0539	2232.88	79.5317
13.4618	14.0016	3992.36	86.3342
14.0249	14.2977	1891.78	63.9095
14.0771	14.617	2551.61	86.7986
14.2338	14.7215	2203.42	54.271
14.5009	14.7563	1248.83	54.8459
14.7447	16.1901	1476.56	1186.48
16.2017	16.4513	1480.83	344.882
16.3585	16.7068	1485.97	1451.15
16.9041	17.3859	2900.72	246.108
16.9099	17.3221	1450.36	499.625
17.92	18.1522	1115.15	44.3726
18.0477	18.1638	3746.58	158.337
18.0535	18.2044	1848.57	337.96
18.1348	18.3031	1439.51	596.387
18.4192	18.6805	2200.87	75.8292
18.5005	18.8024	1466.36	1382.21
18.6224	18.8082	2959.96	750.017
18.8024	19.9634	1666.02	1485.67
18.8082	19.2261	3333.97	768.815
19.9692	20.1607	1238.05	179.627
20.271	20.5787	823.92	37.8435
20.4336	21.4959	3343.61	68.1675
20.4858	21.5017	833.493	50.6274
21.4378	21.5539	2322.33	250.962
21.4901	21.9487	1374.5	930.922
21.7455	21.9487	4121.23	113.204
22.0357	23.22	1677.61	517.225
22.1693	22.7091	3359.1	338.485
23.1793	23.3012	2650.76	61.264
23.5044	23.6785	1259.7	173.055
23.6495	24.0559	1395.3	88.8574
23.8063	24.0501	2709.59	48.8793
23.8585	24.1081	2116.1	77.6072
23.8933	25.1182	2515.03	233.612
23.9572	25.182	1255.34	482.585
25.2865	25.5361	1316.23	137.698
25.391	25.6	2503.43	56.0056
25.5942	25.9425	1080.28	62.5873
25.6755	25.9947	2188.2	55.1873
25.809	27.0919	2792.21	68.2848
25.8554	27.0977	1108.73	189.772
25.9947	26.8074	2238.05	50.0989
