0.725624	1.03909	869.39	165.227
0.975238	1.22485	2664.58	445.975
1.12036	1.56735	2836.1	446.439
1.3932	1.77633	2361.56	454.076
1.56735	2.42649	2052.3	588.669
2.42649	3.09406	2247.12	530.952
2.73995	2.9083	3697.14	353.092
2.87347	3.2566	3080.31	758.098
3.1463	3.58748	2529.6	603.423
3.39011	4.13315	3461.53	457.149
3.45397	3.64553	3593.96	397.036
3.48299	3.65134	4048.09	319.683
3.71519	3.89515	3503.77	486.132
3.75002	3.91837	3066.11	547.39
3.99964	4.38857	908.931	467.49
4.26667	4.62658	2520.85	824.522
4.4234	5.73533	3096.36	570.509
5.72952	6.281	1858.2	1146.66
6.24617	6.6351	2117.32	798.784
6.47837	7.34912	1746.83	702.209
7.16336	7.65097	1760	641.851
7.51166	7.70322	1755.94	737.516
7.64517	8.99193	1488.55	837.666
7.88898	8.36499	2000.8	433.442
8.7307	8.93968	1789.73	471.935
8.80036	9.32862	2028.73	478.638
9.05578	9.40989	2987.44	392.975
9.16608	9.57243	1482.54	482.553
9.49116	10.2168	3546.53	888.917
9.7756	10.3213	2958.25	437.369
10.0717	10.3155	3573.26	359.093
10.1297	10.3967	1753.91	776.207
10.2516	10.8727	3990.06	543.601
10.6057	11.0121	1480.83	592.404
10.8263	11.5519	3534.26	1002.83
11.0179	11.2675	3004.74	448.136
11.3081	11.7899	1786.63	584.527
11.5403	11.6564	1504.11	390.878
11.6796	12.2137	3983.15	522.785
11.819	12.1731	1322.32	524.831
12.0395	12.3414	2959.96	665.288
12.1266	12.5039	1998.49	509.384
12.1789	12.4923	2626.38	450.636
12.3356	13.3747	1487.69	594.769
12.4227	12.9741	3509.85	691.615
12.6665	13.2818	2970.23	575.864
13.0728	13.2122	2444.84	472.412
13.2876	13.5314	4166.71	499.813
13.3573	15.2903	1754.92	606.645
13.6127	13.9668	1498.9	339.82
13.6882	13.8565	875.943	284.514
13.9726	14.1874	3526.1	255.415
15.2033	16.9738	1499.77	895.374
15.6619	16.7532	2989.16	506.642
15.7199	15.9405	1817.86	419.769
16.3294	16.6603	1001.56	339.337
16.492	16.9622	1709.9	445.786
16.8287	17.1537	2026.39	484.702
17.0841	17.2698	3550.63	1116.37
17.2756	17.711	3538.35	603.872
17.4904	17.7865	2079.75	560.472
17.6704	17.9606	1781.48	425.536
17.6936	18.2335	1465.52	508.984
17.7575	18.0013	2961.67	583.443
17.8503	18.1986	3987.75	573.32
18.0825	18.4657	3994.67	476.854
18.1348	18.5527	1804.26	446.182
18.1812	18.7095	2687.77	533.982
18.1986	18.3263	3374.66	401.415
18.2741	18.7095	1480.83	545.192
18.5353	19.0404	3540.39	686.498
18.8314	19.2726	1474.01	421.1
18.843	19.2203	2728.44	501.299
19.1158	19.3248	3596.04	282.973
19.1216	19.7544	1850.71	470.826
19.2377	19.7428	3978.55	592.958
19.4699	19.8531	4422.13	338.247
19.6615	19.9227	3996.98	548.369
19.8182	20.4103	1484.26	599.501
19.9866	20.7296	3517.97	487.815
20.0737	20.4219	2676.92	411.298
20.3	20.4336	2749	299.96
20.5322	21.0431	3011.69	486.475
20.7412	20.956	759.914	272.38
20.7412	21.1185	1566.17	467.417
20.9038	21.0779	3370.76	463.804
20.956	21.2114	1942.72	538.482
21.2405	21.4494	3477.56	311.346
21.2811	22.0241	1764.07	501.057
21.5307	21.6526	3034.39	244.229
21.7745	22.0532	2675.38	307.749
21.9545	22.4827	1763.05	430.829
22.2737	22.6104	1768.15	505.078
22.3956	22.9065	2153.09	452.965
22.8717	23.4522	1524.22	850.207
23.1909	23.4115	1783.54	383.65
23.2258	23.5276	998.667	350.37
23.4347	23.8585	3411.9	310.855
23.4522	24.7234	1483.4	439.961
23.5102	24.0152	3015.18	399.701
23.6321	23.934	1000.4	238.006
23.9166	24.0036	3633.62	221.969
24.4158	24.7989	3475.55	417.323
24.7525	25.2865	3540.39	786.072
24.886	25.2169	916.84	368.16
25.1937	25.5884	2965.09	441.722
25.3562	25.4607	3405.99	294.706
25.3678	26.3779	1483.4	579.148
25.542	25.6755	3838.59	427.211
25.6348	26.1689	4015.49	406.964
25.6755	26.2037	2676.92	517.159
26.0586	26.6855	3560.9	566.015
26.0876	26.3372	739.134	282.533
26.3082	26.7378	1768.15	516.89
26.4127	26.9932	1491.13	499.44
26.7262	26.9061	3673.72	346.708
26.79	26.9932	3015.18	374.784
26.8307	26.97	930.713	325.002
26.9119	27.4924	3978.55	539.712
27.179	27.8639	3020.41	382.737
27.1906	27.5098	4470.93	279.876
27.4286	27.6782	3066.11	354.865
27.4692	27.7246	1312.43	302.752
27.6317	28.2297	3573.26	534.915
27.8872	28.1019	2146.88	409.804
27.9684	28.3632	2990.89	357.179
28.2587	29.3907	2003.11	378.762
29.2746	29.9828	1765.09	102.932
