0.505034	1.75311	2357.47	18.0194
0.743039	1.50349	5286.24	16.6972
1.02748	1.24807	1900.54	13.416
1.05651	2.13624	2640.07	35.4025
1.43383	1.78213	441.783	13.7968
1.45705	1.67764	891.769	17.033
1.81696	2.0898	494.169	20.454
2.00272	2.3278	2214.9	47.8325
2.17687	2.43229	1793.87	37.6869
2.18848	2.87347	2644.65	46.8572
2.47873	2.73995	1970.97	29.4104
2.77478	2.96635	1812.62	81.1757
2.9083	3.39592	2647.7	39.7478
2.93732	3.05342	441.273	21.2234
3.05342	3.2624	1479.98	30.682
3.07084	3.22757	493.313	19.8895
3.39592	3.77324	2646.18	43.3368
3.48299	3.7268	660.017	40.1718
3.58168	3.8371	3951.07	90.2907
3.6107	4.0751	1975.53	63.0281
3.8429	4.25506	3953.35	60.8559
3.94739	4.31311	2638.54	77.1574
3.94739	4.38857	5277.09	71.4862
3.98222	4.57433	1974.39	66.4244
4.13896	4.35955	6019.91	71.2653
4.23184	4.74848	2641.59	98.3242
4.34794	4.69624	439.746	42.1736
4.37696	4.8878	5923.33	54.6484
4.40599	4.80653	1317.75	75.6063
4.48145	4.78331	1763.05	77.6443
4.50467	5.66567	7068.52	123.365
4.69624	5.06195	493.313	32.147
4.78331	4.95166	5307.66	65.7477
4.84136	5.56118	4712.23	118.531
4.8878	5.20707	5913.08	52.2658
4.92263	5.11419	1179.42	48.5378
4.98068	5.24771	2354.75	65.2604
5.14322	5.79918	1180.1	91.9017
5.31156	5.90367	2354.75	72.2208
5.60762	7.73224	4706.79	91.401
5.83982	6.519	439.238	34.3924
5.84562	6.40871	1967.56	44.1952
5.97914	6.44354	2360.2	41.3074
6.32744	7.8019	2349.32	99.041
6.50739	6.66993	2655.36	24.5509
6.89052	7.14594	1938.23	51.47
7.08209	7.27365	2596.21	42.3481
7.26785	7.42458	441.528	34.0891
7.45361	7.76127	1789.73	59.7371
7.48844	7.62195	489.057	38.251
7.70902	8.69007	2373.87	132.559
8.00508	8.55075	1485.97	50.1556
8.0341	8.34757	494.454	32.8353
8.33016	8.46367	1799.06	41.5862
8.53333	8.76553	1958.49	49.7058
8.54494	9.08481	2357.47	78.2838
8.75973	9.09061	439.492	34.4666
8.88163	9.08481	1452.03	30.6979
9.12544	9.44472	495.884	36.4116
9.29379	9.43891	1772.24	41.1665
9.47374	9.82785	5289.3	54.0548
9.61306	9.92653	1319.27	23.4589
9.82204	10.6638	1764.07	89.0912
9.98458	10.4548	1974.39	71.2834
9.99619	10.298	7929.57	185.047
10.269	10.4374	3957.92	63.0698
10.3213	11.0585	2644.65	125.413
10.3677	10.6057	440	45.8342
10.3677	10.6057	440	45.8342
10.4025	10.7857	10584.7	143.39
10.5825	10.8553	1757.97	42.4626
10.6115	10.8205	7980.11	40.451
10.7218	10.9018	495.598	27.065
10.8727	11.8364	2303.63	116.464
11.0005	11.4765	1176.02	105.884
11.1572	11.4649	4709.5	57.646
11.43	11.6332	2353.39	73.296
11.5345	12.0454	1770.2	141.833
11.8364	12.5678	2230.31	142.057
11.9989	12.2021	3957.92	88.1651
12.0454	12.8174	7920.41	140.043
12.1034	12.4807	983.781	125.642
12.1731	15.1104	1977.82	131.779
12.2427	12.4111	9605.82	15.5169
12.5504	12.9335	8941.86	40.9288
12.7594	12.9335	2257.53	45.7894
12.8348	13.0322	7906.7	60.805
13.0148	13.6417	2963.38	102.85
13.1715	13.4385	439.746	49.3554
13.2702	13.694	3955.63	40.0149
13.4502	13.9262	494.454	49.6342
13.8043	14.0597	2661.5	31.2595
14.3441	14.5879	2650.76	69.3113
14.4428	14.7679	1122.26	46.5745
14.5995	14.7679	439.492	33.2782
14.7795	15.0175	493.028	36.0441
14.8666	15.1684	2949.71	50.4957
14.942	15.2961	2218.74	58.698
15.1568	15.3716	2653.83	79.7738
15.1626	15.4645	1767.13	77.2838
15.2613	15.5283	4631.27	33.379
15.36	15.6561	1981.25	58.3273
15.4413	15.6793	988.908	51.7852
15.5864	15.7896	1724.78	82.9717
15.6619	16.1785	1485.12	65.3232
15.8708	16.2249	1990.42	88.3088
16.103	16.5849	495.598	47.1512
16.1785	16.5849	1961.89	65.3232
16.2191	16.4339	2959.96	62.2821
16.2249	17.8678	1485.12	88.8813
16.6719	16.8867	1959.62	81.4054
16.8751	17.0144	3629.43	76.2262
17.3511	17.6007	1870.05	117.932
17.3685	17.5659	1124.86	62.8345
17.5311	17.9548	576.906	49.0835
17.6878	17.92	884.076	44.8967
17.8852	18.1522	1488.55	120.312
18.0419	18.5469	1968.7	179.044
18.1812	19.1565	1483.4	239.927
18.2741	19.5396	2970.23	259.527
18.7675	19.0229	1972.11	143.048
19.139	20.2884	2349.32	181.395
19.1507	20.1898	3526.1	118.259
19.4061	19.5976	497.893	57.2883
19.5628	19.7776	5940.46	60.4372
19.6557	21.1592	2638.54	141.1
19.6615	20.8922	3960.21	114.136
20.2014	21.4901	2220.02	127.765
20.2362	20.7761	3328.2	126.241
20.4161	20.898	1480.83	74.1595
20.7064	21.0083	494.169	46.2732
20.7528	21.5191	2965.09	157.838
20.8399	21.0837	3341.68	137.232
20.9096	22.2447	1977.82	131.844
21.0083	21.165	513.372	33.25
21.5539	23.8991	2980.54	90.7801
21.9429	22.4247	495.312	46.7035
22.117	22.3666	1791.8	90.1309
22.2215	23.0516	1978.96	109.733
22.4247	22.802	2618.81	53.2731
22.5176	22.7033	453.941	31.9293
22.6801	22.9936	1805.3	79.4481
22.9761	23.725	1975.53	78.3658
23.1851	23.3302	737.855	36.9902
23.2141	23.4347	1108.09	46.1972
23.3883	23.516	443.06	33.8671
23.5044	23.8063	990.623	43.2598
23.5334	23.7772	490.472	37.1254
23.7076	23.9572	1748.85	68.0768
23.8121	24.0675	1980.1	177.023
23.9398	24.0733	434.946	38.1519
24.0501	25.1356	2963.38	137.036
24.0791	25.0253	4434.92	86.343
24.1778	24.6306	494.74	39.8363
24.381	24.7409	5919.91	82.6624
24.4158	24.6015	1718.81	30.4212
24.4564	24.7176	1474.86	53.1408
24.6073	24.9034	1974.39	53.7817
24.619	24.8337	988.908	35.7311
24.8802	25.2807	493.598	44.6365
24.9673	26.076	2347.96	134.505
24.9847	26.1573	3526.1	121.551
25.0427	25.3388	2939.51	111.095
25.1646	25.3736	4685.09	72.1348
25.42	25.8322	2999.54	62.0958
25.5245	26.8307	2650.76	116.361
25.5536	26.3546	3951.07	82.8661
25.8148	25.9773	995.212	46.7097
26.0818	26.6217	2220.02	117.528
26.0876	26.6449	3343.61	109.611
26.1747	26.6217	1967.56	117.418
26.343	26.5636	1483.4	48.4152
26.494	26.6333	740.416	35.9878
26.6217	27.0048	2346.61	102.088
26.6449	26.8423	439.746	43.3852
26.6449	26.8829	3511.88	87.8739
26.7378	27.7478	3528.14	116.707
26.7958	27.0106	2977.1	41.4834
27.0106	27.7827	2352.03	79.3887
27.1441	28.9205	1975.53	97.1471
27.237	27.9452	2963.38	86.9097
27.7362	28.1136	885.609	38.4135
28.0033	28.131	472.398	25.9999
28.1019	28.845	2971.95	34.8841
28.5431	29.0482	3973.96	31.8432
28.8334	29.7564	1976.67	20.2528
28.8624	29.7332	2973.67	17.1345
29.0191	29.2862	2490.45	12.2094
