0.01161	0.16254	1275.81	12.2783
0.16254	0.661769	1087.17	50.5534
0.626939	1.34676	2630.93	29.2327
0.661769	1.40481	1315.47	44.1239
1.399	1.5151	1336.14	14.7393
1.48027	1.96789	1019.06	54.8045
1.52671	1.84599	2121	26.0878
1.89243	2.57741	987.196	56.2119
2.23492	4.04027	1970.97	18.2156
2.40327	2.55419	1367.37	12.1224
2.49034	3.22757	2218.74	25.2681
2.50776	2.71673	1097.26	20.5915
2.5658	2.71093	1396.11	13.9443
3.12308	3.85451	2222.59	24.6806
3.13469	3.23918	1115.8	11.8534
3.20435	3.4888	1389.67	11.3155
3.33206	3.50041	818.701	12.3591
3.70358	4.00544	1392.88	11.1285
3.77905	4.04608	2229.02	20.1086
4.17959	4.36535	755.538	15.3476
4.39438	4.62077	812.107	18.5343
4.59175	5.64245	2221.31	26.8969
4.63238	5.76435	1968.7	23.9139
4.68463	4.89361	1388.07	14.7649
4.89361	5.16063	1381.67	13.5799
5.65406	6.30422	2221.31	22.9981
5.7005	5.89787	1100.44	11.7621
5.72372	6.2868	1390.47	13.3226
5.86304	5.94431	535.482	11.2893
6.23456	6.37968	816.34	17.139
6.27519	6.52481	2220.02	16.9498
6.37968	6.64671	1922.62	16.9218
6.41451	6.68154	1380.87	17.684
6.47256	6.56544	534.554	14.0723
6.5132	6.83247	1100.44	20.3934
6.53061	6.73379	2207.24	17.6112
6.56544	6.83247	551.809	13.0027
6.56544	6.83247	551.809	13.0027
6.8615	6.95438	762.553	13.9124
7.0937	7.51166	1171.27	27.0349
7.51746	7.65678	896.417	62.9215
7.54648	8.10957	2093	112.843
7.71483	8.11537	1046.5	221.173
8.10957	8.93968	2273.23	112.843
8.11537	8.9571	1137.93	221.173
8.45787	8.56816	1106.81	33.6278
8.96871	9.51438	1293.62	235.908
9.43891	9.56662	2606.73	58.29
9.51438	10.449	1467.21	94.1892
9.58984	9.8859	1160.5	31.7491
9.78141	10.4141	2934.42	78.5686
10.2342	10.3735	1171.95	16.9972
10.5012	10.8727	831.089	54.3976
10.6231	10.9772	2490.45	30.8449
10.8089	11.4474	1161.84	21.0041
11.2443	11.7899	1748.85	15.4463
11.3023	11.5055	1479.98	13.7979
11.4474	11.8422	1170.6	18.7156
11.7725	11.9409	1182.83	253.218
11.9293	12.0802	1155.81	54.3483
12.0047	12.2021	1301.11	174.662
12.2079	12.5794	1313.95	25.6711
12.2834	12.4865	1090.94	16.6031
12.3937	12.6955	1155.15	13.6347
12.4633	13.0148	1328.45	14.1331
12.9916	13.1019	1412.33	349.525
13.1077	13.5546	1133.34	353.908
13.5314	13.7985	1128.11	62.4502
13.8565	14.0365	1303.37	252.527
14.1874	14.7447	1086.54	274.984
14.4893	14.7795	2155.58	105.218
14.7389	14.9246	1083.41	44.3278
14.8201	16.1785	1304.12	98.9208
15.6677	15.7605	1087.8	24.9618
16.0508	16.341	2223.87	18.6296
16.1205	16.4107	870.898	13.6113
16.3875	16.5558	2209.79	25.3324
16.3933	16.7126	435.952	11.2435
16.6429	16.8809	1010.27	371.226
16.759	16.968	2022.88	274.496
16.8054	17.1131	1028.52	392.108
16.968	17.1073	2094.21	274.496
17.0609	17.3395	493.028	33.3768
17.2524	17.6007	1067.87	210.504
17.711	17.9664	3043.17	36.7059
17.7749	18.8198	1948.34	109.793
17.8619	18.7501	970.237	131.04
18.1406	18.5353	720.586	19.41
18.2451	18.3438	1007.36	11.1103
18.7501	18.9707	974.731	17.0823
18.9707	19.1855	730.645	23.6322
19.0694	19.3538	2862.43	13.5285
19.0984	19.7486	1074.68	129.188
19.3132	19.4525	1157.82	58.4903
19.4583	19.7892	492.459	31.7878
19.6441	20.2362	1074.06	292.817
19.8531	20.2014	2160.56	108.916
20.242	20.5322	1062.95	51.401
20.3	21.0199	983.781	57.1706
20.5148	20.6948	2463.27	16.1947
20.9734	21.3043	2501.99	19.7781
21.0547	21.3043	975.857	15.1694
21.1011	21.3275	1661.22	33.2013
21.1418	21.5946	728.538	41.6927
21.8151	22.4131	1440.34	835.552
22.1344	22.3608	2887.34	108.679
22.4189	22.9936	1298.11	357.275
22.9936	23.6031	1130.07	311.352
23.6089	24.1894	1073.44	164.22
24.1894	25.1762	968.557	198.124
24.23	25.2169	3878.71	113.184
25.0253	25.1704	1956.23	53.9183
25.2227	26.0412	1287.65	194.829
25.5013	25.6813	1176.7	28.3952
25.9019	26.5056	1264.07	46.6433
25.9599	26.105	2454.75	22.1575
26.1863	26.3663	491.039	21.7903
26.6855	26.8829	1167.89	23.0239
26.7726	27.1673	1749.86	15.7535
26.9874	27.1848	2379.36	35.913
27.1093	27.6724	1067.26	209.101
27.4808	27.655	2129.59	93.7171
27.6666	28.2297	1067.26	74.0737
27.7304	28.2355	2141.93	46.4793
27.9452	28.2297	3224.13	24.9124
28.2297	29.1585	990.052	32.7795
28.2355	29.1468	1959.62	17.3441
28.3051	29.292	2973.67	23.4566
