0
0.00580499
0.01161
0.017415
0.02322
0.0290249
0.0348299
0.0406349
0.0464399
0.0522449
0.0580499
0.0638549
0.0696599
0.0754649
0.0812698
0.0870748
0.0928798
0.0986848
0.10449
0.110295
0.1161
0.121905
0.12771
0.133515	400.232
0.13932	403.249
0.145125	398.617
0.15093	413.151
0.156735	404.182
0.16254	404.883
0.168345	416.025
0.17415	422.808
0.179955	402.783
0.18576	406.758
0.191565	414.107
0.19737	422.076
0.203175	411.009	361.335
0.20898	418.193	366.379
0.214785	413.151	348.422
0.22059	412.198	349.632
0.226395	417.228	355.127
0.2322	407.463	348.624
0.238005	406.523	344.619
0.24381	406.758	344.42
0.249615	410.772	350.238
0.255419	407.934	353.286
0.261224	397.927	348.221
0.267029	406.288	360.293
0.272834	414.346	351.657
0.278639	416.987	360.501
0.284444	414.346	354.308
0.290249	419.403	357.804
0.296054	410.772	342.634
0.301859	397.009	343.229
0.307664	407.934
0.313469	401.622
0.319274	410.061
0.325079	400.232
0.330884	403.016
0.336689	401.158
0.342494	398.617
0.348299	396.55
0.354104	402.086
0.359909	403.948
0.365714	422.32
0.371519	423.542
0.377324	417.711	499.911
0.383129	415.545	517.54
0.388934	419.645	517.54
0.394739	425.258	529.025
0.400544	429.454	536.41
0.406349	428.958	529.637
0.412154	422.076	526.891
0.417959	434.444	518.138
0.423764	431.443	520.237
0.429569	416.506	525.675
0.435374	423.297	525.675
0.441179	426.734	505.135
0.446984	427.721	516.346
0.452789	426.487	520.237
0.458594	412.674	515.452
0.464399	404.415	518.737
0.470204	414.346	527.195
0.476009	424.031	517.54
0.481814	435.701	527.805
0.487619	534.246
0.493424	547.049
0.499229	534.863
0.505034	555.006
0.510839	555.969
0.516644	551.172
0.522449	555.327
0.528254	552.447
0.534059	568.635
0.539864	573.915
0.545669	570.939
0.551474	560.807
0.557279	560.159
0.563084	560.483
0.568889	558.221
0.574694	535.791
0.580499	561.455
0.586304	556.933
0.592109	557.255
0.597914	567.979
0.603719	577.24
0.609524	570.609	345.416
0.615329	556.29	349.027
0.621134	549.9	338.895
0.626939	560.807	343.824
0.632744	547.049	333.073
0.638549	340.661
0.644354	333.65
0.650159	325.653
0.655964	325.089
0.661769	324.527
0.667574	309.693
0.673379	320.799
0.679184	322.285
0.684989	318.032
0.690794	320.059
0.696599	322.658
0.702404	329.818
0.708209	327.729
0.714014	328.487
0.719819	324.714
0.725624	321.727
0.731429	321.727
0.737234	322.099
0.743039	311.667
0.748844	309.156
0.754649	307.731
0.760454	309.335
0.766258	304.021
0.772063	306.489
0.777868	308.443
0.783673	311.127
0.789478	306.844
0.795283	315.288
0.801088	311.307
0.806893	311.127
0.812698	315.106
0.818503	317.114
0.824308	315.652
0.830113	311.307
0.835918	313.11
0.841723	325.277
0.847528	316.748
0.853333	328.677
0.859138	329.818
0.864943	345.217
0.870748	348.422
0.876553	360.085
0.882358	360.085
0.888163	354.513
0.893968
0.899773
0.905578
0.911383
0.917188
0.922993
0.928798
0.934603
0.940408
0.946213
0.952018
0.957823
0.963628
0.969433
0.975238
0.981043
0.986848
0.992653
0.998458
1.00426
1.01007
1.01587
1.02168
1.02748
1.03329
1.03909
1.0449
1.0507
1.05651
1.06231
1.06812
1.07392
1.07973
1.08553
1.09134
1.09714
1.10295
1.10875
1.11456
1.12036
1.12617
1.13197
1.13778
1.14358
1.14939
1.15519
1.161
1.1668
1.17261
1.17841
1.18422
1.19002
1.19583
1.20163
1.20744
1.21324
1.21905
1.22485
1.23066
1.23646
1.24227
1.24807
1.25388
1.25968
1.26549
1.27129
1.2771
1.2829	492.175
1.28871	491.322
1.29451	476.509
1.30032	491.322
1.30612	487.647
1.31193	466.972
1.31773	493.313
1.32354	493.028
1.32934	491.322
1.33515	486.803
1.34095	483.999
1.34676	489.623
1.35256	488.211
1.35837	493.598
1.36417	494.454
1.36998	495.598
1.37578	493.598
1.38159	491.322
1.38739	495.598
1.3932	487.647
1.399	485.399
1.40481	483.44
1.41061	488.775
1.41642	500.199
1.42222	501.646
1.42803	505.427
1.43383	510.415
1.43964	512.779
1.44544	508.062
1.45125	517.54
1.45705	528.414
1.46286	555.327
1.46866	564.707
1.47447	564.707
1.48027	563.079
1.48608	555.006
1.49188	547.049
1.49769	538.273
1.50349	538.273
1.5093
1.5151
1.52091
1.52671
1.53252
1.53832
1.54413
1.54993
1.55574
1.56154
1.56735
1.57315
1.57896	613.333
1.58476	618.313
1.59057	618.67
1.59637	611.917
1.60218	602.1
1.60798	595.528
1.61379	626.582
1.61959	620.818
1.6254	615.107
1.6312	610.858
1.63701	589.028
1.64281	576.573
1.64862	584.622
1.65442	607.34
1.66023	607.34
1.66603	611.564
1.67184	613.333
1.67764	619.385
1.68345	613.333
1.68925	599.671
1.69506	607.691
1.70086	584.284
1.70667	581.927
1.71247	581.927
1.71828	576.573
1.72408	567.979
1.72989	595.528
1.73569	607.691
1.7415	612.625
1.7473	612.271
1.75311	602.1	494.169
1.75891	585.636	499.622
1.76472	577.24	503.97
1.77052	573.252	500.199
1.77633	579.913	495.598
1.78213	589.709	496.171
1.78794	571.269	498.757
1.79374	557.577	497.893
1.79955	564.055	499.045
1.80535	557.577	497.319
1.81116	554.045	497.893
1.81696	548.948	498.757
1.82277	553.406	506.304
1.82857	544.527	500.778
1.83438	554.045	493.028
1.84018	487.647
1.84599	499.045
1.85179	504.844
1.8576	500.199
1.8634	508.062
1.86921	506.011
1.87501	505.427
1.88082	503.97
1.88662	497.606
1.89243	505.719
1.89823	505.427
1.90404	498.757
1.90984	509.531
1.91565	502.226
1.92145	500.199	379.299
1.92726	496.744	390.414
1.93306	502.516	403.715
1.93887	499.333	403.948
1.94467	507.768	408.17
1.95048	500.488	409.824
1.95628	496.457	386.152
1.96209	504.261	379.957
1.96789	507.182	387.717
1.9737	499.333	389.513
1.9795	507.768	391.995
1.98531	509.531	389.513
1.99111	499.622	383.485
1.99692	504.844	379.738
2.00272	516.047	392.675
2.00853	514.559	397.927
2.01433	514.856	417.469
2.02014	511.595	420.859
2.02594	497.031	421.589
2.03175	489.34	412.674
2.03755	500.778	412.674
2.04336	498.469	411.484
2.04916	508.062	413.868
2.05497	504.844	406.288
2.06077	501.646	402.783
2.06658	486.803	397.009
2.07238	496.171	398.847
2.07819	493.883	398.387
2.08399	480.378	415.545
2.0898	492.175	414.107
2.0956	408.878	512.187
2.10141	404.182	501.936
2.10721	402.783	502.516
2.11302	394.494	495.884
2.11882	400.463	509.237
2.12463	402.086	503.097
2.13043	402.783	509.826
2.13624	408.406	509.237
2.14204	409.587	503.679
2.14785	411.722	509.531
2.15365	410.061	509.531
2.15946	414.586	511.891
2.16526	411.009	501.646
2.17107	415.545	508.355
2.17687	412.674	499.911
2.18268	415.065	515.452
2.18848	419.645	515.749
2.19429	426.487	515.154
2.20009	431.942	513.372
2.2059	440.763	507.182
2.2117	452.37	518.138
2.21751	445.113	511.595
2.22331	455.517	518.438
2.22912	458.95	511.005
2.23492	454.203	514.856
2.24073	459.215	508.062
2.24653	467.242	510.12
2.25234	460.277	512.483
2.25814	447.95	511.891
2.26395	451.326	515.154
2.26975	440	502.807
2.27556	437.719	503.388
2.28136	441.018	506.889
2.28717	437.213	512.187
2.29297	437.466	515.154
2.29878	446.142	514.262
2.30458	451.326	504.844
2.31039	451.326	512.187
2.31619	439.746	506.596
2.322	433.441	505.427
2.3278	515.749
2.33361	513.668
2.33941	516.047
2.34522	514.856
2.35102	512.483
2.35683	515.452
2.36263	517.839
2.36844	507.768
2.37424	495.598
2.38005	507.182
2.38585	514.262
2.39166	515.749
2.39746	522.647
2.40327	509.826
2.40907	511.891
2.41488	519.937
2.42068	520.237
2.42649	510.415	328.297
2.43229	509.826	347.016
2.4381	518.438	366.591
2.4439	525.068	380.616
2.44971	512.483	381.497
2.45551	515.749	408.878
2.46132	508.355	416.506
2.46712	521.441	413.151
2.47293	533.937	412.674
2.47873	516.346	403.482
2.48454	504.261	393.129
2.49034	511.891	382.6
2.49615	506.596	387.269
2.50195	520.237	382.821
2.50776	514.262	376.244
2.51356	513.372	374.51
2.51937	517.241	377.769
2.52517	519.037	374.943
2.53098	520.538	382.6
2.53678	522.044	377.987
2.54258	518.438	377.769
2.54839	517.839	382.821
2.55419	514.856	392.675
2.56	520.237	396.55
2.5658	520.237	394.039
2.57161	519.037	385.929
2.57741	522.647	381.938
2.58322	525.675	381.717
2.58902	522.949	381.056
2.59483	525.675	389.963
2.60063	535.791	392.675
2.60644	556.933	412.198
2.61224	549.9	423.542
2.61805	529.025	397.697
2.62385	527.805
2.62966	527.195
2.63546	529.637
2.64127	522.345
2.64707	524.765
2.65288	522.345
2.65868	522.949
2.66449	519.337
2.67029	516.942
2.6761	514.856
2.6819	518.737
2.68771	514.262
2.69351	521.14
2.69932	521.742
2.70512	524.461
2.71093	523.553
2.71673	522.044
2.72254	517.241
2.72834	513.965
2.73415	519.037
2.73995	517.839
2.74576	508.649
2.75156	514.856
2.75737	515.452
2.76317	519.937
2.76898	519.637
2.77478	518.737
2.78059	522.345
2.78639	524.461
2.7922	515.154
2.798	513.075
2.80381	501.357
2.80961	513.372
2.81542	509.826
2.82122	503.097
2.82703	513.965
2.83283	521.441
2.83864	521.14
2.84444	509.237
2.85025	509.826
2.85605	508.355
2.86186	516.942
2.86766	523.553
2.87347	529.637
2.87927	532.705
2.88508	525.068
2.89088	519.337
2.89669	509.531
2.90249	515.452
2.9083	520.839
2.9141	523.553
2.91991	522.647
2.92571	525.978
2.93152	526.586
2.93732	523.251
2.94313	523.553
2.94893	517.241
2.95474	519.637
2.96054	526.282
2.96635	523.251
2.97215	525.675
2.97796	525.068
2.98376	526.282
2.98957	521.441
2.99537	516.942
3.00118	528.109
3.00698	524.461
3.01279	533.013
3.01859	525.978
3.0244	544.842
3.0302	519.337
3.03601	502.226
3.04181	519.337
3.04762	523.553
3.05342	519.637
3.05923	505.135
3.06503	523.553
3.07084
3.07664
3.08245
3.08825
3.09406
3.09986
3.10567
3.11147
3.11728
3.12308
3.12889
3.13469
3.1405
3.1463
3.15211
3.15791
3.16372
3.16952
3.17533
3.18113
3.18694
3.19274
3.19855	426.734
3.20435	426.981
3.21016	425.995
3.21596	442.038
3.22177	428.71
3.22757	427.968
3.23338	433.942
3.23918	433.942
3.24499	432.441
3.25079	437.719
3.2566	429.206
3.2624	421.345	536.101
3.26821	415.065	529.025
3.27401	407.228	525.675
3.27982	402.086	522.647
3.28562	399.078	521.441
3.29143	402.783	531.476
3.29723	415.785	534.246
3.30304	411.009	527.5
3.30884	412.674	540.766
3.31465	430.447	536.41
3.32045	427.968	529.025
3.32626	441.528	533.937
3.33206	438.985	533.629
3.33787	436.456	529.025
3.34367	433.942	521.14
3.34948	434.946	525.675
3.35528	448.209	541.704
3.36109	450.805	536.41
3.36689	450.024	531.783
3.3727	441.528	530.555
3.3785	439.746	522.647
3.38431	446.916	522.647
3.39011	432.691	536.72
3.39592	448.986	513.965
3.40172	442.805	517.839
3.40753	438.985	514.856
3.41333	434.695	521.742
3.41914	435.701	535.172
3.42494	430.199	530.249
3.43075	428.71	526.282
3.43655	439.238	530.555
3.44236	447.95	533.937
3.44816	447.174	538.584	383.264
3.45397	427.968	536.72	388.614
3.45977	421.345	536.41	377.333
3.46558	535.791	374.077
3.47138	534.554	369.567
3.47719	531.783	376.679
3.48299	519.937	366.379
3.4888	535.172	367.863
3.4946	534.246	352.267
3.50041	537.341	347.618
3.50621	547.049	352.878
3.51202	544.842	360.709	302.619
3.51782	541.704	356.978	284.811
3.52363	539.518	365.533	299.835
3.52943	535.791	384.372	304.021
3.53524	537.962	386.375	310.768
3.54104	531.169	379.518	320.984
3.54685	525.978	372.353	334.615
3.55265	523.251	379.299	336.359
3.55846	535.482	372.138	324.152
3.56426	534.863	383.707	326.03
3.57007	535.482	383.485	327.351
3.57587	545.786	386.152	329.437
3.58168	550.854	384.15	326.407
3.58748	543.584	375.81	329.247
3.59329	538.584	371.279	336.165
3.59909	555.327	355.333	345.416
3.6049	543.584	355.333	352.471
3.6107	535.482	352.674	349.632
3.61651	533.629	351.048	352.471
3.62231	537.651	349.43	349.228
3.62812	533.321	355.743	358.632
3.63392	537.03	358.218	353.082
3.63973	532.397	348.825	347.217
3.64553	537.03	342.832	340.071
3.65134	540.766	347.417
3.65714	540.141	343.625
3.66295	527.805	346.816
3.66875	533.013	351.657
3.67456	527.805	352.471
3.68036	534.246	354.717
3.68617	534.246	355.949
3.69197	542.016	359.254
3.69778	543.898	359.877
3.70358	541.704	374.726
3.70939	541.704	376.244
3.71519	537.962	367.439
3.721	530.862	361.753
3.7268	537.651	366.167
3.73261	543.898	354.922
3.73841	546.102	361.126
3.74422	550.536	371.493
3.75002	537.651
3.75583	545.471
3.76163	552.766
3.76744	555.648
3.77324	553.406
3.77905	555.006
3.78485	545.786
3.79066	541.391
3.79646	536.41
3.80227	551.491
3.80807	542.957
3.81388	533.013
3.81968	539.518
3.82549	542.643
3.83129	547.049
3.8371	548.631
3.8429	543.584
3.84871	542.33
3.85451	550.536
3.86032	552.766
3.86612	542.957
3.87193	537.962
3.87773	545.471
3.88354	549.583
3.88934	548.631
3.89515	553.086
3.90095	536.72
3.90676	535.482
3.91256	541.078
3.91837	542.643
3.92417	550.218
3.92998	548.948
3.93578	545.786
3.94159	547.998
3.94739	544.213
3.9532	543.898
3.959	544.842
3.96481	552.447
3.97061	555.969
3.97642	548.315
3.98222	549.9
3.98803	534.863
3.99383	545.786
3.99964	549.9
4.00544	542.016
4.01125	541.078
4.01705	544.213
4.02286	544.527
4.02866	543.898
4.03447	548.631
4.04027	548.315
4.04608	545.156
4.05188	547.681
4.05769	544.842
4.06349	556.611
4.0693	549.9
4.0751	544.213
4.08091	550.536
4.08671	553.725
4.09252	552.128
4.09832	550.854
4.10413	546.417
4.10993	544.527
4.11574	553.406
4.12154	555.969
4.12735	553.725
4.13315	553.725
4.13896	555.006
4.14476	555.006
4.15057	553.406
4.15637	546.417
4.16218	559.836
4.16798	579.578
4.17379	582.263
4.17959	572.26
4.1854	559.512
4.1912	562.429
4.19701	556.611
4.20281	556.611
4.20862	542.957
4.21442	543.27
4.22023	535.791
4.22603	538.895
4.23184	541.078
4.23764	548.315
4.24345	552.128
4.24925	554.686	242.84
4.25506	547.998	242.98
4.26086	555.969	239.773
4.26667	553.725	246.372
4.27247	561.131	243.542
4.27828	549.265	226.839
4.28408	566.995	227.101
4.28989	584.96	233.891
4.29569	575.575	235.79
4.3015	559.512	243.964
4.3073	557.255	240.189
4.31311	555.969	235.518
4.31891	542.957	237.293
4.32472	541.078	240.606
4.33052	541.391	239.912
4.33633	535.482	235.926
4.34213	539.829	235.79
4.34794	544.842	236.882
4.35374	542.33	238.255
4.35955	546.417	235.518
4.36535	556.29	237.019
4.37116	532.705	237.43
4.37696	525.068	241.162
4.38277	504.552	243.542
4.38857	526.586	239.635
4.39438	531.476	240.467	556.29
4.40018	520.538	243.542	543.584
4.40599	242.699	515.154
4.41179	241.162	548.948
4.4176	240.884	521.742
4.4234	238.944	556.933
4.42921	238.806	560.159
4.43501	236.882	554.365
4.44082	241.162	558.221
4.44662	239.22	558.544
4.45243	238.117	558.221
4.45823	239.082	558.221
4.46404	235.926	561.455
4.46984	236.882	553.086
4.47565	235.926	551.172
4.48145	233.891	552.766
4.48726	232.947	548.948
4.49306	238.668	560.159
4.49887	231.606	560.159
4.50467	235.11	562.429
4.51048	233.351	564.707
4.51628	233.891	559.512
4.52209	230.671	562.104
4.52789	238.392	563.079
4.5337	231.739	564.381
4.5395	234.568	556.611
4.54531	236.199	559.836
4.55111	227.89	560.807
4.55692	224.234	563.73
4.56272	226.97	560.807
4.56853	233.217	571.599
4.57433	234.297	565.034
4.58014	241.162	559.836
4.58594	562.429
4.59175	565.36
4.59755	559.836
4.60336	557.899
4.60916	570.609
4.61497	554.686
4.62077	560.483
4.62658	564.707
4.63238	565.034
4.63819	559.836
4.64399	557.577
4.6498	542.016
4.6556	539.829
4.66141	541.704
4.66721	558.866
4.67302	556.611
4.67882	564.707
4.68463	556.933
4.69043	563.079
4.69624	562.754
4.70204	564.707
4.70785	562.104
4.71365	555.327
4.71946	554.045
4.72526	563.079
4.73107	562.429
4.73687	557.577
4.74268	564.707
4.74848	568.635
4.75429	555.327
4.76009	563.73
4.7659	562.754
4.7717	566.995
4.77751	562.754
4.78331	545.156
4.78912	546.733
4.79492	550.854
4.80073	556.611
4.80653	570.28
4.81234	561.779
4.81814	536.72
4.82395	537.962
4.82975	562.754
4.83556	568.964
4.84136	568.964	606.989
4.84717	548.315	572.59
4.85297	555.969	556.29
4.85878	540.141	568.964
4.86458	528.109	569.293
4.87039	533.937	570.939
4.87619	533.321	570.28
4.882	548.315	574.247
4.8878	529.637	570.609
4.89361	548.631	571.929
4.89941	533.937	578.909
4.90522	553.086	568.964
4.91102	567.323
4.91683	565.36
4.92263	562.754
4.92844	572.921
4.93424	575.907
4.94005	579.244
4.94585	575.575
4.95166	582.263
4.95746	571.599
4.96327	579.913
4.96907	570.28
4.97487	568.964
4.98068	566.341
4.98649	563.404
4.99229	566.668
4.9981	567.979
5.0039	556.29
5.00971	549.9
5.01551	522.044
5.02132	509.531	570.939
5.02712	479.269	558.866
5.03293	476.234	556.933
5.03873	476.234	568.964
5.04454	476.234	570.609
5.05034	565.034
5.05615	575.242
5.06195	571.599
5.06776	572.26
5.07356	584.622
5.07936	590.391
5.08517	579.578
5.09097	587.33
5.09678	571.599
5.10258	566.995
5.10839	565.687
5.11419	555.648
5.12	565.36
5.1258	581.59
5.13161	579.913
5.13741	556.933
5.14322	580.583
5.14902	592.783
5.15483	591.415	394.039
5.16063	571.269	419.645
5.16644	580.919	441.273
5.17225	571.269	432.191
5.17805	553.406	417.952
5.18385	551.809	395.635
5.18966	571.599	389.963
5.19546	566.668	405.117
5.20127	567.323	412.913
5.20707	580.583	404.415
5.21288	582.599	389.738
5.21868	593.125	389.963
5.22449	579.913	395.178
5.23029	570.939	413.868
5.2361	577.573	417.469
5.2419	569.951	412.674
5.24771	593.125	395.864
5.25351	601.058	380.396
5.25932	582.263
5.26512	577.907
5.27093	580.583
5.27673	574.247
5.28254	590.391
5.28834	601.752
5.29415	597.251
5.29995	591.073
5.30576	587.33
5.31156	611.917
5.31737	595.184
5.32317	570.609
5.32898	585.298
5.33478	567.323
5.34059	544.213
5.34639	548.315
5.3522	541.391
5.358	533.013
5.36381	527.805
5.36961	537.341
5.37542	537.03
5.38122	541.704
5.38703	535.172
5.39283	532.397
5.39864	515.749
5.40444	508.355
5.41025	501.646
5.41605	519.337
5.42186	537.341
5.42766	534.554
5.43347	523.856
5.43927	538.584
5.44508	540.141
5.45088	361.753
5.45669	342.634
5.46249	350.238
5.4683	362.589
5.4741	357.391
5.47991	345.018
5.48571	359.046
5.49152	361.962
5.49732	356.772
5.50313	346.616
5.50893	343.229
5.51474	344.818
5.52054	346.415
5.52635	343.427
5.53215	345.616
5.53796	347.016
5.54376	351.251	417.228
5.54957	369.354	424.031
5.55537	372.783	418.435
5.56118	372.568	420.373
5.56698	385.261	419.888
5.57279	370.208	432.191
5.57859	367.014	432.691
5.5844	372.353	420.616
5.5902	371.708	431.194
5.59601	374.077	431.942
5.60181	391.769	426.487
5.60762	379.738	422.564
5.61342	362.38	416.747
5.61923	359.669	420.13
5.62503	358.218	412.436
5.63084	360.293	408.17
5.63664	369.141	419.161
5.64245	374.726	421.589
5.64825	375.159	420.13
5.65406	370.208	435.197
5.65986	356.36	443.316
5.66567	358.839	436.961
5.67147	368.714	437.213
5.67728	366.591	440
5.68308	360.501	442.805
5.68889	345.816	424.031
5.69469	347.016	421.345
5.7005	348.624	414.825
5.7063	335.777	420.373
5.71211	342.041	403.016
5.71791	411.96
5.72372	406.054
5.72952	407.228
5.73533	396.092
5.74113	410.297
5.74694	418.677
5.75274	410.297
5.75855	420.373
5.76435	439.238
5.77016	449.505
5.77596	445.113
5.78177
5.78757
5.79338
5.79918
5.80499
5.81079
5.8166
5.8224
5.82821
5.83401
5.83982
5.84562
5.85143
5.85723
5.86304
5.86884
5.87465
5.88045
5.88626
5.89206
5.89787
5.90367
5.90948	501.067
5.91528	480.933
5.92109	472.398
5.92689	474.038
5.9327	472.671
5.9385	487.929
5.94431	478.163
5.95011	450.284
5.95592	443.573
5.96172	425.503
5.96753	436.708
5.97333	439.238
5.97914	435.197
5.98494	448.209
5.99075	466.972
5.99655	476.784
6.00236	475.409
6.00816	477.887
6.01397	475.135
6.01977	471.308
6.02558	468.323
6.03138	473.491
6.03719	463.211
6.04299	464.551
6.0488	461.609
6.0546	475.409
6.06041	466.972
6.06621	471.036
6.07202	469.949
6.07782	477.06
6.08363	479.546
6.08943	463.479
6.09524	475.135
6.10104	477.887
6.10685	485.399
6.11265	480.933
6.11846	480.378
6.12426	496.457
6.13007	483.44
6.13587	487.365
6.14168	496.171
6.14748	502.226
6.15329	520.538
6.15909	522.044
6.1649	521.14
6.1707	520.237
6.17651	506.596
6.18231	510.12
6.18812	522.345
6.19392	513.965
6.19973	533.629
6.20553	536.101
6.21134	532.397
6.21714	548.631
6.22295	536.41
6.22875	535.172
6.23456	538.584
6.24036	524.461
6.24617	502.516
6.25197	506.011
6.25778	500.199
6.26358	515.452
6.26939	513.372
6.27519	533.013
6.281	519.637
6.2868	533.629
6.29261	548.948
6.29841	525.371
6.30422	537.962
6.31002	543.898
6.31583	565.36
6.32163	566.995
6.32744	563.404
6.33324	564.381
6.33905	548.948
6.34485	547.998
6.35066	543.27
6.35646	536.41
6.36227	530.862
6.36807	545.786
6.37388	537.651
6.37968	544.527
6.38549	558.221
6.39129	563.404
6.3971	541.704
6.4029	533.321
6.40871	526.586
6.41451	545.156
6.42032	555.648
6.42612	563.404
6.43193	565.034
6.43773	556.29
6.44354	547.681	603.493
6.44934	555.006	639.009
6.45515	569.951	653.568
6.46095	557.577	655.837
6.46676	560.807	668.072
6.47256	566.341	663.841
6.47837	570.28	664.608
6.48417	568.635	646.434
6.48998	562.429	643.082
6.49578	562.429	670.391
6.50159	539.206	671.942
6.50739	539.518	668.072
6.5132	546.102	658.494
6.519	536.41	664.224
6.52481	552.766	670.004
6.53061	561.131	670.391
6.53642	675.054
6.54222	652.436
6.54803	652.436
6.55383	646.061
6.55964	643.826
6.56544	643.826
6.57125	632.765
6.57705	631.305
6.58286	647.181
6.58866	640.487
6.59447	657.354
6.60027	652.06
6.60608	663.457
6.61188	675.444
6.61769	665.376
6.62349	678.965
6.6293	671.942
6.6351	676.616
6.64091	666.53
6.64671	665.376
6.65252	649.804
6.65832	631.67
6.66413	625.497
6.66993	644.57
6.67574	669.231
6.68154	663.841
6.68735	669.617
6.69315	660.398
6.69896	637.166
6.70476	634.229
6.71057	618.313
6.71637	611.564
6.72218	645.315
6.72798	644.942
6.73379	638.64
6.73959	641.598
6.7454	620.101
6.7512	621.177
6.75701	601.405
6.76281	594.154
6.76862	601.405
6.77442	599.671
6.78023	603.842
6.78603	605.588
6.79184	582.263
6.79764	597.596
6.80345	595.872
6.80925	610.153
6.81506	616.174
6.82086	617.242
6.82667	596.217
6.83247	592.44
6.83828	582.263
6.84408	590.391
6.84989	605.938
6.85569	595.872
6.8615	570.609
6.8673	580.583
6.87311	576.24
6.87891	559.512
6.88472	570.939
6.89052	598.632
6.89633	604.54
6.90213	617.599
6.90794	615.818
6.91374	607.691
6.91955	586.99
6.92535
6.93116
6.93696
6.94277
6.94857
6.95438
6.96018
6.96599
6.97179
6.9776
6.9834
6.98921
6.99501
7.00082
7.00662
7.01243
7.01823
7.02404
7.02984
7.03565	663.457
7.04145	663.074
7.04726	683.293
7.05306	655.458
7.05887	688.443
7.06467	682.504
7.07048	680.929
7.07628	684.478
7.08209	700.072
7.08789	693.231
7.0937	693.632
7.0995	662.691
7.10531	671.554
7.11111	664.992
7.11692	675.054
7.12272	695.638
7.12853	690.833
7.13433	692.031
7.14014	723.505
7.14594	726.017
7.15175	724.342
7.15755	734.877
7.16336	762.553
7.16916	749.02	672.719
7.17497	774.091	678.573
7.18077	783.991	698.456
7.18658	782.182	689.637
7.19238	762.112	688.841
7.19819	695.236
7.20399	696.04
7.2098	700.477
7.2156	693.632
7.22141	679.75
7.22721	688.045
7.23302	696.442
7.23882	697.247
7.24463	699.264
7.25043	702.097
7.25624	692.831
7.26204	700.072
7.26785	693.231
7.27365	676.616
7.27946	677.398
7.28526	670.004
7.29107	674.275
7.29687	659.255
7.30268	680.142
7.30848	703.721
7.31429	696.845
7.32009	673.886
7.3259	685.269
7.3317	692.431
7.33751	701.692
7.34331	712.309
7.34912	705.349
7.35492	698.86
7.36073	710.255
7.36653	709.435
7.37234	706.164
7.37814	698.053
7.38395	689.637
7.38975	678.573
7.39556	688.045
7.40136	708.207
7.40717	712.721
7.41297	710.665
7.41878	705.349
7.42458	687.251
7.43039	694.434
7.43619	695.236
7.442	696.845
7.4478	695.638
7.45361	708.207	339.09
7.45941	715.195	354.513
7.46522	706.98	371.065
7.47102	687.648	362.38
7.47683	697.247	350.441
7.48263	702.097	357.598
7.48844	697.65	345.816
7.49424	706.572	352.471
7.50005	721.836	340.858
7.50585	739.134	339.286
7.51166	731.489	348.825
7.51746	726.437	354.103
7.52327	690.035	338.895
7.52907	697.65	342.634
7.53487	331.346
7.54068	338.503
7.54648	338.895
7.55229	333.265
7.55809	332.496
7.5639	328.677
7.56971	330.963
7.57551	326.407
7.58132	324.527
7.58712	323.404
7.59293	331.346
7.59873	336.748
7.60454	339.286
7.61034	342.634
7.61615	331.346
7.62195	335.002
7.62776	328.487
7.63356	329.818
7.63936	328.297
7.64517	329.437
7.65097	332.112
7.65678	333.843
7.66258	332.112
7.66839	333.265
7.67419	344.023
7.68	340.858
7.6858	332.88
7.69161	334.809
7.69741	330.009
7.70322	326.407
7.70902	321.913
7.71483	321.727
7.72063	310.947
7.72644	304.548
7.73224	311.307
7.73805	314.197
7.74385	306.844
7.74966	307.021
7.75546	304.9
7.76127	314.56
7.76707	313.834
7.77288	305.605
7.77868	314.016
7.78449	314.016
7.79029	306.489
7.7961	304.372
7.8019	314.924
7.80771	306.135
7.81351	295.878	407.934
7.81932	302.969	383.707
7.82512	311.307	370.636
7.83093	302.095	345.616
7.83673	304.372	331.92
7.84254	301.224	339.482
7.84834	297.936	352.267
7.85415	302.095	339.875
7.85995	295.366	330.199
7.86576	285.47	326.595
7.87156	270.071	318.032
7.87737	271.478	315.288
7.88317	268.205	310.409
7.88898	275.268	311.487
7.89478	279.272	314.379
7.90059	290.627	323.03
7.90639	299.835	324.152
7.9122	294.514	329.628
7.918	336.359
7.92381	325.089
7.92961	329.818
7.93542	335.777
7.94122	337.917
7.94703	339.679
7.95283	350.036
7.95864	356.36
7.96444	351.86
7.97025	340.661	317.848
7.97605	343.031	312.388
7.98186	347.618	312.568
7.98766	359.046	315.106
7.99347	345.217	323.404
7.99927	343.427	305.253
8.00508	334.615	312.207
8.01088	338.895	313.291
8.01669	341.844	317.481
8.02249	341.844	318.032
8.0283	332.496	312.749
8.0341	339.09	307.021
8.03991	349.027	306.666
8.04571	343.229	308.087
8.05152	340.268	309.156
8.05732	332.112	321.17
8.06313	335.583	325.277
8.06893	338.112	328.867
8.07474	338.112	332.688
8.08054	336.943	326.973
8.08635	334.422	330.39
8.09215	343.824	324.152
8.09796	343.427	324.152
8.10376	349.027	314.742
8.10957	341.055	317.114
8.11537	342.634	306.844
8.12118	344.221	304.548
8.12698	341.449	297.764
8.13279	342.832	282.843
8.13859	337.527	279.918
8.1444	332.496	275.745
8.1502	342.041	275.745
8.15601	344.818	275.586
8.16181	349.834	275.586
8.16762	337.332	271.949
8.17342	329.628	270.695
8.17923	337.137	260.871	742.129
8.18503	338.112	267.432	736.577
8.19084	335.777	726.437
8.19664	338.308	706.164
8.20245	352.878	745.997
8.20825	355.949	733.181
8.21406	342.634	734.453
8.21986	348.422	741.272
8.22567	348.422	750.319
8.23147	346.616	749.885
8.23728	345.816	733.605
8.24308	344.221	743.416
8.24889	349.834	747.291
8.25469	340.071	746.428
8.2605	344.619	751.186
8.2663	340.661	733.605
8.27211	337.137	748.587
8.27791	339.875	761.232
8.28372	338.112	762.553
8.28952	323.03	767.413
8.29533	326.973	800.464
8.30113	333.458	802.779
8.30694	329.247	832.531
8.31274	329.818	797.695
8.31855	326.03	792.185
8.32435	314.924	809.765
8.33016	310.409	800.927
8.33596	308.443	778.126
8.34177	311.667	794.476
8.34757	312.027	793.559
8.35338	312.749	785.351
8.35918	301.224	795.854
8.36499	298.108	794.017
8.37079	302.444	795.854
8.3766	299.835	771.413
8.3824	299.489	776.779
8.38821	306.312	784.897
8.39401	300.702	754.229
8.39982	296.22	758.161	249.811
8.40562	308.265	780.376	248.659
8.41143	308.443	774.091	250.389
8.41723	316.2	757.285	249.234
8.42304	751.62	249.955
8.42884	770.077	249.378
8.43465	770.968	245.519
8.44045	781.73	244.953
8.44626	760.793	233.756
8.45206	751.186	232.41
8.45787	737.855	238.806
8.46367	739.989	238.806
8.46948	705.756	233.756
8.47528	229.873
8.48109	231.739	253.884
8.48689	231.071	265.738
8.4927	229.342	257.28
8.4985	231.205	261.474
8.50431	226.185	257.726
8.51011	226.446	248.229
8.51592	235.926	249.955
8.52172	232.678	264.513
8.52753	227.627	266.506
8.53333	229.608	266.199
8.53914	231.606	258.471
8.54494	226.185	256.834
8.55075	226.839	251.258
8.55655	226.839	253.006
8.56236	229.608	256.686
8.56816	232.141	252.276
8.57397	223.716	251.694
8.57977	223.329	257.726
8.58558	251.839
8.59138	251.113
8.59719	252.422
8.60299	253.152
8.6088	259.969
8.6146	269.603
8.62041	270.695
8.62621	259.518
8.63202	267.123
8.63782	271.635
8.64363	269.603
8.64943	266.045
8.65524	262.837
8.66104	262.382
8.66685	264.36
8.67265	264.818
8.67846	259.219
8.68426	256.982
8.69007	264.818
8.69587	261.928
8.70168	268.515
8.70748	259.969
8.71329	262.686
8.71909	267.895
8.7249	261.928
8.7307	268.05
8.73651	267.432
8.74231	267.586
8.74812	266.814
8.75392	267.586
8.75973	268.36
8.76553	269.136
8.77134	264.207
8.77714	265.125
8.78295	269.292
8.78875	261.928
8.79456	266.199
8.80036	268.981	506.596
8.80617	262.079	536.41
8.81197	263.598	533.013
8.81778	268.05	517.839
8.82358	258.024	515.452
8.82939	268.515	529.637
8.83519	270.539	521.742
8.841	266.353	535.172
8.8468	270.695	531.169
8.85261	262.079	521.742
8.85841	257.577	522.949
8.86422	259.668	522.949
8.87002	257.726	527.5
8.87583	254.618	532.397
8.88163	259.069	520.538
8.88744	257.577	520.538
8.89324	257.726	519.037
8.89905	251.549	518.138
8.90485	244.953	523.856
8.91066	247.513	515.749
8.91646	255.946	525.978
8.92227	257.875	527.195
8.92807	254.766	527.5
8.93388	251.258	513.372
8.93968	249.234	513.668
8.94549	243.964	537.341
8.95129	235.246	536.101
8.9571	222.299	525.978
8.9629	207.293	534.246
8.96871	207.293	531.783
8.97451	531.783
8.98032	547.365
8.98612	550.536
8.99193	552.128
8.99773	554.365
9.00354	551.491
9.00934	550.218
9.01515	544.213
9.02095	537.03
9.02676	534.554
9.03256	533.013
9.03837	538.895
9.04417	534.554
9.04998	542.643
9.05578	553.086
9.06159	541.078
9.06739	524.765
9.0732	533.013
9.079	532.397
9.08481	542.016
9.09061	543.27
9.09642	541.078
9.10222	538.895
9.10803	558.221
9.11383	551.491
9.11964	559.189
9.12544	565.36
9.13125	573.252
9.13705	567.323
9.14286	585.974
9.14866	562.754
9.15447	554.686
9.16027	536.72
9.16608	531.783
9.17188	524.765
9.17769	511.3
9.18349	531.169
9.1893	526.282
9.1951	512.187
9.20091	499.045
9.20671	509.237
9.21252	531.476
9.21832	534.554
9.22413	525.978
9.22993	540.141
9.23574	530.862	263.141
9.24154	537.03	264.971
9.24735	548.315	268.36
9.25315	537.651	252.276
9.25896	534.246	266.969
9.26476	533.321	263.75
9.27057	534.554	268.36
9.27637	536.41	277.183
9.28218	546.102	274.157
9.28798	532.397	280.565
9.29379	533.937	271.322
9.29959	552.447	278.306
9.3054	552.447	282.843
9.3112	560.807	288.787
9.31701	567.323	296.049
9.32281	543.27	290.627
9.32862	537.341	287.954
9.33442	538.273	286.295
9.34023	538.584	276.703
9.34603	533.629	283.661
9.35184	530.862	278.949
9.35764	525.675	269.759
9.36345	532.705	282.517
9.36925	519.937	272.106
9.37506	535.482	269.292
9.38086	529.943	267.123
9.38667	531.783	274.157
9.39247	523.251	277.503
9.39828	532.09	279.272
9.40408	272.263
9.40989	269.447
9.41569	266.506
9.4215	266.353
9.4273	278.145
9.43311	279.272
9.43891	281.865
9.44472	270.852
9.45052	280.565
9.45633	272.578
9.46213	281.052
9.46794	267.432
9.47374	265.584
9.47955	267.741
9.48535	269.447
9.49116	280.241
9.49696	270.539
9.50277	268.67
9.50857	272.421
9.51438	266.506
9.52018	266.353
9.52599	259.219
9.53179	271.322
9.5376	264.513
9.5434	266.506
9.54921	263.902
9.55501	270.539
9.56082	275.905
9.56662	274.157
9.57243	283.661
9.57823	291.468
9.58404	297.592
9.58984	307.731	803.707
9.59565	307.376	815.398
9.60145	295.537	771.413
9.60726	298.625	801.852
9.61306	298.625	805.566
9.61887	300.182	805.101
9.62467	289.957	801.852
9.63048	285.305	812.107
9.63628	287.787	809.297
9.64209	292.48	811.638
9.64789	287.621	818.228
9.6537	284.153	811.638
9.6595	295.366	823.92
9.66531	286.13	828.214
9.67111	291.468	817.756
9.67692	291.468	819.174
9.68272	290.795	827.736
9.68853	291.805	821.069
9.69433	305.429	797.695
9.70014	305.959	824.396
9.70594	307.021	826.78
9.71175	296.905	828.693
9.71755	292.987	837.837
9.72336	290.627	834.457
9.72916	290.627	829.65
9.73497	284.975	834.457
9.74077	279.756	843.178
9.74658	281.702	834.939
9.75238	275.745	818.228
9.75819	275.745	822.493
9.76399	279.272	839.775
9.7698	285.634	836.387
9.7756	277.023	838.806
9.78141	264.665	847.573
9.78721	269.759	851.99
9.79302	271.165	816.34
9.79882	275.268	827.736
9.80463	276.703	823.92
9.81043	271.635	806.032
9.81624	273.525	812.107
9.82204	270.227	833.012
9.82785	279.111	839.29
9.83365	269.292	843.665
9.83946	263.598	835.421
9.84526	265.125	837.354
9.85107	832.05
9.85687	826.78
9.86268	822.968
9.86848	840.746
9.87429	817.284
9.88009	789.444
9.8859	808.363
9.8917	785.804
9.89751	800.464
9.90331	830.13
9.90912	832.531
9.91492	831.569
9.92073	808.363
9.92653	835.421
9.93234	813.986
9.93814	801.389
9.94394	813.046
9.94975	831.089
9.95555	833.012
9.96136	821.543
9.96716	784.897
9.97297	777.228
9.97878	759.037
9.98458	740.844
9.99039	746.428
9.99619	776.779
10.002	756.411
10.0078	784.444
10.0136	802.316
10.0194
10.0252
10.031
10.0368
10.0426
10.0484
10.0542
10.06
10.0659
10.0717
10.0775
10.0833
10.0891
10.0949
10.1007
10.1065
10.1123
10.1181
10.1239
10.1297
10.1355
10.1413
10.1471
10.1529
10.1587
10.1645
10.1703
10.1761
10.1819
10.1878
10.1936
10.1994
10.2052
10.211
10.2168
10.2226
10.2284
10.2342
10.24
10.2458
10.2516
10.2574
10.2632
10.269
10.2748
10.2806
10.2864
10.2922
10.298
10.3039
10.3097
10.3155
10.3213
10.3271
10.3329
10.3387
10.3445
10.3503
10.3561
10.3619
10.3677
10.3735
10.3793
10.3851
10.3909
10.3967
10.4025
10.4083
10.4141
10.42
10.4258
10.4316
10.4374
10.4432
10.449
10.4548
10.4606
10.4664
10.4722
10.478
10.4838
10.4896
10.4954
10.5012
10.507
10.5128
10.5186
10.5244
10.5302
10.5361
10.5419
10.5477
10.5535
10.5593
10.5651
10.5709
10.5767
10.5825
10.5883
10.5941
10.5999
10.6057
10.6115
10.6173
10.6231
10.6289
10.6347
10.6405
10.6463
10.6522
10.658
10.6638
10.6696
10.6754
10.6812
10.687
10.6928
10.6986
10.7044
10.7102
10.716
10.7218
10.7276
10.7334
10.7392
10.745
10.7508
10.7566
10.7624
10.7683
10.7741
10.7799
10.7857
10.7915
10.7973
10.8031
10.8089
10.8147
10.8205
10.8263
10.8321
10.8379
10.8437
10.8495
10.8553
10.8611
10.8669
10.8727
10.8785
10.8844
10.8902
10.896
10.9018
10.9076
10.9134
10.9192
10.925
10.9308
10.9366
10.9424
10.9482
10.954
10.9598
10.9656
10.9714
10.9772
10.983
10.9888
10.9946
11.0005
11.0063
11.0121
11.0179
11.0237
11.0295
11.0353
11.0411
11.0469
11.0527	348.02
11.0585	357.804
11.0643	355.127
11.0701	339.679
11.0759	360.293
11.0817	338.112
11.0875	344.023
11.0933	344.221
11.0991	348.825
11.1049	335.583
11.1107	329.818
11.1166	328.297
11.1224	335.583
11.1282	343.824
11.134	336.554
11.1398	324.152
11.1456	324.339
11.1514	330.009
11.1572	330.009
11.163	338.503
11.1688	333.843
11.1746	325.653
11.1804	327.54
11.1862	339.286
11.192	349.228
11.1978	340.071
11.2036	352.064
11.2094	346.616
11.2152	342.041
11.221	338.699
11.2268	346.016
11.2327	332.88
11.2385	333.65
11.2443	324.714
11.2501	326.218
11.2559	317.664
11.2617	314.742
11.2675	330.39
11.2733	317.848
11.2791	318.767
11.2849	326.218
11.2907	334.422
11.2965	318.767
11.3023	312.388
11.3081	323.591
11.3139	325.089
11.3197	326.595
11.3255	326.595
11.3313	337.527
11.3371	338.112
11.3429	333.65
11.3488	330.581
11.3546	329.628	453.941
11.3604	324.902	449.765
11.3662	323.965	475.684
11.372	313.834	449.245
11.3778	303.494	454.203
11.3836	307.731	470.764
11.3894	301.746	458.155
11.3952	297.077	446.916
11.401	313.11	457.098
11.4068	314.924	448.986
11.4126	302.444	427.474
11.4184	297.249	433.191
11.4242	301.572	448.986
11.43	306.312	430.696
11.4358	307.909	433.441
11.4416	307.198	456.307
11.4474	296.734	451.848
11.4532	296.391	445.627
11.459	297.592	444.856
11.4649	285.634	452.631
11.4707	284.318	467.782
11.4765	283.007	452.37
11.4823	288.453	442.293
11.4881	441.018
11.4939	457.891
11.4997	471.308
11.5055	467.782
11.5113	457.362
11.5171	464.283
11.5229	453.678
11.5287	467.782
11.5345	449.505
11.5403	462.142
11.5461	455.78	523.856
11.5519	466.433	527.805
11.5577	479.269	550.854
11.5635	480.656	515.154
11.5693	492.175	540.141
11.5751	482.882	568.307
11.581	479.546	569.951
11.5868	463.747	554.045
11.5926	463.211	538.895
11.5984	463.747	528.109
11.6042	466.703	532.09
11.61	464.819	532.705
11.6158	454.728	534.246
11.6216	481.489	533.013
11.6274	499.333	536.72
11.6332	533.013
11.639	527.195
11.6448	519.337
11.6506	512.483
11.6564	534.863
11.6622	542.957
11.668	533.321
11.6738	540.766
11.6796	542.016
11.6854	540.141
11.6912	519.637
11.6971	533.013
11.7029	535.791
11.7087	546.417
11.7145	533.013
11.7203	542.957
11.7261	541.078
11.7319	540.453
11.7377	537.962
11.7435	520.538
11.7493	517.839
11.7551	523.856
11.7609	541.704
11.7667	533.321
11.7725	535.172
11.7783	543.27
11.7841	537.341
11.7899	536.41
11.7957	537.341
11.8015	539.206
11.8073	542.33
11.8132	534.246
11.819	522.949
11.8248	532.705
11.8306	539.518
11.8364	532.09
11.8422	517.241
11.848	525.068
11.8538	528.72
11.8596	524.765
11.8654	534.554
11.8712	533.013
11.877	532.09
11.8828	542.33
11.8886	533.937
11.8944	527.195
11.9002	537.341
11.906	543.898
11.9118	536.72
11.9176	542.643
11.9234	543.27
11.9293	535.482
11.9351	537.03
11.9409	540.141
11.9467	536.101
11.9525	538.273
11.9583	537.962
11.9641	538.273
11.9699	534.863
11.9757	537.962
11.9815	548.315
11.9873	533.629
11.9931	536.72
11.9989	536.41
12.0047	542.016
12.0105	544.842
12.0163	533.937
12.0221	539.829
12.0279	535.172
12.0337	537.651
12.0395	540.766
12.0454	532.397
12.0512	538.895
12.057	535.172
12.0628	538.273
12.0686	533.937
12.0744	535.482
12.0802	528.72
12.086	522.647
12.0918	524.765
12.0976	508.355
12.1034	525.978
12.1092	539.829
12.115	540.141
12.1208	547.998
12.1266	560.159
12.1324	548.315
12.1382	532.397
12.144	528.72
12.1498	527.5
12.1556	529.331
12.1615	519.337
12.1673	522.044
12.1731	529.025
12.1789	534.863
12.1847	528.414
12.1905	533.629
12.1963	542.643
12.2021	537.03
12.2079	533.013
12.2137	536.41
12.2195	539.829
12.2253	532.09
12.2311	519.337
12.2369	507.475
12.2427	532.397
12.2485	526.586
12.2543	526.891
12.2601	535.791
12.2659	539.518
12.2717	538.895
12.2776	531.169
12.2834	531.476
12.2892	541.391
12.295	542.33
12.3008	532.397
12.3066	541.704
12.3124	554.686
12.3182	572.59
12.324	538.584
12.3298	531.476
12.3356	533.321
12.3414	537.962
12.3472	536.72
12.353	538.273
12.3588	536.72
12.3646	537.341
12.3704	536.101
12.3762	533.937
12.382	531.169
12.3878	539.829
12.3937	539.206
12.3995	525.978
12.4053	531.476
12.4111	538.273
12.4169	537.03
12.4227	547.049
12.4285	548.948
12.4343	564.055
12.4401	546.733
12.4459	553.086
12.4517	553.725
12.4575	537.962
12.4633	533.937
12.4691	529.637
12.4749	541.391
12.4807	537.341
12.4865	537.03
12.4923	532.09
12.4981	549.265
12.5039	537.962
12.5098	544.842
12.5156	554.045
12.5214	568.964
12.5272	545.156
12.533	533.937
12.5388	525.675
12.5446	537.651
12.5504	535.791
12.5562	542.957
12.562	539.518
12.5678	542.957
12.5736	537.962
12.5794	537.651
12.5852	534.554
12.591	535.791
12.5968	525.371
12.6026	520.237
12.6084	527.805
12.6142	540.141
12.62	548.315
12.6258	552.766
12.6317	548.948
12.6375	541.391
12.6433	517.839
12.6491	518.737
12.6549	533.013
12.6607	537.962
12.6665	545.471
12.6723	536.41
12.6781	536.101
12.6839	527.5
12.6897	529.943
12.6955	533.321
12.7013	525.675
12.7071	534.863
12.7129	533.321
12.7187	531.169
12.7245	534.554
12.7303	537.341
12.7361	547.998
12.742	537.341
12.7478	542.016
12.7536	545.471
12.7594	540.453
12.7652	535.791
12.771	541.391
12.7768	549.9
12.7826	543.584
12.7884	537.651
12.7942	532.397
12.8	534.246
12.8058	538.584
12.8116	539.829
12.8174	526.586
12.8232	536.41
12.829	534.246
12.8348	534.246
12.8406	535.791
12.8464	536.101
12.8522	539.518
12.858	547.681
12.8639	538.895
12.8697	542.643
12.8755	535.172
12.8813	512.187
12.8871	529.637
12.8929	536.72
12.8987	529.331
12.9045	534.554
12.9103	538.584
12.9161	537.341
12.9219	535.172
12.9277	533.321
12.9335	531.476
12.9393	530.862
12.9451	528.414
12.9509	518.138
12.9567	518.138
12.9625	506.011
12.9683	514.856
12.9741	519.937
12.98	513.668
12.9858	499.045
12.9916	487.929
12.9974	498.469
13.0032	485.96
13.009	484.278
13.0148	492.175
13.0206	485.96
13.0264	479.269
13.0322	485.118
13.038	489.057
13.0438	488.775
13.0496	489.34
13.0554	473.218
13.0612	480.378
13.067	475.135
13.0728	477.887
13.0786	474.312
13.0844	485.96
13.0902	465.895
13.0961	462.676
13.1019	457.891
13.1077	453.678
13.1135	450.024
13.1193	434.946
13.1251	427.227
13.1309	425.258
13.1367	423.542
13.1425	433.441
13.1483	435.952
13.1541	442.038
13.1599	446.658
13.1657	453.416
13.1715	451.065
13.1773	460.012
13.1831	456.57
13.1889	465.626
13.1947	468.594
13.2005	483.719
13.2063	458.42
13.2122	442.293
13.218	446.142
13.2238	444.342
13.2296	460.012
13.2354	468.052
13.2412	463.211
13.247	460.277
13.2528	462.676
13.2586	467.782
13.2644	475.409
13.2702	470.22
13.276	474.312
13.2818	466.433
13.2876	465.088
13.2934	456.043
13.2992	471.853
13.305	479.269
13.3108	481.211
13.3166	486.241
13.3224	499.333	276.383
13.3283	483.719	280.403
13.3341	479.269	268.515
13.3399	472.671	255.798
13.3457	475.684	270.383
13.3515	480.656	255.06
13.3573	492.175	255.355
13.3631	499.333	267.277
13.3689	491.89	266.506
13.3747	495.026	270.695
13.3805	487.647	262.382
13.3863	477.887	261.928
13.3921	472.671	263.141
13.3979	491.322	268.205
13.4037	497.893	263.293
13.4095	505.427	268.826
13.4153	531.169	267.277
13.4211	270.539
13.4269	266.66
13.4327	263.75
13.4385	273.367
13.4444	268.826
13.4502	278.466
13.456	271.322
13.4618	271.949
13.4676	274.633
13.4734	283.17
13.4792	283.007
13.485	280.89
13.4908	284.646
13.4966	278.627
13.5024	273.209
13.5082	269.603
13.514	268.67
13.5198	270.383
13.5256	272.736
13.5314	283.334
13.5372	285.14
13.543	278.306
13.5488	285.8
13.5546	283.17
13.5605	274.95
13.5663	272.578
13.5721	265.891
13.5779	264.207
13.5837	269.136
13.5895	267.277
13.5953	259.818
13.6011	262.989
13.6069	271.949
13.6127	261.928
13.6185	271.949
13.6243	268.981
13.6301	260.269
13.6359	256.538
13.6417	249.811
13.6475	256.834
13.6533	262.382
13.6591	267.586
13.6649	267.741
13.6707	269.136
13.6766	271.322
13.6824	278.627
13.6882	288.287
13.694	274.95
13.6998	263.293
13.7056	264.055
13.7114	266.66
13.7172	261.928
13.723	260.57
13.7288
13.7346
13.7404
13.7462
13.752
13.7578
13.7636
13.7694
13.7752
13.781
13.7868
13.7927
13.7985
13.8043
13.8101
13.8159
13.8217
13.8275
13.8333
13.8391
13.8449
13.8507
13.8565
13.8623
13.8681
13.8739
13.8797
13.8855
13.8913
13.8971
13.9029
13.9088
13.9146
13.9204
13.9262
13.932
13.9378	529.025
13.9436	530.249
13.9494	512.483
13.9552	532.397
13.961	536.72
13.9668	541.704
13.9726	537.962
13.9784	536.101
13.9842	530.555
13.99	536.72
13.9958	541.078
14.0016	530.555
14.0074	522.949
14.0132	524.461
14.019	522.345
14.0249	531.169
14.0307	509.237
14.0365	497.031
14.0423	505.719
14.0481	527.195
14.0539	537.651
14.0597	565.687
14.0655	576.573
14.0713	572.59
14.0771	570.609
14.0829	575.242
14.0887	569.621
14.0945	563.73
14.1003	572.26
14.1061	565.36
14.1119	555.327
14.1177	537.962
14.1235	536.72
14.1293	522.949
14.1351	521.742
14.141	520.237
14.1468	534.863
14.1526	540.141
14.1584	526.282
14.1642	530.249
14.17	530.249
14.1758	529.331
14.1816	531.169
14.1874	545.156
14.1932	531.169
14.199	511.3
14.2048	519.337
14.2106	532.09
14.2164	526.586
14.2222	522.044
14.228	517.54	445.37
14.2338	529.637	446.916
14.2396	524.461	454.465
14.2454	528.414	478.716
14.2512	514.559	478.716
14.2571	517.839	471.308
14.2629	519.037	453.678
14.2687	525.675	451.065
14.2745	528.72	456.834
14.2803	511.891	446.916
14.2861	511.005	444.342
14.2919	515.749	439.492
14.2977	515.749	443.573
14.3035	536.72	451.326
14.3093	535.482	443.316
14.3151	534.246	451.848
14.3209	530.555	458.95
14.3267	534.554	469.949
14.3325	538.273	458.155
14.3383	545.156	451.848
14.3441	540.766	439.238
14.3499	525.371	427.968
14.3557	528.414	427.474
14.3615	519.937	421.589
14.3673	514.559	425.503
14.3732	516.047	413.151
14.379	515.749	407.934
14.3848	522.647	396.779
14.3906	534.246	412.198
14.3964	541.391	411.246
14.4022	525.978
14.408	519.337
14.4138	526.891
14.4196	516.047
14.4254	526.891
14.4312	529.943
14.437	519.037
14.4428	517.839
14.4486	525.068
14.4544	526.586
14.4602	510.415
14.466	487.365
14.4718	500.778
14.4776	480.933	527.805
14.4834	490.755	532.09
14.4893	505.719	534.554
14.4951	493.313	533.629
14.5009	496.744	528.72
14.5067	488.775	533.321
14.5125	486.521	553.725
14.5183	469.949	542.016
14.5241	486.803	535.791
14.5299	480.101	540.141
14.5357	487.084	531.476
14.5415	498.757	529.331
14.5473	501.646	519.937
14.5531	498.181	525.978
14.5589	477.887	531.169
14.5647	489.057	527.5
14.5705	484.278	542.957
14.5763	478.163	538.895
14.5821	454.728	534.863
14.5879	481.211	545.786
14.5937	547.049
14.5995	540.141
14.6054	534.246
14.6112	541.078
14.617	542.016
14.6228	535.172
14.6286	533.629	273.525
14.6344	548.315	263.445
14.6402	543.584	271.478
14.646	539.206	271.949
14.6518	537.651	275.586
14.6576	534.863	288.453
14.6634	530.862	284.646
14.6692	535.791	287.289
14.675	527.805	298.108
14.6808	531.783	315.288
14.6866	542.643	319.874
14.6924	541.391	305.253
14.6982	539.206	310.768
14.704	532.09	300.009
14.7098	536.72	309.156
14.7156	535.791	315.652
14.7215	539.206	322.471
14.7273	547.681	317.298
14.7331	530.862	306.312
14.7389	536.72	315.288
14.7447	532.705	311.847
14.7505	532.397	302.619	385.039
14.7563	524.765	302.095	388.389
14.7621	533.013	314.379	397.697
14.7679	538.273	309.514	385.039
14.7737	543.898	316.383	392.449
14.7795	544.842	333.073	373.43
14.7853	538.273	315.47	374.51
14.7911	528.414	316.748	371.923
14.7969	516.942	325.841	369.567
14.8027	529.943	313.653	375.593
14.8085	525.371	316.748	367.227
14.8143	525.068	300.876	356.155
14.8201	529.637	298.281	359.877
14.8259	526.891	363.218
14.8317	527.5	366.167
14.8376	532.09	354.717
14.8434	534.246	350.238
14.8492	525.675	345.018
14.855	548.631	347.217
14.8608	537.962	352.674
14.8666	539.829	360.293
14.8724	544.213	365.533
14.8782	544.213	368.289
14.884	543.898	372.353
14.8898	538.584	370.422
14.8956	538.895	358.425
14.9014	535.172	356.566
14.9072	520.237	367.014
14.913	524.461	373.645
14.9188	539.518	384.594
14.9246	530.555	391.543
14.9304	533.937	397.009
14.9362	538.895	398.157
14.942	530.249	393.129
14.9478	552.128	389.288
14.9537	571.929	383.042
14.9595	548.315	375.159
14.9653	536.41	367.439
14.9711	551.172	360.293
14.9769	549.583	356.772
14.9827	565.034	353.694
14.9885	559.836	357.391
14.9943	554.365	353.082
15.0001	538.895	349.027
15.0059	542.33	353.082
15.0117	353.286
15.0175	358.011
15.0233	356.772
15.0291	352.064
15.0349	342.437
15.0407	338.699
15.0465	342.041
15.0523	332.688
15.0581	335.971
15.0639	338.112
15.0697	336.165
15.0756	339.482
15.0814	338.503
15.0872	335.196
15.093	340.661
15.0988	342.832
15.1046	338.895
15.1104	349.027
15.1162	348.221
15.122	343.031
15.1278	328.867
15.1336	333.265
15.1394	345.616
15.1452	345.616
15.151	338.895
15.1568	347.819
15.1626	346.215
15.1684	348.624
15.1742	350.846
15.18	337.332
15.1859	342.437
15.1917	337.917
15.1975	338.308
15.2033	338.308
15.2091	338.308
15.2149	330.199
15.2207	331.729
15.2265	328.297
15.2323	336.554
15.2381	326.03
15.2439	323.217
15.2497	318.583
15.2555	324.339
15.2613	323.03
15.2671	337.527
15.2729	348.221
15.2787	349.834
15.2845	339.482	543.27
15.2903	339.286	547.049
15.2961	340.268	560.483
15.3019	342.634	556.611
15.3078	352.878	523.553
15.3136	339.482	560.159
15.3194	342.041	559.189
15.3252	344.221	560.159
15.331	338.895	565.36
15.3368	347.417	574.91
15.3426	348.624	560.807
15.3484	346.016	556.933
15.3542	340.268	547.365
15.36	339.482	548.315
15.3658	325.841	557.255
15.3716	330.963	551.172
15.3774	328.487	553.086
15.3832	335.389	561.779
15.389	343.824	565.687
15.3948	342.634	563.73
15.4006	340.464	575.575
15.4064	336.748	578.909
15.4122	334.809	578.575
15.418	332.688	575.242
15.4239	343.824	564.707
15.4297	349.632	574.578
15.4355	349.632	564.055
15.4413	337.332	581.59
15.4471	333.073	578.241
15.4529	564.381
15.4587	568.635
15.4645	554.365
15.4703	552.766
15.4761	561.455
15.4819	559.189
15.4877	546.417
15.4935	541.704
15.4993	542.016
15.5051	537.651
15.5109	538.584
15.5167	533.629
15.5225	532.397
15.5283	532.09
15.5341	533.937
15.54	529.637
15.5458	526.282
15.5516	521.14
15.5574	511.891
15.5632	524.461
15.569	541.078
15.5748	565.034
15.5806	559.512
15.5864	567.979
15.5922	563.404
15.598	568.964
15.6038	569.621
15.6096	567.323
15.6154	565.034
15.6212	575.907
15.627	564.381
15.6328	567.651
15.6386	562.429
15.6444	556.611
15.6502	548.631
15.6561	535.791
15.6619	537.962
15.6677	537.962	268.67
15.6735	541.391	279.433
15.6793	561.131	273.525
15.6851	548.948	281.539
15.6909	549.583	271.165
15.6967	539.206	278.466
15.7025	526.586	283.825
15.7083	530.555	283.007
15.7141	522.647	284.318
15.7199	522.647	287.787
15.7257	523.251	279.433
15.7315	534.863	279.433
15.7373	536.101	284.153
15.7431	544.527	285.965
15.7489	553.406	288.287
15.7547	561.131	289.957
15.7605	554.045	285.8
15.7663	544.842	285.47
15.7722	554.686	283.007
15.778	543.898	282.843
15.7838	530.862	270.383
15.7896	268.36
15.7954	267.586
15.8012	263.598
15.807	259.969
15.8128	272.578
15.8186	269.915
15.8244	282.191
15.8302	278.949
15.836	279.272
15.8418	283.007
15.8476	284.153
15.8534	278.306
15.8592	277.503
15.865	286.13
15.8708	283.661
15.8766	281.052
15.8824	283.334
15.8883	284.153
15.8941	281.377
15.8999	281.052
15.9057	284.811
15.9115	273.841
15.9173	284.646
15.9231	292.142
15.9289	301.572
15.9347	302.27
15.9405	293.495
15.9463	288.787
15.9521	283.825
15.9579	285.634
15.9637	283.334	306.135
15.9695	284.318	311.487
15.9753	280.241	310.768
15.9811	277.343	307.553
15.9869	284.318	317.848
15.9927	284.318	310.947
15.9985	287.455	315.106
16.0044	300.009	312.568
16.0102	287.123	302.794
16.016	283.661	304.372
16.0218	283.334	301.05
16.0276	280.727	297.592
16.0334	278.788	296.905
16.0392	282.68	295.195
16.045	287.289	301.05
16.0508	285.634	306.844
16.0566	287.954	303.67
16.0624	304.021	310.768
16.0682	289.622	312.207
16.074	286.13	306.312
16.0798	283.498	306.135
16.0856	282.354	311.127
16.0914	284.646	296.734
16.0972	292.142	291.3
16.103	283.334	287.621
16.1088	294.855	284.153
16.1146	288.953	290.459
16.1205	277.183	295.025
16.1263	302.27
16.1321	299.316
16.1379	292.142
16.1437	287.954
16.1495	290.963
16.1553	287.954
16.1611	290.963
16.1669	282.517
16.1727	288.453
16.1785	290.292
16.1843	280.08
16.1901	275.268
16.1959	267.432
16.2017	259.668
16.2075	256.389
16.2133	248.803
16.2191	252.714
16.2249
16.2307
16.2366
16.2424
16.2482
16.254
16.2598
16.2656
16.2714
16.2772
16.283
16.2888
16.2946
16.3004
16.3062
16.312
16.3178	214.108
16.3236	227.233
16.3294	227.233
16.3352	226.708
16.341	221.147
16.3468	235.654
16.3527	239.773
16.3585	251.258
16.3643	243.964
16.3701	235.11
16.3759	234.839
16.3817	237.293
16.3875	248.803
16.3933	249.523
16.3991	250.533
16.4049	250.968
16.4107	250.968
16.4165	248.947
16.4223	253.738
16.4281	258.77
16.4339	264.818
16.4397	264.055
16.4455	267.895
16.4513	273.209
16.4571	271.635
16.4629	266.969
16.4688	264.665
16.4746	259.969
16.4804	267.586
16.4862	271.949
16.492	271.008
16.4978	270.852
16.5036	264.36
16.5094	257.726
16.5152	268.36
16.521	263.902
16.5268	261.323
16.5326	247.799
16.5384	251.694
16.5442	244.953
16.55	242.139
16.5558	251.549
16.5616	253.445
16.5674	259.668
16.5732	259.069
16.579	265.584
16.5849	256.241
16.5907	247.084
16.5965	255.65
16.6023	257.28
16.6081	258.173
16.6139	256.093
16.6197	260.871
16.6255	263.293
16.6313	266.969
16.6371	258.173
16.6429	264.665
16.6487	270.539
16.6545	270.539
16.6603	276.064
16.6661	269.603
16.6719	274.157
16.6777	269.292
16.6835	265.278
16.6893	268.515
16.6951	265.738
16.701	264.818
16.7068	264.665
16.7126	266.045
16.7184	263.75
16.7242	265.738
16.73	266.969
16.7358	265.891
16.7416	263.75
16.7474	262.231
16.7532	258.471
16.759	261.626
16.7648	263.445
16.7706	262.231
16.7764	272.578
16.7822	273.841
16.788	274.474
16.7938	272.106
16.7996	275.268
16.8054	275.745
16.8112	274.316
16.8171	276.703
16.8229	266.199
16.8287	266.969
16.8345	264.36
16.8403	272.578
16.8461	272.106
16.8519	274.157
16.8577	273.683
16.8635	279.595
16.8693	278.306
16.8751	270.071
16.8809	268.515
16.8867	265.738
16.8925	268.05
16.8983	264.665
16.9041	266.353
16.9099	267.586
16.9157	265.125
16.9215	253.445
16.9273	262.079
16.9332	258.322
16.939	251.839
16.9448	255.06
16.9506	251.549
16.9564	252.276
16.9622	253.445
16.968	263.598
16.9738	261.928
16.9796	266.66
16.9854	259.818
16.9912	259.668
16.997	265.738
17.0028	272.578
17.0086	262.989
17.0144	254.766
17.0202	264.055
17.026	265.738
17.0318	260.72
17.0376	258.471
17.0434	264.971
17.0493	268.981
17.0551	261.022
17.0609	256.538
17.0667	264.055
17.0725	266.66
17.0783	272.263
17.0841	270.383
17.0899	266.66
17.0957	271.008
17.1015	267.586
17.1073	265.584
17.1131	265.431
17.1189	263.293
17.1247	263.75
17.1305	260.871
17.1363	256.093
17.1421	259.969
17.1479	259.219
17.1537	259.969
17.1595	256.834
17.1654	261.777
17.1712	257.131
17.177	268.36
17.1828	263.598
17.1886	257.428
17.1944	260.269
17.2002	270.695
17.206	278.949
17.2118
17.2176
17.2234
17.2292
17.235
17.2408
17.2466
17.2524
17.2582
17.264
17.2698
17.2756
17.2815
17.2873
17.2931
17.2989
17.3047
17.3105
17.3163
17.3221
17.3279
17.3337
17.3395
17.3453
17.3511
17.3569
17.3627
17.3685
17.3743
17.3801
17.3859
17.3917
17.3976
17.4034
17.4092
17.415
17.4208
17.4266
17.4324
17.4382
17.444
17.4498
17.4556
17.4614	409.824
17.4672	408.406
17.473	407.934
17.4788	420.373
17.4846	410.297
17.4904	401.39
17.4962	408.406
17.502	401.854
17.5078	401.39
17.5137	408.642
17.5195	408.17
17.5253	401.854
17.5311	409.351
17.5369	404.415
17.5427	402.086
17.5485	401.158
17.5543	410.772
17.5601	404.883
17.5659	401.622
17.5717	413.151
17.5775	415.065
17.5833	408.878
17.5891	406.758
17.5949	403.016
17.6007	401.39
17.6065	415.785
17.6123	423.053
17.6181	422.32
17.6239	412.436
17.6297	413.868
17.6356	412.198
17.6414	405.117
17.6472	393.811
17.653	400.926
17.6588	390.639
17.6646	390.414
17.6704	401.158
17.6762	405.819
17.682	407.463
17.6878	401.622
17.6936	407.228
17.6994	413.151
17.7052	400.926
17.711	400.463
17.7168	394.95
17.7226	400.695
17.7284	406.288
17.7342	400.695
17.74	401.854
17.7458	411.722
17.7517	433.942
17.7575	413.868
17.7633	427.968
17.7691	427.227
17.7749	440.509
17.7807	427.721
17.7865	424.276
17.7923	411.96
17.7981	413.868
17.8039	417.228
17.8097	407.699
17.8155	407.934
17.8213	402.086
17.8271	401.158
17.8329	400.463
17.8387	388.389
17.8445	395.864
17.8503	403.948
17.8561	403.948
17.8619	406.758
17.8678	420.859
17.8736	415.065
17.8794	429.702
17.8852	437.719
17.891	443.829
17.8968	442.293
17.9026	457.891
17.9084	440.763
17.9142	441.528
17.92	438.985
17.9258	437.719
17.9316	436.961
17.9374	439.492
17.9432	424.521
17.949	437.971
17.9548	437.719
17.9606	438.224
17.9664	442.293
17.9722	436.708
17.9781	440.254
17.9839	441.273
17.9897	450.545
17.9955	444.342
18.0013	443.316
18.0071	441.783
18.0129	450.284
18.0187	453.941
18.0245	445.37
18.0303	452.631
18.0361	442.293
18.0419	428.71
18.0477	438.985
18.0535	441.273
18.0593	451.326
18.0651	447.174
18.0709	454.203
18.0767	452.37
18.0825	437.971
18.0883	423.053
18.0941	417.228
18.1	415.065
18.1058	423.786
18.1116	422.076
18.1174	420.616
18.1232	418.919
18.129	429.702
18.1348	423.542
18.1406	428.958
18.1464	421.833
18.1522	435.449
18.158	420.616
18.1638	432.941
18.1696	442.805
18.1754	444.599
18.1812	437.213
18.187	435.701
18.1928	431.194
18.1986	428.215
18.2044	431.194
18.2102	429.454
18.2161	413.868
18.2219	409.824
18.2277	427.227
18.2335	413.151
18.2393	414.107
18.2451	396.321
18.2509	395.178
18.2567	412.198
18.2625	415.065
18.2683	421.589
18.2741	408.406
18.2799	398.847
18.2857	397.238
18.2915	403.715
18.2973	409.587
18.3031	405.819
18.3089	414.346
18.3147	418.677
18.3205	411.246
18.3263	421.589
18.3322	416.987
18.338	413.151
18.3438	412.913
18.3496	413.868
18.3554	420.859
18.3612	427.227
18.367	427.474
18.3728	436.708
18.3786	449.765
18.3844	455.517
18.3902	473.218
18.396	475.135
18.4018	477.06
18.4076	484.558
18.4134	477.06
18.4192	468.323
18.425	468.864
18.4308	478.993
18.4366	503.097
18.4424	506.889
18.4483	512.779
18.4541	525.978
18.4599	528.72
18.4657	522.044
18.4715	522.345
18.4773	527.805
18.4831	525.675
18.4889	522.044
18.4947	522.949
18.5005	502.807
18.5063	511.595
18.5121	499.911
18.5179	480.656
18.5237	496.457
18.5295	489.057
18.5353	481.767
18.5411	503.097
18.5469	503.679
18.5527	508.355
18.5585	504.844
18.5644	506.011
18.5702	502.226
18.576	488.775
18.5818	475.409
18.5876	503.679
18.5934	505.719
18.5992	514.559
18.605	497.893
18.6108	495.884
18.6166	506.596
18.6224	502.226
18.6282	491.606
18.634	491.606
18.6398	491.039
18.6456	502.516
18.6514	504.552
18.6572	493.598
18.663	506.889
18.6688	499.911
18.6746	501.357
18.6805	477.336
18.6863	474.586
18.6921	496.457
18.6979	508.062
18.7037	510.415
18.7095	519.337
18.7153	526.282
18.7211	509.237
18.7269	487.365
18.7327	483.44
18.7385	491.322
18.7443	487.084
18.7501	487.365
18.7559	488.211
18.7617	484.278
18.7675	497.319
18.7733	484.278
18.7791	481.767
18.7849	472.671
18.7907	462.409
18.7966	474.038
18.8024	460.543
18.8082	465.357
18.814
18.8198
18.8256
18.8314
18.8372
18.843
18.8488
18.8546
18.8604
18.8662
18.872
18.8778
18.8836
18.8894
18.8952
18.901
18.9068
18.9127
18.9185
18.9243
18.9301
18.9359
18.9417
18.9475
18.9533
18.9591
18.9649
18.9707
18.9765
18.9823
18.9881
18.9939
18.9997
19.0055
19.0113
19.0171
19.0229
19.0288
19.0346
19.0404
19.0462
19.052
19.0578
19.0636
19.0694
19.0752
19.081
19.0868
19.0926
19.0984
19.1042
19.11
19.1158
19.1216
19.1274
19.1332
19.139
19.1449
19.1507
19.1565
19.1623
19.1681
19.1739
19.1797
19.1855
19.1913
19.1971
19.2029
19.2087
19.2145
19.2203
19.2261
19.2319
19.2377
19.2435
19.2493
19.2551
19.261
19.2668
19.2726
19.2784	410.772
19.2842	393.129
19.29	415.305
19.2958	435.701
19.3016	440.254
19.3074	434.193
19.3132	426.241
19.319	446.916
19.3248	431.194
19.3306	435.952
19.3364	448.209
19.3422	447.691
19.348	445.113
19.3538	441.018
19.3596	440.509
19.3654	427.474
19.3712	428.71
19.3771	434.193
19.3829	434.193
19.3887	436.204
19.3945	456.043
19.4003	465.895
19.4061	443.573
19.4119	466.164
19.4177	461.875
19.4235	447.95
19.4293	446.142
19.4351	451.587
19.4409	435.197
19.4467	442.805
19.4525	437.719
19.4583	434.946
19.4641	435.449
19.4699	430.696
19.4757	429.206
19.4815	429.95
19.4873	439.492
19.4932	435.197
19.499	438.478
19.5048	440
19.5106	442.038
19.5164	443.573
19.5222	437.466
19.528	433.692
19.5338	447.95
19.5396	460.012
19.5454	461.875
19.5512	450.545
19.557	438.731
19.5628	447.433
19.5686	442.805
19.5744	425.749
19.5802	426.487
19.586	430.945
19.5918	431.443
19.5976	416.506
19.6034	426.981
19.6093	424.276
19.6151	437.719
19.6209	441.528
19.6267	437.971	374.726
19.6325	438.985	401.854
19.6383	427.721	396.779
19.6441	416.987	380.177
19.6499	423.786	379.299
19.6557	436.708	381.717
19.6615	452.893	377.333
19.6673	463.211	391.543
19.6731	449.505	391.091
19.6789	456.834	402.783
19.6847	439.746	408.642
19.6905	440.763	403.948
19.6963	439.492	385.707
19.7021	444.599	388.838
19.7079	442.549	381.497
19.7137	438.478	389.513
19.7195	438.478	392.222
19.7254	439.492	390.865
19.7312	443.573	400.926
19.737	445.885	409.114
19.7428	466.433	406.758
19.7486	468.864	410.061
19.7544	477.06	425.749
19.7602	485.679	430.447
19.766	474.586	418.435
19.7718	472.671	433.692
19.7776	474.038	436.456
19.7834	492.459	426.241
19.7892	520.538	415.545
19.795	526.891	411.96
19.8008	402.783
19.8066	410.535
19.8124	417.228
19.8182	420.373
19.824	414.107
19.8298	413.39
19.8356	407.934
19.8415	418.193
19.8473	416.506
19.8531	420.616
19.8589	411.96
19.8647	391.995
19.8705	395.407
19.8763	400.232
19.8821	410.535
19.8879	410.297
19.8937	394.494
19.8995	389.288
19.9053	399.77
19.9111	399.539
19.9169	401.39
19.9227	385.484
19.9285	391.317
19.9343	413.629
19.9401	417.228
19.9459	439.746
19.9517	420.859
19.9576	405.585
19.9634	400.926
19.9692	405.117
19.975	407.934
19.9808	410.061
19.9866	415.545
19.9924	418.193	369.567
19.9982	423.542	357.804
20.004	432.441	353.899
20.0098	434.946	329.818
20.0156	432.191	314.924
20.0214	426.734	316.017	279.272
20.0272	430.447	327.729	281.377
20.033	445.627	326.784	281.539
20.0388	465.626	325.653	268.826
20.0446	460.012	329.057	280.241
20.0504	477.611	337.332	266.66
20.0562	485.399	338.699	269.447
20.062	480.656	340.661	265.278
20.0678	490.472	327.918	267.277
20.0737	482.324	329.437	273.999
20.0795	327.351	277.824
20.0853	336.165	277.023
20.0911	325.841	276.224
20.0969	336.748	276.863
20.1027	338.112	268.981
20.1085	338.112	266.506
20.1143	331.154	268.826
20.1201	330.009	269.915
20.1259	343.625	276.064
20.1317	347.217	273.525
20.1375	343.427	276.863
20.1433	343.427	282.028
20.1491	282.354
20.1549	283.825
20.1607	287.123
20.1665	278.466
20.1723	275.745
20.1781	287.123
20.1839	283.661
20.1898	282.028
20.1956	276.383
20.2014	263.598
20.2072	264.207
20.213	264.818
20.2188	269.292
20.2246	270.852
20.2304	271.008
20.2362	271.322
20.242	261.928
20.2478	259.219
20.2536	256.686
20.2594	253.298
20.2652	253.006
20.271	247.227
20.2768	240.467
20.2826	249.667
20.2884	245.945
20.2942	251.985
20.3
20.3058
20.3117
20.3175
20.3233
20.3291
20.3349
20.3407
20.3465
20.3523
20.3581
20.3639
20.3697
20.3755
20.3813
20.3871
20.3929
20.3987	434.193
20.4045	450.805
20.4103	441.018
20.4161	442.293
20.4219	414.107
20.4278	409.351
20.4336	391.769
20.4394	376.027
20.4452	371.065
20.451	367.439
20.4568	371.923
20.4626	367.651
20.4684	376.462
20.4742	382.6
20.48	385.929
20.4858	397.009
20.4916	401.39
20.4974	416.987
20.5032	419.403
20.509	417.711
20.5148	409.587
20.5206	417.952
20.5264	414.825
20.5322	411.722
20.538	412.198
20.5439	409.587
20.5497	416.987
20.5555	413.868
20.5613	401.622
20.5671	422.564
20.5729	409.351
20.5787	407.699
20.5845	402.551
20.5903	420.13
20.5961	413.629
20.6019	419.888
20.6077	424.767
20.6135	427.474	326.407
20.6193	430.696	315.652
20.6251	422.564	301.572
20.6309	413.629	297.077
20.6367	412.436	300.355
20.6425	418.193	281.052
20.6483	412.436	298.625
20.6542	423.542	303.144
20.66	440.763	303.494
20.6658	442.549	304.196
20.6716	440.763	304.548
20.6774	441.783	308.443
20.6832	437.971	305.253
20.689	439.492	301.05
20.6948	450.805	300.182
20.7006	458.95	296.22
20.7064	458.42	302.619
20.7122	454.728	301.572
20.718	457.098	299.662
20.7238	437.719	296.049
20.7296	441.528	295.366
20.7354	443.573	301.224
20.7412	447.433	300.009
20.747	447.691	297.764
20.7528	449.245	300.876
20.7586	446.658	302.095
20.7644	451.065	299.835
20.7702	452.109	308.621
20.7761	452.631	310.588
20.7819	446.4	302.969
20.7877	436.708	304.724
20.7935	431.692	297.936
20.7993	432.441	302.444
20.8051	441.018	302.969
20.8109	462.142	302.27
20.8167	461.342	295.366
20.8225	469.406	296.905
20.8283	458.42	298.453
20.8341	454.465	304.196
20.8399	452.893	310.23
20.8457	460.809	308.799
20.8515	478.993	299.662
20.8573	302.794
20.8631	304.372
20.8689	306.489
20.8747	308.978
20.8805	308.443
20.8863	306.489
20.8922	302.794
20.898	295.195
20.9038	296.22
20.9096	302.27
20.9154	307.731
20.9212	305.782
20.927	302.969
20.9328	301.921
20.9386	306.489
20.9444	309.514
20.9502	305.782
20.956	302.969
20.9618	300.529
20.9676	302.794
20.9734	304.372
20.9792	305.429
20.985	310.588
20.9908	307.553
20.9966	303.319
21.0024	305.429
21.0083	304.196
21.0141	293.665
21.0199	303.144
21.0257	304.9
21.0315	311.307
21.0373	308.087
21.0431	305.605
21.0489	301.921
21.0547	289.455
21.0605	276.383
21.0663	285.8
21.0721	301.398
21.0779	302.969
21.0837	304.021
21.0895	310.23
21.0953	311.127
21.1011	313.472
21.1069	311.487
21.1127	306.489
21.1185	302.27
21.1244	297.592
21.1302	304.548
21.136	303.67
21.1418	303.494
21.1476	296.391
21.1534	297.249
21.1592	293.834
21.165	301.05
21.1708	310.409
21.1766	314.742
21.1824	305.429
21.1882	302.444
21.194	308.978
21.1998	307.909
21.2056	293.834
21.2114	308.443
21.2172	300.876
21.223	305.605
21.2288	304.196
21.2346	310.947
21.2405	307.553
21.2463	313.11
21.2521	310.588
21.2579	314.016
21.2637	307.909
21.2695	304.372
21.2753	299.662
21.2811	306.312
21.2869	305.253
21.2927	312.207
21.2985	306.666
21.3043	305.782
21.3101	303.319
21.3159	304.372
21.3217	301.398
21.3275	292.311
21.3333	282.354
21.3391	281.377
21.3449	277.343
21.3507	280.241
21.3566	282.68
21.3624	289.957
21.3682	287.787
21.374	288.62
21.3798	285.305
21.3856	283.825
21.3914	277.343
21.3972	286.13
21.403	273.367
21.4088	272.106
21.4146	283.989
21.4204	286.295
21.4262	286.957
21.432	277.023
21.4378	269.603
21.4436	261.173
21.4494	260.72
21.4552	260.871
21.461	264.971
21.4668
21.4727
21.4785
21.4843
21.4901
21.4959
21.5017
21.5075
21.5133
21.5191
21.5249
21.5307
21.5365
21.5423
21.5481
21.5539
21.5597
21.5655
21.5713
21.5771
21.5829
21.5888
21.5946
21.6004
21.6062
21.612
21.6178
21.6236
21.6294
21.6352
21.641
21.6468
21.6526
21.6584
21.6642
21.67
21.6758
21.6816
21.6874
21.6932
21.699
21.7049
21.7107
21.7165
21.7223
21.7281
21.7339
21.7397
21.7455
21.7513
21.7571
21.7629
21.7687
21.7745
21.7803
21.7861
21.7919
21.7977
21.8035
21.8093
21.8151
21.821
21.8268
21.8326
21.8384
21.8442
21.85
21.8558
21.8616
21.8674
21.8732
21.879
21.8848
21.8906
21.8964
21.9022
21.908
21.9138
21.9196
21.9254
21.9312
21.9371
21.9429
21.9487
21.9545
21.9603
21.9661
21.9719
21.9777
21.9835
21.9893
21.9951
22.0009
22.0067
22.0125
22.0183
22.0241
22.0299
22.0357
22.0415
22.0473
22.0532
22.059
22.0648
22.0706
22.0764
22.0822
22.088
22.0938
22.0996
22.1054
22.1112
22.117
22.1228
22.1286
22.1344
22.1402
22.146
22.1518
22.1576
22.1634
22.1693
22.1751
22.1809
22.1867
22.1925
22.1983
22.2041
22.2099
22.2157
22.2215
22.2273
22.2331
22.2389
22.2447
22.2505
22.2563
22.2621
22.2679
22.2737
22.2795
22.2854
22.2912
22.297
22.3028
22.3086
22.3144
22.3202
22.326
22.3318
22.3376
22.3434
22.3492
22.355
22.3608
22.3666
22.3724
22.3782
22.384
22.3898
22.3956
22.4015
22.4073
22.4131
22.4189
22.4247
22.4305
22.4363
22.4421
22.4479
22.4537
22.4595
22.4653
22.4711
22.4769
22.4827
22.4885
22.4943
22.5001
22.5059
22.5117
22.5176
22.5234
22.5292
22.535
22.5408
22.5466
22.5524
22.5582
22.564
22.5698
22.5756
22.5814
22.5872
22.593
22.5988
22.6046
22.6104
22.6162	298.453
22.622	301.398
22.6278	305.782
22.6336	304.548
22.6395	302.619
22.6453	304.548
22.6511	308.621
22.6569	304.021
22.6627	301.746
22.6685	304.196
22.6743	304.548
22.6801	304.372
22.6859	303.67
22.6917	306.666
22.6975	313.653
22.7033	306.135
22.7091	304.9
22.7149	302.969
22.7207	304.196
22.7265	311.127
22.7323	302.27
22.7381	295.878
22.7439	298.108
22.7498	307.909
22.7556	303.144
22.7614	303.67
22.7672	307.198
22.773	309.335
22.7788	305.076
22.7846	303.144
22.7904	310.051
22.7962	305.782
22.802	300.702
22.8078	297.592
22.8136	305.253
22.8194	310.23
22.8252	312.568
22.831	312.027
22.8368	313.291
22.8426	313.291
22.8484	313.472
22.8542	318.951
22.86	306.844
22.8659	301.921
22.8717	306.312
22.8775	315.652
22.8833	321.541
22.8891	323.217
22.8949	333.843
22.9007	330.581
22.9065	330.39
22.9123	337.722
22.9181	354.922
22.9239	347.819
22.9297	366.591
22.9355	362.589
22.9413	367.651	300.702
22.9471	377.115	318.399
22.9529	374.077	316.2
22.9587	371.708	312.568
22.9645	302.27
22.9703	302.619
22.9761	302.27
22.9819	302.794
22.9878	297.077
22.9936	297.077
22.9994	299.316
23.0052	298.798
23.011	300.702
23.0168	312.388
23.0226	313.291
23.0284	316.017
23.0342	316.383
23.04	320.244
23.0458	321.355
23.0516	320.614
23.0574	319.874
23.0632	308.799
23.069	308.265
23.0748	302.619
23.0806	310.588
23.0864	307.198
23.0922	304.724
23.098	309.872
23.1039	307.731
23.1097	305.253
23.1155	308.265
23.1213	303.67
23.1271	306.135
23.1329	298.798
23.1387	297.592
23.1445	301.921
23.1503	307.021
23.1561	303.845
23.1619	305.253
23.1677	305.605
23.1735	299.662
23.1793	303.67
23.1851	303.319
23.1909	304.9
23.1967	310.051
23.2025	304.021
23.2083	305.959
23.2141	306.666	262.837
23.22	300.182	282.028
23.2258	300.876	264.971
23.2316	299.316	277.503
23.2374	296.905	276.224
23.2432	300.009	274.633
23.249	301.224	279.918
23.2548	307.909	276.383
23.2606	315.652	279.595
23.2664	316.748	277.824
23.2722	307.731	281.377
23.278	304.021	291.3
23.2838	305.076	303.845
23.2896	310.947	305.429
23.2954	300.876	301.398
23.3012	314.742	308.087
23.307	315.47	313.653
23.3128	306.666	305.605
23.3186	309.514	307.731
23.3244	308.087	307.553
23.3302	312.207	310.23
23.3361	318.399	309.335
23.3419	306.489	305.076
23.3477	307.198	301.746
23.3535	301.05	298.625
23.3593	296.22
23.3651	302.444
23.3709	301.398
23.3767	307.376
23.3825	310.409
23.3883	300.529
23.3941	303.319
23.3999	311.487
23.4057	301.398
23.4115	302.444
23.4173	300.702
23.4231	300.355
23.4289	301.05
23.4347	301.05
23.4405	301.572
23.4463	302.27
23.4522	297.42
23.458	298.798
23.4638	298.625
23.4696	305.253
23.4754	304.548
23.4812	302.27
23.487	291.636
23.4928	285.8
23.4986	296.734
23.5044	288.787
23.5102	296.563
23.516	300.009
23.5218	307.731
23.5276	309.156
23.5334	307.731
23.5392	310.588
23.545	311.487
23.5508	309.872
23.5566	301.746
23.5624	294.855
23.5683	307.909	370.422
23.5741	308.978	354.717
23.5799	315.106	358.839
23.5857	316.2	374.294
23.5915	304.021	382.821
23.5973	310.947	397.697
23.6031	308.978	393.584
23.6089	302.794	388.614
23.6147	308.978	375.376
23.6205	308.621	371.279
23.6263	306.135	379.957
23.6321	309.693	396.092
23.6379	304.724	390.865
23.6437	302.095	375.376
23.6495	306.312	379.518
23.6553	301.398	390.414
23.6611	299.143	404.649
23.6669	300.355	399.539
23.6727	308.443	397.697
23.6785	307.731	405.585
23.6844	306.489	403.715
23.6902	303.494	408.406
23.696	302.095	414.346
23.7018	303.67	422.076
23.7076	301.746	414.346
23.7134	297.764	405.585
23.7192	296.905	402.783
23.725	295.366	392.222
23.7308	296.563
23.7366	302.969
23.7424	300.702
23.7482	298.453
23.754	295.195
23.7598	295.537
23.7656	305.782
23.7714	312.749
23.7772	308.621
23.783	297.764
23.7888	296.563
23.7946	305.429
23.8005	301.746
23.8063	292.649
23.8121	292.142
23.8179	304.372
23.8237	318.951
23.8295	314.56
23.8353	305.429
23.8411	307.909
23.8469	317.848
23.8527	320.614
23.8585	322.099
23.8643	320.799
23.8701	329.437
23.8759	329.437
23.8817	323.217	606.288
23.8875	317.664	606.989
23.8933	308.265	606.638	432.441
23.8991	305.253	605.938	447.95
23.9049	308.443	600.711	456.834
23.9107	309.514	607.34	456.307
23.9166	308.087	615.462	449.505
23.9224	302.794	603.842	434.193	232.813
23.9282	301.05	605.588	436.204	231.472
23.934	312.027	608.042	438.478	230.671
23.9398	305.782	604.889	442.805	230.538
23.9456	303.845	607.691	427.968	229.608
23.9514	303.494	597.596	428.958	218.607
23.9572	303.845	607.691	431.942	230.538
23.963	303.144	605.938	428.71	228.417
23.9688	303.319	603.144	429.95	229.74
23.9746	302.27	607.34	427.227	229.475
23.9804	298.453	602.1	442.038	229.74
23.9862	311.307	604.889	447.691	226.185
23.992	311.667	582.936	454.728	234.026
23.9978	305.605	592.783	460.809	238.255
24.0036	306.844	608.393	446.658	243.401
24.0094	307.553	614.752	434.193	246.942
24.0152	298.798	606.989	450.024	248.516
24.021	304.196	608.393	465.088	248.803
24.0268	304.9	612.271	458.95	249.378
24.0327	306.844	613.333	447.433	260.119
24.0385	307.909	609.8	448.986	259.969
24.0443	298.453	606.989	432.941	252.714
24.0501	310.947	628.758	246.942
24.0559	311.847	639.748
24.0617	306.135	648.678
24.0675	316.017	636.798
24.0733	311.847	624.414
24.0791	305.429	637.535
24.0849	307.376	615.818
24.0907	307.376
24.0965	303.845
24.1023	302.444
24.1081	308.978
24.1139	307.731
24.1197	303.494
24.1255	307.021
24.1313	305.076
24.1371	306.489
24.1429	305.605
24.1488	307.909
24.1546	303.319
24.1604	307.909
24.1662	305.605
24.172	305.253
24.1778	304.196
24.1836	302.095
24.1894	302.969
24.1952	310.947
24.201	314.924
24.2068	307.731
24.2126	308.087
24.2184	299.662
24.2242	301.224
24.23	302.27
24.2358	310.588
24.2416	316.2
24.2474	307.376
24.2532	295.025
24.259	307.021
24.2649	316.383
24.2707	319.689
24.2765	321.727
24.2823	322.658
24.2881	330.581
24.2939	327.918
24.2997	325.277
24.3055	318.951
24.3113	326.218
24.3171	321.913
24.3229	320.059
24.3287	320.244
24.3345	321.355
24.3403	308.799
24.3461	308.265
24.3519	310.768
24.3577	304.724
24.3635	303.144
24.3693	307.731
24.3751	304.724
24.381	305.076
24.3868	304.548
24.3926	313.472
24.3984	301.746
24.4042	296.563
24.41	298.453
24.4158	291.973
24.4216	282.68
24.4274	284.153
24.4332	275.586
24.439	290.963
24.4448
24.4506
24.4564
24.4622
24.468
24.4738
24.4796
24.4854
24.4912
24.4971
24.5029
24.5087
24.5145
24.5203
24.5261
24.5319
24.5377
24.5435
24.5493
24.5551
24.5609
24.5667
24.5725
24.5783
24.5841
24.5899
24.5957
24.6015
24.6073
24.6132
24.619
24.6248
24.6306
24.6364
24.6422
24.648
24.6538
24.6596
24.6654
24.6712
24.677
24.6828
24.6886
24.6944
24.7002
24.706
24.7118
24.7176
24.7234
24.7293
24.7351
24.7409
24.7467
24.7525
24.7583
24.7641
24.7699
24.7757
24.7815
24.7873
24.7931
24.7989
24.8047
24.8105
24.8163
24.8221
24.8279
24.8337
24.8395
24.8454
24.8512
24.857
24.8628
24.8686
24.8744
24.8802
24.886
24.8918
24.8976
24.9034
24.9092
24.915
24.9208
24.9266
24.9324
24.9382
24.944
24.9498
24.9556
24.9615
24.9673
24.9731
24.9789
24.9847
24.9905
24.9963
25.0021
25.0079
25.0137
25.0195
25.0253
25.0311
25.0369
25.0427
25.0485
25.0543
25.0601
25.0659
25.0717
25.0776
25.0834
25.0892
25.095
25.1008
25.1066
25.1124
25.1182
25.124
25.1298
25.1356
25.1414
25.1472
25.153
25.1588
25.1646
25.1704
25.1762
25.182
25.1878
25.1937
25.1995
25.2053
25.2111
25.2169
25.2227
25.2285
25.2343
25.2401
25.2459
25.2517
25.2575
25.2633
25.2691
25.2749
25.2807
25.2865
25.2923
25.2981
25.3039
25.3097
25.3156
25.3214
25.3272
25.333
25.3388
25.3446
25.3504
25.3562
25.362
25.3678
25.3736
25.3794
25.3852
25.391
25.3968
25.4026
25.4084
25.4142
25.42
25.4258
25.4317
25.4375
25.4433
25.4491
25.4549
25.4607
25.4665
25.4723
25.4781
25.4839
25.4897
25.4955
25.5013
25.5071
25.5129
25.5187
25.5245
25.5303
25.5361
25.542
25.5478
25.5536
25.5594
25.5652
25.571
25.5768
25.5826
25.5884
25.5942
25.6
25.6058
25.6116
25.6174
25.6232
25.629
25.6348
25.6406
25.6464
25.6522
25.658
25.6639
25.6697
25.6755
25.6813
25.6871
25.6929
25.6987
25.7045
25.7103
25.7161
25.7219
25.7277
25.7335
25.7393
25.7451
25.7509
25.7567
25.7625
25.7683
25.7741
25.78
25.7858
25.7916
25.7974
25.8032
25.809
25.8148
25.8206
25.8264
25.8322
25.838
25.8438
25.8496
25.8554
25.8612
25.867
25.8728
25.8786
25.8844
25.8902	446.142
25.8961	441.783
25.9019	435.701
25.9077	429.95
25.9135	451.326
25.9193	451.326
25.9251	442.038
25.9309	417.711
25.9367	424.276
25.9425	434.193
25.9483	440.254
25.9541	446.916
25.9599	448.209
25.9657	452.37
25.9715	441.273
25.9773	449.765
25.9831	445.885
25.9889	444.856
25.9947	437.719
26.0005	445.113
26.0063	445.627
26.0122	452.893
26.018	448.986
26.0238	447.174
26.0296	439.238
26.0354	449.765
26.0412	443.829
26.047	427.721
26.0528	438.478
26.0586	447.174
26.0644	451.065
26.0702	450.284
26.076	457.362
26.0818	448.467
26.0876	449.765
26.0934	441.783
26.0992	449.765
26.105	449.505
26.1108	443.573
26.1166	446.142
26.1224	440.254
26.1283	442.805
26.1341	427.227
26.1399	431.443
26.1457	428.463
26.1515	419.888
26.1573	430.199
26.1631	433.942
26.1689	439.238
26.1747	440.254
26.1805	438.985
26.1863	428.215
26.1921	428.463
26.1979	443.573
26.2037	454.728
26.2095	479.546
26.2153
26.2211
26.2269
26.2327
26.2385
26.2444
26.2502
26.256
26.2618
26.2676
26.2734
26.2792
26.285
26.2908
26.2966
26.3024
26.3082
26.314
26.3198
26.3256
26.3314
26.3372
26.343
26.3488
26.3546	276.224
26.3605	282.354
26.3663	293.326
26.3721	308.443
26.3779	303.494
26.3837	304.724
26.3895	306.312
26.3953	306.489
26.4011	320.799
26.4069	330.963
26.4127	329.818
26.4185	322.844
26.4243	308.087
26.4301	320.059
26.4359	314.016
26.4417	311.667
26.4475	318.583
26.4533	320.429
26.4591	321.17
26.4649	325.465
26.4707	310.409
26.4766	309.693
26.4824	314.016
26.4882	325.653
26.494	322.658
26.4998	307.909
26.5056	305.959
26.5114	307.553
26.5172	307.021
26.523	302.794
26.5288	301.746
26.5346	305.076
26.5404	304.196
26.5462	309.693
26.552	309.693
26.5578	311.127
26.5636	305.253
26.5694	305.076
26.5752	301.224
26.581	306.312
26.5868	306.844
26.5927	308.978
26.5985	303.494
26.6043	312.207
26.6101	320.244
26.6159	318.951
26.6217	310.409
26.6275	315.47
26.6333	312.207
26.6391	316.017
26.6449	322.844
26.6507	309.693
26.6565	312.207
26.6623	314.197
26.6681	309.872
26.6739	302.794
26.6797	302.095
26.6855	297.077
26.6913	298.281
26.6971	297.592
26.7029	293.665
26.7088	294.514
26.7146	307.198
26.7204	312.568
26.7262	314.742
26.732	320.244
26.7378	322.658
26.7436	328.297
26.7494	332.88
26.7552	332.304
26.761	340.464
26.7668	324.902
26.7726	318.399
26.7784	317.298
26.7842	317.114
26.79	313.472
26.7958	314.56
26.8016	315.652
26.8074	312.749
26.8132	314.742
26.819	309.872
26.8249	314.924
26.8307	314.197
26.8365	320.799
26.8423	311.667
26.8481	297.42
26.8539	291.805
26.8597	287.787
26.8655	287.621
26.8713	281.865
26.8771	279.756
26.8829	290.124
26.8887	296.391
26.8945	296.22
26.9003	283.989
26.9061	284.646
26.9119	284.811
26.9177	278.145
26.9235	278.466
26.9293	276.863
26.9351	284.811
26.941	283.825
26.9468	282.68
26.9526	283.825
26.9584	275.109
26.9642	275.268
26.97	282.191
26.9758	280.403
26.9816	285.634
26.9874	278.306
26.9932	281.377
26.999	276.703
27.0048	278.306
27.0106	281.214
27.0164	283.17
27.0222	282.028
27.028	280.403
27.0338	279.111
27.0396	287.455
27.0454	289.12
27.0512	291.636
27.0571	288.953
27.0629	296.905
27.0687	300.529
27.0745	302.095
27.0803	305.253
27.0861	304.196
27.0919	299.662
27.0977	294.855
27.1035	298.281
27.1093	298.453
27.1151	303.319
27.1209	302.095
27.1267	314.197
27.1325	307.021
27.1383	317.664
27.1441	319.689
27.1499	322.285
27.1557	321.913
27.1615	311.307
27.1673	305.782
27.1732	300.702
27.179	290.124
27.1848	284.482
27.1906	283.17
27.1964	281.865	306.135
27.2022	273.525	285.965
27.208	284.811	304.9
27.2138	284.811	305.076
27.2196	284.318	306.135
27.2254	278.306	304.196
27.2312	281.214	305.253
27.237	279.918	307.198
27.2428	283.989	309.156
27.2486	283.661	308.443
27.2544	275.109	299.489
27.2602	267.277	301.572
27.266	274.157	306.844
27.2718	304.021
27.2776	302.969
27.2834	304.724
27.2893	294.174
27.2951	306.312
27.3009	311.487
27.3067	307.909
27.3125	306.135
27.3183	307.376
27.3241	306.135
27.3299	304.548
27.3357	304.548
27.3415	304.724
27.3473	309.335
27.3531	307.553
27.3589	310.23
27.3647	303.144
27.3705	304.9
27.3763	306.312
27.3821	304.372
27.3879	302.27
27.3937	303.319
27.3995	305.253
27.4054	303.494
27.4112	304.724
27.417	311.847
27.4228	313.834
27.4286	310.051
27.4344	304.196
27.4402	293.495
27.446	280.89
27.4518	281.214
27.4576	280.565
27.4634	270.695
27.4692	266.66
27.475	269.136
27.4808	265.278
27.4866	274.474
27.4924	273.841
27.4982	277.824
27.504	274.474
27.5098	280.08
27.5156	273.999
27.5215	275.586
27.5273	274.791
27.5331	266.66
27.5389	267.123
27.5447	270.539
27.5505	264.971
27.5563	270.852
27.5621	267.741
27.5679	260.119
27.5737	259.969
27.5795	270.071
27.5853	273.683
27.5911	276.224
27.5969	273.683
27.6027	270.227
27.6085	267.586
27.6143	262.837
27.6201	250.244
27.6259	246.229
27.6317	242.98
27.6376	245.236
27.6434	245.236
27.6492	246.514
27.655	239.496
27.6608	237.156
27.6666	233.621
27.6724	241.023
27.6782	251.403
27.684	249.378
27.6898	243.964
27.6956	238.806
27.7014	239.082
27.7072	230.272
27.713	239.082
27.7188	234.432
27.7246	237.156
27.7304	234.839
27.7362	240.745
27.742	248.372
27.7478	245.945
27.7537	250.678
27.7595	244.811
27.7653	239.22
27.7711	240.606
27.7769	240.467
27.7827	243.683
27.7885	236.609
27.7943	237.842
27.8001	233.082
27.8059	232.947
27.8117	233.486
27.8175	237.842
27.8233	230.272
27.8291	229.873
27.8349	229.873
27.8407	232.947
27.8465	231.338
27.8523	233.891
27.8581	224.104
27.8639	216.47
27.8698	215.597
27.8756	216.846
27.8814	210.308
27.8872
27.893
27.8988
27.9046
27.9104
27.9162
27.922
27.9278
27.9336
27.9394
27.9452
27.951
27.9568
27.9626
27.9684
27.9742
27.98
27.9858
27.9917
27.9975
28.0033
28.0091
28.0149
28.0207
28.0265
28.0323
28.0381	325.277
28.0439	308.621
28.0497	320.429
28.0555	323.778
28.0613	323.965
28.0671	325.841
28.0729	330.772
28.0787	330.199
28.0845	329.437
28.0903	322.285
28.0961	313.653
28.1019	320.614
28.1078	320.059
28.1136	316.2
28.1194	309.693
28.1252	305.959
28.131	304.724
28.1368	306.666
28.1426	306.844
28.1484	305.959
28.1542	316.565
28.16	306.312
28.1658	312.207
28.1716	313.472
28.1774	306.312
28.1832	306.844
28.189	307.553
28.1948	307.553
28.2006	300.009
28.2064	297.42
28.2122	286.461
28.2181	283.661
28.2239	285.47
28.2297	279.756
28.2355	281.702
28.2413	272.421
28.2471	276.543
28.2529	279.111
28.2587	279.111
28.2645	277.343
28.2703	276.383
28.2761	275.586
28.2819	273.999
28.2877	269.136
28.2935	274.95
28.2993	274.791
28.3051	280.241
28.3109	281.702
28.3167	279.433
28.3225	279.433
28.3283	283.989
28.3341	287.621
28.34	288.453
28.3458	290.459
28.3516	290.795
28.3574	294.344
28.3632	302.27
28.369	306.666
28.3748	299.316
28.3806	307.198
28.3864	310.768
28.3922	302.619
28.398	290.292
28.4038	289.287
28.4096	292.48
28.4154	281.377
28.4212	274.95
28.427	287.123
28.4328	280.241
28.4386	287.123
28.4444	285.305
28.4502	279.918
28.4561	276.863
28.4619	279.433
28.4677	276.543
28.4735	280.08
28.4793	277.343
28.4851	281.052
28.4909	277.663
28.4967	277.824
28.5025	287.289
28.5083	282.028
28.5141	286.626
28.5199	297.592
28.5257	289.12
28.5315	289.957
28.5373	290.627
28.5431	287.621
28.5489	283.825
28.5547	279.756
28.5605	287.123
28.5663	281.702
28.5722	290.459
28.578	286.792
28.5838	291.468
28.5896	299.316
28.5954	302.619
28.6012	307.198
28.607	305.959
28.6128	308.978
28.6186	304.196
28.6244	294.174
28.6302	295.878
28.636	301.746
28.6418	294.684
28.6476	305.605
28.6534	316.931
28.6592	310.588
28.665	304.372
28.6708	298.798
28.6766	299.316
28.6824	304.548
28.6883	302.969
28.6941	303.494
28.6999	305.076
28.7057	300.876
28.7115	291.973
28.7173	307.731
28.7231	310.409
28.7289	312.568
28.7347	308.265
28.7405	314.56
28.7463	314.379
28.7521	309.156
28.7579	306.666
28.7637	303.319
28.7695	307.021
28.7753	301.746
28.7811	312.207
28.7869	310.409
28.7927	312.207
28.7985	308.087
28.8044	306.489
28.8102	305.253
28.816	310.051
28.8218	315.835
28.8276	304.196
28.8334	309.335	354.717
28.8392	299.489	352.878
28.845	298.798	358.839
28.8508	307.198	363.428
28.8566	306.844	351.86
28.8624	301.224	351.454
28.8682	308.978	347.217
28.874	307.198	357.185
28.8798	303.494	352.267
28.8856	305.429	345.816
28.8914	307.376	345.416
28.8972	313.472	350.036
28.903	310.588	352.471
28.9088	305.253	342.634
28.9146	303.144	338.699
28.9205	299.835	345.018
28.9263	300.876	339.875
28.9321	298.281	351.454
28.9379	302.27	345.616
28.9437	302.969	339.875
28.9495	306.844	354.308
28.9553	305.959	346.215
28.9611	307.553	356.566
28.9669	309.156	350.643
28.9727	301.746	340.464
28.9785	305.076	333.265
28.9843	304.372	346.616
28.9901	308.443	341.252
28.9959	308.621	347.417
29.0017	300.009	353.694
29.0075	298.453	362.38
29.0133	295.537	359.669
29.0191	302.794	361.753
29.0249	304.724	357.804
29.0307	305.782	359.254
29.0366	306.489	359.046
29.0424	308.621	358.632
29.0482	312.207	360.293
29.054	307.376	355.743
29.0598	308.443	358.632
29.0656	299.662	343.229
29.0714	304.9	339.09
29.0772	307.731	347.618	385.929
29.083	306.844	347.217	361.962
29.0888	309.514	348.02	361.753
29.0946	308.087	342.437	354.308
29.1004	312.568	339.679	345.616
29.1062	312.568	348.02	359.461
29.112	321.727	346.616	373.43
29.1178	313.472	343.427	383.264
29.1236	318.032	345.616	385.039
29.1294	314.379	345.018	384.594
29.1352	313.472	357.804	396.55
29.141	315.288	357.185	398.847
29.1468	309.693	344.023	401.39
29.1527	311.127	350.441	402.318
29.1585	299.489	349.834	402.318
29.1643	297.936	347.217	397.927
29.1701	297.764	359.877	412.674
29.1759	299.835	361.544	414.107
29.1817	301.921	364.69	416.987
29.1875	304.196	362.171	433.942
29.1933	304.372	361.544	425.749
29.1991	305.429	372.138	417.228
29.2049	297.764	381.497	411.96
29.2107	288.453	364.058	410.061
29.2165	287.289	412.674	360.918
29.2223	276.064	420.373	355.333
29.2281	273.683	413.39	359.254
29.2339	264.207	408.642	365.533
29.2397	264.207	399.77	341.844
29.2455	411.009	363.638
29.2513	395.864	368.501
29.2571	385.929	366.167
29.2629	389.513	369.994
29.2688	395.178	382.821
29.2746	409.351	379.738
29.2804	406.288	373.214
29.2862	396.55	360.085
29.292	399.539	363.848
29.2978	407.228	365.533
29.3036	398.847	368.289
29.3094	390.865	364.901
29.3152	385.261	367.651
29.321	385.261	387.046
29.3268	400.463	403.948
29.3326	419.888
29.3384	416.747
29.3442	416.506
29.35	419.161
29.3558	425.503
29.3616	427.721
29.3674	439.238
29.3732	431.194
29.379	428.463
29.3849	421.345
29.3907	410.535
29.3965	415.065
29.4023	420.13
29.4081	424.031
29.4139	424.767
29.4197	431.942
29.4255	450.805
29.4313	443.316
29.4371	437.719
29.4429	437.466
29.4487	442.293
29.4545	454.991
29.4603	459.215
29.4661	452.37
29.4719	457.098
29.4777	453.416
29.4835	456.307
29.4893	447.174
29.4951	450.545
29.501	455.517
29.5068	456.834
29.5126	456.834
29.5184	455.78
29.5242	468.052
29.53	471.58
29.5358	466.972
29.5416	461.609
29.5474	454.465
29.5532	451.848
29.559	448.727
29.5648	456.307
29.5706	456.043
29.5764	447.95	371.923
29.5822	453.416	346.415
29.588	451.065	367.863
29.5938	454.991	373.214
29.5996	461.875	352.471
29.6054	447.174	372.568
29.6112	446.4	371.279
29.6171	452.109	363.218
29.6229	449.765	362.589
29.6287	442.549	356.978
29.6345	437.466	353.899
29.6403	460.012	358.218
29.6461	455.254	365.533
29.6519	438.985	366.591
29.6577	461.609	372.999
29.6635	466.703	375.81
29.6693	466.433	376.244
29.6751	374.294
29.6809	376.027
29.6867	375.376
29.6925	376.027
29.6983	378.205
29.7041	377.551
29.7099	374.726
29.7157	377.987
29.7215	382.158
29.7273	397.467
29.7332	396.092
29.739	386.599
29.7448	397.697
29.7506	396.779
29.7564	409.587
29.7622	420.859
29.768	421.102
29.7738	419.888
29.7796	418.435
29.7854	404.182
29.7912	394.266
29.797	403.249
29.8028	396.779
29.8086	393.356
29.8144	403.715
29.8202	394.722
29.826	389.288
29.8318	400.001
29.8376	403.016
29.8434	395.635
29.8493	395.635
29.8551	385.929
29.8609	397.009
29.8667	398.847
29.8725	407.699
29.8783	403.482
29.8841	410.061
29.8899	411.722
29.8957	417.228
29.9015	416.025
29.9073	425.749
29.9131	418.435
29.9189	410.297
29.9247	415.065
29.9305	416.747
29.9363	431.194
29.9421	454.203
29.9479	445.885
29.9537	440.509
29.9595	446.142
29.9654	436.961
29.9712	438.478
29.977	442.038
29.9828	455.517
29.9886	452.631
29.9944	450.024
30.0002
30.006
30.0118
30.0176
30.0234
30.0292
30.035
30.0408
30.0466
