0.02322	5.45088	2656.9	208.522
0.0580499	1.72989	1993.88	82.2105
0.15093	0.737234	1326.15	45.7059
0.267029	2.2059	3554.74	88.1925
0.801088	1.15519	1327.68	114.961
0.853333	1.01587	4753.23	43.7258
1.08553	2.55419	4731.32	103.989
1.14939	1.66023	1331.52	72.3445
1.58476	2.22912	2982.27	113.371
1.77633	2.62385	1997.33	100.835
2.07819	3.45977	1323.09	158.351
2.59483	3.03601	10615.3	134.742
2.64127	3.58168	3544.48	259.491
3.05923	3.45977	4515.05	191.848
3.38431	4.38277	2992.62	241.194
3.45977	4.22603	3973.96	262.187
3.52363	4.37696	2235.47	213.129
3.78485	4.91683	1325.38	155.922
4.36535	4.87619	10596.9	152.367
4.48726	4.96907	3517.97	177.171
4.6498	5.52635	4491.64	205.592
4.85878	5.00971	3507.82	233.689
4.92844	5.17805	3517.97	239.561
5.02712	5.71211	3978.55	265.09
5.16644	5.38122	3384.42	226.258
5.52054	5.80499	1202.81	743.604
5.80499	6.08943	1319.27	698.263
5.95011	6.32163	2630.93	85.9837
6.01977	6.45515	3964.78	107.436
6.18812	6.93116	1323.09	309.486
6.19973	6.52481	10652.2	109.701
6.43773	6.83828	3532.22	114.331
6.519	6.89633	3479.57	126.866
6.76281	7.22721	3581.53	146.991
6.82086	7.40717	4483.86	118.842
6.85569	7.05306	3447.56	121.667
6.91374	7.43619	2667.66	92.6552
6.9834	7.23882	3382.47	94.5406
7.06467	7.45941	3980.85	119.518
7.14014	7.51746	2973.67	134.957
7.22721	7.50005	1490.27	65.0951
7.25624	7.51746	2241.93	168.071
7.37234	7.73224	1176.7	612.929
7.43039	8.08635	2652.3	237.68
7.73224	8.12698	1080.91	371.452
7.89478	8.0283	3020.41	102.189
8.07474	8.57977	10615.3	151.479
8.19664	8.42884	883.055	97.3873
8.21986	8.3766	1725.77	88.5139
8.31274	8.66104	3530.18	118.701
8.43465	8.66104	3467.53	130.462
8.54494	9.02676	4491.64	114.663
8.66104	9.00934	3567.08	147.128
8.7249	9.01515	3511.88	92.0177
8.77134	9.22993	2658.43	123.036
8.81197	8.93388	3357.16	57.7611
8.87583	9.34023	3987.75	119.309
8.9571	9.27637	2980.54	132.974
8.98612	9.22413	2245.82	90.7119
9.079	9.27637	5356.94	106.706
9.1951	9.32862	1302.61	645.258
9.24154	9.38667	2644.65	136.327
9.27637	9.46794	2834.46	159.827
9.33442	9.63048	1072.82	412.261
9.61887	9.97297	5267.95	175.409
9.63048	10.0542	1301.11	412.261
9.82785	10.4374	10627.6	120.746
10.0368	10.3967	1776.34	103.424
10.1123	10.8205	2372.5	129.956
10.1587	10.7102	2996.08	167.997
10.2806	10.8611	3573.26	134.664
10.3213	11.0527	4015.49	146.492
10.7102	11.0817	3343.61	152.467
10.7915	11.0179	3625.24	244.2
10.9424	11.4416	1473.15	650.826
11.0295	11.3952	2922.58	259.533
11.2849	11.4707	5323.01	83.6591
11.2965	11.6854	2667.66	141.459
11.43	11.6158	2234.18	85.3443
11.4765	11.6448	3123.31	60.106
11.5461	12.0512	1310.92	125.312
11.581	11.819	2612.76	283.376
11.6332	12.2543	10609.2	214.217
11.9118	12.6142	3567.08	147.006
11.9757	12.2601	1302.61	139.437
12.1266	12.6491	3008.22	179.797
12.2021	12.5852	4020.13	90.2202
12.5736	13.5488	3364.93	147.586
12.5852	13.4269	4003.91	131.183
12.6491	13.3689	2667.66	124.379
12.6897	13.5663	2252.32	117.298
13.1947	13.3689	5403.55	107.99
13.2818	13.5663	1301.86	323.027
13.485	13.723	1579.8	383.082
13.6069	14.0249	3996.98	160.878
13.7056	14.4544	2680.02	330.797
13.723	14.0481	1339.23	223.641
13.9204	14.0887	1630.79	361.827
14.2454	14.6228	1513.7	615.084
14.5647	15.1684	3544.48	272.621
14.6286	14.9362	1533.05	188.912
14.7331	15.0175	1295.11	555.976
14.9711	15.2613	3682.22	275.3
15.0233	15.3136	1120.97	489.012
15.2381	15.4239	3602.28	148.399
15.3658	15.5574	1272.13	734.82
15.5632	16.2424	3971.66	203.529
15.6154	16.1146	2629.42	316.036
15.627	15.9173	1313.19	422.728
15.8708	16.1495	4530.73	128.573
15.9405	16.2366	1301.11	646.844
16.2366	16.4978	1176.7	646.844
16.2598	16.759	2361.56	307.384
16.4455	17.2234	3996.98	172.781
16.5384	17.2002	2990.89	137.672
16.5907	17.2582	4778.01	162.743
16.7242	17.2118	7154.79	108.778
17.1189	17.4498	944.251	519.095
17.2466	17.4672	3089.22	290.81
17.3627	17.4672	3029.14	177.84
17.4034	17.7575	3307.12	170.88
17.4324	17.5601	4541.21	122.611
17.4788	18.2277	3025.64	231.224
17.5427	18.0129	1084.03	325.296
17.6588	18.2102	1788.7	296.504
17.9026	18.3496	3477.56	144.527
17.9432	18.2625	4530.73	130.196
18.1638	18.9475	981.51	342.913
18.4192	19.1855	3423.75	169.319
18.425	18.7095	5363.13	118.049
18.5179	19.2319	3960.21	133.383
18.8546	19.0171	975.857	456.384
19.0171	19.4119	853.961	347.006
19.1739	19.9111	3560.9	175.196
19.2377	19.5338	2999.54	160.069
19.2958	19.5976	5387.97	80.8193
19.5048	20.0562	4481.27	135.041
19.5802	20.2826	1777.37	124.271
19.5918	19.9982	8962.55	105.129
19.6847	20.3	5988.7	98.9278
19.9924	20.6135	11922.2	171.245
20.0214	20.6077	2994.35	203.799
20.0562	20.3581	2386.24	125.759
20.2826	20.5787	1290.63	536.688
20.538	20.8341	10627.6	119.497
20.5787	20.898	1142.54	457.406
20.6425	20.8051	2633.98	116.896
20.8051	21.2521	1295.86	578.082
20.9444	21.2521	2591.72	287.261
21.165	22.1693	2649.23	158.191
21.3101	21.879	3368.82	109.435
21.3972	21.6062	10819.6	106.134
21.4436	22.2621	2247.12	98.9368
21.5365	22.1867	3600.2	52.3989
21.6642	21.9951	1996.18	58.8584
21.8848	22.0996	9182.64	107.333
21.908	22.1751	3020.41	52.1859
22.0299	22.146	1479.12	110.959
22.1228	22.3028	1578.89	684.07
22.2563	23.1445	1795.94	138.146
22.3086	22.6627	2726.86	105.373
22.4595	22.6104	1053.78	72.3828
22.593	22.9878	1514.57	188.038
22.7149	23.0864	3380.51	52.7832
22.7672	23.0864	2686.22	71.9707
23.011	23.4289	1290.63	497.672
23.249	23.7424	2247.12	107.149
23.3361	23.5276	4383.98	67.0845
23.4289	23.5334	1181.46	497.672
23.5276	23.7192	1338.46	112.997
23.6495	24.1081	1317.75	562.21
24.0152	24.1081	4465.77	51.6357
24.0791	24.3287	893.316	159.354
24.4332	24.6248	2243.23	84.7572
24.5551	25.0776	1202.81	574.322
24.8512	25.7625	3009.96	73.8532
24.915	25.8728	3581.53	107.542
25.0079	25.2227	10800.9	148.682
25.0776	25.7277	2656.9	79.9162
25.1356	25.6755	4512.44	64.8315
25.1588	25.362	1522.46	61.4636
25.1995	25.6697	2369.76	55.986
25.2981	25.4665	5985.24	49.3033
25.4897	25.8902	1491.99	60.8007
25.6	25.7277	10348.9	145.856
25.7625	26.1341	1265.53	753.111
26.0876	26.4301	2629.42	183.688
26.1457	26.3314	1300.36	273.536
26.2502	26.5288	3530.18	44.7031
26.3314	26.6449	1208.38	242.451
26.4127	26.7668	2389	126.226
26.5868	26.8887	1774.29	66.1588
26.7204	27.0861	1316.23	426.354
26.9293	27.3879	1319.27	129.066
27.1325	27.3241	2022.88	45.465
27.1848	27.6666	1791.8	73.607
27.2254	27.8988	4024.78	77.417
27.2486	27.4692	658.494	43.6111
27.3357	27.8465	1670.84	72.1727
27.5679	27.8756	1345.44	55.725
27.6259	27.8233	2973.67	76.6278
27.7885	28.1426	1567.98	550.326
27.9104	28.0265	3187.09	237.484
28.2181	28.5605	1640.24	740.564
28.4677	28.8334	3299.49	107.751
28.5663	28.6883	1501.5	395.123
28.6883	28.8856	1638.35	395.123
28.7927	29.1236	4515.05	98.761
28.8856	29.0888	5249.73	117.855
29.0017	29.1236	3274.8	159.148
29.0249	29.1236	1636.46	229.985
