1.03909	1.20163	3495.69	289.752
1.19583	1.32934	3493.67	231.394
1.31193	1.43383	3419.79	334.427
1.43383	1.58476	3928.31	403.568
1.57315	1.72989	4171.53	397.634
1.71247	1.84018	4351.19	497.058
1.82857	2.04336	4604.6	617.37
2.05497	2.37424	4652.72	739.666
2.38005	2.74576	4652.72	648.355
2.74576	3.05342	4580.72	628.012
3.10567	3.32626	5174.46	796.392
3.45397	3.67456	4647.35	796.896
3.721	3.87773	4271.5	473.173
3.90095	4.0693	4308.67	65.2669
3.99964	4.49887	3856.37	523.371
4.4234	4.63819	2929.34	175.155
4.56272	4.75429	2899.04	421.856
4.76009	4.87619	2882.34	216.321
4.81814	5.16644	3774.82	1141.45
5.07936	5.2419	3384.42	563.705
5.17805	5.38122	1448.68	173.822
5.18385	5.33478	3132.34	74.8076
5.24771	5.44508	2690.88	233.952
5.32317	5.46249	2310.29	281.499
5.46249	5.68889	2091.8	176.488
5.59601	5.8166	2063	180.489
5.75274	5.9327	3860.82	1030.43
5.9385	6.14168	3845.24	386.949
6.12426	6.53642	3860.82	859.454
6.519	6.69896	3874.23	973.042
6.68735	6.93116	3851.91	381.947
6.73379	6.96018	1939.35	174.849
6.90213	7.43619	3836.37	1110.37
7.43619	7.5639	4123.61	987.954
7.56971	7.76127	4015.49	78.6265
7.69741	7.9122	3858.59	1046.13
7.82512	7.97605	3712.12	739.075
7.82512	7.97605	3712.12	739.075
7.94703	8.1502	3455.53	705.097
8.2663	8.70748	3067.88	590.401
8.67846	9.06159	2581.26	67.6823
9.05578	9.17188	4348.67	1403.77
9.17188	9.29379	4575.44	1403.77
9.29959	9.43311	3836.37	1371.04
9.43311	9.57243	3091	589.104
9.5376	9.68853	2544.25	383.972
9.73497	10.002	2676.92	199.579
9.78141	9.97297	3286.17	1110.16
9.97878	10.0717	3286.17	484.085
10.0717	10.211	2824.66	644.553
10.1994	10.3967	2248.42	140.484
10.3735	10.5883	3242.8	741.602
10.5825	11.4765	3443.58	151.802
10.687	10.9018	2934.42	150.563
10.7915	11.0585	2243.23	94.5788
10.9192	11.221	1930.41	167.216
10.983	11.5577	1465.52	151.305
11.2849	11.5171	3407.96	70.0465
11.3139	11.5577	1294.36	87.5159
11.5055	12.0454	1636.46	208.907
11.7435	11.9873	2051.12	386.096
11.8944	11.9989	2184.41	481.082
11.9989	12.144	2304.96	481.082
12.0744	12.5678	1716.82	246.964
12.144	12.3298	2567.88	274.077
12.2601	12.4517	2934.42	396.738
12.4053	12.5852	3477.56	188.408
12.4401	12.591	3139.59	274.373
12.5156	12.7594	4491.64	1094.56
12.7594	12.9277	3627.33	486.022
12.8929	13.1831	3141.4	165.831
12.9741	13.543	3856.37	249.703
13.0264	13.1831	4419.58	913.965
13.1831	13.3108	4647.35	671.409
13.3805	13.6882	2733.17	119.892
13.5663	14.0887	2067.77	384.824
13.5953	13.8797	5186.43	1024.34
13.7578	14.0016	5198.43	633.679
14.0132	14.17	4076.25	446.477
14.1177	14.2803	3425.72	329.329
14.2629	14.437	2919.2	130.63
14.3441	14.5531	4647.35	872.285
14.5241	14.6982	3964.78	526.516
14.6344	14.8259	3851.91	526.857
14.7505	14.942	768.3	156.804
14.7969	15.0697	2316.97	446.466
14.8259	15.1046	1946.09	490.846
14.8956	15.0814	1546.4	364.089
15.0756	15.2729	2267.98	128.46
15.1104	15.5167	1938.23	318.738
15.2845	15.5225	2608.24	71.4911
15.5341	15.6967	1550.87	178.44
15.6502	15.9347	2225.16	241.51
15.7431	15.9231	1716.82	253.137
15.8302	16.0624	1497.17	82.7887
15.865	16.1437	1221.72	85.063
16.0624	16.2946	3688.61	151.789
16.0914	16.3527	1729.76	246.883
16.1611	16.5616	2987.44	121.788
16.5036	16.6893	3214.83	70.3413
16.5036	16.6893	3214.83	70.3413
16.7822	16.9564	5338.41	695.922
16.9854	17.3511	3849.69	837.236
17.0434	17.4208	4633.95	1115.55
17.1131	17.4556	2787.38	496.872
17.2873	17.6878	3225.99	332.772
17.415	17.6007	3883.19	1178.51
17.6297	17.7633	3248.43	720.602
17.6704	17.8271	2747.42	234.907
17.8678	18.0013	3876.47	983.592
17.9839	18.187	3382.47	842.171
18.0245	18.2915	2594.71	221.522
18.2451	18.4308	2910.79	736.555
18.3205	18.5702	2249.71	362.601
18.4715	18.6805	1886.32	119.701
18.7733	19.052	1724.78	123.063
18.9068	19.2029	3041.41	138.571
18.9068	19.2029	3041.41	138.571
20.8805	20.985	2299.64	195.781
20.956	21.1185	3485.6	651.07
21.1244	21.3043	4636.63	630.21
21.4146	21.7861	4090.4	754.591
21.67	22.2215	4106.97	615.485
22.1402	22.3202	3794.5	301.484
22.2505	22.5117	3517.97	436.74
22.4073	22.5698	4641.99	376.126
22.5524	22.7846	1793.87	86.0082
22.8891	23.1271	2753.77	135.203
22.9239	23.069	3581.53	100.38
23.0748	23.4231	3435.63	198.22
23.249	23.4289	4644.67	363.876
23.4812	23.9862	2072.55	461.271
23.5044	24.0791	4123.61	265.705
23.9224	24.259	2717.43	143.243
23.9456	24.0675	1445.34	126.821
24.0849	24.2881	4109.35	186.144
24.2184	24.5435	1700.05	251.651
24.2416	24.3868	3790.12	204.721
24.3577	24.6654	3652.56	174.09
24.5319	24.8395	1173.98	87.1586
24.5377	24.6944	2330.4	69.8711
24.5957	24.9208	1593.55	198.672
24.7931	24.9963	1843.24	83.3646
25.0021	25.3214	1832.62	122.414
25.2517	25.5652	4647.35	791.611
25.3968	25.7741	3471.54	388.874
25.5129	25.6697	5240.64	564.439
25.6174	25.7741	4650.04	312.859
25.7045	25.8438	5135.75	539.373
25.8496	26.2444	4695.92	874.691
25.8554	26.3198	3237.19	349.124
26.1689	26.285	5400.43	246.519
26.2037	26.3837	4720.4	230.851
26.3024	26.5752	5165.5	372.077
26.4127	26.7726	4612.58	612.166
26.6797	26.8655	4658.1	192.807
26.8945	27.1557	5754.7	496.266
26.9119	27.3125	3847.47	330.911
27.3183	27.446	3792.31	85.1517
27.4112	27.6492	2965.09	171.322
27.4576	27.6027	4559.6	507.877
27.5447	27.7595	3511.88	79.9673
27.6085	27.7595	4731.32	94.9249
27.7595	27.9452	4623.25	439.644
27.7711	27.9278	3419.79	258.905
27.8988	28.0497	5289.3	201.803
27.9684	28.4212	3823.1	301.167
28.2587	28.4212	4636.63	244.708
28.3051	28.4619	3269.13	92.1639
28.5141	28.8972	3898.92	77.849
28.6302	28.8856	5195.43	238.117
28.8334	29.0191	4596.63	72.0178
28.8856	29.0191	5828.3	104.986
29.4371	29.6867	5794.73	131.951
