0.203175	0.667574	2093	77.4777
0.394739	0.638549	1752.9	103.538
0.487619	0.684989	1396.11	153.915
0.592109	0.870748	2105.13	86.8971
0.679184	1.24807	3155.95	116.645
0.684989	0.853333	1566.17	138.763
0.754649	1.02748	1050.14	83.7975
0.806893	1.0507	2089.38	223.147
0.876553	1.17841	1333.83	126.34
0.981043	1.23066	1573.43	272.476
1.08553	1.25388	2094.21	246.687
1.17841	1.3932	2787.38	290.884
1.21324	1.6312	1391.28	358.26
1.26549	1.63701	2101.48	505.726
1.48608	1.57315	1586.2	425.031
1.49769	1.72408	3201.86	199.608
1.57315	1.87501	1742.8	425.031
1.68345	1.87501	2091.8	542.285
1.77052	2.13043	2793.83	204.849
1.87501	2.34522	2106.35	679.011
1.96789	2.24653	1745.82	580.564
2.06658	2.3278	1398.53	504.014
2.13624	2.26395	5603.81	250.145
2.26395	2.40907	6286.43	250.145
2.26395	2.4381	2095.42	796.505
2.36844	2.63546	2097.85	622.161
2.46132	2.72254	2798.67	462.335
2.5658	2.94313	2093	715.07
2.76317	3.00698	2801.91	396.945
2.85605	3.20435	2093	903.442
3.06503	3.70939	2787.38	380.784
3.09986	3.34948	1691.23	630.199
3.36109	3.53524	1680.52	504.405
3.56426	3.96481	1395.3	565.16
3.66295	3.82549	1173.98	346.934
3.76163	3.99964	2096.63	695.76
3.85451	4.24345	1043.48	324.536
4.04608	4.58014	2801.91	314.364
4.10993	4.66141	1399.34	465.566
4.23764	4.46404	2094.21	456.499
4.47565	4.85297	1394.49	235.586
4.59175	4.95166	2096.63	156.432
4.82975	5.03293	2811.63	1086.44
5.03293	5.20127	2095.42	1042.03
5.20707	5.30576	3176.07	438.907
5.21288	5.31156	1593.55	483.894
5.27093	5.54957	2103.91	187.045
5.30576	5.45088	3368.82	268.825
5.31156	5.50313	1632.68	395.473
5.51474	5.83401	1395.3	452.612
5.60181	5.79338	1171.27	390.092
5.80499	6.00236	1042.28	398.274
5.8166	6.20553	3143.22	180.565
5.89206	6.02558	1169.92	195.94
5.98494	6.20553	1396.91	573.094
6.13587	6.33324	3556.79	167.607
6.19392	6.42612	1586.2	487.69
6.19973	6.42612	3187.09	297.829
6.29261	6.56544	1755.94	490.118
6.39129	6.59447	2094.21	658.322
6.48998	6.57705	5565.1	144.065
6.50159	7.02984	2780.95	208.863
6.57705	6.82086	5210.45	119.258
6.58286	6.80925	2093	395.988
6.68154	7.03565	1389.67	516.454
6.79184	6.93116	1176.7	226.703
6.87891	7.30848	2089.38	795.181
6.97179	7.40136	1392.88	483.895
7.15175	7.69161	2776.13	348.095
7.30848	7.54068	1389.67	243.577
7.3317	7.73805	2091.8	566.701
7.47102	7.81932	1395.3	396.71
7.5639	7.76707	1045.29	171.616
7.5639	7.76707	1045.29	171.616
7.67419	8.20825	2096.63	452.759
7.74385	8.66685	1392.88	687.039
7.9122	8.27211	2785.77	303.879
8.12698	8.2663	2095.42	1069.44
8.27211	9.22413	2096.63	503.919
8.33016	9.1893	2787.38	257.04
8.52753	8.62621	1744.82	974.936
8.62621	9.28798	1574.33	576
8.77134	9.10222	3491.65	94.5137
9.16027	9.99619	2094.21	521.775
9.31701	9.43891	1399.34	668.446
9.43891	9.72336	1329.22	404.936
9.58404	9.97878	2663.04	90.5926
9.92073	10.2806	1051.35	462.663
10.1239	10.4838	2101.48	671.267
10.2864	10.5767	3585.67	221.174
10.3271	10.8147	1558.95	507.662
10.5361	10.8263	2106.35	530.733
10.6347	10.8611	1284.68	510.008
10.8553	11.0179	1369.75	251.176
10.9308	11.7435	1048.32	562.099
11.4474	11.7609	2082.15	109.55
11.7261	12.3704	2091.8	219.925
11.7551	12.8058	2560.47	307.74
11.8364	12.9335	3112.5	223.007
12.0802	12.858	1561.65	133.446
12.3356	12.5736	2106.35	173.695
12.3356	12.6142	6264.68	150.618
12.533	12.8755	5274.04	331.43
12.6433	13.0902	1037.47	76.2519
12.7942	13.1077	2085.76	72.8024
12.9567	13.2063	4205.4	202.866
12.9916	13.4502	3078.53	393.325
12.9974	13.4037	1913.76	257.06
13.2005	13.3863	3851.91	140.315
13.3747	14.2164	3134.15	396.607
13.3921	14.5125	1975.53	227.43
13.5546	13.8913	1571.61	104.077
13.9378	14.1293	3953.35	250.548
14.1526	14.2977	4714.95	517.448
14.2164	14.7098	3126.92	162.753
14.3035	14.5821	4709.5	95.5652
14.5647	15.0233	6308.26	495.282
14.6286	15.8302	2556.04	236.533
14.7389	15.7954	3092.79	182.302
14.7853	15.9405	1552.66	164.799
14.9885	15.4761	8386.54	245.37
15.0001	15.7489	4190.85	166.113
15.5458	15.8592	2086.97	215.901
15.778	16.312	5277.09	263.525
15.807	16.6719	2101.48	277.125
15.8766	16.341	1765.09	242.888
16.1727	16.4165	4195.69	176.362
16.254	16.4107	1399.34	166.811
16.4049	16.6081	3125.11	106.538
16.4339	16.6139	1778.39	135.478
16.4862	16.6197	4198.12	170.638
16.5849	17.1421	3145.03	322.27
16.6197	17.2815	4693.21	170.638
16.6893	17.0376	2333.09	288.847
16.9738	17.3047	3939.67	258.701
17.0318	17.5427	2014.71	176.145
17.0609	17.2524	2356.11	287.135
17.177	18.0187	4706.79	164.526
17.2524	18.1406	2621.83	246.595
17.3917	18.0419	4183.59	214.163
17.4034	18.0419	1045.9	151.383
17.6472	18.1928	2094.21	193.877
17.9897	18.1348	4195.69	179.761
18.1	18.6746	1035.08	115.373
18.2044	18.4599	8396.23	215.103
18.3322	19.3596	2600.72	421.624
18.4657	18.8894	2066.58	252.027
18.7849	19.4003	2111.22	341.964
18.9881	19.3945	5261.87	385.978
19.3945	19.7544	4181.18	207.565
19.4293	21.1592	2711.16	371.356
19.4699	21.3217	1933.76	234.666
19.6847	19.8763	4166.71	154.108
19.8066	20.3117	3187.09	366.907
20.4045	20.5903	3951.07	272.726
20.6251	21.0257	4720.4	349.677
20.718	21.0779	3132.34	147.66
21.0257	21.4146	6293.7	358.384
21.0315	21.2114	2099.06	724.97
21.2288	21.5888	3130.53	125.973
21.4494	22.1286	2048.75	246.688
21.5249	21.6758	2823.03	214.612
21.6004	23.1967	2603.72	426.369
21.7455	21.9835	5672.2	147.197
22.0473	22.2912	6315.55	123.356
22.0532	22.7904	2096.63	189.232
22.2447	23.098	5258.83	322.242
22.3376	22.7149	3145.03	117.453
22.6278	23.1213	4193.27	186.214
22.7033	23.0806	1853.92	139.808
22.86	23.1097	2097.85	99.0115
23.0748	23.2954	3155.95	387.38
23.098	23.1793	5533.05	71.4044
23.1155	23.5624	2768.12	361.667
23.1387	23.5799	1983.54	185.86
23.2606	23.5508	783.991	73.5471
23.3999	23.7772	3123.31	167.59
23.4638	23.6263	3953.35	257.318
23.5624	24.619	2617.29	257.887
23.5799	24.2068	2085.76	123.895
23.6611	23.8585	1572.52	393.521
23.7018	23.9166	4712.23	91.2088
23.8585	24.201	4198.12	228.711
23.8817	24.3926	1045.29	197.801
23.9572	24.3577	1878.71	170.383
24.2126	24.3693	2102.7	1178.94
24.3055	24.7351	2094.21	1078.62
24.6015	24.8047	3157.78	344.478
24.706	24.7989	1592.63	632.445
24.7989	25.3968	1751.89	632.445
24.8047	25.1995	3507.82	302.545
24.8454	25.362	3146.85	160.949
25.2459	25.4549	2089.38	237.4
25.3156	25.6639	1045.29	106.859
25.3214	25.6522	3128.73	66.0626
25.4607	25.7567	2083.36	178.144
25.5129	26.076	1375.3	389.37
25.7393	26.1283	2795.44	94.5721
25.8206	26.1283	1039.27	61.7587
25.9077	26.1341	2093	211.344
25.9947	26.3779	3517.97	769.884
26.0644	26.3663	2808.39	589.194
26.3663	27.0048	3526.1	833.021
26.3779	26.9351	4212.69	1099.66
26.9235	27.2138	3680.09	457.503
26.9816	27.2602	4212.69	673.558
27.1383	27.3705	3536.3	381.964
27.1732	27.4286	697.247	94.3192
27.2602	27.5215	3441.59	748.165
27.3647	27.5679	2752.18	438.404
27.5215	27.6143	3154.13	748.165
27.5447	27.9917	3146.85	920.874
27.6492	27.951	5001.09	233.02
27.7362	27.8988	3528.14	163.796
27.8756	27.98	2437.79	182.197
27.9278	28.3109	2819.77	486.83
28.0381	28.2471	2353.39	322.803
28.1019	28.3051	1862.5	293.104
28.2471	28.3341	2569.36	163.827
28.3109	28.5141	3134.15	122.883
28.3341	28.4793	2358.84	177.896
28.34	28.5025	2810.01	364.959
28.4793	28.7405	1852.84	213.263
28.5025	28.7521	2289.04	313.843
28.5083	28.7347	3695	141.33
28.7347	28.8914	3455.53	95.2341
28.7405	29.083	2102.7	232.111
28.7927	29.083	1740.79	220.179
28.9379	29.083	2772.93	81.7319
