0.301859	0.452789	5685.32	46.8977
0.655964	1.10875	1654.52	44.5004
0.789478	0.922993	5652.58	172.769
0.940408	1.31193	5607.05	53.6058
1.30612	1.46286	5947.33	248.4
1.32354	1.41642	4906.66	101.946
1.46286	1.82857	5919.91	55.9048
1.48608	1.85179	1491.99	43.9136
1.70086	1.99111	2249.71	136.284
1.78794	2.26395	5995.62	366.721
1.81696	2.28136	2978.82	341.223
1.89823	2.23492	4509.84	282.039
2.3278	2.4381	4458.04	326.175
2.39166	2.62385	1571.61	148.804
2.50776	2.62385	5738.11	299.95
2.68771	2.82703	6667.94	243.822
2.72254	2.87927	3926.04	90.0907
2.75737	2.95474	1667.95	255.886
2.87347	3.0302	4736.79	316.108
2.95474	3.12889	2779.34	60.8609
3.03601	3.39011	4739.52	65.7584
3.04762	3.3727	2360.2	64.3732
3.11728	3.3727	3951.07	47.9771
3.39011	3.58168	3973.96	410.191
3.43655	3.8371	2240.64	88.8656
3.58168	3.87193	3978.55	51.2089
3.68617	3.82549	5639.53	60.5717
3.721	3.92998	1408.26	141.678
3.85451	4.01125	4745	259.3
3.87773	4.01705	5943.9	294.588
3.90095	4.09252	3520	222.212
4.05188	4.27247	7121.8	402.99
4.05769	4.59755	3483.59	575.564
4.19701	4.7717	5961.09	363.597
4.36535	5.40444	1361.07	596.47
4.67302	5.02132	3289.97	211.091
4.78331	5.03873	1481.69	253.554
4.89361	4.97487	2382.11	133.805
5.09678	5.2361	3320.52	131.232
5.32317	5.43927	2084.56	494.757
5.39864	5.68889	3303.3	270.232
5.45088	5.7005	1634.57	389.872
5.51474	5.77016	3829.73	174.377
5.54376	5.78757	1911.55	195.528
5.61923	5.75855	3263.47	96.622
5.85723	6.0488	2855.83	212.625
5.9327	6.19392	3227.85	369.414
6.06621	6.22875	1606.49	306.271
6.19392	6.35646	837.837	87.8823
6.32163	6.8673	2922.58	814.863
6.33905	6.45515	2129.59	227.767
6.61188	6.91955	3427.7	223.111
6.69315	6.94857	2287.72	122.246
6.87311	7.24463	2681.57	618.401
6.89633	7.15175	5341.49	304.657
7.26785	7.6858	2296.99	223.898
7.62195	7.95283	2597.71	285.087
7.65678	8.05152	5177.45	192.927
7.75546	7.97605	1585.29	118.424
7.98766	8.19084	3297.58	110.402
8.01669	8.2605	2484.71	275.532
8.28372	8.79456	2644.65	331.531
8.37079	8.66685	5316.86	167.33
8.7307	8.98612	3177.9	106.292
8.81778	9.08481	2398.68	410.249
9.12544	9.28798	1997.33	237.082
9.28218	9.47955	3364.93	149.536
9.36925	9.48535	2229.02	95.1832
9.49696	9.64789	3261.59	53.4561
9.50857	9.82204	1647.84	159.293
9.5376	9.70014	2183.15	165.418
9.61306	9.88009	1766.11	400.106
9.67111	9.83946	4323.63	167.303
9.71755	10.3561	2285.08	614.752
9.98458	10.2922	3417.82	154.388
10.2748	10.5128	3351.35	162.072
10.4548	10.6231	3567.08	89.208
10.5767	10.7276	3337.83	357.378
10.5883	10.7566	1677.61	295.979
10.6057	10.7276	2091.8	426.342
10.7624	10.9598	1646.89	305.182
10.8263	11.1282	1921.51	246.051
10.8495	11.0353	3889.92	145.197
11.134	11.3081	1347.77	162.225
11.3255	11.5055	1097.9	226.256
11.4068	11.61	1420.51	148.252
11.459	11.6216	828.214	59.8564
11.581	11.8015	1632.68	364.521
11.6216	11.7493	2138.22	266.31
11.7087	11.8712	1596.31	301.031
11.9293	12.2427	1452.03	153.313
11.9293	12.3182	3386.38	134.837
12.2369	12.6026	2968.52	269.837
12.3124	12.6665	1498.04	147.996
12.3937	12.6317	3374.66	252.476
12.5678	12.771	3577.39	350.174
12.7303	12.9045	4045.75	513.863
12.9045	13.2238	4432.36	444.022
13.0032	13.1831	1584.37	369.166
13.2528	13.4676	4731.32	385.775
13.2992	13.7462	2258.83	231.811
13.5721	13.8333	1639.29	87.2332
13.8101	13.9204	4543.83	97.3661
13.8797	14.1003	3280.48	221.569
13.9262	14.1235	1634.57	79.6541
14.0713	14.1758	4491.64	310.692
14.2106	14.3441	3953.35	234.217
14.2454	14.3557	6629.54	172.624
14.3964	14.5299	5665.65	302.171
14.4602	14.7331	2264.05	255.622
14.5879	14.7563	5978.33	281.167
14.6576	14.8201	4909.5	133.146
14.8085	15.0407	2977.1	305.349
14.8956	15.0059	4499.43	312.332
14.913	15.0349	3836.37	122.389
15.0523	15.1917	3359.1	252.063
15.0697	15.1917	5916.49	190.659
15.1684	15.36	3475.55	151.666
15.2265	15.389	4470.93	250.073
15.3194	15.4355	1513.7	222.205
15.4122	15.5806	3560.9	383.12
15.5516	15.7373	4001.6	370.12
15.7083	15.836	4447.75	297.993
15.8012	16.0508	3999.28	274.516
15.8941	16.0624	4690.5	383.048
15.9405	16.341	2216.18	231.938
16.2017	16.3701	4481.27	299.628
16.2017	16.3701	4481.27	299.628
16.2482	16.5268	2666.12	218.929
16.3062	16.521	3894.42	353.833
16.3759	16.8867	2205.96	218.112
16.5849	16.7474	3320.52	335.888
16.7068	16.8403	834.939	45.5563
16.8577	17.0376	2795.44	403.111
17.1015	17.3279	3291.87	128.047
17.1363	17.3047	2760.14	122.172
17.2118	17.5891	2183.15	60.8267
17.4498	17.5659	3583.6	72.0387
17.502	17.8097	2946.31	218.557
17.5775	17.7284	1487.69	156.954
17.6414	17.9781	2264.05	155.734
17.7284	18.0071	3487.62	453.708
17.9432	18.0709	2894.02	185.225
17.9781	18.1696	3994.67	586.579
18.1696	18.4831	4366.29	377.301
18.187	18.4541	2186.93	233.013
18.5411	18.7269	4676.97	352.541
18.5992	19.1797	2591.72	232.377
18.6166	18.7385	3992.36	118.809
19.0229	19.2029	1141.22	71.4632
19.1565	19.3248	3305.21	225.82
19.2551	19.4757	1605.56	208.073
19.3712	19.4699	4509.84	235.974
19.5222	19.6383	3967.07	113.596
19.5454	19.6499	6633.37	180.546
19.6847	19.8473	5607.05	263.144
19.8937	20.0853	5943.9	274.975
19.9169	20.3349	3370.76	220.284
20.1723	20.3233	4494.23	359.899
20.1898	20.3349	3856.37	88.1667
20.2362	20.4626	2953.12	322.892
20.3465	20.6367	3429.68	146.514
20.3755	20.6367	5913.08	126.925
20.5148	20.6483	4391.59	228.982
20.7006	20.8167	3548.58	377.567
20.8167	20.9734	4015.49	397.189
20.9734	21.136	4468.35	330.057
21.0953	21.1882	4001.6	114.869
21.1418	21.5481	3361.04	199.928
21.1534	21.3624	4747.74	347.89
21.223	21.3507	2164.31	171.7
21.4843	21.6352	4419.58	315.084
21.5017	21.8268	3905.68	342.403
21.5075	21.7455	2772.93	248.832
21.641	22.0125	3320.52	230.578
21.7107	21.9777	2253.62	335.643
21.7107	21.9777	2253.62	335.643
21.9254	22.3028	3901.18	68.2355
22.0996	22.2912	4434.92	213.557
22.117	22.2854	2824.66	458.035
22.2099	22.5001	3305.21	127.939
22.3898	22.5117	2761.74	108.9
22.4595	22.6801	3316.68	86.0562
22.4827	22.7904	2220.02	49.2943
22.6975	22.8136	3372.71	69.5718
22.7556	22.9819	2970.23	258.19
22.8252	23.1097	1490.27	144.193
22.9471	23.1445	3552.68	214.877
22.9994	23.2838	2959.96	106.923
23.0864	23.2664	3567.08	434.271
23.2548	23.4173	4008.54	534.871
23.3651	23.6147	8543	190.845
23.3651	23.6147	8543	190.845
23.4173	23.6495	4288.8	387.014
23.5741	23.725	4458.04	370.711
23.7656	23.9804	4655.41	337.197
23.7946	23.9804	3919.24	234.45
23.8411	24.3055	2230.31	127.834
24.1429	24.381	2795.44	135.809
24.5377	24.6422	1665.06	200.456
24.5957	24.7176	4504.63	402.3
24.7757	24.886	3976.25	257.291
24.7931	24.9092	6652.56	171.454
24.8337	25.0601	4409.38	224.536
24.9208	25.0717	5629.77	298.739
25.0427	25.3097	3983.15	181.366
25.1414	25.3388	3457.53	214.602
25.182	25.3446	5971.43	136.224
25.182	25.4433	2951.42	153.771
25.2633	25.4491	3390.29	77.5608
25.42	25.5361	4517.66	300.796
25.4317	25.5478	3892.17	115.084
25.4665	25.7161	2942.91	263.326
25.5884	25.7219	3467.53	233.606
25.6232	25.7393	5913.08	77.1597
25.7567	25.9135	4409.38	356.071
25.8438	26.2211	2954.83	186.02
25.9019	26.1341	3532.22	440.664
26.0528	26.3024	3999.28	451.783
26.1573	26.4185	1598.16	135.088
26.2095	26.3605	4481.27	285.198
26.3256	26.5868	3996.98	184.548
26.3256	26.5868	3996.98	184.548
26.4243	26.581	4690.5	381.872
26.4417	26.6101	2229.02	308.243
26.6391	26.8887	4458.04	319.747
26.7552	27.0396	3946.5	305.694
26.7842	27.0687	2766.53	216.423
26.9061	27.266	3345.55	227.931
26.9526	27.1499	2222.59	255.533
27.028	27.3821	1676.64	327.364
27.1325	27.237	2845.95	123.882
27.1673	27.4112	1977.82	117.95
27.4054	27.5098	1561.65	673.373
27.4402	27.6608	2808.39	297.478
27.5389	27.6608	3483.59	309.364
27.5737	27.7478	2095.42	388.936
27.6608	27.8059	1627.97	282.21
27.8872	28.0845	3374.66	210.452
27.922	28.1426	2225.16	235.846
27.9278	28.1019	1672.77	236.996
27.9394	28.1368	1482.54	209.798
28.0265	28.6302	2944.61	839.87
28.6244	28.9785	2205.96	312.389
28.9669	29.4371	2014.71	209.02
29.0249	29.4139	3310.94	72.3452
29.4371	29.8899	2203.42	148.226
