0.017415	2.14204	3345.55	79.2851
2.05497	2.57161	3339.75	239.209
2.25234	2.4439	6687.23	49.6243
2.57741	2.96635	3339.75	25.8328
2.65288	4.09252	3009.96	208.093
2.73415	2.97796	5999.08	86.6729
3.70358	3.959	2684.67	44.4086
3.99964	7.22141	2996.08	241.306
7.0995	7.34912	3011.69	33.5494
7.25624	7.442	1494.58	27.7181
7.29107	7.78449	2985.71	158.675
7.79029	8.03991	2990.89	26.0354
7.84254	8.74812	2649.23	294.111
8.75392	8.91646	2661.5	69.3448
8.82939	9.04998	2517.94	150.325
9.05578	9.22993	2573.82	58.4284
9.13125	10.5767	2643.12	302.714
9.29379	9.97878	5280.14	238.476
10.4838	11.7899	2658.43	76.61
10.5767	10.8611	5335.32	24.563
11.6738	13.1425	2490.45	57.11
11.6971	12.0105	1246.67	17.689
11.9815	12.1731	4995.31	14.577
12.9916	14.2919	2079.75	172.541
14.0887	14.2803	2427.96	63.1012
14.2454	14.3615	2443.43	13.2906
14.2861	18.3496	2207.24	188.787
14.3267	14.7853	1110.65	23.6344
14.675	14.9014	4437.48	59.912
16.9912	17.6181	1106.17	13.6108
18.3438	19.7718	2212.34	62.1649
19.2203	19.6325	1659.3	10.3825
19.2203	19.6325	1659.3	10.3825
19.586	19.8356	2626.38	93.0636
19.6615	19.9866	1664.1	23.5646
19.7428	20.9502	2624.86	254.891
20.956	21.4494	5258.83	23.7639
20.956	22.773	2644.65	78.0847
21.0024	21.1476	1318.51	20.1868
21.1534	21.7049	1318.51	10.2675
22.9703	23.2954	2603.72	49.0801
23.0748	23.3128	5213.46	17.8879
23.3012	23.4928	2643.12	38.8813
23.4289	23.5508	2606.73	102.532
23.5508	24.1197	2615.78	205.191
23.6902	24.3113	2214.9	52.5943
24.021	24.1371	2214.9	11.1432
24.1255	24.4506	2454.75	49.9859
24.1604	24.3984	2582.75	20.3585
24.4042	24.619	2223.87	61.8376
24.4971	24.5725	2493.33	10.8939
24.5899	24.7467	2620.32	43.9693
24.619	24.915	2599.21	81.5575
24.7176	24.9034	5207.44	57.4219
24.9208	25.1066	2608.24	24.5232
25.0137	26.1863	2478.97	216.993
26.1921	27.6259	2473.25	22.8614
26.2792	27.446	1840.05	15.3677
26.3024	27.2602	1567.98	11.7238
28.7289	28.9553	2203.42	28.0145
28.8624	29.2978	2195.79	60.0132
28.9901	29.3442	4383.98	17.5057
29.3036	29.8144	2193.26	11.2562
