0
0.00580499
0.01161
0.017415
0.02322
0.0290249
0.0348299
0.0406349
0.0464399
0.0522449
0.0580499
0.0638549
0.0696599
0.0754649
0.0812698
0.0870748
0.0928798
0.0986848
0.10449
0.110295
0.1161
0.121905
0.12771
0.133515
0.13932
0.145125
0.15093
0.156735
0.16254
0.168345
0.17415	510.415
0.179955	499.911
0.18576	510.12
0.191565	509.826
0.19737	509.531
0.203175	515.749
0.20898	502.807
0.214785	502.807
0.22059	501.067
0.226395	499.911
0.2322	485.96
0.238005	498.469
0.24381	501.357
0.249615	507.768
0.255419	514.559
0.261224	511.891
0.267029	501.067
0.272834	497.606
0.278639	490.755
0.284444	496.457
0.290249	496.171
0.296054	502.516
0.301859	513.965
0.307664	522.647
0.313469	503.97
0.319274	491.606
0.325079	492.175
0.330884	498.469
0.336689	493.313
0.342494	491.322
0.348299	510.71
0.354104	508.355
0.359909	509.237
0.365714	488.211
0.371519	489.623
0.377324	491.039
0.383129	487.084
0.388934	477.336
0.394739	475.959
0.400544	481.489
0.406349	481.489
0.412154	489.905
0.417959	506.889
0.423764	515.452
0.429569	525.068
0.435374	503.679
0.441179	523.856
0.446984	521.14
0.452789	513.372
0.458594	516.346
0.464399	513.372
0.470204	514.559
0.476009	524.159
0.481814	526.891
0.487619	527.805
0.493424	517.839
0.499229	533.629
0.505034	525.068
0.510839	529.637
0.516644	516.346
0.522449	522.345
0.528254	541.078
0.534059	539.206
0.539864	532.705
0.545669	532.705
0.551474	537.03
0.557279	535.172
0.563084	535.791
0.568889	544.213
0.574694	564.707
0.580499	566.995
0.586304	579.913
0.592109	563.73
0.597914	556.933
0.603719	570.609
0.609524	566.668
0.615329	564.381
0.621134	572.26
0.626939	580.919
0.632744	585.298
0.638549	578.241
0.644354	582.263
0.650159	594.154
0.655964	569.951
0.661769	555.006
0.667574	547.681
0.673379	523.251
0.679184	524.765
0.684989	542.33
0.690794	554.045
0.696599	546.417
0.702404	548.315
0.708209	540.141
0.714014	524.159
0.719819	525.068
0.725624	535.482
0.731429	527.805
0.737234	553.725
0.743039	547.365
0.748844	525.371
0.754649	516.942
0.760454	526.586
0.766258	548.631
0.772063	555.006
0.777868
0.783673
0.789478
0.795283
0.801088
0.806893
0.812698
0.818503
0.824308
0.830113
0.835918
0.841723
0.847528
0.853333
0.859138
0.864943
0.870748
0.876553
0.882358
0.888163
0.893968
0.899773
0.905578
0.911383
0.917188
0.922993
0.928798
0.934603
0.940408
0.946213
0.952018	376.897
0.957823	385.484
0.963628	379.518
0.969433	387.493
0.975238	384.816
0.981043	380.177
0.986848	377.333
0.992653	381.497
0.998458	371.708
1.00426	364.69
1.01007	374.077
1.01587	387.493
1.02168	379.518
1.02748	387.046
1.03329	383.042
1.03909	391.091
1.0449	395.864
1.0507	406.523
1.05651	412.674
1.06231	405.117
1.06812	396.092
1.07392	393.129
1.07973	394.039
1.08553	398.157
1.09134	400.463
1.09714	391.317
1.10295	392.675
1.10875	389.513
1.11456	391.543
1.12036	405.819
1.12617	408.642
1.13197	408.878
1.13778	410.535
1.14358	425.995
1.14939	437.719
1.15519	457.626
1.161	462.409
1.1668	462.409
1.17261	454.728
1.17841	459.48
1.18422	454.465
1.19002	442.805	315.652
1.19583	314.379
1.20163	314.016
1.20744	314.924
1.21324	313.291
1.21905	315.106
1.22485	315.47
1.23066	313.472
1.23646	315.106
1.24227	315.106
1.24807	313.834
1.25388	314.56
1.25968	315.288
1.26549	312.568
1.27129	314.016
1.2771	313.291
1.2829	313.11
1.28871	317.114
1.29451	317.114
1.30032	325.277
1.30612	321.913
1.31193	335.196
1.31773	343.031
1.32354	344.42
1.32934	347.819
1.33515	363.009
1.34095	360.709
1.34676	368.714
1.35256	365.533
1.35837	370.422
1.36417	363.009
1.36998	375.593
1.37578	363.428
1.38159	374.943
1.38739	381.938
1.3932	393.811	427.474
1.399	387.717	431.194
1.40481	381.938	421.833
1.41061	386.375	445.627
1.41642	402.551	435.449
1.42222	413.151
1.42803	398.157
1.43383	423.297
1.43964	431.443
1.44544	428.215
1.45125	419.888
1.45705	411.484
1.46286	403.482
1.46866	401.39
1.47447	400.232
1.48027	396.55
1.48608	409.351
1.49188	413.39
1.49769	415.785
1.50349	407.228
1.5093	396.55	264.818
1.5151	393.584	264.971
1.52091	379.299	262.686
1.52671	371.708	262.837
1.53252	376.027	251.985
1.53832	397.238	251.549
1.54413	396.092	263.293
1.54993	394.95	263.445
1.55574	396.092	264.207
1.56154	397.009	265.125
1.56735	397.009	264.971
1.57315	396.092	264.207
1.57896	395.178	264.513
1.58476	394.266	263.75
1.59057	395.407	264.36
1.59637	394.266	263.445
1.60218	395.864	263.598
1.60798	396.321	264.055
1.61379	389.963	262.989
1.61959	395.178	259.969
1.6254	396.779	263.902
1.6312	395.178	262.989
1.63701	394.494	263.293
1.64281	394.722	262.534
1.64862	393.584	263.141
1.65442	394.266	264.36
1.66023	395.178	264.207
1.66603	394.722	264.36
1.67184	393.811	262.989
1.67764	394.266	263.293
1.68345	393.356	265.738
1.68925	394.722	263.141
1.69506	399.539	261.928
1.70086	393.584	263.293
1.70667	395.178	263.75
1.71247	390.188	262.837
1.71828	394.494	266.814
1.72408	391.317	262.686
1.72989	397.927	262.686
1.73569	396.779	264.513
1.7415	395.635	269.603
1.7473	396.321	261.626
1.75311	396.321	264.665
1.75891	389.063	265.431
1.76472	393.129	264.818
1.77052	401.622	268.205
1.77633	417.952	269.292
1.78213	409.114	260.72
1.78794	407.228	256.389
1.79374	409.114	256.389
1.79955	404.649	261.173
1.80535	395.864	259.969
1.81116	384.816	264.055
1.81696	377.769	273.367
1.82277	368.289	272.263
1.82857	372.568	260.72
1.83438	377.987	261.626
1.84018	368.289
1.84599	378.424
1.85179	373.645
1.8576	382.821
1.8634	381.276
1.86921	399.539
1.87501	392.675
1.88082	389.063
1.88662	379.299
1.89243	385.039
1.89823	380.177
1.90404	376.679
1.90984	376.462
1.91565	385.484
1.92145	384.15
1.92726	383.042
1.93306	379.738
1.93887	376.244
1.94467	370.636
1.95048	373.645
1.95628	374.077
1.96209	372.353
1.96789	373.43	250.389
1.9737	372.999	246.799
1.9795	372.568	237.293
1.98531	365.956	248.803
1.99111	366.803	245.519
1.99692	372.138	248.516
2.00272	382.821	248.947
2.00853	385.707	252.13
2.01433	374.294	252.276
2.02014	371.708	256.538
2.02594	376.462	254.471
2.03175	376.897	250.533
2.03755	381.276	253.884
2.04336	368.076	252.86
2.04916	361.126	252.86
2.05497	360.918	252.568
2.06077	370.636	255.946
2.06658	372.138	248.659
2.07238	381.938	251.839
2.07819	382.6	252.13
2.08399	376.462	252.422
2.0898	382.6	254.178
2.0956	379.738	264.055
2.10141	382.158	274.157
2.10721	378.205	288.287
2.11302	375.593	288.287
2.11882	376.244	293.156
2.12463	389.288	293.156
2.13043	377.115	292.48
2.13624	379.957
2.14204	377.769
2.14785	384.372
2.15365	378.643
2.15946	396.321
2.16526	389.063
2.17107	384.594
2.17687	370.208
2.18268	368.076
2.18848	374.726
2.19429	377.115
2.20009	374.726
2.2059	369.354
2.2117	378.424
2.21751	377.987
2.22331	380.396
2.22912	376.027
2.23492	392.449
2.24073	380.616
2.24653	379.518
2.25234	376.897
2.25814	382.821
2.26395	378.424
2.26975	374.943
2.27556	369.354
2.28136	358.632
2.28717	356.772
2.29297	360.085
2.29878	344.818
2.30458	353.899
2.31039	354.717
2.31619	347.618
2.322	341.449
2.3278	331.92
2.33361	338.308
2.33941	321.727
2.34522	307.021
2.35102	307.021
2.35683	299.835
2.36263	287.787
2.36844	282.028
2.37424	279.756
2.38005	280.89
2.38585
2.39166
2.39746
2.40327
2.40907
2.41488
2.42068
2.42649
2.43229
2.4381
2.4439
2.44971
2.45551
2.46132
2.46712
2.47293
2.47873
2.48454
2.49034
2.49615
2.50195
2.50776
2.51356
2.51937
2.52517
2.53098
2.53678
2.54258
2.54839
2.55419
2.56
2.5658
2.57161
2.57741
2.58322
2.58902
2.59483
2.60063
2.60644
2.61224
2.61805
2.62385
2.62966
2.63546
2.64127
2.64707
2.65288
2.65868
2.66449
2.67029
2.6761
2.6819
2.68771
2.69351
2.69932
2.70512
2.71093
2.71673
2.72254
2.72834
2.73415
2.73995
2.74576
2.75156
2.75737
2.76317
2.76898
2.77478
2.78059
2.78639
2.7922
2.798
2.80381
2.80961
2.81542
2.82122
2.82703
2.83283
2.83864
2.84444
2.85025
2.85605
2.86186
2.86766
2.87347
2.87927
2.88508
2.89088
2.89669
2.90249
2.9083
2.9141
2.91991
2.92571
2.93152
2.93732
2.94313
2.94893
2.95474
2.96054
2.96635
2.97215
2.97796
2.98376
2.98957
2.99537
3.00118
3.00698
3.01279
3.01859
3.0244
3.0302
3.03601
3.04181
3.04762
3.05342
3.05923
3.06503
3.07084
3.07664
3.08245
3.08825
3.09406
3.09986
3.10567
3.11147
3.11728
3.12308
3.12889
3.13469
3.1405
3.1463
3.15211
3.15791
3.16372
3.16952
3.17533
3.18113
3.18694	396.321
3.19274	380.836
3.19855	376.027
3.20435	401.622
3.21016	393.129
3.21596	400.001
3.22177	394.494
3.22757	396.321
3.23338	397.927
3.23918	399.078
3.24499	395.178
3.25079	392.675
3.2566	396.55
3.2624	398.617
3.26821	396.092
3.27401	400.001
3.27982	396.321
3.28562	380.396
3.29143	392.222
3.29723	395.635
3.30304	392.675
3.30884	393.129
3.31465	388.389
3.32045	378.424
3.32626	369.994
3.33206	368.714
3.33787	369.354
3.34367	368.714
3.34948	356.36
3.35528	363.848
3.36109	369.994
3.36689	363.428
3.3727	363.218
3.3785	350.643
3.38431	351.048
3.39011	339.286
3.39592	322.285
3.40172	321.17
3.40753	324.902
3.41333	332.112
3.41914	332.688
3.42494	326.407
3.43075	329.247
3.43655	330.963
3.44236	342.437
3.44816	336.359
3.45397	333.265
3.45977	331.729	359.669
3.46558	325.277	355.949
3.47138	327.351	375.593
3.47719	335.389	355.949
3.48299	335.196	351.454
3.4888	322.658	361.962
3.4946	321.727	350.441
3.50041	319.136	363.218
3.50621	317.114	359.461
3.51202	314.56	353.899
3.51782	318.032	353.899
3.52363	318.215	356.155
3.52943	328.487	358.011
3.53524	322.285	349.027
3.54104	323.965	362.799
3.54685	330.772	360.918
3.55265	325.841	362.38
3.55846	320.614	352.878
3.56426	320.059	353.286
3.57007	325.089	351.048
3.57587	326.595	351.657
3.58168	319.689	350.643
3.58748	315.652	346.415
3.59329	315.106	344.818
3.59909	316.383	330.199
3.6049	316.017	335.777
3.6107	323.404	349.632
3.61651	321.17	351.657
3.62231	327.729	356.566
3.62812	331.537	359.669
3.63392	319.32	367.014
3.63973	324.339	352.674
3.64553	324.902	368.714
3.65134	317.114	368.501
3.65714	326.407	356.772
3.66295	324.339	353.694
3.66875	329.247	352.878
3.67456	328.487	349.632
3.68036	324.714	350.238
3.68617	322.285	351.454
3.69197	325.089	361.544
3.69778	326.407	370.208
3.70358	328.297	358.218
3.70939	332.688	344.023
3.71519	327.918	335.389
3.721	323.965	328.297
3.7268	323.778	326.03
3.73261	320.799	324.152
3.73841	324.902	324.714
3.74422	318.583	318.032
3.75002	305.253	304.9
3.75583	314.379
3.76163	301.746
3.76744	296.905
3.77324	301.572
3.77905	308.621
3.78485	310.768
3.79066	309.156
3.79646	305.605
3.80227	318.951
3.80807
3.81388
3.81968
3.82549
3.83129
3.8371
3.8429
3.84871
3.85451
3.86032
3.86612
3.87193
3.87773
3.88354
3.88934
3.89515
3.90095
3.90676
3.91256
3.91837
3.92417
3.92998
3.93578
3.94159
3.94739
3.9532
3.959
3.96481
3.97061
3.97642
3.98222
3.98803
3.99383
3.99964
4.00544
4.01125
4.01705
4.02286
4.02866
4.03447
4.04027
4.04608
4.05188
4.05769
4.06349
4.0693
4.0751
4.08091
4.08671
4.09252
4.09832
4.10413
4.10993
4.11574
4.12154
4.12735
4.13315
4.13896
4.14476
4.15057
4.15637
4.16218
4.16798
4.17379
4.17959
4.1854
4.1912
4.19701
4.20281
4.20862
4.21442
4.22023
4.22603
4.23184
4.23764
4.24345
4.24925
4.25506
4.26086
4.26667
4.27247
4.27828
4.28408
4.28989
4.29569
4.3015
4.3073
4.31311
4.31891
4.32472
4.33052
4.33633
4.34213
4.34794
4.35374
4.35955
4.36535
4.37116
4.37696
4.38277
4.38857
4.39438
4.40018
4.40599
4.41179
4.4176
4.4234
4.42921
4.43501
4.44082
4.44662
4.45243
4.45823
4.46404
4.46984
4.47565
4.48145
4.48726
4.49306
4.49887
4.50467
4.51048
4.51628
4.52209
4.52789
4.5337
4.5395
4.54531
4.55111
4.55692
4.56272
4.56853
4.57433
4.58014
4.58594
4.59175
4.59755
4.60336
4.60916
4.61497
4.62077
4.62658
4.63238
4.63819
4.64399
4.6498
4.6556
4.66141
4.66721
4.67302
4.67882
4.68463
4.69043
4.69624
4.70204
4.70785
4.71365
4.71946
4.72526
4.73107
4.73687
4.74268	299.835
4.74848	300.009
4.75429	300.355
4.76009	303.319
4.7659	319.136
4.7717	322.285
4.77751	321.17
4.78331	316.383
4.78912	314.924
4.79492	310.947
4.80073	314.379
4.80653	307.909
4.81234	320.244
4.81814	333.65
4.82395	333.073
4.82975	324.339
4.83556	323.591
4.84136	328.867
4.84717	327.162
4.85297	326.595
4.85878	333.843
4.86458	327.729
4.87039	333.265
4.87619	338.112
4.882	336.943
4.8878	342.634
4.89361	336.359
4.89941	340.071
4.90522	323.03
4.91102	321.727
4.91683	312.568
4.92263	304.196
4.92844	297.592
4.93424	295.366
4.94005	297.249
4.94585	291.131
4.95166	288.453
4.95746	280.08
4.96327	276.224
4.96907	279.272
4.97487	285.634
4.98068	279.595
4.98649	279.433
4.99229	277.663
4.9981	274.95
5.0039	275.427
5.00971	264.665
5.01551	273.367
5.02132	278.949
5.02712	278.145
5.03293	285.47
5.03873	296.22
5.04454	311.127
5.05034	312.929
5.05615	311.127
5.06195	313.291
5.06776	312.027
5.07356	318.399
5.07936	318.399
5.08517	318.767
5.09097	326.407
5.09678	315.47
5.10258	310.947	513.965
5.10839	299.835	515.452
5.11419	311.847	508.062
5.12	322.658	516.346
5.1258	330.772	505.427
5.13161	334.422	503.388
5.13741	508.062	337.917
5.14322	505.719	334.422
5.14902	502.807	334.422
5.15483	484.278	322.844
5.16063	478.716	331.346
5.16644	478.716	324.714
5.17225	497.893	326.218
5.17805	497.319	327.729
5.18385	497.893	324.902
5.18966	507.182	323.404
5.19546	514.856	321.17
5.20127	501.646	308.621
5.20707	502.516	302.969
5.21288	522.647	299.316
5.21868	532.397	315.835
5.22449	517.241	324.527
5.23029	509.531	328.487
5.2361	508.355	337.722
5.2419	524.765	326.407
5.24771	530.249	323.778
5.25351	526.586	329.437
5.25932	525.675	333.265
5.26512	516.942	337.332
5.27093	532.397	343.824
5.27673	541.391	344.221
5.28254	529.943	338.503
5.28834	539.829	339.09
5.29415	532.705	323.965
5.29995	521.441	316.931
5.30576	519.337	309.514
5.31156	503.97	306.844
5.31737	502.807	317.481
5.32317	495.312	316.931
5.32898	489.34	313.11
5.33478	477.611	304.021
5.34059	488.211	303.319
5.34639	496.457	307.198
5.3522	481.489	308.799
5.358	471.308	306.312
5.36381	455.78	317.848
5.36961	456.043	320.984
5.37542	462.676	324.714
5.38122	469.949	328.297
5.38703	337.917
5.39283	348.02
5.39864	332.88
5.40444	337.527
5.41025	346.215
5.41605	340.661
5.42186	330.963
5.42766	322.844
5.43347	317.664
5.43927	315.652
5.44508	314.197
5.45088	314.379
5.45669	312.207
5.46249	315.106
5.4683	314.016
5.4741	315.288
5.47991	313.11	157.099
5.48571	312.568	157.008
5.49152	312.568	157.008
5.49732	313.11	157.099
5.50313	313.11	157.099
5.50893	315.835	157.462
5.51474	315.288	166.248
5.52054	313.291	155.563
5.52635	315.106	155.563
5.53215	315.47	157.735
5.53796	316.748	158.832
5.54376	316.565	158.466
5.54957	316.931	157.008
5.55537	316.748	156.736
5.56118	316.748	154.043
5.56698	309.156	154.132
5.57279	304.372	154.4
5.57859	314.742	152.362
5.5844	305.959	149.399
5.5902	316.383	152.714
5.59601	312.568	156.736
5.60181	316.383	152.979
5.60762	316.383	160.214
5.61342	326.407	162.639
5.61923	323.03
5.62503	330.009
5.63084	343.031
5.63664	347.819
5.64245	352.878
5.64825	358.011
5.65406	341.646
5.65986	350.036
5.66567	344.42
5.67147	347.016
5.67728	353.082
5.68308	365.745
5.68889	351.454
5.69469	340.071
5.7005	343.625
5.7063	350.643
5.71211	348.02
5.71791	340.071
5.72372	350.643
5.72952	345.416
5.73533	348.221
5.74113	351.048
5.74694	353.49
5.75274	354.513
5.75855	347.217
5.76435	349.228
5.77016	340.071
5.77596	348.422
5.78177	347.217
5.78757	349.228
5.79338	350.238
5.79918	345.217
5.80499	346.816
5.81079	351.657
5.8166	341.844
5.8224	345.416
5.82821	355.949
5.83401	345.816
5.83982	348.02
5.84562	346.016
5.85143	350.441
5.85723	351.251
5.86304	347.417
5.86884	348.422
5.87465	349.027
5.88045	344.023
5.88626	350.036
5.89206	339.679
5.89787	336.554
5.90367	347.618
5.90948	354.717
5.91528	355.949
5.92109	343.031
5.92689	350.643
5.9327	342.239
5.9385	339.875
5.94431	331.92
5.95011	334.036
5.95592	332.112
5.96172	349.834
5.96753	357.598
5.97333	358.632
5.97914	366.591
5.98494	359.461
5.99075	361.962
5.99655	350.846
6.00236	363.009
6.00816	352.674
6.01397	347.618
6.01977	355.538
6.02558	348.825
6.03138	330.963
6.03719	331.537
6.04299	320.244
6.0488	319.689
6.0546	321.541
6.06041	318.215
6.06621	312.207
6.07202	295.537
6.07782	296.563
6.08363	296.563
6.08943	280.89
6.09524	283.334
6.10104
6.10685
6.11265
6.11846
6.12426
6.13007
6.13587
6.14168
6.14748
6.15329
6.15909
6.1649
6.1707
6.17651
6.18231
6.18812
6.19392
6.19973
6.20553
6.21134
6.21714
6.22295
6.22875
6.23456
6.24036
6.24617
6.25197
6.25778
6.26358
6.26939
6.27519
6.281
6.2868
6.29261
6.29841
6.30422
6.31002
6.31583
6.32163
6.32744
6.33324
6.33905
6.34485
6.35066
6.35646
6.36227
6.36807
6.37388
6.37968
6.38549
6.39129
6.3971
6.4029
6.40871
6.41451
6.42032
6.42612
6.43193
6.43773
6.44354
6.44934
6.45515
6.46095
6.46676
6.47256
6.47837
6.48417
6.48998
6.49578
6.50159
6.50739
6.5132
6.519
6.52481
6.53061
6.53642
6.54222
6.54803
6.55383
6.55964
6.56544
6.57125
6.57705
6.58286
6.58866
6.59447
6.60027
6.60608
6.61188
6.61769
6.62349
6.6293
6.6351
6.64091
6.64671
6.65252
6.65832
6.66413
6.66993
6.67574
6.68154
6.68735
6.69315
6.69896
6.70476
6.71057
6.71637
6.72218
6.72798
6.73379
6.73959
6.7454	510.415
6.7512	510.71
6.75701	508.943
6.76281	515.154
6.76862	553.086
6.77442	554.686
6.78023	563.404
6.78603	576.906
6.79184	579.244
6.79764	584.622
6.80345	563.079
6.80925	574.91
6.81506	587.33
6.82086	573.583
6.82667	581.59
6.83247	557.899
6.83828	575.575
6.84408	588.688
6.84989	597.941
6.85569	594.841
6.8615	594.841
6.8673	582.599
6.87311	576.573
6.87891	575.575
6.88472	565.687
6.89052	561.131
6.89633	567.651
6.90213	564.707
6.90794	561.455
6.91374	563.73
6.91955	566.341
6.92535	550.218
6.93116	557.899
6.93696	573.915
6.94277	569.621
6.94857	564.381
6.95438	566.014
6.96018	562.754
6.96599	576.24
6.97179	565.687
6.9776	567.979
6.9834	581.927
6.98921	567.323
6.99501	570.609	514.559
7.00082	564.707	511.891
7.00662	552.766	502.807
7.01243	556.611	499.333
7.01823	559.836	477.06
7.02404	556.611	491.322
7.02984	567.979	500.199
7.03565	565.687	518.737
7.04145	558.544	513.075
7.04726	554.365	516.346
7.05306	555.327	511.891
7.05887	556.611	504.552
7.06467	561.779	487.084
7.07048	577.907	483.161
7.07628	575.575	465.895
7.08209	547.049	471.308
7.08789	540.141	479.823
7.0937	554.045	483.999
7.0995	534.246	500.778
7.10531	501.936
7.11111	515.452
7.11692	519.037
7.12272	515.154
7.12853	531.783
7.13433	517.54
7.14014	519.937
7.14594	516.644
7.15175	516.047
7.15755	510.12
7.16336	509.531
7.16916	518.438
7.17497	511.005
7.18077	510.71
7.18658	516.644
7.19238	522.345
7.19819	510.71
7.20399	495.026
7.2098	508.062
7.2156	506.889
7.22141	506.889
7.22721	518.737
7.23302	504.261
7.23882	510.12
7.24463	519.337
7.25043	511.005
7.25624	526.891
7.26204	525.068
7.26785	515.452
7.27365	523.856
7.27946	540.141
7.28526	529.637
7.29107	545.786
7.29687	544.213
7.30268	547.365
7.30848	549.265	492.459
7.31429	561.779	492.743
7.32009	549.265	492.459
7.3259	560.159	483.44
7.3317	583.947	484.838
7.33751	594.841	499.911
7.34331	595.872	498.757
7.34912	593.125	483.44
7.35492	602.448	483.999
7.36073	594.841	486.521
7.36653	572.921	482.324
7.37234	592.098	498.469
7.37814	497.319
7.38395	510.415
7.38975	510.71
7.39556	497.606
7.40136	502.516
7.40717	499.911
7.41297	494.454
7.41878	517.54
7.42458	504.844
7.43039	517.839
7.43619	522.949
7.442	523.251	224.234
7.4478	510.415	214.231
7.45361	495.598	199.885
7.45941	512.483	199.309
7.46522	503.679	198.734
7.47102	496.744	197.589
7.47683	494.169	197.361
7.48263	492.459	197.589
7.48844	495.884	198.849
7.49424	495.884	197.818
7.50005	494.74	196.565
7.50585	486.521	197.133
7.51166	477.06	197.818
7.51746	486.803	197.589
7.52327	491.322	198.504
7.52907	500.199	198.963
7.53487	496.171	198.275
7.54068	492.175	194.756
7.54648	501.067	197.589
7.55229	493.883	197.703
7.55809	496.171	199.078
7.5639	494.74	197.703
7.56971	507.475	198.963
7.57551	497.606	197.818
7.58132	495.884	197.589
7.58712	502.516	198.275
7.59293	500.778	198.619
7.59873	504.552	197.932
7.60454	487.929	197.932
7.61034	200.463
7.61615	198.275
7.62195	196.565
7.62776	198.849
7.63356	197.818
7.63936	195.545
7.64517	192.965
7.65097	196.792
7.65678	197.247
7.66258	198.849
7.66839	197.818
7.67419	195.094
7.68	194.981
7.6858	190.418	209.217
7.69161	189.431	209.701
7.69741	196.565	209.823
7.70322	201.508	212.998
7.70902	201.508	213.121
7.71483	199.424	216.096
7.72063	189.979	206.934
7.72644	201.974
7.73224	208.614
7.73805	211.771
7.74385	211.404
7.74966	205.03
7.75546	206.218
7.76127	210.187
7.76707	219.619
7.77288	231.606
7.77868	243.542
7.78449	246.087
7.79029	246.087
7.7961	246.087
7.8019
7.80771
7.81351
7.81932
7.82512
7.83093
7.83673
7.84254
7.84834
7.85415
7.85995
7.86576
7.87156
7.87737
7.88317
7.88898
7.89478	236.882
7.90059	236.882
7.90639	234.161
7.9122	236.199
7.918	245.519
7.92381	235.518
7.92961	236.199
7.93542	240.05
7.94122	236.063
7.94703	234.297
7.95283	235.654
7.95864	232.41
7.96444	234.974
7.97025	234.974
7.97605	235.246
7.98186	234.703
7.98766	236.063
7.99347	235.79
7.99927	236.882
8.00508	234.026
8.01088	236.472
8.01669	235.926
8.02249	235.926
8.0283	234.568
8.0341	234.703
8.03991	236.336
8.04571	235.79
8.05152	234.974
8.05732	234.974
8.06313	234.974
8.06893	234.703
8.07474	233.756
8.08054	233.621
8.08635	233.621
8.09215	234.161
8.09796	234.432
8.10376	234.026
8.10957	233.756
8.11537	232.41
8.12118	231.472
8.12698	236.609
8.13279	236.882
8.13859	238.255
8.1444	239.22
8.1502	243.542
8.15601	250.389
8.16181	251.549	513.075
8.16762	247.942	539.829
8.17342	246.372	509.826
8.17923	250.244	505.135
8.18503	251.403	528.72
8.19084	250.244	535.482
8.19664	251.694	532.705
8.20245	250.1	499.622
8.20825	248.229	504.552
8.21406	249.09	500.778
8.21986	252.13	501.936
8.22567	252.86	504.261
8.23147	253.738	501.357
8.23728	253.006	501.646
8.24308	251.403	499.333
8.24889	498.757	239.22
8.25469	505.719	247.227
8.2605	501.936	250.678
8.2663	505.719	251.403
8.27211	499.622	252.86
8.27791	501.067	250.968
8.28372	502.226	250.678
8.28952	500.488	250.389
8.29533	501.646	250.678
8.30113	519.337	251.113
8.30694	538.273	250.1
8.31274	515.154	250.1
8.31855	501.067	250.244
8.32435	486.803	249.378
8.33016	486.521	250.678
8.33596	498.757	250.533
8.34177	501.067	250.244
8.34757	499.911	249.667
8.35338	502.807	250.968
8.35918	502.226	249.09	627.306
8.36499	498.757	249.09	626.582
8.37079	489.623	248.229	623.693
8.3766	497.893	249.523	624.775
8.3824	499.911	249.378	622.613
8.38821	497.319	248.947	622.613
8.39401	502.226	250.533	624.775
8.39982	499.333	247.513	625.497
8.40562	495.598	249.09	620.459
8.41143	501.067	249.955	622.973
8.41723	500.199	249.378	632.035
8.42304	486.241	249.378	625.859
8.42884	495.312	249.523	621.177
8.43465	497.031	250.1	623.333
8.44045	503.679	252.13	610.858
8.44626	499.911	249.234	607.34
8.45206	499.333	245.945	608.393
8.45787	496.457	248.372	615.818
8.46367	501.646	250.244	630.576
8.46948	508.062	251.839	634.229
8.47528	506.889	251.113	621.535
8.48109	501.646	246.229	625.497
8.48689	500.778	250.823	625.136
8.4927	497.893	250.1	631.305
8.4985	500.199	250.533	619.385
8.50431	505.135	243.401	632.765
8.51011	506.304	244.246	639.748
8.51592	508.355	238.668	633.131
8.52172	503.97	248.803	643.082
8.52753	491.322	243.542	616.886
8.53333	506.889	246.657	594.154
8.53914	506.596	237.019	594.497
8.54494	518.438	233.621	583.61
8.55075	510.12	228.022	564.707
8.55655	509.237	232.41
8.56236	503.679
8.56816	517.241
8.57397	521.441
8.57977	523.251
8.58558	511.3
8.59138	515.154
8.59719	511.3
8.60299	510.415
8.6088	504.844
8.6146	506.304
8.62041	484.558
8.62621	481.767
8.63202	479.546
8.63782	494.454
8.64363	513.668
8.64943	517.54
8.65524	520.839
8.66104	517.54
8.66685	511.891
8.67265	506.596
8.67846	513.372
8.68426	519.037
8.69007	525.978
8.69587	512.187
8.70168	520.538
8.70748	521.441
8.71329	527.195
8.71909	529.331
8.7249	535.791
8.7307	517.54
8.73651	506.596
8.74231	510.415
8.74812	511.005
8.75392	499.045
8.75973	510.71
8.76553	496.171
8.77134	482.046
8.77714	481.211
8.78295	483.719
8.78875	482.882
8.79456	484.278
8.80036	486.241
8.80617	485.118
8.81197	486.241
8.81778	497.031
8.82358	499.045
8.82939	506.889
8.83519	512.779
8.841	507.475
8.8468	502.516
8.85261	493.883
8.85841	499.911
8.86422	504.261
8.87002	508.355
8.87583	511.595
8.88163	511.3
8.88744	520.839
8.89324	514.262
8.89905	523.553
8.90485	539.829
8.91066	553.406
8.91646	548.631
8.92227	544.842
8.92807	530.249
8.93388	535.482
8.93968	520.237
8.94549	502.226
8.95129	500.199
8.9571	501.936
8.9629	503.097
8.96871	482.324
8.97451	467.512
8.98032	465.357
8.98612	451.848
8.99193	451.848
8.99773	455.254
9.00354	457.362
9.00934	465.626
9.01515	482.046
9.02095	477.887
9.02676	467.782
9.03256	481.489
9.03837	503.097
9.04417	511.3
9.04998	528.109
9.05578	537.651
9.06159	528.72
9.06739	508.649
9.0732	512.187
9.079	515.452
9.08481	498.757
9.09061	490.472
9.09642	505.427
9.10222	501.936
9.10803	510.415
9.11383	502.226
9.11964	497.319
9.12544	507.768
9.13125	521.14
9.13705	513.965
9.14286	509.826
9.14866	512.483
9.15447	515.154
9.16027	518.138
9.16608	513.372
9.17188	525.978
9.17769	531.783
9.18349	539.518
9.1893	528.414
9.1951	513.372
9.20091	514.262
9.20671	513.668
9.21252	504.552
9.21832	527.195
9.22413	529.943
9.22993	541.391
9.23574	542.643
9.24154	536.41
9.24735	553.406
9.25315
9.25896
9.26476
9.27057
9.27637
9.28218
9.28798
9.29379
9.29959
9.3054
9.3112
9.31701
9.32281
9.32862
9.33442
9.34023
9.34603
9.35184
9.35764
9.36345
9.36925
9.37506
9.38086
9.38667
9.39247
9.39828
9.40408
9.40989
9.41569
9.4215
9.4273
9.43311
9.43891
9.44472
9.45052
9.45633
9.46213
9.46794
9.47374
9.47955
9.48535
9.49116
9.49696
9.50277
9.50857
9.51438
9.52018
9.52599
9.53179
9.5376
9.5434
9.54921
9.55501
9.56082
9.56662
9.57243
9.57823
9.58404
9.58984
9.59565
9.60145
9.60726
9.61306
9.61887
9.62467
9.63048
9.63628
9.64209
9.64789
9.6537
9.6595
9.66531
9.67111
9.67692
9.68272
9.68853
9.69433
9.70014
9.70594
9.71175
9.71755
9.72336
9.72916
9.73497
9.74077
9.74658
9.75238
9.75819
9.76399
9.7698
9.7756
9.78141
9.78721	313.291
9.79302	314.197
9.79882	315.652
9.80463	314.379
9.81043	315.47
9.81624	316.383
9.82204	316.383
9.82785	315.106
9.83365	316.2
9.83946	316.017
9.84526	315.835
9.85107	315.47
9.85687	316.383	157.917
9.86268	314.197	167.404
9.86848	316.748	158.009
9.87429	315.288	157.189
9.88009	313.653	157.28
9.8859	315.47	157.826
9.8917	315.288	157.462
9.89751	314.56	157.189
9.90331	315.106	157.644
9.90912	315.106	157.826
9.91492	317.114	156.104
9.92073	313.472	156.465
9.92653	313.11	156.465
9.93234	305.253	152.274
9.93814	307.021	154.578
9.94394	307.553	148.367
9.94975	318.951	146.832
9.95555	325.465	144.393
9.96136	329.057	148.025
9.96716	334.229	152.362
9.97297	327.918
9.97878	323.404
9.98458	322.099
9.99039	331.729
9.99619	323.591
10.002	331.154
10.0078	314.924
10.0136	322.844
10.0194	323.965
10.0252	315.47
10.031	317.298
10.0368	310.947
10.0426	310.588
10.0484	316.017
10.0542	325.653
10.06	319.505
10.0659	325.841
10.0717	324.339
10.0775	329.057	132.027
10.0833	320.429	131.799
10.0891	326.973	132.256
10.0949	319.689	131.419
10.1007	316.383	132.486
10.1065	318.399	131.875
10.1123	317.848	131.495
10.1181	318.951	131.267
10.1239	318.767	131.799
10.1297	322.285	131.875
10.1355	322.471	131.875
10.1413	325.277	131.799
10.1471	325.277	131.799
10.1529	327.162	131.799
10.1587	321.355	131.647	420.373
10.1645	333.265	131.495	428.463
10.1703	321.541	132.18	412.436
10.1761	325.089	131.723	397.009
10.1819	325.089	131.799	416.506
10.1878	330.581	131.495	408.642
10.1936	336.554	131.267	394.722
10.1994	330.39	131.419	394.494
10.2052	322.658	131.419	394.95
10.211	321.913	131.495	389.963
10.2168	323.03	132.027	393.129
10.2226	325.465	131.723	390.414
10.2284	331.346	132.104	397.009
10.2342	319.689	131.267	395.864
10.24	319.32	131.191	396.55
10.2458	320.059	132.027	401.158
10.2516	333.843	132.027	401.158
10.2574	338.112	131.343	397.238
10.2632	131.343	395.178
10.269	130.888	392.902
10.2748	131.875	398.157
10.2806	131.267	394.494
10.2864	131.723	395.178
10.2922	131.951	396.55
10.298	131.875	392.675
10.3039	132.256	408.406
10.3097	132.946	404.182
10.3155	133.407	394.722
10.3213	134.18	403.948
10.3271	134.568	413.151
10.3329	134.258	420.13
10.3387	133.639	427.721
10.3445	132.946	424.031
10.3503	130.586	404.182
10.3561	129.609	401.39
10.3619	135.191	402.783
10.3677	134.724	390.188
10.3735	132.18	376.244
10.3793	130.737	386.599
10.3851	128.788	387.717
10.3909	128.491	381.497
10.3967	128.788	379.518
10.4025	387.269
10.4083	388.614
10.4141	378.205
10.42	381.056
10.4258	381.497
10.4316	383.042
10.4374	389.063
10.4432	393.811
10.449	391.769
10.4548	401.854
10.4606	379.299
10.4664	383.042
10.4722	382.379
10.478	394.494
10.4838	381.497
10.4896	374.943
10.4954	383.485
10.5012	372.783
10.507	367.439
10.5128	376.679
10.5186	374.294
10.5244	366.591	254.178
10.5302	375.81	249.09
10.5361	372.568	253.152
10.5419	374.51	265.125
10.5477	375.376	267.123
10.5535	372.138	266.814
10.5593	378.861	274.633
10.5651	378.643	266.814
10.5709	374.943	274.474
10.5767	376.462	279.918
10.5825	375.159	284.811
10.5883	371.065	282.028
10.5941	373.861	290.795
10.5999	371.065	280.565
10.6057	374.077	276.703
10.6115	380.177	269.603
10.6173	378.424	269.603
10.6231	377.769	270.852
10.6289	377.769	272.106
10.6347	378.424	277.824
10.6405	377.333	269.292
10.6463	376.462	277.663
10.6522	376.244	278.949
10.658	374.51	271.478
10.6638	375.81	277.824
10.6696	373.861	276.543
10.6754	375.376	276.543
10.6812	375.593	270.071
10.687	378.424	268.36
10.6928	372.783	274.791
10.6986	370.422	280.565
10.7044	371.493	282.68
10.7102	366.591	274.316
10.716	372.353	278.145
10.7218	368.076	289.287
10.7276	378.643	280.727
10.7334	376.462	288.287
10.7392	389.288	273.525
10.745	375.159	276.863
10.7508	373.214	272.106
10.7566	370.85	284.318
10.7624	359.461	283.007
10.7683	356.772	272.736
10.7741	359.461	265.738
10.7799	346.016	275.905
10.7857	337.332	273.525
10.7915	268.205
10.7973	252.714
10.8031	260.871
10.8089	257.28
10.8147	251.839
10.8205	251.403
10.8263	250.968
10.8321	250.678
10.8379	253.738
10.8437	253.738
10.8495	258.471
10.8553	248.803
10.8611	251.839	511.595
10.8669	257.875	515.154
10.8727	261.173	534.863
10.8785	249.234	515.749
10.8844	258.024	500.199
10.8902	256.241	517.839
10.896	253.006	520.538
10.9018	250.823	503.679	421.345
10.9076	249.09	500.199	439.238
10.9134	251.113	505.427	418.919
10.9192	253.884	502.226	410.061
10.925	251.985	501.357	429.454
10.9308	251.694	501.646	439.492
10.9366	251.694	498.757	444.342
10.9424	249.523	500.488	436.456
10.9482	252.714	506.596	438.731
10.954	249.09	492.743	445.113
10.9598	250.389	499.333	447.433
10.9656	249.811	503.097	434.695
10.9714	251.258	499.622	426.487
10.9772	251.839	497.893	419.403
10.983	254.031	500.778	413.151
10.9888	259.818	503.97	416.987
10.9946	252.714	482.046	403.249
11.0005	251.258	477.611	411.009
11.0063	257.577	473.491	414.586
11.0121	251.113	496.457	415.065
11.0179	249.234	493.883	404.182
11.0237	252.422	501.646	389.513
11.0295	252.86	505.719
11.0353	250.823	499.911
11.0411	250.533	501.357
11.0469	249.523	499.333
11.0527	249.667	499.333
11.0585	249.378	497.606
11.0643	248.947	507.768
11.0701	250.823	510.71
11.0759	248.803	493.598
11.0817	249.234	505.427
11.0875	249.234	501.067
11.0933	249.09	498.469
11.0991	249.378	503.097
11.1049	249.378	498.757
11.1107	249.667	499.045
11.1166	250.823	498.757
11.1224	249.523	492.743
11.1282	248.229	497.606
11.134	251.549	501.357
11.1398	248.947	501.067
11.1456	248.659	493.028
11.1514	250.533	507.182
11.1572	245.945	504.261
11.163	248.229	501.067
11.1688	249.378	503.97
11.1746	250.678	485.399
11.1804	242.419	508.355
11.1862	239.082	504.261
11.192	237.842	508.355
11.1978	229.608	494.74	422.076
11.2036	237.019	510.12	412.674
11.2094	236.882	511.595	426.487
11.2152	240.05	532.09	406.993
11.221	240.606	526.586	397.467
11.2268	238.668	533.937	380.616
11.2327	246.372	538.895	404.415
11.2385	251.549	533.013	415.305
11.2443	243.683	522.345	421.833
11.2501	253.738	519.937	424.521
11.2559	250.678	524.461	422.076
11.2617	245.803	526.891	422.076
11.2675	236.882	546.417	429.454
11.2733	569.293	445.885
11.2791	452.109
11.2849	440.509
11.2907	448.209
11.2965	438.478
11.3023	437.213
11.3081	422.32
11.3139	402.551
11.3197	424.521
11.3255	422.564
11.3313	420.859
11.3371	427.968
11.3429	421.345	397.927
11.3488	420.859	410.772
11.3546	418.435	398.847
11.3604	423.053	399.77
11.3662	427.721	390.414
11.372	411.009	388.389
11.3778	404.182	366.803
11.3836	409.824	376.897
11.3894	420.616	381.056
11.3952	423.297	379.957
11.401	414.346	385.039
11.4068	419.403	394.722
11.4126	404.649	390.639
11.4184	419.645	379.957
11.4242	422.32	382.821
11.43	428.463	379.299
11.4358	433.942	370.85
11.4416	420.859	367.863
11.4474	414.586	371.065
11.4532	413.151	368.289
11.459	414.825	382.379
11.4649	409.587	384.816
11.4707	408.406	390.639
11.4765	420.616	385.707
11.4823	425.995	383.485
11.4881	416.506	379.299
11.4939	421.102	375.376
11.4997	422.564	385.039
11.5055	432.691	384.594
11.5113	435.449	395.864
11.5171	417.228	387.941
11.5229	409.351	392.449
11.5287	411.96	387.046
11.5345	404.182	396.321
11.5403	396.779
11.5461	391.995
11.5519	400.001
11.5577	399.308
11.5635	406.288
11.5693	397.927
11.5751	391.091
11.581	390.865
11.5868	396.55
11.5926	394.722
11.5984	381.717
11.6042	378.424
11.61	381.717
11.6158	371.493
11.6216	374.51
11.6274	363.009
11.6332	362.589
11.639	362.589
11.6448	351.251
11.6506	350.441
11.6564	361.544
11.6622	374.077	594.154
11.668	370.208	556.933
11.6738	370.85	565.034
11.6796	371.065	547.365
11.6854	367.014	547.365
11.6912	357.598	561.779
11.6971	362.38	563.73	617.242
11.7029	377.333	572.921	630.94
11.7087	379.518	559.189	638.271
11.7145	394.266	551.809	612.979
11.7203	406.758	554.365	623.333
11.7261	395.407	551.491	619.743
11.7319	395.407	545.156	625.859
11.7377	388.614	537.341	632.4
11.7435	389.513	530.862	636.063
11.7493	397.697	539.518	614.042
11.7551	399.539	529.331	605.938
11.7609	408.642	544.213	614.042
11.7667	407.228	539.518	595.184
11.7725	391.995	556.29	588.008
11.7783	398.847	540.141	584.96
11.7841	399.77	537.341	584.284
11.7899	393.584	548.315	590.391
11.7957	408.406	547.365	604.54
11.8015	396.779	553.086	607.691
11.8073	401.158	541.704	593.125
11.8132	389.963	537.03	591.756
11.819	379.08	547.049	611.564
11.8248	382.158	551.172	597.941
11.8306	385.707	550.536	603.144
11.8364	395.407	546.417	605.938
11.8422	403.016	544.842	613.687
11.848	401.854	546.417	619.028
11.8538	399.77	549.265	618.67
11.8596	397.927	542.957	595.184
11.8654	385.039	567.323	591.756
11.8712	383.264	573.915	601.405
11.877	394.266	595.184	598.632
11.8828	391.769	615.107	615.107
11.8886	382.379	615.107	622.613	415.785
11.8944	397.697	615.107	617.599	417.711
11.9002	400.463	612.271	416.265
11.906	399.539	597.941	432.441
11.9118	387.717	607.691	423.053
11.9176	373.861	625.136	427.474
11.9234	621.895	412.674
11.9293	618.313	406.993
11.9351	612.979	409.351
11.9409	595.872	397.238
11.9467	605.938	396.092
11.9525	594.497	396.779
11.9583	590.732	389.963
11.9641	599.324	394.494
11.9699	589.709	394.95
11.9757	596.561	398.387
11.9815	603.144	398.387
11.9873	589.709	394.95
11.9931	594.154	396.55
11.9989	589.028	394.722
12.0047	590.732	395.178
12.0105	585.974	393.356
12.0163	589.369	393.129
12.0221	581.255	394.266
12.0279	588.008	392.222
12.0337	592.098	397.009
12.0395	593.125	395.407
12.0454	598.978	399.539
12.0512	596.906	400.001
12.057	594.497	396.321
12.0628	593.811	395.178
12.0686	593.125	395.178
12.0744	601.405	395.407
12.0802	592.783	395.407
12.086	574.247	404.649
12.0918	577.573	401.854
12.0976	576.24	399.078
12.1034	577.907	398.387
12.1092	578.241	400.926
12.115	560.159	396.092
12.1208	554.686	394.722
12.1266	554.365	395.178
12.1324	555.648	396.321
12.1382	554.365	396.092
12.144	552.766	396.092
12.1498	564.381	395.635
12.1556	575.242	396.092
12.1615	548.315	404.182
12.1673	550.536	395.178
12.1731	541.704	392.675
12.1789	554.686	393.356
12.1847	564.055	387.717
12.1905	563.73	384.372
12.1963	556.29	392.902
12.2021	547.365	391.091
12.2079	550.218	387.941
12.2137	555.648	403.249
12.2195	549.9	407.934
12.2253	547.049	416.747
12.2311	547.681	419.161
12.2369	549.9	422.808
12.2427	566.014	415.785	511.891
12.2485	554.045	415.785	504.552
12.2543	559.189	410.772	517.54
12.2601	564.055	416.987	509.237
12.2659	569.293	409.587	508.355
12.2717	558.866	405.117	509.237
12.2776	555.327	420.616	505.427
12.2834	554.365	423.053	491.039
12.2892	581.255	434.695	486.521
12.295	578.575	438.478	491.039
12.3008	597.251	445.885	484.838
12.3066	612.979	435.197	497.606
12.3124	437.719	519.337
12.3182	445.885	508.943
12.324	433.942	495.884
12.3298	430.447	484.558
12.3356	435.952	493.028
12.3414	442.549	512.187
12.3472	421.102
12.353	430.945
12.3588	421.833
12.3646	423.786
12.3704	419.403
12.3762	416.987
12.382	423.053
12.3878	418.677
12.3937	412.436
12.3995	403.715
12.4053	408.17
12.4111	421.833
12.4169	425.749
12.4227	442.293
12.4285	438.478
12.4343	428.215
12.4401	437.971
12.4459	429.702
12.4517	427.227
12.4575	420.859
12.4633	442.038
12.4691	436.961
12.4749	425.995
12.4807	417.711
12.4865	412.436
12.4923	401.622
12.4981	411.009
12.5039	399.77
12.5098	399.308
12.5156	393.811
12.5214	384.15
12.5272	397.009
12.533	398.157
12.5388	418.677
12.5446	414.586
12.5504	415.065
12.5562	409.351
12.562	409.351
12.5678	394.95
12.5736	386.822
12.5794	394.722
12.5852	400.926
12.591	388.389
12.5968	373.861
12.6026	370.636
12.6084	356.36
12.6142	364.269
12.62	363.218
12.6258	351.657
12.6317
12.6375
12.6433
12.6491
12.6549
12.6607
12.6665
12.6723
12.6781
12.6839
12.6897
12.6955
12.7013
12.7071
12.7129
12.7187
12.7245
12.7303
12.7361
12.742
12.7478
12.7536
12.7594
12.7652
12.771
12.7768
12.7826
12.7884
12.7942
12.8
12.8058
12.8116
12.8174
12.8232
12.829
12.8348
12.8406
12.8464
12.8522
12.858
12.8639
12.8697
12.8755
12.8813
12.8871
12.8929
12.8987
12.9045
12.9103
12.9161
12.9219
12.9277
12.9335
12.9393
12.9451
12.9509
12.9567
12.9625
12.9683
12.9741
12.98
12.9858	534.554
12.9916	525.371
12.9974	500.199
13.0032	528.72
13.009	522.647
13.0148	524.765
13.0206	503.097
13.0264	473.764
13.0322	458.685
13.038	451.065
13.0438	467.512
13.0496	483.719
13.0554	490.472
13.0612	485.679
13.067	501.067
13.0728	502.226
13.0786	517.54
13.0844	508.943
13.0902	530.249
13.0961	543.27
13.1019	529.331
13.1077	518.737
13.1135	511.891
13.1193	511.891
13.1251	518.138
13.1309	532.09
13.1367	539.206
13.1425	545.156
13.1483	545.156
13.1541	548.315
13.1599	539.829
13.1657	541.078
13.1715	542.016
13.1773	520.538
13.1831	505.719
13.1889	514.559
13.1947	522.345
13.2005	522.345
13.2063	529.637
13.2122	522.044
13.218	524.461
13.2238	519.637
13.2296	525.675
13.2354	510.12
13.2412	506.596
13.247	508.355
13.2528	494.74
13.2586	493.598
13.2644	487.365
13.2702	492.459
13.276	501.646
13.2818	527.195
13.2876	512.187
13.2934	497.319
13.2992	493.598
13.305	488.493
13.3108	486.803
13.3166	488.211
13.3224	492.175
13.3283	493.598
13.3341	503.097
13.3399	491.322
13.3457	486.241
13.3515	489.905
13.3573	477.887
13.3631	499.333
13.3689	492.743
13.3747	498.469
13.3805	493.313
13.3863	488.211
13.3921	493.598
13.3979	501.357
13.4037	486.241
13.4095	485.679
13.4153	499.622
13.4211	497.606
13.4269	504.261
13.4327	488.775
13.4385	492.743
13.4444	499.622
13.4502	496.171
13.456	491.89
13.4618	503.679
13.4676	498.181
13.4734	503.679
13.4792	499.333
13.485	495.312
13.4908	470.492
13.4966	484.278
13.5024	486.803
13.5082	471.308
13.514	461.076
13.5198	452.109
13.5256	455.254
13.5314	462.944
13.5372	458.155
13.543	461.875
13.5488	452.631
13.5546	445.627
13.5605	457.891
13.5663	447.433
13.5721	434.193
13.5779	424.031
13.5837	444.085
13.5895	441.018
13.5953	450.805
13.6011	448.209
13.6069	434.695
13.6127	455.517
13.6185	435.701
13.6243	423.053
13.6301	424.276
13.6359	432.191
13.6417	426.241
13.6475	410.297
13.6533	399.078
13.6591	387.269
13.6649	387.269
13.6707	393.811
13.6766	402.551
13.6824	407.463
13.6882	400.001
13.694	411.484
13.6998	410.297
13.7056	410.772
13.7114	401.622
13.7172	385.707
13.723	383.707
13.7288	393.584
13.7346	389.288
13.7404	398.157
13.7462	400.001
13.752	388.614
13.7578	390.414
13.7636	390.414
13.7694	393.356
13.7752	397.697
13.781	401.158
13.7868	396.092
13.7927	387.717
13.7985	386.822
13.8043	392.449
13.8101	396.779
13.8159	391.995
13.8217	396.092
13.8275	398.617
13.8333	405.117
13.8391	391.543
13.8449	387.269
13.8507	376.462
13.8565	380.616
13.8623	381.717
13.8681	387.269
13.8739	407.934
13.8797	410.772
13.8855	388.389
13.8913	405.819
13.8971	409.824
13.9029	412.436
13.9088	418.677
13.9146	390.865
13.9204	390.865
13.9262	392.449
13.932	381.276
13.9378
13.9436
13.9494
13.9552
13.961
13.9668
13.9726
13.9784
13.9842
13.99
13.9958
14.0016
14.0074
14.0132
14.019
14.0249
14.0307
14.0365
14.0423
14.0481
14.0539
14.0597
14.0655
14.0713
14.0771
14.0829
14.0887
14.0945
14.1003
14.1061
14.1119
14.1177
14.1235
14.1293
14.1351
14.141
14.1468
14.1526
14.1584
14.1642
14.17
14.1758
14.1816
14.1874
14.1932
14.199
14.2048
14.2106
14.2164
14.2222
14.228
14.2338
14.2396
14.2454
14.2512
14.2571
14.2629
14.2687
14.2745
14.2803
14.2861
14.2919
14.2977
14.3035
14.3093
14.3151
14.3209
14.3267
14.3325
14.3383
14.3441
14.3499
14.3557
14.3615
14.3673
14.3732
14.379
14.3848
14.3906
14.3964
14.4022
14.408
14.4138
14.4196
14.4254
14.4312
14.437
14.4428
14.4486
14.4544
14.4602
14.466
14.4718
14.4776
14.4834
14.4893
14.4951
14.5009
14.5067
14.5125
14.5183
14.5241
14.5299
14.5357
14.5415
14.5473
14.5531
14.5589
14.5647
14.5705
14.5763
14.5821
14.5879
14.5937
14.5995
14.6054
14.6112
14.617
14.6228
14.6286
14.6344
14.6402
14.646
14.6518
14.6576
14.6634
14.6692
14.675
14.6808
14.6866
14.6924
14.6982
14.704
14.7098
14.7156
14.7215
14.7273
14.7331
14.7389
14.7447
14.7505
14.7563
14.7621
14.7679
14.7737
14.7795
14.7853
14.7911
14.7969
14.8027
14.8085
14.8143
14.8201
14.8259
14.8317
14.8376
14.8434
14.8492
14.855
14.8608
14.8666
14.8724
14.8782
14.884
14.8898
14.8956	304.372
14.9014	323.591
14.9072	322.285
14.913	324.152	418.677
14.9188	331.346	415.305
14.9246	334.615	395.407
14.9304	352.878	412.436
14.9362	376.244	419.888
14.942	374.943	413.151
14.9478	374.51	411.484
14.9537	389.738	410.061
14.9595	392.902	409.114
14.9653	381.497	409.587
14.9711	399.77	407.934
14.9769	407.699	407.228
14.9827	397.238	397.009
14.9885	387.717	391.317
14.9943	397.927	397.927
15.0001	396.55	396.321
15.0059	390.639	395.178
15.0117	401.622	401.622
15.0175	400.463	400.695
15.0233	389.513	389.288
15.0291	402.086	397.927
15.0349	393.584	393.356
15.0407	390.414	387.941
15.0465	397.467	398.847
15.0523	392.222	391.995
15.0581	389.963	387.046
15.0639	386.152	406.054
15.0697	386.822	407.699
15.0756	389.288	400.001
15.0814	391.091	405.117
15.0872	398.387	408.406
15.093	403.482	406.054
15.0988	405.819	405.585
15.1046	394.95	403.249
15.1104	404.182	408.878
15.1162	398.617	408.406
15.122	410.772	420.373
15.1278	421.102	426.241
15.1336	429.454	428.958
15.1394	443.06	429.95
15.1452	435.952	433.441
15.151	424.767	430.696
15.1568	417.228
15.1626	418.435
15.1684	436.961
15.1742	428.958
15.18	428.71
15.1859	416.747
15.1917	417.228
15.1975	412.198
15.2033	397.467
15.2091	398.157
15.2149	392.222
15.2207	389.738
15.2265	395.864
15.2323	401.158
15.2381	407.228
15.2439	415.305
15.2497	397.927
15.2555	389.288
15.2613	392.222
15.2671	406.758
15.2729	405.819
15.2787	403.482
15.2845	410.535
15.2903	410.297
15.2961	402.551
15.3019	407.699
15.3078	405.351
15.3136	414.825
15.3194	413.151
15.3252	408.878
15.331	409.824
15.3368	411.722
15.3426	416.025
15.3484	424.031
15.3542	431.443
15.36	417.228
15.3658	414.825
15.3716	399.078
15.3774	400.001
15.3832	406.993
15.389	417.711
15.3948	431.443
15.4006	436.708
15.4064	438.224
15.4122	415.785
15.418	424.767
15.4239	423.786
15.4297	413.629
15.4355	414.825
15.4413	407.228
15.4471	416.025
15.4529	421.589
15.4587	410.535
15.4645	418.435
15.4703	419.645
15.4761	418.919
15.4819	416.265
15.4877	417.228
15.4935	399.308
15.4993	394.039
15.5051	403.482
15.5109	416.747
15.5167	423.297
15.5225
15.5283
15.5341
15.54
15.5458
15.5516
15.5574
15.5632
15.569
15.5748
15.5806
15.5864
15.5922
15.598
15.6038
15.6096
15.6154
15.6212
15.627
15.6328
15.6386
15.6444
15.6502
15.6561
15.6619	531.783
15.6677	527.195
15.6735	524.159
15.6793	518.438
15.6851	522.647
15.6909	522.044
15.6967	513.668
15.7025	510.415
15.7083	506.889
15.7141	526.586
15.7199	533.629
15.7257	527.195
15.7315	529.943
15.7373	527.805
15.7431	508.649
15.7489	505.427
15.7547	512.779
15.7605	513.372
15.7663	505.719
15.7722	495.026
15.778	521.742
15.7838	527.805
15.7896	517.54
15.7954	519.037
15.8012	503.97
15.807	500.488
15.8128	487.084
15.8186	472.944
15.8244	475.135
15.8302	470.22
15.836	460.809
15.8418	469.677
15.8476	474.038
15.8534	477.06
15.8592	461.609
15.865	459.48
15.8708	461.875
15.8766	476.784
15.8824	486.803
15.8883	476.509
15.8941	470.22
15.8999	472.125
15.9057	489.623
15.9115	483.44
15.9173	485.96
15.9231	483.999
15.9289	485.679
15.9347	493.028	322.658
15.9405	471.853	312.388
15.9463	471.036	294.004
15.9521	286.461
15.9579	284.318
15.9637	278.788
15.9695	282.517
15.9753	277.824
15.9811	276.224
15.9869	264.513
15.9927	258.024
15.9985	266.199
16.0044	255.06
16.0102	250.244
16.016	237.156
16.0218	235.11
16.0276	237.567
16.0334	237.842
16.0392	249.234
16.045	249.667
16.0508	255.06
16.0566	264.207
16.0624	267.123
16.0682	258.173
16.074	258.173
16.0798	264.513
16.0856	251.839
16.0914	259.818
16.0972	256.834
16.103	258.322
16.1088	259.668
16.1146	259.668
16.1205	261.022
16.1263	253.445
16.1321	257.726
16.1379	266.66
16.1437	277.503
16.1495	261.626
16.1553	257.577
16.1611
16.1669
16.1727
16.1785
16.1843
16.1901
16.1959
16.2017
16.2075
16.2133
16.2191
16.2249
16.2307
16.2366
16.2424
16.2482
16.254
16.2598
16.2656
16.2714
16.2772
16.283
16.2888
16.2946
16.3004
16.3062
16.312
16.3178
16.3236
16.3294
16.3352
16.341
16.3468
16.3527
16.3585
16.3643
16.3701
16.3759
16.3817
16.3875
16.3933
16.3991
16.4049
16.4107
16.4165
16.4223
16.4281
16.4339
16.4397
16.4455	320.614
16.4513	322.844
16.4571	321.17
16.4629	333.265
16.4688	348.02
16.4746	330.009
16.4804	323.404
16.4862	320.614
16.492	321.17
16.4978	313.834
16.5036	328.677
16.5094	339.875
16.5152	336.554
16.521	346.415
16.5268	359.461
16.5326	361.544
16.5384	360.085
16.5442	352.064
16.55	357.598
16.5558	361.335
16.5616	365.111
16.5674	373.645
16.5732	385.484
16.579	385.484
16.5849	368.501
16.5907	374.077
16.5965	371.923
16.6023	382.158
16.6081	399.77
16.6139	397.927
16.6197	395.635
16.6255	378.861
16.6313	391.543
16.6371	381.497
16.6429	376.897
16.6487	372.568
16.6545	376.679
16.6603	378.861
16.6661	392.675
16.6719	385.261
16.6777	379.518
16.6835	380.177
16.6893	371.279	313.291
16.6951	385.261	314.016
16.701	379.738	307.021
16.7068	380.396	294.514
16.7126	369.141	312.568
16.7184	368.289	311.127
16.7242	384.372	311.667	103.826
16.73	393.356	313.834	104.006
16.7358	393.356	313.472	104.006
16.7416	393.356	311.307	103.587
16.7474	393.356	310.409	103.348
16.7532	406.288	312.027	103.407
16.759	313.472	103.646
16.7648	311.487	103.766
16.7706	310.409	103.646
16.7764	311.127	103.766
16.7822	313.834	103.706
16.788	304.548	103.169
16.7938	304.9	103.169
16.7996	302.27	102.456
16.8054	298.625	102.812
16.8112	287.621	101.925
16.8171	287.123	102.101
16.8229	286.957	100.696
16.8287	291.468	102.456
16.8345	296.905	105.947
16.8403	289.957	107.178
16.8461	285.634	107.054
16.8519	106.253
16.8577	105.824
16.8635	105.641
16.8693	105.519
16.8751	105.276
16.8809	104.609
16.8867	104.609
16.8925	105.276
16.8983	104.911
16.9041	107.178
16.9099	106.069
16.9157	105.397
16.9215	105.336
16.9273	107.736
16.9332	113.093
16.939
16.9448
16.9506
16.9564
16.9622
16.968
16.9738
16.9796
16.9854	415.305
16.9912	419.888
16.997	418.919
17.0028	412.436
17.0086	425.995
17.0144	423.297
17.0202	410.061
17.026	419.161
17.0318	418.435
17.0376	417.711
17.0434	421.589
17.0493	409.824
17.0551	413.39
17.0609	416.987
17.0667	423.542
17.0725	422.564
17.0783	428.215
17.0841	431.692
17.0899	421.833
17.0957	405.819
17.1015	408.642
17.1073	418.677
17.1131	426.734
17.1189	421.345
17.1247	422.32
17.1305	422.076
17.1363	414.107
17.1421	407.228
17.1479	401.158
17.1537	394.494
17.1595	395.864
17.1654	394.95
17.1712	391.091
17.177	398.387
17.1828	384.594
17.1886	398.387
17.1944	405.117
17.2002	413.151
17.206	418.677
17.2118	408.878
17.2176	399.77
17.2234	402.318
17.2292	416.025
17.235	410.297
17.2408	399.539
17.2466	414.825
17.2524	421.589
17.2582	422.32
17.264	438.731
17.2698	442.805
17.2756	464.819
17.2815	462.944
17.2873	469.135
17.2931	456.307
17.2989	468.052
17.3047	463.211
17.3105	441.018
17.3163	446.916
17.3221	450.805
17.3279	443.316
17.3337	448.986
17.3395	427.227
17.3453	420.616
17.3511	421.833
17.3569	425.995
17.3627	427.721
17.3685	432.441
17.3743	426.487
17.3801	425.749
17.3859	421.345
17.3917	417.469	98.4528
17.3976	409.351	98.7946
17.4034	416.747	97.9989
17.4092	416.747	98.0555
17.415	407.228	98.1688
17.4208	412.436	98.4528
17.4266	415.305	98.4528
17.4324	413.629	98.2255
17.4382	423.297	98.2255
17.444	425.258	98.2255
17.4498	438.478	98.6805
17.4556	435.701	98.5096
17.4614	445.37	98.6805
17.4672	453.416	98.3391
17.473	443.316	99.0231
17.4788	455.254	99.3669
17.4846	98.6235
17.4904	100.405
17.4962	101.689
17.502	103.348
17.5078	104.066
17.5137	107.55
17.5195	108.423
17.5253	106.93
17.5311	105.824
17.5369	102.871
17.5427	101.045
17.5485	100.289
17.5543	97.8857
17.5601	98.1121
17.5659	98.6805
17.5717	99.3669
17.5775	100.638
17.5833	99.2522
17.5891	100.289	456.834
17.5949	100.696	451.848
17.6007	97.9989	425.258
17.6065	97.8857	431.194
17.6123	97.0413	429.702
17.6181	93.4654	427.968
17.6239	99.4243	418.435
17.6297	419.645
17.6356	420.373
17.6414	407.463
17.6472	400.926
17.653	397.697
17.6588	396.779	98.8516
17.6646	395.407	98.4528
17.6704	397.697	98.8516
17.6762	399.078	99.0231
17.682	398.847	99.3095
17.6878	403.948	99.1376
17.6936	412.198	99.1376
17.6994	410.061	98.4528
17.7052	407.934	99.0803
17.711	405.117	101.925
17.7168	407.934	101.162
17.7226	404.415	101.631
17.7284	421.102	103.826
17.7342	415.545	105.702
17.74	426.734	105.58
17.7458	419.888	108.298
17.7517	423.786	108.799
17.7575	426.487	105.947
17.7633	428.463	104.79
17.7691	438.731	104.79
17.7749	439.238
17.7807	428.215
17.7865	420.373
17.7923	414.107
17.7981	422.32
17.8039	423.053
17.8097	425.749
17.8155	427.968
17.8213	414.825
17.8271	417.952
17.8329	414.107
17.8387	419.161
17.8445	425.012
17.8503	424.276
17.8561	427.474
17.8619	435.701
17.8678	423.542
17.8736	423.542
17.8794	410.061
17.8852	394.95
17.891	396.55
17.8968	394.266
17.9026	389.513
17.9084	382.158
17.9142	376.679
17.92	379.738
17.9258	386.599
17.9316	390.188
17.9374	396.55
17.9432	385.484
17.949	383.928
17.9548	395.178
17.9606	391.091
17.9664	398.617
17.9722	391.995
17.9781
17.9839
17.9897
17.9955
18.0013
18.0071
18.0129
18.0187
18.0245
18.0303
18.0361
18.0419
18.0477
18.0535
18.0593
18.0651
18.0709	97.8857
18.0767	97.6034
18.0825	97.8292
18.0883	97.3219
18.0941	97.6034
18.1	97.6598
18.1058	97.9989
18.1116	98.0555
18.1174	98.1688
18.1232	97.9423
18.129	97.9989
18.1348	98.1688
18.1406	98.2823
18.1464	98.0555
18.1522	98.8516
18.158	100.174
18.1638	100.405
18.1696	101.104
18.1754	97.8292
18.1812	97.7162
18.187	98.6805
18.1928	99.7695
18.1986	103.826
18.2044	103.886
18.2102	106.869
18.2161	106.376
18.2219	110.318
18.2277	109.24
18.2335
18.2393
18.2451
18.2509
18.2567
18.2625
18.2683
18.2741
18.2799
18.2857
18.2915
18.2973
18.3031
18.3089
18.3147
18.3205	478.716
18.3263	485.118
18.3322	483.719
18.338	481.767
18.3438	472.125
18.3496	468.323
18.3554	471.308
18.3612	475.684
18.367	470.22
18.3728	467.512
18.3786	475.409
18.3844	496.744
18.3902	503.388
18.396	523.251
18.4018	520.839
18.4076	533.629
18.4134	522.044
18.4192	515.452
18.425	503.679
18.4308	507.182
18.4366	508.062
18.4424	505.427
18.4483	505.427
18.4541	508.355
18.4599	499.622
18.4657	506.889
18.4715	509.531
18.4773	509.531
18.4831	507.475
18.4889	525.675
18.4947	510.415
18.5005	505.135
18.5063	504.844
18.5121	518.138
18.5179	517.241
18.5237	517.241
18.5295	499.622
18.5353	490.189
18.5411	482.882
18.5469	488.493
18.5527	483.999
18.5585	478.44
18.5644	479.546
18.5702	457.098
18.576	443.316
18.5818	453.678
18.5876	465.895
18.5934	459.746
18.5992	463.747
18.605	487.647
18.6108	480.101
18.6166	480.101
18.6224	472.398
18.6282	474.038
18.634	464.283
18.6398	468.052
18.6456	459.48
18.6514	466.703
18.6572	455.78
18.663	456.57
18.6688	445.885
18.6746	437.466
18.6805	430.945
18.6863	449.765
18.6921	448.986
18.6979	471.853
18.7037	459.215
18.7095	441.018
18.7153	437.971
18.7211	428.71
18.7269	449.765
18.7327	457.891
18.7385
18.7443
18.7501
18.7559
18.7617
18.7675
18.7733
18.7791
18.7849
18.7907
18.7966
18.8024
18.8082
18.814
18.8198
18.8256
18.8314
18.8372
18.843	399.77
18.8488	417.469
18.8546	444.342
18.8604	427.227
18.8662	422.564
18.872	406.993
18.8778	410.772
18.8836	422.564
18.8894	415.545
18.8952	413.39
18.901	404.649	322.471
18.9068	407.934	314.742
18.9127	397.467	314.379
18.9185	389.513	314.742
18.9243	385.707	314.742
18.9301	387.941	299.835
18.9359	389.738	286.792
18.9417	388.165	285.965
18.9475	381.056	290.459
18.9533	374.726	291.805
18.9591	380.616	287.123
18.9649	384.372	287.123
18.9707	388.614	282.354
18.9765	375.159	271.949
18.9823	370.208	268.981
18.9881	378.861	265.584
18.9939	374.077	255.798
18.9997	377.551	255.798
19.0055	373.861	250.1
19.0113	361.544	253.006
19.0171	357.804	253.445
19.0229	358.632	251.113
19.0288	363.218	252.86
19.0346	370.422	255.798
19.0404	359.461	254.178
19.0462	355.127	252.714
19.052	373.214	241.999
19.0578	253.591
19.0636	259.219
19.0694	265.891
19.0752	268.67
19.081	271.165
19.0868	270.695
19.0926	270.695
19.0984	259.069
19.1042	256.982
19.11	267.895
19.1158	270.695
19.1216
19.1274	198.849
19.1332	201.508
19.139	200.116
19.1449	197.932
19.1507	196.111
19.1565	198.504
19.1623	199.424
19.1681	197.361
19.1739	199.539
19.1797	198.046
19.1855	198.39
19.1913	197.703
19.1971	197.703
19.2029	197.247
19.2087	197.703
19.2145	197.703
19.2203	198.504
19.2261	198.161
19.2319	197.475
19.2377	197.818
19.2435	197.932
19.2493	199.424
19.2551	200.811
19.261	198.734
19.2668	199.885
19.2726	200
19.2784	195.885
19.2842	196.451
19.29	193.299
19.2958	193.411
19.3016	193.858
19.3074	190.748	508.943
19.3132	182.661	509.826
19.319	182.767	509.531
19.3248	178.18	518.138
19.3306	170.036	521.441
19.3364	167.404	498.469
19.3422	167.308	507.768
19.348	175.22	485.118
19.3538	494.454
19.3596	494.454
19.3654	503.679
19.3712	504.261
19.3771	508.649
19.3829	496.744
19.3887	477.336
19.3945	475.684
19.4003	465.895
19.4061	457.362
19.4119	477.06
19.4177	479.823
19.4235	477.06
19.4293	466.703
19.4351	474.86
19.4409	463.747
19.4467	456.834
19.4525	466.433
19.4583	453.155
19.4641	465.088
19.4699	451.587
19.4757	436.204
19.4815	436.708
19.4873	417.711
19.4932	410.535
19.499	394.722
19.5048	392.902
19.5106	395.178
19.5164	402.551
19.5222	418.677
19.528	425.995
19.5338	419.161
19.5396	411.009
19.5454	409.587
19.5512	414.107
19.557	419.403
19.5628	426.981
19.5686	428.463
19.5744	413.151
19.5802	410.297
19.586	416.747
19.5918	413.39
19.5976	418.435
19.6034	413.39
19.6093	414.825
19.6151	407.934
19.6209	403.948
19.6267	404.883
19.6325	406.054
19.6383	400.232
19.6441	403.948
19.6499	407.463
19.6557	406.993
19.6615	401.39
19.6673	402.086
19.6731	414.346
19.6789	422.808
19.6847	427.968
19.6905	422.564
19.6963	432.941
19.7021	436.708
19.7079	427.721
19.7137	434.444
19.7195	425.749
19.7254	426.734
19.7312	408.878
19.737	412.436
19.7428	403.715
19.7486	389.063
19.7544	370.85	424.521
19.7602	368.714	420.859
19.766	367.227	422.808
19.7718	362.38	422.564
19.7776	368.289	422.564
19.7834	381.276	420.373
19.7892	420.373
19.795	422.32
19.8008	420.616
19.8066	414.346
19.8124	421.102
19.8182	423.542
19.824	421.345	141.095
19.8298	423.053	141.014
19.8356	423.053	132.027	281.865
19.8415	422.564	140.445	280.727
19.8473	422.32	140.526	281.052
19.8531	420.373	140.364	278.627
19.8589	419.403	140.364	280.89
19.8647	419.888	139.717	279.595
19.8705	418.193	139.394	289.789
19.8763	414.107	139.797	280.241
19.8821	413.868	139.797	280.403
19.8879	418.919	139.959	278.466
19.8937	420.859	138.671	280.08
19.8995	422.32	138.671	275.745
19.9053	427.721	135.818	264.971
19.9111	422.32	133.253	265.125
19.9169	424.276	133.253	263.141
19.9227	425.503	140.526	261.323
19.9285	416.506	137.952	262.079
19.9343	400.001	130.964	262.079
19.9401	403.016	132.333	263.598
19.9459	403.016	130.888	262.837
19.9517	412.198	129.086	264.055
19.9576	400.463	123.685	269.447
19.9634	399.308	120.233	282.354
19.9692	389.063	119.472	281.702
19.975	282.843
19.9808	280.08
19.9866	279.918
19.9924	283.17
19.9982	268.515
20.004	268.515
20.0098	259.369
20.0156	256.093
20.0214	242.419
20.0272	237.979
20.033
20.0388
20.0446
20.0504
20.0562
20.062
20.0678
20.0737
20.0795
20.0853
20.0911
20.0969
20.1027
20.1085
20.1143
20.1201
20.1259
20.1317
20.1375
20.1433
20.1491
20.1549
20.1607
20.1665
20.1723
20.1781
20.1839
20.1898
20.1956
20.2014
20.2072
20.213
20.2188
20.2246
20.2304
20.2362	402.318
20.242	412.436
20.2478	393.584
20.2536	418.193
20.2594	421.102
20.2652	413.868
20.271	415.305
20.2768	411.246
20.2826	414.107
20.2884	411.96
20.2942	398.847
20.3	391.091
20.3058	397.238
20.3117	399.539
20.3175	400.001
20.3233	394.494
20.3291	388.614
20.3349	389.513
20.3407	384.594
20.3465	385.707
20.3523	381.056
20.3581	371.708
20.3639	374.943
20.3697	383.707
20.3755	380.836
20.3813	392.222
20.3871	397.927
20.3929	403.715
20.3987	408.642
20.4045	414.825
20.4103	419.645
20.4161	414.107
20.4219	403.948
20.4278	413.151
20.4336	419.645
20.4394	411.484
20.4452	403.715
20.451	419.645
20.4568	407.934
20.4626	400.001
20.4684	406.054
20.4742	402.783
20.48	401.158
20.4858	394.039
20.4916	395.178
20.4974	411.246
20.5032	404.415
20.509	402.783
20.5148	402.086
20.5206	417.469
20.5264	411.484
20.5322	405.117	518.737
20.538	399.77	522.044
20.5439	409.114	499.911
20.5497	411.009	482.046
20.5555	405.819	514.559
20.5613	400.926	510.415
20.5671	406.523	540.453
20.5729	411.722	524.159
20.5787	399.539	508.943
20.5845	413.151	499.622
20.5903	402.086	493.313
20.5961	396.321	501.357
20.6019	400.926	494.74
20.6077	391.995	493.598
20.6135	388.389	478.993
20.6193	399.77	464.551
20.6251	413.629	457.362
20.6309	397.697	466.703
20.6367	409.351	471.58
20.6425	405.585	470.492
20.6483	415.785	458.42
20.6542	413.868	469.406
20.66	421.589
20.6658	406.523
20.6716	400.232
20.6774	413.151
20.6832	412.436
20.689	425.012
20.6948	408.642
20.7006	401.158
20.7064	398.847
20.7122	394.95
20.718	399.078
20.7238	397.927
20.7296	393.811
20.7354	406.758
20.7412	418.919
20.747	412.198
20.7528	411.484
20.7586	395.635
20.7644	398.617
20.7702	394.039
20.7761	393.356
20.7819	403.249
20.7877	406.288
20.7935	402.551
20.7993	392.449
20.8051	394.722
20.8109	390.188
20.8167	394.722
20.8225	384.15
20.8283	375.81
20.8341	384.816
20.8399	372.353
20.8457	359.461
20.8515	350.238
20.8573	326.595
20.8631	308.087
20.8689	292.649
20.8747	283.334
20.8805	278.949
20.8863
20.8922
20.898
20.9038
20.9096
20.9154
20.9212
20.927
20.9328
20.9386
20.9444
20.9502
20.956
20.9618
20.9676
20.9734
20.9792
20.985
20.9908
20.9966
21.0024
21.0083
21.0141
21.0199
21.0257
21.0315
21.0373
21.0431
21.0489
21.0547	429.95
21.0605	425.258
21.0663	433.191
21.0721	429.702
21.0779	438.478
21.0837	429.702
21.0895	423.297
21.0953	427.227
21.1011	424.521
21.1069	437.466
21.1127	414.586
21.1185	417.469
21.1244	411.246
21.1302	403.715
21.136	414.346
21.1418	405.585
21.1476	403.249
21.1534	399.078
21.1592	394.95
21.165	387.717
21.1708	398.847
21.1766	395.407
21.1824	396.321
21.1882	408.406
21.194	412.913
21.1998	404.883
21.2056	404.883
21.2114	412.674
21.2172	426.734
21.223	435.197
21.2288	448.209
21.2346	421.345
21.2405	420.373
21.2463	424.276
21.2521	423.297
21.2579	428.215
21.2637	432.691
21.2695	417.469
21.2753	418.193
21.2811	402.086
21.2869	398.387
21.2927	404.415
21.2985	398.847
21.3043	404.182
21.3101	385.707
21.3159	402.318
21.3217
21.3275
21.3333
21.3391
21.3449
21.3507
21.3566
21.3624
21.3682
21.374
21.3798
21.3856
21.3914
21.3972
21.403
21.4088
21.4146
21.4204
21.4262
21.432
21.4378
21.4436
21.4494
21.4552
21.461
21.4668
21.4727
21.4785
21.4843
21.4901
21.4959
21.5017
21.5075
21.5133
21.5191
21.5249
21.5307
21.5365
21.5423
21.5481
21.5539
21.5597
21.5655
21.5713
21.5771
21.5829
21.5888
21.5946
21.6004
21.6062
21.612
21.6178
21.6236
21.6294
21.6352
21.641
21.6468
21.6526
21.6584
21.6642
21.67
21.6758
21.6816
21.6874
21.6932
21.699
21.7049
21.7107
21.7165
21.7223
21.7281
21.7339
21.7397
21.7455
21.7513
21.7571
21.7629
21.7687
21.7745
21.7803
21.7861
21.7919
21.7977
21.8035
21.8093
21.8151
21.821
21.8268
21.8326
21.8384
21.8442
21.85
21.8558
21.8616
21.8674
21.8732
21.879
21.8848
21.8906
21.8964
21.9022	537.03
21.908	507.475
21.9138	530.555
21.9196	536.72
21.9254	538.273
21.9312	503.097
21.9371	505.427
21.9429	503.388
21.9487	503.388
21.9545	506.596
21.9603	519.637
21.9661	518.438
21.9719	495.026
21.9777	499.911
21.9835	515.154
21.9893	506.596
21.9951	521.742
22.0009	529.025
22.0067	546.733
22.0125	575.575
22.0183	567.323
22.0241	564.055
22.0299	558.221
22.0357	576.24
22.0415	575.242
22.0473	589.369
22.0532	608.393
22.059	611.917
22.0648	622.254
22.0706	633.497
22.0764	626.22
22.0822	617.242
22.088	612.271
22.0938	609.096	436.456
22.0996	614.397	411.009
22.1054	615.462	420.373
22.1112	633.131	415.545
22.117	636.063	410.772
22.1228	628.031	411.484
22.1286	624.054	415.545
22.1344	607.34	417.711
22.1402	603.842	416.747
22.146	590.05	415.785
22.1518	574.578	407.934
22.1576	568.307	403.948
22.1634	561.455	424.276
22.1693	538.273	427.968
22.1751	529.637	437.971
22.1809	529.943	429.206
22.1867	525.675	425.503
22.1925	524.765	424.276
22.1983	532.705	419.403
22.2041	540.141	422.808
22.2099	522.647	411.009
22.2157	514.856	417.469
22.2215	517.839	422.808
22.2273	525.978	418.919
22.2331	516.644	412.913
22.2389	428.463
22.2447	427.474
22.2505	427.227
22.2563	428.463
22.2621	421.589
22.2679	423.542
22.2737	427.227
22.2795	409.824
22.2854	415.545
22.2912	416.506
22.297	425.749
22.3028	413.629
22.3086	418.193
22.3144	418.193
22.3202	409.351
22.326	407.699
22.3318	403.016
22.3376	405.585
22.3434	399.078
22.3492	401.622
22.355	397.467
22.3608	411.96
22.3666	403.948
22.3724	408.878
22.3782	398.617
22.384	407.228
22.3898	405.351
22.3956	403.482
22.4015	394.039
22.4073	395.407
22.4131	397.927
22.4189	393.584
22.4247	391.317
22.4305	396.779
22.4363	386.599
22.4421	388.838
22.4479	389.963
22.4537	404.883
22.4595	400.695
22.4653	397.467
22.4711	386.822
22.4769	403.715
22.4827	411.96
22.4885	408.17
22.4943	409.114
22.5001	406.993
22.5059	403.715
22.5117	399.77
22.5176	410.772
22.5234	417.711
22.5292	414.586
22.535	415.305
22.5408	401.622
22.5466	404.883
22.5524	392.449
22.5582	401.622
22.564	421.589
22.5698	423.297
22.5756	427.721
22.5814	426.981
22.5872	440.254
22.593	426.734
22.5988	421.589
22.6046	403.249
22.6104	404.883
22.6162	400.232
22.622	404.415
22.6278	411.96
22.6336	413.629
22.6395	425.503
22.6453	429.95
22.6511	430.447
22.6569	423.786
22.6627	418.193
22.6685	412.913
22.6743	402.551
22.6801	412.198
22.6859	420.373
22.6917	410.061
22.6975	394.039
22.7033	390.865
22.7091	398.157
22.7149	390.414
22.7207	409.114
22.7265	407.463
22.7323	407.463
22.7381	422.564
22.7439	421.102
22.7498	416.025
22.7556	414.825
22.7614	509.826	412.674
22.7672	516.047	416.987
22.773	511.3	417.469
22.7788	494.169	419.888
22.7846	508.355	424.521
22.7904	511.595	418.919
22.7962	520.839	430.696
22.802	523.553	450.545
22.8078	509.237	458.42
22.8136	510.71	467.512
22.8194	517.241	464.819
22.8252	519.037	474.312
22.831	515.452	460.277
22.8368	508.355	463.211
22.8426	496.457	460.277
22.8484	510.71	469.406
22.8542	515.154	475.135
22.86	516.047	480.101
22.8659	515.154	478.44
22.8717	530.555	478.993
22.8775	521.742	489.34
22.8833	525.675	488.493
22.8891	532.397	488.775
22.8949	544.213	487.929
22.9007	541.391	485.399
22.9065	536.72	500.488
22.9123	541.078	501.067
22.9181	553.086	496.171
22.9239	559.836	490.189
22.9297	551.172	489.905
22.9355	544.842	488.493
22.9413	548.948	491.039
22.9471	547.049	515.154
22.9529	539.829	506.304
22.9587	553.725	489.057
22.9645	551.491	504.261
22.9703	547.049	506.889
22.9761	556.29	517.54
22.9819	544.213	516.942
22.9878	553.086	506.889
22.9936	548.631	491.606
22.9994	559.189	498.181
23.0052	557.899	505.719
23.011	569.621	513.372
23.0168	562.429	527.195
23.0226	541.704	530.249
23.0284	541.078	527.195
23.0342	560.807	526.282
23.04	560.807	518.138
23.0458	557.577	504.261
23.0516	551.809	509.531
23.0574	577.907	501.646
23.0632	575.907	510.12
23.069	582.936	509.237
23.0748	507.475
23.0806	509.826
23.0864	515.749
23.0922	513.075
23.098	511.3
23.1039	512.187
23.1097	512.187
23.1155	504.552
23.1213	497.031
23.1271	499.911
23.1329	518.438
23.1387	508.649
23.1445	509.531
23.1503	510.12
23.1561	519.037
23.1619	529.637
23.1677	522.044
23.1735	500.778
23.1793	519.637
23.1851	513.372
23.1909	518.138
23.1967	513.668
23.2025	518.438
23.2083	520.237
23.2141	518.737
23.22	516.047
23.2258	512.779
23.2316	510.12
23.2374	514.262
23.2432	514.856	429.206
23.249	499.622	453.941
23.2548	507.768	437.213
23.2606	496.744	446.658
23.2664	513.075	473.491
23.2722	505.427	466.703
23.278	506.304	457.362
23.2838	504.261	452.893
23.2896	507.182	462.142
23.2954	510.12	451.587
23.3012	516.047	461.076
23.307	521.14	457.626
23.3128	521.14	475.684
23.3186	512.779	467.242
23.3244	501.067	470.492
23.3302	511.891	480.933
23.3361	508.943	462.676
23.3419	511.595	471.853
23.3477	510.12	470.764
23.3535	522.647	451.587
23.3593	509.826	465.357
23.3651	509.531	461.076
23.3709	505.427	457.891
23.3767	511.595	464.015
23.3825	510.415	462.142
23.3883	511.3	471.036
23.3941	504.844	471.036
23.3999	497.031	480.933
23.4057	492.175	484.558
23.4115	489.905	474.038
23.4173	507.182	458.42
23.4231	513.075	461.342	323.965
23.4289	519.937	464.015	320.059
23.4347	510.71	475.959	318.215
23.4405	510.71	467.512	307.021
23.4463	503.388	287.123
23.4522	506.011	284.975
23.458	509.826	284.646
23.4638	516.644	291.3
23.4696	521.742	298.108
23.4754	516.644	292.649
23.4812	513.372	283.334
23.487	524.461	281.539
23.4928	517.241	274.474
23.4986	514.856	269.603
23.5044	514.262	265.584
23.5102	508.649	268.36
23.516	504.844	260.57
23.5218	508.062	255.207
23.5276	504.261	268.36
23.5334	510.12	280.727
23.5392	519.337	280.727
23.545	517.839	287.455
23.5508	515.749	278.788
23.5566	524.765	281.052
23.5624	511.595	280.565
23.5683	503.679	277.343
23.5741	506.596	284.153
23.5799	501.067	290.795
23.5857	503.679	277.503
23.5915	497.031	272.736
23.5973	512.187	279.756
23.6031	496.457	280.403
23.6089	493.598	275.109
23.6147	508.649	271.322
23.6205	507.768	275.268
23.6263	508.355	278.466
23.6321	509.237	279.756
23.6379	495.312	282.68
23.6437	504.552	280.403
23.6495	522.647	281.702
23.6553	501.646	278.466
23.6611	508.943	282.68
23.6669	511.005	284.646
23.6727	513.372	275.905
23.6785	512.483	280.565
23.6844	510.71	280.403	456.307
23.6902	520.839	289.12	463.211
23.696	526.891	297.936	445.113
23.7018	517.839	309.872	470.764
23.7076	517.839	309.872	471.853
23.7134	510.12	304.548	479.269
23.7192	509.826	313.472	474.038
23.725	508.943	299.143	475.684
23.7308	515.452	297.077	454.991
23.7366	509.826	292.987	459.215
23.7424	509.237	287.289	467.782
23.7482	523.251	287.954	467.782
23.754	511.3	288.453	473.218
23.7598	503.97	286.957	475.684
23.7656	495.026	286.295	484.278
23.7714	502.807	288.12	495.312
23.7772	515.452	285.965	493.883
23.783	524.159	292.987	522.949
23.7888	517.241	299.835	519.637
23.7946	517.54	288.12	515.154
23.8005	519.937	287.621	520.237
23.8063	513.075	281.865	497.319
23.8121	500.488	281.377	498.181
23.8179	491.322	268.826	491.039
23.8237	485.118	271.165	495.884
23.8295	483.719	275.268	489.623
23.8353	495.026	275.268	499.911
23.8411	497.893	508.355
23.8469	489.905	497.319
23.8527	509.826	511.005
23.8585	487.365	496.744
23.8643	501.357
23.8701	516.644
23.8759	522.345
23.8817	509.531	551.809
23.8875	500.778	579.913
23.8933	497.031	545.471
23.8991	477.336	547.365
23.9049	493.028	546.733
23.9107	498.181	558.544
23.9166	501.067	568.307
23.9224	505.135	561.455
23.9282	499.911	566.341
23.934	506.011	555.327
23.9398	511.005	562.429
23.9456	520.839	562.754
23.9514	518.138	582.936
23.9572	506.011	578.575
23.963	494.74	582.599
23.9688	506.011	575.242
23.9746	516.346	573.583
23.9804	513.668	583.947
23.9862	516.346	583.947
23.992	524.159	588.008
23.9978	522.345	591.073
24.0036	509.531	594.154
24.0094	513.965	583.61
24.0152	512.187	574.578	255.355
24.021	508.355	566.995	254.324
24.0268	506.304	579.913	263.598
24.0327	514.856	585.298	262.231
24.0385	502.807	565.36	261.323
24.0443	507.768	555.006	256.093
24.0501	520.237	547.998	255.502
24.0559	518.438	547.049	259.969
24.0617	517.54	534.246	266.66
24.0675	516.047	529.025	260.269
24.0733	517.839	540.141	256.389
24.0791	526.586	263.293
24.0849	531.169	266.199
24.0907	519.037	264.971
24.0965	515.749	262.231
24.1023	518.138	266.353
24.1081	525.371	260.269
24.1139	531.476	271.792
24.1197	515.154	269.292
24.1255	495.312	256.538
24.1313	493.028	256.538
24.1371	500.778	257.577
24.1429	508.943	261.626
24.1488	499.622	256.834
24.1546	490.755	245.945
24.1604	479.823	241.302
24.1662	252.13
24.172	266.506
24.1778	268.67
24.1836	266.199
24.1894	259.369
24.1952	248.229
24.201	256.686
24.2068	254.618
24.2126	251.985
24.2184	244.105
24.2242	253.738
24.23	255.06
24.2358	262.837
24.2416	266.506
24.2474	268.05
24.2532	268.05
24.259	262.837
24.2649	260.57
24.2707	254.913
24.2765	258.919
24.2823	258.173
24.2881	259.369
24.2939	255.946
24.2997	247.227
24.3055	248.803
24.3113	243.683
24.3171	241.023
24.3229	241.999
24.3287	247.799
24.3345	242.98
24.3403	239.635
24.3461	241.86
24.3519	234.974
24.3577
24.3635
24.3693
24.3751
24.381
24.3868
24.3926
24.3984
24.4042
24.41
24.4158
24.4216
24.4274
24.4332
24.439
24.4448
24.4506
24.4564
24.4622
24.468
24.4738
24.4796
24.4854
24.4912
24.4971
24.5029
24.5087
24.5145
24.5203
24.5261
24.5319
24.5377
24.5435	411.246
24.5493	417.952
24.5551	431.194
24.5609	409.824
24.5667	414.825
24.5725	390.639
24.5783	390.188
24.5841	413.868
24.5899	400.001
24.5957	415.545
24.6015	415.305
24.6073	409.351
24.6132	415.785
24.619	405.117
24.6248	402.551
24.6306	404.415
24.6364	398.617
24.6422	403.715
24.648	406.758
24.6538	406.288
24.6596	407.228
24.6654	404.883	343.625
24.6712	400.463	335.971
24.677	401.158	358.425
24.6828	394.494	340.268
24.6886	405.351	350.036
24.6944	388.838	332.304
24.7002	394.039	326.595
24.706	395.864	313.834
24.7118	396.321	312.749
24.7176	396.321	327.729
24.7234	398.387	330.963
24.7293	415.065	331.729
24.7351	424.521	326.218
24.7409	432.691	313.11
24.7467	437.213	308.443
24.7525	451.326	325.653
24.7583	448.209	328.867
24.7641	444.856	327.351
24.7699	438.731	323.03
24.7757	421.833	310.409
24.7815	418.677	310.588
24.7873	416.987	304.372
24.7931	416.987	317.298
24.7989	415.305	321.727
24.8047	408.406	324.714
24.8105	398.847	316.931
24.8163	394.266	312.568
24.8221	397.467	313.834
24.8279	408.642	310.051
24.8337	410.772	314.924
24.8395	414.586	312.749
24.8454	395.178	312.207
24.8512	401.622	315.835
24.857	401.622	326.03
24.8628	412.198	320.429
24.8686	420.859	317.664
24.8744	403.715	323.03
24.8802	392.902	309.514
24.886	312.207
24.8918	320.984
24.8976	320.244
24.9034	313.472
24.9092	314.742
24.915	302.27
24.9208	302.794
24.9266	307.731
24.9324	314.197
24.9382	301.224
24.944	296.734
24.9498	302.444
24.9556	311.127
24.9615	311.667
24.9673	318.032
24.9731	308.978
24.9789	299.835
24.9847	293.495
24.9905	289.12	497.031
24.9963	275.427	502.516
25.0021	278.306	513.372
25.0079	277.503	506.011
25.0137	264.665	513.372
25.0195	261.626	498.181
25.0253	261.626	496.457
25.0311	261.022	487.929
25.0369	251.258	506.011
25.0427	506.889
25.0485	512.779
25.0543	517.241
25.0601	517.54
25.0659	513.965
25.0717	532.09
25.0776	519.937
25.0834	531.169
25.0892	520.839
25.095	525.978
25.1008	521.441
25.1066	520.538
25.1124	526.282
25.1182	518.438
25.124	534.554
25.1298	518.737
25.1356	518.138
25.1414	521.14
25.1472	522.647
25.153	524.765
25.1588	519.037
25.1646	521.14
25.1704	512.483
25.1762	495.312
25.182	492.175
25.1878	478.44
25.1937	479.269
25.1995	471.853
25.2053	464.819
25.2111	469.949
25.2169	472.398
25.2227	463.479
25.2285	454.203
25.2343	457.891
25.2401	451.326
25.2459	464.015
25.2517	477.611
25.2575	454.465
25.2633	445.113
25.2691	460.277
25.2749	460.277
25.2807	471.853
25.2865	477.06
25.2923	477.887
25.2981	493.313
25.3039	500.488
25.3097	493.598
25.3156	515.452
25.3214	506.889
25.3272	509.237
25.333	519.637
25.3388	532.705
25.3446	528.109
25.3504	512.779
25.3562	502.516
25.362	504.844
25.3678	510.415
25.3736	510.71
25.3794	502.807
25.3852	501.646
25.391	490.755
25.3968	478.44
25.4026	479.546
25.4084	494.74
25.4142	486.241
25.42	482.882
25.4258	482.882
25.4317	478.993
25.4375	469.949
25.4433	460.809
25.4491	465.895
25.4549	450.284
25.4607	456.834
25.4665	457.362
25.4723	448.727
25.4781	455.254
25.4839	458.95
25.4897	452.893
25.4955	456.57
25.5013	446.658
25.5071	464.283
25.5129	484.278
25.5187	464.015
25.5245	466.972
25.5303	471.853
25.5361	471.036
25.542	487.929
25.5478	493.883
25.5536	475.409
25.5594	493.313
25.5652	471.308
25.571	471.58
25.5768	473.491
25.5826	463.747
25.5884	465.626
25.5942	474.86
25.6	478.716
25.6058	476.234
25.6116	470.764
25.6174	487.929
25.6232	490.472
25.629	490.472
25.6348	498.469
25.6406	488.211
25.6464	490.472
25.6522	493.883
25.658	486.521
25.6639	486.803
25.6697	487.929
25.6755	496.171
25.6813	500.778
25.6871	519.337
25.6929	526.586
25.6987	525.371
25.7045	530.862
25.7103	519.637
25.7161	517.839
25.7219	495.312
25.7277	496.171
25.7335	502.516
25.7393	499.333
25.7451	516.047
25.7509	530.555
25.7567	536.41
25.7625	539.206
25.7683	524.159
25.7741	512.483
25.78	525.978
25.7858	520.538
25.7916	520.538
25.7974	529.637
25.8032	551.172
25.809	546.102
25.8148	529.331
25.8206	542.957
25.8264	546.417
25.8322	537.651
25.838	537.651
25.8438	538.895
25.8496	525.068
25.8554	513.668
25.8612	523.553
25.867	538.273
25.8728	546.417
25.8786	546.102
25.8844	566.341
25.8902
25.8961
25.9019
25.9077
25.9135
25.9193
25.9251
25.9309
25.9367	504.844
25.9425	500.199
25.9483	506.889
25.9541	522.044
25.9599	513.965
25.9657	523.553
25.9715	519.337
25.9773	512.779
25.9831	509.237
25.9889	502.226
25.9947	492.743
26.0005	467.512
26.0063	465.626
26.0122	467.242
26.018	467.782
26.0238	477.887
26.0296	479.269
26.0354	477.336
26.0412	486.521
26.047	504.552
26.0528	509.531
26.0586	509.531
26.0644	507.182
26.0702	499.911
26.076	511.595
26.0818	498.469
26.0876	499.622
26.0934	499.622
26.0992	505.135
26.105	511.891
26.1108	518.438
26.1166	537.341
26.1224	516.644
26.1283	507.768
26.1341	489.905
26.1399	475.135
26.1457	480.378
26.1515	482.882
26.1573	490.755
26.1631	494.169
26.1689	500.488
26.1747	488.493
26.1805	478.163
26.1863	468.323
26.1921	480.101
26.1979	464.283
26.2037	469.949
26.2095	487.084
26.2153	500.199
26.2211	506.304
26.2269	484.278
26.2327	471.58
26.2385	453.155
26.2444	433.692
26.2502	436.456
26.256	452.109
26.2618	440.763
26.2676	426.487
26.2734	435.701
26.2792	443.829
26.285	446.142	426.734
26.2908	446.142	411.484
26.2966	463.747	411.96
26.3024	451.065	412.436
26.3082	444.342	402.551
26.314	440.509	398.157
26.3198	433.692	398.617
26.3256	434.444	399.308
26.3314	429.206	392.222
26.3372	437.213	397.927
26.343	441.783	400.463
26.3488	440	399.308
26.3546	436.961	398.847
26.3605	431.443	398.157
26.3663	421.589	410.772
26.3721	442.038	413.868
26.3779	444.599	408.406
26.3837	440	409.351
26.3895	424.276	402.551
26.3953	435.197	401.39
26.4011	434.946	397.238
26.4069	396.55
26.4127	391.317
26.4185	391.543
26.4243	397.238
26.4301	397.238
26.4359	413.629
26.4417	394.266
26.4475	396.55
26.4533	400.463
26.4591	403.249
26.4649	397.697
26.4707	392.675
26.4766	396.321
26.4824	397.467
26.4882	399.078
26.494	393.584
26.4998	403.016
26.5056	407.463
26.5114	399.77
26.5172	394.266
26.523	399.308
26.5288	400.926
26.5346	421.102
26.5404	417.469
26.5462	421.102
26.552	406.993
26.5578	418.193
26.5636	412.436
26.5694	396.55
26.5752	401.854
26.581	416.025
26.5868	425.012
26.5927	438.985
26.5985	433.441
26.6043	430.945
26.6101	447.433
26.6159	460.809
26.6217	457.626
26.6275	450.024
26.6333	431.443
26.6391	418.919
26.6449	425.749
26.6507	422.076
26.6565	435.952
26.6623	422.076
26.6681	426.241
26.6739	433.441
26.6797	430.945
26.6855	436.708
26.6913	438.731
26.6971	434.695
26.7029	423.542
26.7088	412.913
26.7146	410.535
26.7204	402.783
26.7262	406.993
26.732	412.913
26.7378	409.114
26.7436	405.819
26.7494	405.585
26.7552	410.535
26.761	416.025
26.7668	408.17
26.7726	400.463
26.7784	401.622
26.7842	417.711
26.79	402.086
26.7958	411.484
26.8016	406.523
26.8074	400.463
26.8132	386.822
26.819	374.294
26.8249	383.928
26.8307	382.6
26.8365	388.614
26.8423	390.639
26.8481	387.941
26.8539	383.485
26.8597	391.995
26.8655	400.463
26.8713	401.158
26.8771	419.645
26.8829	432.441
26.8887	412.436
26.8945	410.772
26.9003	415.305
26.9061	403.016
26.9119	416.506
26.9177	408.642
26.9235	396.779
26.9293	400.926
26.9351	390.414
26.941	400.926
26.9468	412.913
26.9526	415.785	255.798
26.9584	397.927	255.798
26.9642	388.389	255.65
26.97	258.919
26.9758	270.227
26.9816	263.75
26.9874	281.214
26.9932	280.727
26.999	281.377
27.0048	277.023
27.0106	281.214
27.0164	284.646
27.0222	279.272
27.028	280.403
27.0338	281.377
27.0396	282.191
27.0454	282.68
27.0512	279.918
27.0571	273.367
27.0629	281.214
27.0687	279.918
27.0745	280.89
27.0803	281.214
27.0861	277.343
27.0919	280.403
27.0977	275.905
27.1035	277.023
27.1093	276.703
27.1151	279.756
27.1209	280.565
27.1267	280.241
27.1325	285.8
27.1383	277.023
27.1441	279.918
27.1499	277.343
27.1557	279.756
27.1615	281.539
27.1673	279.433	193.97
27.1732	281.702	187.58
27.179	279.111	188.557
27.1848	279.433	187.471
27.1906	279.756	189.431
27.1964	274.791	186.931
27.2022	275.745	188.448
27.208	279.918	189.212
27.2138	280.727	186.931
27.2196	281.377	186.069
27.2254	279.433	185.639
27.2312	279.756	186.392
27.237	279.111	186.176
27.2428	279.595	183.719
27.2486	278.949	186.823
27.2544	279.111	186.931
27.2602	279.111	184.997
27.266	280.08	184.251
27.2718	271.635	185.854
27.2776	282.191	185.961
27.2834	280.241	186.069
27.2893	281.052	187.363
27.2951	284.482	188.994
27.3009	293.326	187.58
27.3067	281.865	185.211
27.3125	279.756	186.931
27.3183	284.482	187.471
27.3241	280.727	187.58
27.3299	280.241	186.823
27.3357	278.949	186.715
27.3415	280.403	187.363
27.3473	278.949	186.499
27.3531	279.756	186.284
27.3589	279.433	187.147
27.3647	280.08	187.039
27.3705	280.89	187.039
27.3763	278.949	186.176
27.3821	281.377	186.607
27.3879	280.89	186.069
27.3937	280.89	187.039
27.3995	278.627	186.069
27.4054	280.08	186.715
27.4112	280.89	186.392
27.417	281.377	186.176
27.4228	281.539	186.176
27.4286	280.89	186.499
27.4344	281.539	186.069
27.4402	280.727	186.176
27.446	280.727	186.499
27.4518	280.241	186.069
27.4576	284.811	186.392
27.4634	281.214	186.284
27.4692	278.949	185.532
27.475	279.918	186.715
27.4808	282.68	186.499
27.4866	281.214	186.499
27.4924	281.214	186.499
27.4982	283.007	188.884
27.504	276.863	187.039
27.5098	281.865	191.742
27.5156	280.241	186.931
27.5215	281.377	186.069
27.5273	277.023	186.715
27.5331	281.052	184.677
27.5389	285.8	184.677
27.5447	279.272	188.994
27.5505	279.433	187.363
27.5563	281.539	188.34
27.5621	272.106	188.014
27.5679	267.895	179.109
27.5737	271.322	179.005
27.5795	271.949	180.563
27.5853	275.586	184.464
27.5911	274.157	186.499
27.5969	276.543	185.532
27.6027	278.306	180.667
27.6085	276.064	177.052
27.6143	280.403	177.769
27.6201	288.12	177.154
27.6259	284.153	178.077
27.6317	282.191	172.808
27.6376	283.17
27.6434	287.289
27.6492	284.811
27.655	282.68
27.6608	284.975
27.6666	284.318
27.6724	280.08
27.6782	283.007
27.684	276.064
27.6898	278.949
27.6956	284.975
27.7014	277.503
27.7072	270.852
27.713
27.7188
27.7246
27.7304
27.7362	524.461
27.742	499.911
27.7478	497.031
27.7537	509.531
27.7595	520.237
27.7653	515.749
27.7711	517.241
27.7769	512.187
27.7827	513.075
27.7885	513.668
27.7943	525.978
27.8001	525.371
27.8059	524.461
27.8117	519.037
27.8175	525.978
27.8233	515.452
27.8291	516.047
27.8349	517.54
27.8407	512.187
27.8465	517.241
27.8523	518.438
27.8581	517.839
27.8639	511.3
27.8698	515.452
27.8756	518.737
27.8814	517.54
27.8872	517.54
27.893	512.779
27.8988	515.452
27.9046	513.965
27.9104	517.54
27.9162	512.483
27.922	505.427
27.9278	522.647
27.9336	521.14
27.9394	519.037
27.9452	527.5
27.951	520.538
27.9568	526.282
27.9626	527.805
27.9684	525.371
27.9742	534.863
27.98	521.14
27.9858	525.068
27.9917	551.809
27.9975	554.365
28.0033	552.766
28.0091	554.045
28.0149	548.631
28.0207	548.631
28.0265	556.611
28.0323	546.417	312.207
28.0381	555.969	308.087
28.0439	571.269	315.835
28.0497	552.128	315.106
28.0555	570.28	312.929
28.0613	551.172	302.794
28.0671	542.016	313.291
28.0729	518.737	308.443
28.0787	516.346	315.106
28.0845	521.14	306.666
28.0903	519.037	309.514
28.0961	531.169	303.319
28.1019	515.154	305.429
28.1078	316.017
28.1136	323.778
28.1194	329.818
28.1252	329.437
28.131	334.615
28.1368	318.583
28.1426	312.027
28.1484	312.568
28.1542	303.144
28.16	296.22
28.1658	302.27
28.1716	302.27
28.1774	296.563
28.1832	300.009
28.189	299.489
28.1948	302.969
28.2006	298.625
28.2064	298.971
28.2122	297.936
28.2181	302.095
28.2239	305.959
28.2297	310.588
28.2355	325.841
28.2413	325.277
28.2471	335.196
28.2529	328.677
28.2587	325.841
28.2645	321.17
28.2703	310.588
28.2761	304.9
28.2819	321.17
28.2877	313.834
28.2935	316.2
28.2993	316.931
28.3051	316.017
28.3109	316.748
28.3167	326.03
28.3225	335.583
28.3283	337.917
28.3341	338.699
28.34	333.265
28.3458	315.835
28.3516	314.379
28.3574	308.087
28.3632	321.727
28.369	327.162
28.3748	321.727
28.3806	322.285
28.3864	314.924
28.3922	327.351
28.398	320.059
28.4038	308.265
28.4096	312.388
28.4154	312.388
28.4212	312.027
28.427	326.218
28.4328	331.729
28.4386	329.247
28.4444	316.383
28.4502	311.307
28.4561	322.099
28.4619	326.973
28.4677	328.297
28.4735	322.658
28.4793	327.162
28.4851	337.332
28.4909	349.43
28.4967	363.848
28.5025	369.567
28.5083	372.568
28.5141	373.214
28.5199	362.171
28.5257	371.708
28.5315	367.651
28.5373	375.593
28.5431	377.769
28.5489	375.593
28.5547	370.85
28.5605	378.861
28.5663	386.152
28.5722	382.6
28.578	382.6
28.5838	379.738
28.5896	376.462
28.5954
28.6012
28.607
28.6128
28.6186
28.6244
28.6302
28.636
28.6418
28.6476
28.6534
28.6592
28.665
28.6708
28.6766
28.6824
28.6883
28.6941
28.6999
28.7057
28.7115
28.7173
28.7231
28.7289
28.7347
28.7405
28.7463
28.7521
28.7579
28.7637
28.7695
28.7753
28.7811
28.7869
28.7927
28.7985
28.8044
28.8102
28.816
28.8218
28.8276
28.8334
28.8392
28.845
28.8508
28.8566
28.8624
28.8682
28.874
28.8798
28.8856
28.8914
28.8972
28.903
28.9088
28.9146
28.9205
28.9263
28.9321
28.9379
28.9437
28.9495
28.9553
28.9611
28.9669
28.9727
28.9785
28.9843
28.9901
28.9959
29.0017
29.0075
29.0133
29.0191
29.0249
29.0307
29.0366
29.0424
29.0482
29.054
29.0598
29.0656
29.0714
29.0772
29.083
29.0888
29.0946
29.1004
29.1062
29.112
29.1178
29.1236
29.1294
29.1352
29.141
29.1468
29.1527
29.1585
