0.121905	0.998458	1819.96	70.7315
0.661769	0.859138	2457.59	54.7878
0.714014	0.969433	1307.89	75.5502
0.853333	1.38159	1878.71	123.735
1.10875	1.49769	3567.08	100.562
1.30612	1.57315	1833.68	155.253
1.38159	2.74576	1832.62	210.825
1.61959	1.7473	3479.57	156.871
1.7473	2.06077	2265.36	184.793
2.36263	2.50776	2281.12	222.944
2.53678	3.38431	1642.14	233.884
2.72834	2.89669	1794.91	160.404
2.97796	3.20435	2065.38	182.494
3.2624	4.02866	1250.27	204.382
3.52943	3.68617	2700.22	180.758
3.52943	4.15637	1644.04	188.999
3.58168	3.71519	2887.34	103.296
4.00544	4.69043	1640.24	183.485
4.1912	4.59755	824.872	119.072
4.44082	5.00971	1245.95	124.321
4.66721	6.33905	1826.28	250.447
4.75429	5.34639	3493.67	125.439
4.77751	5.21868	1644.99	178.619
4.95746	5.14322	2327.71	136.519
5.06195	5.23029	831.569	81.9223
5.14322	5.28834	1316.23	179.157
5.33478	5.51474	887.145	129.064
5.34059	5.76435	1317.75	166.059
5.71211	5.92689	2262.75	194.258
5.97333	6.21134	1305.63	175.652
6.1649	6.37968	881.526	111.417
6.21134	6.33905	2884.01	100.367
6.33905	6.54803	1969.84	250.447
6.45515	6.56544	2252.32	145.656
6.53642	6.82667	3558.84	129.596
6.54803	6.73959	2108.78	214.044
6.54803	8.24889	2057.05	222.453
6.98921	7.12853	1811.57	164.831
7.16916	7.47683	2750.59	155.508
7.41297	7.51166	1660.26	179.517
7.72644	8.01088	830.609	132.239
8.08635	8.53333	2032.25	204.686
8.18503	8.85261	831.089	120.36
8.39401	8.67846	2298.31	146.159
8.92227	9.50857	1661.22	262.736
9.04998	9.33442	3349.41	126.471
9.11964	9.38667	830.13	132.394
9.3112	10.1471	1802.18	223.506
9.35184	9.60726	1245.95	170.613
9.67692	9.87429	1257.51	145.338
9.97878	10.2806	2290.36	191.069
10.0659	10.2574	3699.27	155.65
10.1413	10.4838	1891.78	236.023
10.2574	10.7741	1864.66	240.018
10.5012	10.9366	3567.08	162.706
10.6696	11.6971	1842.17	225.167
10.8437	10.9888	1331.52	171.857
11.0759	11.5926	3581.53	191.79
11.134	11.3778	1483.4	154.183
11.3894	11.5113	2834.46	107.172
11.4416	11.5926	1278.76	131.935
11.5171	11.7145	3475.55	167.971
11.5693	11.8364	1845.37	264.725
11.8364	13.247	1657.39	243.183
11.8422	12.1789	3538.35	109.827
11.9002	12.6839	2756.95	191.377
11.9409	12.1382	1800.1	112.614
12.2601	13.1773	2489.02	161.097
12.5039	12.742	1245.23	155.377
12.5272	12.7245	419.403	86.9849
12.62	12.7361	3125.11	98.4098
12.8232	13.0496	1248.83	148.993
13.067	13.2005	2790.6	135.321
13.1019	13.8623	1251.72	186.527
13.3283	13.4966	3069.65	106.032
13.3921	13.4792	3423.75	94.5802
13.5256	13.7694	3459.53	97.2481
13.6185	13.9088	1662.18	105.397
13.7694	13.99	831.569	138.663
13.8507	14.2512	1822.07	194.722
14.141	14.5357	831.569	114.598
14.1584	14.3267	3411.9	82.9289
14.3151	14.4718	2839.38	119.185
14.3209	14.617	1288.4	186.152
14.4428	15.0639	1903.84	389.658
14.4486	14.7389	3610.61	375.479
14.7098	14.913	1595.39	186.267
14.9362	15.3658	1906.04	291.02
15.1046	15.5109	884.587	131.735
15.2497	15.8128	1785.6	269.042
15.5109	15.7373	877.969	111.642
15.54	16.0044	2588.73	190.384
15.9521	16.4746	1748.85	368.171
15.9869	16.4978	3598.12	290.492
16.1785	16.8809	2638.54	178.857
16.3062	16.5558	2252.32	168.007
16.4862	16.9157	879.492	173.172
16.5558	16.7416	2365.66	135.258
16.5907	16.8693	1638.35	177.908
16.8925	17.1015	1805.3	170.065
16.9564	17.1654	1261.88	127.872
16.9738	17.3337	3405.99	159.239
17.1247	17.9374	835.904	132.317
17.2234	17.444	3692.87	146.9
17.473	17.9026	3701.41	108.369
17.8039	18.0477	417.952	97.7158
17.9897	18.2915	1977.82	170.817
18.0535	18.6224	833.493	131.918
18.9881	19.4293	3443.58	267.978
19.1507	19.4699	1750.87	315.688
19.3945	19.8356	1313.95	230.959
19.4932	20.1085	1774.29	240.363
19.9924	20.3929	878.476	266.505
20.1201	20.3465	2865.74	118.445
20.2246	20.6019	1308.65	182.249
20.3929	20.7064	1770.2	294.177
20.6774	21.1534	1784.57	313.839
20.8225	21.1418	880.509	154.323
21.2811	22.4769	2506.33	173.628
21.3275	21.5771	1549.08	264.918
21.6816	21.8732	1427.09	147.593
22.1286	23.098	1254.61	193.405
22.384	22.5292	3357.16	167.797
22.6453	23.2896	1682.46	238.996
22.7846	23.1097	3333.97	159.202
22.8949	23.0168	840.746	97.6588
23.0574	23.3186	1255.34	169.686
23.2141	23.7134	836.387	192.632
23.2838	23.7134	1652.61	277.674
23.7134	23.9978	3366.87	201.908
23.754	23.9166	811.638	148.173
23.8991	24.4274	1832.62	482.114
24.2532	24.3926	439.746	92.5618
24.2997	24.8163	3477.56	242.282
24.3751	24.7118	2640.07	234.133
24.5783	24.8337	1480.83	229.854
24.7699	25.4258	2129.59	729.769
25.2111	25.5013	1747.84	274.999
25.362	25.6406	3562.96	187.964
25.3852	25.9947	2033.42	606.179
25.4026	25.9425	4088.04	536.532
25.7858	26.0644	3341.68	206.687
25.8902	26.0412	3554.74	215.715
25.9483	26.7958	2046.38	475.181
25.9831	26.314	4097.5	556.461
26.4127	26.5636	3398.13	272.607
26.6681	26.9351	1876.54	356.193
26.6681	27.8001	2776.13	348.841
26.9526	27.3067	3289.97	258.753
27.0338	28.5663	2209.79	303.814
27.1615	27.4112	1658.34	299.406
27.4518	27.7769	1113.22	230.412
27.4982	27.8001	2486.14	267.544
27.8349	28.1252	1108.09	203.65
28.4096	28.816	2193.26	608.014
28.816	29.3152	1670.84	277.631
28.8392	29.2165	2213.62	209.662
29.1236	29.3326	2486.14	133.701
29.1643	29.9131	2188.2	187.742
