0.226395	0.568889	1721.79	89.5027
0.626939	1.08553	2522.3	174.802
0.975238	1.52671	2209.79	261.026
1.24807	1.72989	2602.22	318.624
1.57896	1.83438	1621.4	359.944
2.13624	2.47873	2286.4	344.572
2.33941	2.71093	2478.97	282.786
3.30304	3.47138	2160.56	263.472
3.75002	4.09832	2449.08	471.585
4.4234	5.05615	2500.54	501.171
4.93424	5.20127	1728.77	403.673
5.2361	5.4683	2747.42	479.842
6.11265	7.16336	2156.82	711.304
7.07628	7.46522	1726.77	461.479
7.60454	7.72644	1229.5	166.741
7.918	8.31855	2165.56	463.108
8.46948	8.81197	2140.69	449.562
10.0542	10.2864	3671.6	375.719
10.1878	11.1166	2422.35	448.795
11.1166	11.3662	2123.45	336.157
11.2327	11.459	1589.87	253.493
11.6332	12.0512	1405.01	321.802
11.8306	11.9641	2304.96	205.029
12.1963	12.4633	1635.51	378.205
12.4981	12.9277	2134.52	364.23
14.3964	14.617	1384.86	546.706
14.6402	14.9537	3107.11	439.481
14.8434	15.6502	2591.72	515.626
14.855	15.0465	4704.07	307.455
15.7373	16.0856	2578.28	345.725
17.1421	17.6588	2041.66	305.132
17.8097	18.1174	3233.45	280.433
18.1812	18.4657	1671.81	453.931
18.2509	18.4831	3339.75	240.315
18.4076	18.605	1980.1	414.697
18.5353	19.4757	1577.98	570.649
18.7037	19.4932	3135.96	316.169
20.1143	20.2188	1589.87	414.482
20.2188	20.3929	1395.3	414.482
20.2826	20.5903	2810.01	308.612
20.3871	20.5148	1570.7	412.72
20.5206	20.6483	1634.57	504.302
20.6483	20.8457	1573.43	480.257
20.6832	20.956	3094.58	330.139
20.8109	21.1244	2816.51	428.63
21.0547	21.9022	2169.32	378.003
21.1011	21.5423	1111.3	226.038
21.3217	21.5307	3339.75	209.461
21.4088	21.5191	4725.86	124.59
22.6569	22.8484	1340.78	288.147
22.9645	23.0516	2099.06	563.796
23.0516	23.249	1991.57	563.796
23.1445	23.3593	2397.3	362.536
23.2664	23.5508	2191.99	557.864
23.4463	24.5493	2000.8	420.44
23.516	24.2474	1570.7	409.989
23.7888	23.9978	3130.53	331.912
23.8991	24.3519	4010.85	306.881
24.1081	24.3287	2760.14	360.923
24.259	24.4971	3703.55	343.666
25.095	25.3968	2572.33	457.53
25.1878	25.542	3469.53	312.03
25.2749	25.9425	2806.77	374.357
25.5826	25.9077	1634.57	373.693
25.8728	29.7622	3137.78	478.349
26.1166	26.6333	2229.02	324.427
26.2327	26.4882	1100.44	219.043
26.2618	26.5172	6275.55	212.991
26.4824	26.5868	3548.58	237.332
26.5985	26.7552	3840.81	231.108
26.7784	26.8829	2709.59	266.862
28.8102	28.9901	3976.25	84.5564
