0.017415	0.673379	1558.95	47.6367
1.21905	4.0751	1571.61	40.45
1.94467	2.85025	785.804	31.3142
2.00853	2.17107	3532.22	42.0817
2.34522	4.01705	3145.03	57.5796
3.15211	3.91837	2646.18	34.244
4.12154	4.37696	1900.54	399.095
4.34794	4.82975	1984.68	1261.08
4.6498	5.73533	3148.67	266.759
4.74268	5.26512	4742.26	270.053
4.82975	5.18385	1572.52	498.35
5.03293	5.43347	1045.9	74.1878
5.10258	5.56118	1571.61	392.533
5.48571	5.8166	1565.27	946.582
5.8166	7.3259	3141.4	96.149
5.85143	6.11265	2661.5	72.341
6.13587	7.31429	1047.11	60.3559
6.22875	7.36073	4714.95	237.875
6.38549	7.32009	2357.47	34.53
7.26785	7.43039	1611.13	481.449
7.45941	8.10957	1928.18	1026.39
7.77868	7.90059	1953.97	277.741
8.10957	8.40562	2349.32	1026.39
8.47528	9.38086	1974.39	709.545
9.38667	10.2632	3962.49	82.0845
9.45633	10.1645	1576.15	59.4158
10.1181	10.5012	1972.11	534.554
10.4954	10.5999	1776.34	406.823
10.4954	10.5999	1776.34	406.823
10.5651	10.7683	1529.52	45.5296
10.5825	10.8727	1976.67	35.9244
10.8437	11.1688	1601.85	409.282
11.1746	11.9873	1566.17	400.135
11.9931	12.1673	1320.03	207.46
12.0744	12.3182	1313.19	274.836
12.324	12.7129	1170.6	58.038
12.3704	12.5794	1558.95	142.836
12.7884	14.1235	2347.96	78.2259
12.8058	13.6301	1548.18	170.058
13.5256	13.7056	1547.29	119.566
13.7056	14.4254	1575.24	51.7437
14.3035	14.8027	1977.82	109.506
14.3615	14.8027	998.09	68.9908
14.7098	14.942	1985.83	236.351
14.8376	15.7722	1045.9	44.3645
15.0756	16.3062	3148.67	68.7851
15.1278	16.3352	1574.33	80.3674
15.4006	15.6038	1975.53	56.3422
15.5283	16.3527	1969.84	62.6613
16.3643	16.8287	1162.51	228.209
16.4107	17.473	2330.4	222.248
16.759	17.4614	1165.2	469.047
17.1654	17.6414	781.73	56.7816
17.4788	18.0187	1178.06	200.8
17.5195	17.8619	1316.23	325.103
17.8561	18.0941	3159.6	327.726
17.8619	18.3496	1571.61	244.109
18.1	18.3612	3154.13	143.521
18.187	19.2668	4734.05	332.399
18.2857	19.0171	1570.7	301.332
18.3089	18.5005	3565.02	59.5101
18.3902	19.6673	3139.59	202.488
18.5585	18.9127	1976.67	66.5066
19.0113	19.2784	1975.53	47.284
19.0288	19.6615	1176.02	43.3224
19.2958	19.7892	2358.84	105.245
19.5512	19.7137	1593.55	78.7041
19.5744	19.737	797.695	34.9263
19.6383	20.5148	3146.85	650.57
19.7718	19.8995	2676.92	461.152
19.8008	20.2014	1558.05	810.544
20.0504	20.5206	2100.27	184.353
20.3523	21.1302	1750.87	764.004
20.718	21.5133	3143.22	119.359
21.0605	22.5176	2103.91	169.828
21.1302	21.7745	1562.56	307.763
21.1534	21.8558	2357.47	134.175
21.4088	22.2737	3544.48	77.036
21.4436	22.2679	2646.18	71.6002
21.7223	22.2854	3141.4	36.2738
22.1518	22.5814	1567.98	84.9354
22.1634	22.5872	2361.56	55.6025
22.4885	22.86	1490.27	343.196
22.5234	22.9297	1310.16	349.497
22.6453	22.9297	2632.46	138.404
22.7846	23.0284	3980.85	126.975
22.86	22.9878	1571.61	158.469
22.8659	23.5102	2350.68	272.245
22.8891	23.249	1554.45	420.147
22.9936	23.3767	6235.8	171.851
23.249	23.5741	1319.27	575.903
23.6031	23.8353	1331.52	371.953
23.6031	23.8353	1331.52	371.953
23.6727	24.2184	1053.17	83.8423
23.8237	24.0443	1574.33	85.4624
23.9282	24.3461	2637.02	50.9308
23.963	24.7583	1578.89	285.541
24.2823	24.7583	2357.47	146.807
24.4796	25.5129	1764.07	94.3947
24.5029	24.7583	3526.1	124.01
24.6944	26.018	1570.7	219.309
24.9731	25.4955	2358.84	94.9732
25.4955	26.018	3139.59	78.0163
25.7974	26.256	785.351	46.7146
25.9019	26.1108	5070.9	138.057
26.0644	26.5694	1248.11	150.917
26.1283	26.4301	2364.29	134.551
26.343	26.5288	2602.22	91.7739
26.494	26.8132	3969.37	112.849
26.5694	27.1499	1182.83	68.5571
26.5985	26.8423	989.48	44.3169
26.819	27.237	2358.84	103.203
26.8829	27.0629	993.489	32.9594
26.9351	27.2312	1577.06	203.411
27.1383	28.2703	1574.33	293.554
27.1441	27.9162	2358.84	247.44
27.2718	28.0207	1768.15	163.891
27.5447	27.742	3990.06	40.5955
27.7595	28.0207	3517.97	39.1965
27.8639	28.3051	2099.06	134.322
27.8698	28.2819	3155.95	86.1237
27.9336	28.2761	2637.02	36.2477
28.2355	28.6883	2140.69	158.017
28.2587	28.4793	1129.41	192.628
28.3167	28.4735	2327.71	82.1893
28.5083	28.6534	1764.07	94.5588
28.607	28.9901	1176.02	186.092
28.9669	29.292	1346.21	51.7281
29.3558	29.6635	1560.75	52.3291
