0.238005	1.09134	2274.54	250.987
3.77905	4.81814	2808.39	263.258
4.33052	4.52209	3544.48	226.161
4.57433	4.76009	4125.99	261.554
4.89361	5.29415	2323.68	250.942
5.0039	5.5844	2758.55	285.848
5.41605	6.3971	3163.25	384.354
6.25778	6.55964	2061.81	224.483
6.43193	6.61188	2229.02	307.353
6.44934	6.60027	3656.78	239.235
6.48998	6.71057	2821.4	278.031
6.61188	7.16916	2468.97	307.353
6.72218	6.96599	3407.96	232.08
7.16916	7.66839	1810.53	325.526
7.48263	7.73224	3520	247.353
7.62776	7.95283	2612.76	237.643
7.94703	8.16762	3419.79	217.554
8.16762	8.73651	2890.68	212.164
10.0659	10.4838	2254.92	232.015
10.2458	10.5883	2811.63	202.419
10.4896	10.8495	1687.33	279.617
12.0279	12.591	2437.79	249.926
12.7826	13.2354	1939.35	247.468
13.0728	13.4327	1887.41	246.528
13.247	13.8913	2776.13	225.452
14.0249	15.0814	2307.63	298.753
14.4544	14.5763	3999.28	207.36
15.3194	15.7373	3944.22	186.633
15.569	15.865	1935.99	315.374
18.2741	18.6282	2763.33	350.09
18.4366	18.6572	4159.5	233.289
18.5527	19.2377	2736.33	273.358
19.2377	19.4815	2499.1	254.457
19.8066	20.8283	3053.74	312.485
19.824	20.0214	3770.46	225.622
20.4568	20.8167	3697.14	235.665
20.9328	21.2811	1928.18	248.929
21.1824	21.2985	3633.62	248.021
21.223	21.8035	2175.59	284.078
21.67	22.2099	2717.43	307.137
21.8732	22.0706	2100.27	297.479
22.0764	22.831	3579.46	316.2
22.9761	23.2664	2407.01	380.545
23.0226	23.2896	2585.74	413.147
23.2664	23.696	2335.79	381.42
23.5624	23.8585	3682.22	274.359
23.6147	23.7598	3992.36	236.812
23.696	24.2881	2391.76	381.42
25.5826	26.4359	2865.74	305.442
26.4359	26.819	3130.53	280.335
26.819	28.0091	2656.9	293.149
27.5505	27.684	1275.07	238.947
27.5969	27.8117	3211.12	236.321
