0.13932	0.354104	3108.91	325.334
0.301859	0.557279	2644.65	210.511
0.394739	0.789478	2230.31	171.326
0.470204	0.655964	2666.12	245.845
0.725624	0.922993	2596.21	416.903
0.911383	1.13778	2509.23	240.904
0.992653	1.22485	2667.66	75.8862
1.15519	1.31193	2733.17	603.85
1.2771	1.47447	1973.25	107.767
1.32934	1.59637	2590.22	567.138
1.66023	1.92145	2680.02	461.131
1.83438	2.05497	2647.7	95.2291
1.88082	2.01433	1975.53	110.519
1.90984	2.21751	2051.12	299.097
1.93306	2.10141	4399.2	99.3098
2.15365	2.83283	2659.97	146.021
2.3278	2.48454	1943.84	220.671
2.47293	2.60063	4682.38	71.4947
2.52517	2.70512	1907.14	584.357
2.82122	3.09406	2666.12	78.5833
2.83283	3.0244	3536.3	57.3227
2.96635	3.24499	2227.73	520.824
3.21016	3.3785	2656.9	97.28
3.29723	3.45397	2430.76	638.375
3.47719	3.8429	1982.39	236.239
3.71519	4.58014	2658.43	331.543
3.91837	4.33052	1326.15	92.7531
3.92417	4.1912	3359.1	83.3648
4.22023	4.52209	3320.52	112.554
4.22603	4.62077	2000.8	122.516
4.31311	4.55692	1766.11	65.9563
4.51628	4.67882	3154.13	1030.42
4.74848	4.89941	3239.06	905.113
4.95746	5.13741	3117.9	95.5538
4.98649	5.26512	1995.03	128.21
5.08517	5.25932	2722.14	404.743
5.25932	5.56698	3237.19	163.173
5.30576	5.57859	1320.03	225.687
5.31737	5.64245	2617.29	654.968
5.64825	6.0488	2669.2	311.184
5.84562	6.11846	3357.16	95.9899
5.9385	6.26939	2632.46	520.537
6.22875	6.3971	2968.52	454.191
6.49578	6.60608	2638.54	159.595
6.54803	6.70476	2966.8	309.052
6.77442	6.9776	2365.66	228.351
6.84989	7.2156	1990.42	88.5893
6.87891	7.39556	3980.85	67.2572
7.06467	7.67419	2647.7	89.1786
7.35492	8.07474	2977.1	117.181
7.39556	7.64517	3763.94	60.4491
7.73224	8.08635	2626.38	85.5178
7.73224	8.25469	3538.35	78.1629
7.80771	8.29533	3964.78	89.1481
8.16181	8.31855	1487.69	329.292
8.16181	8.32435	4286.33	278.96
8.28952	8.43465	3880.95	807.158
8.39401	8.73651	3542.44	149.751
8.40562	8.64363	7101.26	86.8074
8.59719	8.75392	2149.36	96.0862
8.63782	8.83519	3154.13	127.844
8.67846	9.01515	2670.74	404.071
8.90485	9.10222	2578.28	369.738
9.18349	9.29379	2315.64	622.839
9.3054	9.54921	2659.97	199.215
9.45052	9.54921	2641.59	175.175
9.55501	9.94394	2635.5	187.169
9.67692	9.82204	2194.52	323.66
9.85687	10.1239	3333.97	188.028
9.8917	10.0136	2617.29	434.385
9.91492	10.1181	2629.42	435.831
10.2458	10.6405	3967.07	190.603
10.269	10.4258	2780.95	1188.6
10.2748	10.6405	3326.28	412.41
10.5767	10.9888	2693.99	532.559
10.9366	11.1398	3682.22	933.294
11.1572	11.3023	2630.93	337.021
11.1746	11.5113	3201.86	1066.48
11.5345	11.6738	2655.36	299.37
11.5926	12.115	2621.83	712.349
11.8828	12.1266	5406.68	270.432
12.1382	12.6839	2690.88	105.753
12.2776	12.5098	3534.26	212.206
12.324	12.4575	4604.6	501.959
12.3356	12.4575	2323.68	472.796
12.5504	12.8639	2599.21	791.853
12.9219	13.4095	4024.78	511.058
13.4327	13.6766	2659.97	157.838
13.514	13.8739	3214.83	176.538
13.6011	13.7172	2739.49	703.234
13.8275	13.9668	2632.46	304.328
13.9378	14.2106	2646.18	642.92
14.228	14.4022	2216.18	407.379
14.3906	14.617	3522.03	91.3112
14.4834	14.6982	1924.84	468.135
14.704	14.9304	1932.64	354.903
14.884	15.5516	2666.12	873.801
15.122	15.2439	2633.98	413.276
15.5341	15.8708	3536.3	114.766
15.6793	15.8766	2274.54	129.028
15.778	16.1437	1986.98	141.63
15.7954	16.1669	2982.27	110.363
15.8534	16.1379	2680.02	96.5991
16.045	16.2191	3614.78	180.302
16.1321	16.5558	3064.34	852.023
16.2191	16.492	2638.54	200.218
16.6255	16.9738	2600.72	546.196
16.9912	17.4034	2649.23	175.036
17.1247	18.0709	1990.42	119.015
17.4034	17.6762	2347.96	58.61
17.4092	17.7981	2649.23	139.18
17.5253	17.7691	3445.57	89.7096
17.6065	17.7691	4489.05	84.5287
17.653	18.0535	1763.05	172.999
17.7865	18.0477	2260.13	133.079
17.8271	18.1174	2649.23	78.595
18.0071	18.425	2652.3	122.719
18.0477	18.4483	1975.53	101.753
18.1348	18.3612	3423.75	91.2031
18.396	18.6166	3135.96	1028.3
18.5992	18.8372	2632.46	598.392
18.9475	19.1274	3117.9	167.116
19.0055	19.3248	2650.76	115.077
19.0868	19.3132	1975.53	149.204
19.1797	19.4351	2110	567.288
19.3771	19.7834	2653.83	130.04
19.4409	19.8415	1982.39	125.046
19.6673	19.7776	1333.83	112.535
19.7602	20.4452	2661.5	142.719
19.7718	20.0156	2241.93	143.489
19.8473	20.0795	3520	63.8425
20.033	20.4278	1989.27	120.736
20.0678	20.3581	661.926	55.7767
20.4336	20.5439	3085.65	601.743
20.4394	20.5903	6171.3	76.6257
20.6019	20.8922	1322.32	127.954
20.6832	20.9792	2695.54	570.208
21.0083	21.2695	2680.02	373.448
21.165	21.4146	3971.66	79.8166
21.3217	21.5365	2663.04	287.193
21.3624	21.5655	1986.98	490.732
21.432	21.5713	2638.54	560.96
21.5655	21.8093	1978.96	137.467
21.6932	21.9893	2689.32	582.194
21.9138	22.1344	2675.38	788.394
22.1809	22.3492	2658.43	380.977
22.4247	23.0458	3032.64	861.068
23.0632	23.2722	3155.95	408.466
23.2664	23.4812	2308.96	687.476
23.2722	23.4115	3560.9	81.9543
23.4812	23.8295	1880.88	414.571
23.5566	24.0152	2805.15	140.167
23.934	24.2358	3380.51	175.846
23.9456	24.4448	2230.31	157.476
24.1836	24.468	1783.54	146.329
24.3461	24.5841	991.196	175.998
24.439	24.5667	3326.28	483.511
24.6248	24.7525	3517.97	100.749
24.648	24.8105	2810.01	214.786
24.6596	24.8628	1983.54	182.573
24.7699	24.9382	2676.92	646.958
25.0543	25.5129	1764.07	119.675
25.095	25.2285	2624.86	435.904
25.2053	25.5245	2655.36	116.956
25.3272	25.5013	4507.23	98.7488
25.4142	25.5884	2347.96	486.03
25.6813	25.9541	2658.43	694.449
25.8961	26.1283	5353.85	68.1681
26.018	26.494	3376.61	168.876
26.0586	26.256	2620.32	467.436
26.3953	26.5346	2644.65	250.96
26.4882	26.6275	2249.71	494.014
26.7262	26.9758	2701.78	566.935
27.0164	27.4692	3955.63	533.893
27.0454	27.3415	2672.29	166.814
27.3937	27.5621	3536.3	144.253
27.446	27.5853	2695.54	187.746
27.475	27.655	2519.39	564.391
27.6143	27.8465	3567.08	100.117
27.7072	27.9858	2212.34	510.007
27.7653	27.9858	2647.7	179.838
28.0613	28.2761	2701.78	526.501
28.3458	28.6186	2630.93	145.737
28.4328	28.6012	3701.41	181.297
28.4561	28.6186	2570.84	597.202
28.4677	28.6186	5103.22	340.139
28.6999	28.9959	2637.02	737.601
29.0424	29.3558	3357.16	134.712
29.1178	29.4777	4024.78	376.251
29.2223	29.8144	2658.43	106.898
29.3558	29.7506	3980.85	67.7197
29.3732	29.5996	2001.95	74.8891
29.6229	29.7854	1117.73	78.4347
29.6229	29.8202	3355.22	100.99
29.7041	29.9015	3103.53	394.078
