0.0580499	0.824308	2346.61	24.2152
0.0696599	0.859138	1764.07	25.4351
0.464399	0.806893	4717.67	16.3719
0.603719	1.07973	3530.18	30.9064
0.766258	0.963628	4034.09	33.188
0.864943	2.00853	2373.87	54.5043
0.876553	1.10295	1765.09	40.3373
1.08553	1.73569	1400.14	40.0765
1.10295	5.25932	2106.35	203.322
1.14358	1.65442	3532.22	35.4656
1.15519	1.46286	7097.16	44.9508
1.23066	2.2059	5295.41	60.821
1.29451	2.35683	702.097	26.1867
1.61379	2.22331	7035.93	37.5741
1.71828	2.26395	2792.21	43.4934
2.0898	3.41914	1399.34	78.199
2.19429	2.75737	1762.03	58.405
2.33941	3.04762	2793.83	73.6478
2.67029	3.50041	3517.97	71.1669
2.85025	3.03601	5539.45	52.8168
2.90249	3.01279	1793.87	53.6544
3.55265	4.78912	1398.53	116.277
4.02866	4.80653	2795.44	134.389
4.89941	6.25778	524.765	89.7312
4.98068	5.49152	2649.23	136.247
5.1258	8.82358	3154.13	121.805
5.33478	6.78603	4742.26	104.302
5.57279	8.83519	1574.33	123.743
6.26358	6.48998	523.251	30.5115
7.27365	8.88744	4734.05	101.826
7.69741	7.95864	2640.07	65.8853
7.82512	8.30113	1049.53	58.2396
7.86576	8.28952	522.949	33.4933
8.06893	8.27791	1889.59	62.9771
8.48689	8.63782	3591.89	50.59
8.64943	9.0732	2308.96	121.403
8.87002	11.6796	1763.05	137.969
9.01515	16.4571	2346.61	279.516
9.17769	9.47955	1177.38	70.1294
9.36925	10.1413	2640.07	56.0158
9.40408	11.2268	589.369	49.8861
9.5434	9.89751	5295.41	64.8663
9.82204	10.7741	4693.21	81.425
9.99619	13.009	5295.41	162.26
10.3155	14.2571	3530.18	171.97
10.8495	13.3457	4690.5	131.409
11.2733	12.1382	589.369	43.3451
11.7087	15.598	1762.03	195.132
13.543	14.0539	2643.12	165.197
14.0539	14.6518	5879.02	108.255
14.1642	16.2366	5286.24	198.444
14.6112	15.4993	3532.22	136.401
14.6344	14.8898	1172.63	70.641
14.855	15.5864	4695.92	119.154
15.4761	16.7242	3530.18	201.953
15.5864	16.1901	4693.21	127.781
15.6793	16.6835	1765.09	240.195
16.3701	20.747	2367.03	233.76
16.7822	17.0551	6257.45	122.433
16.8635	18.4657	786.258	93.3989
17.0493	17.3105	6279.18	166.394
17.0609	17.6123	1574.33	127.302
17.3163	20.6135	3145.03	138.223
17.3453	18.2161	2086.97	120.694
17.6646	20.9038	4742.26	245.029
18.4715	19.0926	1573.43	103.756
19.2726	19.7544	1572.52	117.929
20.6193	22.8542	1396.91	169.431
20.747	24.9847	2099.06	214.46
20.8399	21.4204	703.721	85.3101
20.8863	23.8585	2788.99	152.91
21.8674	22.2447	699.668	53.2502
22.9471	23.3419	1396.11	131.672
23.0922	23.5566	3571.2	82.5094
23.4638	23.8817	1396.91	90.2268
23.5799	23.8411	698.053	44.0251
23.8527	24.1313	1260.42	81.0676
24.1371	24.648	2787.38	116.111
24.1546	24.6596	631.305	45.7596
24.3751	24.8047	3548.58	141.112
24.3984	24.6944	1392.88	89.597
24.8337	25.5013	2076.15	141.069
24.9963	28.9146	1574.33	135.927
25.124	25.3794	526.282	51.759
25.3852	25.6697	2635.5	71.2715
25.6116	28.7811	3152.31	106.741
25.8612	26.105	3614.78	72.0607
26.0005	26.5172	2612.76	86.383
26.494	26.6797	522.044	24.2787
26.7494	29.0307	4731.32	64.4937
26.941	27.7653	523.251	27.251
27.1906	27.4054	3493.67	33.3618
27.8291	28.189	1051.35	30.3286
27.8756	28.3574	526.282	26.5389
28.3574	28.7463	1050.14	22.9282
28.578	28.9669	1883.06	33.2702
28.8102	30.0118	1758.98	25.0414
28.8798	29.3558	1175.34	17.8028
28.8856	29.9537	588.688	17.3762
29.0714	30.0118	2345.25	20.115
