0.145125	1.02168	1819.96	51.5508
2.10721	2.97796	1392.08	447.621
2.27556	2.65868	2790.6	274.565
2.36844	2.58322	5213.46	75.0196
2.65868	3.40172	3053.74	263.35
3.00698	3.35528	1491.13	527.822
3.35528	3.78485	1605.56	115.322
3.35528	4.0751	2251.01	75.7703
3.68617	4.9981	1491.99	91.5936
3.73841	3.89515	1539.27	83.4991
3.92417	4.06349	3631.52	47.7082
4.08671	4.24345	1893.96	59.7386
4.13896	4.85878	1671.81	67.7573
4.98068	5.5902	1753.91	31.496
5.20707	6.31583	3489.63	54.8131
5.40444	6.33324	1729.76	73.874
6.1649	7.50585	3737.94	51.6
6.18812	7.52907	1872.21	80.5587
7.34331	7.52907	2560.47	133.681
7.50005	7.87156	2234.18	851.581
7.87156	8.0341	1279.5	63.174
8.2605	9.0732	2418.16	357.477
8.78875	8.93968	2539.85	213.934
9.11383	9.67692	2227.73	34.8669
9.79882	10.2284	1361.07	138.488
10.002	10.2052	743.846	87.7239
10.1645	10.5302	2151.85	383.55
10.5244	11.3023	1491.13	98.402
10.6463	10.9656	4440.05	218.709
10.658	10.8669	2245.82	349.326
10.8669	11.3662	2014.71	349.326
11.1688	11.3255	1933.76	144.903
11.2617	11.4707	2218.74	122.274
11.3662	11.9118	2227.73	228.994
11.401	11.5171	1918.19	52.0836
11.4416	11.5635	2095.42	92.8676
11.5984	11.7493	2008.9	95.9365
11.7725	11.9873	2171.83	75.2802
11.8248	12.5852	2666.12	124.08
11.9757	12.2369	2248.42	115.14
12.1034	12.6839	2343.9	100.793
12.324	12.6258	4660.79	80.9357
12.591	13.514	2235.47	156.362
12.8174	13.4095	4458.04	78.1774
13.1657	13.6069	3969.37	60.7993
13.1773	13.9494	1983.54	99.5546
13.514	13.8275	2953.12	160.416
13.7346	15.9637	2968.52	131.352
16.0392	16.3817	1912.65	280.279
16.3817	16.759	2252.32	330.796
16.4978	16.7242	9030.1	108.462
16.7648	17.1421	2380.74	193.376
17.0434	17.7458	4641.99	228.454
17.0667	17.8387	2333.09	353.445
17.6356	17.7807	2333.09	33.6647
17.7342	17.949	2322.33	133.24
17.9955	19.7195	2234.18	47.1854
18.843	19.081	2954.83	34.8768
19.0055	19.2261	3276.7	34.2608
19.2261	20.1781	3366.87	73.9677
19.3712	19.7137	2632.46	40.8351
19.5106	19.7254	1671.81	74.3101
19.6615	19.8008	2169.32	576.265
20.0969	20.3523	1664.1	882.212
20.1665	20.3581	3269.13	627.605
20.3117	20.689	2970.23	114.595
20.538	20.718	1793.87	653.332
20.8805	21.0895	3076.75	113.846
20.9966	21.4552	2045.2	218.929
21.1069	22.0648	3351.35	104.859
21.3624	21.6526	2247.12	93.9341
21.5075	21.8151	1675.67	107.627
21.5539	22.088	1711.87	111.786
22.0473	22.8542	2345.25	85.7519
22.059	23.3767	2963.38	76.8594
22.0648	23.2606	3524.07	128.548
22.2099	23.0516	1768.15	66.6382
22.535	22.6511	1502.37	58.5794
22.9181	23.4173	3985.45	80.4182
23.069	23.4289	1991.57	83.4165
23.3767	23.7308	1750.87	842.501
23.7192	24.1023	1636.46	529.145
23.8875	24.1836	2066.58	167.188
24.0036	24.1894	4198.12	204.622
24.1081	24.2997	1744.82	551.516
24.3868	24.6712	4200.54	116.599
24.4971	24.6306	2100.27	273.565
24.6306	24.8802	1984.68	508.957
24.8802	25.2749	2024.05	545.341
25.2227	26.3488	2367.03	263.723
25.4549	25.8264	4693.21	146.833
25.5536	27.1151	3550.63	149.805
25.658	25.9599	4183.59	123.423
25.8612	26.8307	4186.01	174.393
26.4243	26.8016	2358.84	76.9733
26.6043	26.819	1779.42	105.06
26.7262	27.0571	5384.86	204.084
26.8074	27.4982	2045.2	540.488
27.266	27.475	5323.01	179.74
27.3937	27.713	2342.54	337.371
27.6085	27.8059	1696.12	234.796
28.1368	28.4909	1699.07	519.061
28.4909	29.0017	1958.49	64.2299
28.7521	28.874	1620.47	33.8846
29.5416	29.7564	1599.08	244.431
