1.46866	1.68925	619.743	125.089
1.67184	2.11882	2805.15	378.705
1.92726	2.41488	2800.29	291.353
2.14204	2.36263	1501.5	295.678
2.28136	2.49034	1794.91	222.143
2.41488	2.62966	2080.95	286.26
2.47293	2.7922	2808.39	285.737
2.54839	2.83283	1866.81	401.241
2.81542	3.12889	2429.36	629.011
3.01859	3.44236	2145.64	413.474
3.25079	3.38431	1849.64	348.379
3.33787	3.82549	2808.39	683.573
3.67456	3.92998	1898.34	498.374
3.721	4.10413	5652.58	456.03
3.99383	4.35374	1900.54	777.87
4.12735	4.59175	2925.96	1056.11
4.37696	4.62658	2620.32	660.943
4.47565	4.70785	1941.59	441.784
4.66141	5.07356	2737.91	924.062
4.96907	5.4683	1858.2	494.351
5.09097	5.44508	2793.83	582.493
5.33478	5.67728	2078.55	621.828
5.37542	5.88626	2803.53	512.756
5.68308	6.19392	1884.14	1477.56
6.15329	6.54803	2839.38	1006.18
6.19392	6.54222	2100.27	436.865
6.44934	6.6293	1985.83	593.43
6.76281	7.04145	2329.05	311.615
6.94857	7.38975	2850.88	229.902
7.41297	7.69161	1854.99	620.799
7.67419	7.97605	2785.77	1089.18
7.90059	8.42304	2779.34	809.278
8.08054	8.31274	1396.11	437.384
8.2663	8.50431	1788.7	550.133
8.35918	8.88163	2826.29	480.56
8.42304	8.68426	1863.58	476.947
8.57977	8.80036	1863.58	568.219
8.96871	9.15447	2427.96	516.502
9.02095	9.38086	2181.89	449.369
9.27057	9.38086	2477.54	415.633
9.33442	9.6537	2784.16	900.583
9.58984	10.3329	1891.78	557.86
9.64209	9.78141	3190.78	418.635
9.67111	10.3039	2827.92	794.468
10.3967	10.5883	2717.43	478.644
10.449	10.6986	1876.54	581.265
10.658	10.9134	2323.68	889.265
10.6928	11.1978	2080.95	936.744
11.0179	11.4358	1873.29	469.285
11.2733	11.5403	1047.71	463.339
11.4416	11.7841	2048.75	484.245
11.4474	11.8422	2806.77	457.691
11.61	11.8073	1830.51	431.302
11.9467	12.1673	1861.43	559.526
12.1905	12.533	2811.63	888.054
12.4517	12.6491	2054.67	754.104
12.7826	12.98	2341.19	220.782
12.8406	13.3283	2855.83	266.905
13.3921	13.7172	1872.21	646.281
13.6475	14.408	2792.21	970.676
13.6533	13.8217	2310.29	867.339
14.019	14.4428	1863.58	475.356
14.3383	14.4951	2466.12	463.625
14.4254	14.6344	2083.36	467.185
14.4428	14.5473	2971.95	297.268
14.5125	14.8666	2826.29	482.861
14.5821	14.7969	1849.64	573.558
14.6112	14.8724	941.528	371.875
14.8434	15.7489	2420.95	695.984
14.855	15.0407	1643.09	563.1
15.1046	15.2439	698.053	180.856
15.6096	16.0566	1706.94	532.151
15.9405	16.1553	1847.5	728.525
16.0914	16.3178	2373.87	639.43
16.4165	16.7068	2517.94	647.436
16.6313	17.0725	2143.16	1059.8
16.9506	17.4266	2722.14	637.475
17.1421	17.5833	3246.55	976.278
17.4382	17.8329	1852.84	412.686
17.6356	17.8271	2795.44	399.573
17.6414	17.7923	923.751	214.062
17.949	18.2044	1968.7	582.558
18.1696	18.8604	2079.75	701.337
18.5005	18.7733	4154.69	734.872
18.9591	19.2435	2073.75	274.527
19.348	19.5976	2138.22	893.461
19.4699	19.6731	1885.23	676.941
19.8995	20.1085	1536.6	735.512
19.9401	20.2188	2393.15	806.538
20.0911	20.4045	3207.41	903.269
20.48	20.8167	1863.58	549.139
20.6019	20.7761	930.176	469.491
20.8051	21.0779	1610.2	797.036
21.0373	21.4204	2123.45	1147.92
21.4378	21.879	1841.11	1267.02
21.4785	21.6816	2108.78	1508.42
21.6874	21.9603	2108.78	1035.92
21.9429	22.3666	2105.13	1108.24
22.2331	22.5524	2134.52	1684.68
22.3956	22.6975	2005.43	524.433
23.0574	23.3593	3337.83	794.252
23.1851	23.4289	1531.28	1169.64
23.4522	23.7134	2076.15	481.33
23.6205	24.1836	1865.73	643.549
23.6263	23.8063	928.029	392.248
23.9456	24.1894	2051.12	775.895
24.1604	24.4216	2068.96	1435.88
24.5087	24.6654	2155.58	1157.39
24.7176	24.9324	2022.88	649.097
24.9324	25.0659	2059.43	787.725
25.095	25.3156	2121	286.257
25.3446	25.6755	1246.67	635.604
25.809	26.1689	2832.83	395.25
26.0644	26.3488	3250.31	853.679
26.1457	26.4824	1536.6	1025.72
26.2734	26.6913	2010.06	712.172
26.6159	26.97	2404.23	843.961
26.7842	27.1557	1672.77	687.858
26.9874	27.1906	1447.01	526.649
27.6259	27.8117	2752.18	517.74
27.6259	27.8756	3141.4	570.787
27.7188	28.0845	3453.54	358.696
27.9626	28.5025	2831.19	602.247
28.3283	28.5141	1835.8	405.728
28.6012	29.7157	2810.01	406.25
28.7637	28.9843	2088.17	271.086
28.9669	29.1933	2247.12	225.387
29.1062	29.4719	5597.34	191.11
