0.145125	0.510839	2542.78	84.3535
0.655964	1.1668	2575.3	114.019
1.19002	1.61379	2570.84	179.166
1.41061	1.76472	1988.13	177.422
1.66603	2.22912	2637.02	307.295
2.04916	2.30458	3629.43	159.235
2.2059	4.85878	2646.18	494.273
2.34522	5.78177	1322.32	310.885
2.90249	3.0302	2148.12	227.54
4.55692	4.70204	2937.81	205.159
4.73687	4.81234	1981.25	325.093
4.81234	5.85143	2630.93	325.093
4.96907	6.97179	1980.1	390.594
6.03138	6.36807	2992.62	358.852
6.29261	6.77442	2656.9	345.903
6.32163	6.69315	1323.85	264.401
6.6351	7.34331	2655.36	388.738
6.76281	7.22141	2977.1	419.774
7.02984	7.50585	1320.03	337.384
7.41297	7.62195	2536.92	323.128
7.45941	9.14286	1977.82	958.6
7.94122	8.38821	2996.08	380.451
8.35918	8.45787	3705.69	269.347
8.82358	9.00934	3905.68	251.685
8.9571	9.11964	1608.34	478.63
9.03256	9.32862	2000.8	737.68
9.45052	10.0717	2031.07	424.91
9.83365	10.0426	1538.38	357.911
9.84526	10.031	2829.56	351.35
9.96716	10.3097	1998.49	471.469
10.031	10.5244	2593.22	481.811
10.5244	11.0817	2646.18	413.253
10.5709	11.1688	2361.56	811.488
11.0991	11.8306	1320.03	264.821
11.2327	11.6158	3957.92	292.917
11.3371	11.6854	2269.29	407.151
11.5577	12.4285	2376.62	588.328
11.7609	12.295	4780.77	534.592
12.2834	14.2512	1318.51	266.454
12.3704	15.8302	1972.11	377.45
12.562	12.6839	2290.36	266.698
12.829	12.9393	2936.12	252.86
13.0728	13.1715	2951.42	182.194
13.2934	13.5198	3505.8	242.015
13.8159	14.0307	2223.87	212.979
14.3557	15.0175	1317.75	392.617
15.0001	15.7315	2640.07	374.478
15.1452	15.3136	1321.56	219.16
15.6851	16.2424	2283.76	938.973
16.312	16.9564	1980.1	934.6
16.8054	17.1479	1989.27	585.975
17.0667	17.7052	1980.1	937.628
17.4788	17.8445	2477.54	273.204
17.5485	18.0245	3027.39	294.77
17.5833	17.9606	1974.39	491.288
17.8852	18.3496	1974.39	852.413
18.2683	18.5005	2695.54	451.97
18.3728	18.5237	2298.31	657.383
18.5237	18.7966	2066.58	657.383
18.663	19.261	1322.32	418.843
18.6921	19.1681	2264.05	584.941
19.2087	19.3829	2063	1009.74
19.348	20.0737	1318.51	347.506
19.6673	19.8124	1831.56	813.333
19.8879	20.2536	2090.59	691.64
20.0737	20.48	1328.45	281.859
20.4394	20.956	2398.68	621.668
20.9096	21.2811	2254.92	679.156
21.2811	21.8093	1976.67	789.597
21.2927	21.6004	1316.99	440.941
21.6816	22.6278	1316.99	307.37
21.9429	23.5044	1970.97	433.413
22.4131	23.9166	2667.66	427.781
22.7323	23.487	1320.8	349.229
23.7424	24.1604	1323.09	273.759
24.5145	25.7103	1976.67	444.66
25.0021	25.6	2703.34	741.689
25.4491	25.7219	1485.97	246.002
25.7103	25.9889	2670.74	898.134
26.0412	26.2385	1975.53	409.978
26.1689	26.4417	2635.5	579.514
26.4243	26.7842	2183.15	482.898
26.6623	28.2529	2656.9	719.578
26.8713	27.4228	1329.98	367.895
26.97	27.8756	1775.32	397.697
27.9742	28.7637	2423.75	433.73
28.6534	29.9828	1921.51	177.532
