1.30032	1.92145	2491.89	246.664
1.64281	2.04916	2234.18	84.0741
1.88662	2.04336	2494.77	261.407
2.03175	2.26395	2801.91	428.871
2.18848	2.33361	2810.01	413.751
2.33361	3.21596	2954.83	163.27
2.7922	3.26821	2499.1	165.664
2.87347	3.2624	1874.37	108.558
2.88508	3.23918	1480.83	79.8776
3.15211	3.74422	1665.06	230.192
3.30304	3.59909	621.535	66.4442
3.33787	3.57587	1266.26	140.335
3.47138	3.76744	1482.54	148.274
3.6107	4.31311	1866.81	178.163
3.83129	4.00544	3783.55	128.999
3.86032	4.01705	2792.21	293.775
3.97642	4.08671	2963.38	747.005
4.08671	4.24345	2803.53	439.731
4.14476	4.38277	2653.83	283.301
4.24925	4.44082	2946.31	620.573
4.4176	4.61497	2882.34	570.861
4.58014	5.01551	3364.93	1229.63
4.8878	5.20707	3347.48	353.368
5.13741	5.34059	2208.51	296.057
5.18966	5.74694	2500.54	219.42
5.23029	6.10685	2099.06	192.897
5.27673	5.67728	3351.35	109.734
5.38122	5.65406	930.176	108.069
5.71791	6.84989	1043.48	136.754
5.9327	6.13587	2500.54	144.086
5.9327	6.14168	1660.26	118.195
6.07782	6.37388	2992.62	907.733
6.32163	6.43193	2064.19	539.164
6.38549	6.68735	2985.71	1037.39
6.64671	7.02404	2097.85	208.09
6.76281	7.07628	3043.17	273.574
6.84408	7.07628	2489.02	292.409
7.00082	7.68	2519.39	420.752
7.08209	7.28526	2082.15	157.596
7.18077	7.54648	1403.38	111.476
7.22721	7.45941	931.251	119.217
7.52327	8.53333	2217.46	340.563
7.61034	7.95864	2805.15	156.528
7.95864	8.07474	927.493	115.33
8.10376	8.39982	467.242	85.4984
8.24889	8.37079	5728.17	117.488
8.37079	8.98032	1885.23	159.57
8.50431	8.86422	2811.63	114.484
8.58558	8.96871	2506.33	157.469
8.73651	8.841	473.764	55.1086
8.82358	8.98032	4404.29	605.38
8.82358	8.98032	4404.29	605.38
8.95129	9.11383	4193.27	580.651
9.06159	9.32281	3716.41	766.052
9.25896	9.41569	3299.49	237.935
9.32862	9.71755	3761.76	222.124
9.4273	9.62467	2810.01	457.854
9.50277	9.62467	2463.27	170.528
9.56082	9.74077	2785.77	383.901
9.68853	9.86268	4434.92	838.029
9.83365	9.98458	4186.01	758.341
9.8917	10.3619	2788.99	479.634
9.99619	10.1936	3731.46	1062.6
10.0833	10.4896	2226.45	203.285
10.1413	10.4083	3337.83	154.776
10.269	10.4258	2958.25	357.447
10.4316	10.8205	2790.6	406.328
10.507	10.6231	925.353	126.723
10.5999	10.7392	4193.27	1071.44
10.7392	10.9598	3725	798.861
10.8205	10.9424	3003.01	106.777
10.8205	11.3429	929.102	141.4
10.9018	11.1398	3335.9	197.151
11.0179	11.2152	2946.31	396.323
11.1978	11.4068	4445.18	961.481
11.2152	11.4242	2792.21	144.55
11.2733	11.668	2207.24	206.893
11.372	11.6971	933.405	125.048
11.4765	11.61	4200.54	660.88
11.6912	11.9699	2919.2	195.116
11.7725	12.5039	3326.28	196.268
11.8248	12.2892	1876.54	203.794
11.9176	12.2717	2860.78	232.963
11.9873	12.3878	2501.99	178.839
12.057	12.2659	1491.99	135.191
12.0918	12.382	937.728	109.705
12.3472	12.4923	2217.46	314.295
12.3937	12.742	2501.99	333.112
12.4285	12.8639	1875.46	163.276
12.4923	12.8871	2106.35	200.845
12.6433	13.514	3322.44	155.388
12.6781	12.9567	1405.01	171.429
12.9045	13.1657	2121	203.611
13.2122	13.6359	3737.94	159.762
13.2876	13.5488	2230.31	101.208
13.3515	13.543	624.775	85.144
13.514	13.9668	1868.97	290.828
13.5721	13.9552	2512.13	321.954
13.6475	13.961	2241.93	109.117
13.8333	13.9784	2673.83	207.479
13.9262	14.0887	2832.83	299.726
14.0016	14.1293	3343.61	688.659
14.0829	14.2396	3725	679.422
14.1874	14.3673	3301.39	301.786
14.2454	14.4022	3701.41	865.696
14.3209	14.5299	4432.36	853.563
14.3848	14.5241	4437.48	672.867
14.4428	14.8027	831.569	131.207
14.5299	15.2497	4200.54	331.416
14.6692	15.0001	3703.55	182.839
14.7098	15.2381	2497.66	391.971
14.7795	15.0117	3295.68	386.292
14.9478	15.0988	3718.56	1394.17
15.1046	15.2613	3307.12	722.285
15.1626	15.2613	894.865	136.066
15.1975	15.3658	3159.6	1028.42
15.3716	15.5806	3351.35	1069.85
15.5922	15.7257	3341.68	282.177
15.6793	15.8476	3355.22	1032.75
15.807	16.045	4178.76	182.804
15.8534	16.0392	3361.04	240.831
15.8941	16.1205	1042.88	159.039
15.9637	16.254	2980.54	763.924
16.1146	16.4746	4195.69	149.242
16.2249	16.4571	2513.58	164.528
16.283	16.5152	2777.73	473.717
16.4165	16.7242	2526.68	558.161
16.5849	17.264	2532.52	707.491
16.6893	16.9796	4222.44	133.716
16.9506	17.6588	2800.29	187.238
17.1537	17.5195	2533.99	309.739
17.235	17.8503	2222.59	195.291
17.5137	17.7575	4522.88	185.309
17.682	17.9722	465.088	79.0194
17.7458	18.4773	2793.83	248.39
17.9955	18.3728	4486.45	99.6662
18.0187	18.9068	2220.02	115.714
18.1638	18.3438	444.342	50.9284
18.3031	18.8546	4491.64	188.698
18.3728	18.7269	2790.6	247.359
18.7269	19.1971	2451.91	282.458
18.7559	18.9475	2915.83	276.629
19.081	19.1913	1137.27	182.552
19.081	19.3016	1661.22	287.111
19.139	19.6093	1875.46	354.2
19.139	19.766	1480.83	216.636
19.2493	19.9634	2223.87	167.826
19.6557	20.0678	1668.91	205.996
19.737	20.0678	1397.72	130.578
19.7602	20.0678	1860.35	129.56
20.0911	20.3349	1386.46	176.955
20.1839	20.8051	2227.73	365.451
20.2594	20.6483	1930.41	136.313
20.3233	20.4394	1259.7	119.611
20.4452	20.6251	1242.35	105.368
20.7238	20.9328	1970.97	292.884
20.7354	20.8399	1644.04	190.931
20.927	21.2405	1663.14	249.371
20.9908	21.3275	2222.59	172.772
21.0083	21.403	1110.65	155.049
21.0721	21.3972	3720.7	145.217
21.1069	21.2695	2512.13	212.564
21.1476	21.2927	701.286	133.106
21.4436	21.7861	1715.83	299.834
21.5365	21.8616	1480.83	243.395
21.7165	22.0183	622.254	106.329
21.9138	22.7556	1107.45	236.231
22.0648	22.4073	2494.77	144.196
22.1228	22.5292	1880.88	118.694
22.2854	22.8078	1478.27	330.206
22.6336	23.0168	2197.06	190.749
22.7962	23.6902	1477.42	273.898
22.8252	23.1851	1047.11	185.676
22.8833	23.4405	3720.7	207.676
22.9065	23.2025	5607.05	144.833
23.22	23.5683	2124.67	715.8
23.5741	23.7366	2198.33	579.465
23.8295	23.9804	1480.83	158.083
23.9224	24.8047	2103.91	324.435
23.9978	24.3519	828.214	94.6567
24.3055	24.7989	1247.39	264.23
24.5957	25.3214	2490.45	129.328
24.6015	25.1356	737.429	96.4761
24.6828	25.2285	1866.81	175.853
24.9556	25.629	2096.63	361.95
25.1356	25.3736	1886.32	284.172
25.4317	25.7509	1932.64	204.52
25.7103	26.1108	1896.15	470.336
25.7741	26.0702	1522.46	184.809
25.8844	26.4475	2171.83	251.41
26.1283	26.285	1881.97	315.303
26.256	26.6275	2803.53	289.497
26.3082	26.8423	1670.84	272.08
26.4707	26.7958	2494.77	162.45
26.5114	26.941	698.053	105.745
26.6275	27.1673	2798.67	135.7
26.7726	27.1557	1666.02	318.417
26.9468	27.2196	2117.32	60.8619
27.0745	27.8349	1864.66	273.507
27.1151	27.2544	1574.33	165.242
27.3763	28.1484	1664.1	139.23
27.3995	27.8291	2487.58	119.514
27.5621	27.8291	1404.19	77.1409
27.655	28.2006	2099.06	421.545
28.0613	28.2761	2788.99	123.222
28.1194	28.369	2225.16	170.237
28.1774	28.4386	1660.26	67.6047
28.3341	28.6476	1860.35	200.506
28.4096	28.5199	2436.39	52.4598
28.6476	29.1585	2216.18	83.4947
29.1701	29.4661	2223.87	51.8868
