0.888163	1.10295	2760.14	58.6274
1.03909	1.18422	1253.16	94.6971
1.23646	1.56735	740.844	104.175
1.24807	1.56735	2959.96	195.874
1.53252	1.67184	3314.77	48.2232
1.70667	1.92726	2894.02	142.857
1.81696	2.00272	1284.68	87.6983
1.92145	2.11302	3637.82	73.9502
2.04336	2.20009	2914.15	131.023
2.06658	2.40327	5974.88	211.084
2.26975	2.52517	3503.77	204.929
2.30458	2.62385	1750.87	242.04
2.46712	2.61224	880	115.706
2.5658	2.93152	2912.47	100.505
2.65868	2.85605	3507.82	48.7186
2.82122	2.96635	2931.03	116.708
2.84444	2.98957	5909.66	85.5673
2.94893	3.18113	2978.82	291.271
3.42494	3.63973	1324.62	155.514
3.4946	3.64553	1410.7	197.637
3.69778	4.04608	2990.89	340.394
3.83129	3.97061	3507.82	141.938
4.0693	4.20281	2942.91	329.592
4.15057	4.40018	5804.78	450.704
4.35374	4.56272	2925.96	290.636
4.40018	4.64399	1774.29	374.984
4.40599	4.6498	877.462	289.374
4.49887	4.82975	3487.62	235.183
4.7659	4.96907	1958.49	349.015
4.78912	5.01551	3930.58	216.372
4.83556	5.05615	2980.54	122.92
5.09097	5.31737	2758.55	315.271
5.16063	5.30576	697.247	159.858
5.31737	5.88045	2919.2	446.072
5.42186	5.57279	730.645	270.28
5.77016	5.9385	2808.39	206.469
5.81079	6.12426	1209.08	286.649
5.89787	6.12426	3618.96	122.997
5.9385	6.13007	3209.26	130.239
6.04299	6.25778	1479.12	178.626
6.04299	6.25778	1479.12	178.626
6.36227	6.64671	1751.89	481.923
6.44934	6.64091	877.969	264.142
6.61769	6.82086	2944.61	184.353
6.66993	6.81506	3307.12	92.4409
6.73379	6.93696	1264.07	207.72
6.78023	7.42458	2745.83	275.018
6.91955	7.18077	2130.82	285.301
7.51746	7.70322	1401.76	405.993
7.5639	7.82512	2708.03	203.843
7.66839	7.82512	2971.95	217.629
7.76127	8.01669	1203.51	171.723
7.95283	8.16762	2889.01	329.392
8.20825	8.32435	3505.8	78.4989
8.24308	8.39401	5848.54	246.494
8.41143	8.68426	1747.84	440.953
8.50431	8.66685	882.036	205.54
8.69007	8.81778	1358.71	226.878
8.70168	8.88163	2698.66	138.686
8.79456	9.36925	2777.73	378.553
8.86422	9.35184	1391.28	553.376
9.27057	9.39247	2496.21	296.258
9.4273	9.7698	1470.6	537.786
9.73497	9.86848	3481.58	96.3985
9.78141	9.96716	3105.32	281.56
9.90912	10.0891	1275.07	409.158
10.1703	10.3329	1362.64	125.594
10.2632	10.3387	2792.21	205.51
10.3097	10.4664	6210.64	502.666
10.478	10.8785	1760	489.428
10.5477	10.8611	868.386	286.538
10.8321	11.1049	2380.74	522.474
10.9018	11.0585	1189.68	263.198
11.0759	11.2094	5571.54	140.651
11.1746	11.4358	1200.03	506.942
11.2559	11.4126	3417.82	188.031
11.3197	11.7899	3497.71	492.133
11.6506	11.8654	1670.84	280.285
11.7261	11.9583	1410.7	382.641
11.9989	12.1731	2264.05	92.3132
12.057	12.1847	3577.39	90.2741
12.1556	12.4749	2862.43	390.172
12.353	12.4633	1007.94	266.002
12.533	12.9161	1756.95	393.628
12.591	12.8813	879.492	350.363
12.6955	12.9393	2859.13	235.069
13.0032	13.1773	3967.07	239.8
13.0264	13.305	1983.54	277.058
13.2644	13.4966	2793.83	469.977
13.4618	13.7462	2022.88	555.195
13.6417	14.3499	2956.54	644.246
14.0016	14.199	2094.21	793.772
14.0307	14.2048	1036.88	769.982
14.2338	14.5821	2925.96	272.506
14.3615	14.5763	913.141	123.251
14.5241	14.8434	2434.98	509.691
14.5705	14.8317	877.462	426.409
14.6808	14.8434	1756.95	315.516
14.7389	14.8782	3073.2	144.284
14.884	15.0407	3439.6	192.772
14.913	15.0523	1100.44	225.032
15.0001	15.2497	2852.53	112.873
15.1394	15.2555	2959.96	101.5
15.2671	15.4529	3396.17	207.866
15.3019	15.569	2013.55	219.107
15.3774	15.5458	2700.22	218.351
15.6096	15.865	2088.17	441.411
15.8012	15.9579	708.207	162.187
15.9405	16.1205	1051.96	554.364
15.9405	16.1205	1051.96	554.364
16.0102	16.1321	2059.43	235.219
16.1669	16.5326	2220.02	465.227
16.2424	16.5674	1033.88	517.404
16.2888	16.3875	2922.58	288.265
16.6429	16.8925	1788.7	426.804
16.6835	16.8983	880	309.885
16.7764	16.9099	3583.6	139.581
16.939	17.206	2605.23	413.858
17.0086	17.0783	920.023	229.801
17.0493	17.1595	2946.31	179.719
17.1944	17.3859	3515.94	191.673
17.3221	17.5369	2895.69	219.469
17.4208	17.5949	2982.27	160.84
17.9606	18.1406	3648.34	132.59
18.1232	18.2451	993.489	101.096
18.2219	18.3786	3060.8	172.65
18.3147	18.4308	3542.44	63.5667
18.3612	18.5237	937.728	176.348
18.396	18.5469	1923.73	207.372
18.4773	18.5527	2788.99	151.734
18.7327	18.8952	3524.07	275.602
18.7443	19.0346	1772.24	407.693
18.7675	19.0229	884.076	301.477
19.0984	19.3132	3596.04	99.8787
19.2493	19.3596	2827.92	301.661
19.4815	19.6731	3608.52	237.728
19.7428	20.0446	2107.56	323.986
19.824	20.0911	1388.07	270.278
19.8937	20.0737	1094.73	250.519
19.9459	20.1956	3307.12	421.643
20.451	20.5903	2470.4	184.007
20.5032	20.6309	2937.81	119.125
20.5671	20.6658	752.924	129.199
20.7993	21.0373	1754.92	662.533
20.9328	21.1592	1745.82	326.729
21.1185	21.3101	2627.9	361.369
21.165	21.5829	1941.59	358.805
21.3449	21.5423	3517.97	314.335
21.4262	21.7107	1392.08	364.348
21.4668	21.67	3207.41	219.766
21.5481	21.6932	687.648	200.851
21.8268	22.0415	1128.11	326.373
21.879	22.1286	1459.6	480.726
21.9429	22.146	2303.63	581.023
22.1576	22.3666	3055.5	594.938
22.2273	22.384	2539.85	657.748
22.2795	22.7265	2195.79	289.731
22.5001	22.7381	3015.18	163.559
22.5059	22.6511	1036.88	148.708
22.7904	22.9355	1185.57	868.589
22.9587	23.1619	2310.29	207.603
22.9878	23.1097	870.898	93.6076
23.0052	23.1445	2101.48	150.53
23.098	23.3477	3550.63	359.881
23.3477	23.5276	2920.89	189.078
23.4812	23.7656	3556.79	273.681
23.5973	24.1546	2730.01	364.208
23.8005	24.021	1118.38	585.878
23.9282	24.1429	1941.59	539.664
24.1313	24.2997	1013.19	120.644
24.2532	24.468	2989.16	366.629
24.3055	24.4622	973.043	460.347
24.4796	24.6132	2882.34	280.923
24.5261	24.6248	1117.09	241.09
24.6364	24.8512	3378.56	408.48
24.677	24.8337	1090.94	537.17
24.8047	25.0369	1194.5	525.051
24.8628	25.095	3517.97	228.216
24.8802	25.1008	1756.95	325.045
24.9324	25.1008	875.943	246.081
25.2517	25.4549	3039.66	185.011
25.3852	25.6116	3499.73	166.01
25.6	25.8148	1432.04	323.965
25.7509	26.1747	1479.12	531.013
26.0354	26.1399	1122.91	411.145
26.1108	26.2211	744.276	137.039
26.1689	26.3198	3361.04	163.954
26.285	26.4824	2579.77	389.333
26.3372	26.7029	1055	413.563
26.6043	26.7088	1873.29	83.9477
26.6855	26.8539	2793.83	140.836
26.9003	27.2312	876.449	249.855
26.9119	27.3531	1740.79	277.098
27.2022	27.3357	3011.69	157.636
27.237	27.3879	1109.37	198.459
27.4576	27.5447	2787.38	125.166
28.1658	28.3341	1165.87	480.445
28.4386	28.5722	2917.52	122.614
28.5141	28.7231	1165.2	125.223
28.6012	28.8508	2626.38	112.393
28.7347	28.9205	2827.92	86.1131
28.9727	29.2281	2885.67	88.1523
29.0017	29.2978	867.384	64.585
29.0249	29.321	1750.87	96.6337
29.35	29.588	2308.96	101.185
29.4371	29.6112	3905.68	49.2215
