0.249615	1.06231	4690.5	87.0435
0.417959	0.679184	4006.22	76.5665
0.534059	1.11456	1990.42	243.196
0.801088	1.15519	3946.5	129.882
0.986848	1.30612	4693.21	68.8461
1.00426	1.21905	2337.14	70.2784
1.30612	1.80535	5261.87	82.0363
1.35837	1.66603	2615.78	43.7028
1.56154	1.82857	3320.52	76.3352
1.60218	1.75311	3027.39	96.8991
1.6254	1.84599	2463.27	139.228
1.70086	2.03755	4062.15	225.689
1.70667	1.92145	2077.35	374.848
1.92145	2.24073	2197.06	265.685
1.94467	2.28136	1745.82	265.43
2.17687	2.40327	4562.24	112.255
2.3278	2.52517	1757.97	267.587
2.40327	2.59483	2181.89	665.741
2.54258	2.73415	2614.27	153.081
2.61224	2.7922	4701.35	343.004
2.65288	2.82122	2191.99	780.513
2.75156	2.94313	4668.88	193.962
2.88508	3.07084	3987.75	324.349
2.90249	3.4946	1920.4	361.781
2.96054	3.11728	2216.18	262.302
3.07084	3.55846	3513.91	310.119
3.21016	3.62231	4432.36	197.074
3.43655	3.67456	3937.4	124.808
3.53524	4.76009	1744.82	929.19
3.57007	3.73841	2156.82	309.191
4.09252	4.42921	4391.59	258.498
4.4234	5.14902	5219.49	129.581
4.60916	4.73107	4371.34	66.394
4.75429	4.92844	4458.04	60.0302
4.93424	5.36961	1440.34	403.158
5.05034	5.43347	1689.28	221.872
5.20707	5.43927	5231.56	139.884
5.29415	5.50313	3278.59	355.665
5.32317	5.50893	1645.94	554.491
5.4683	5.90948	5231.56	206.02
5.53796	5.73533	1737.78	705.366
5.68308	5.96172	2078.55	107.735
5.81079	6.00236	1693.19	147.754
5.95011	6.36807	1731.76	592.644
5.95011	6.36807	1731.76	592.644
5.96172	6.35646	3473.55	290.657
6.21134	6.55383	4409.38	239.661
6.44934	7.11111	1739.78	500.357
6.50159	6.8673	4404.29	242.036
6.80345	7.01243	4411.93	167.112
6.93696	7.16916	4399.2	169.423
7.0995	7.30268	4396.66	139.982
7.0995	7.50585	1753.91	76.7007
7.24463	7.41297	4401.75	146.025
7.24463	7.41297	4401.75	146.025
7.36073	7.71483	4427.24	40.961
7.40136	7.77288	5204.44	94.6376
7.43039	7.69741	1738.78	55.2513
7.63936	7.81932	557.577	38.1613
7.70902	7.95864	5225.52	96.7806
7.85995	8.0283	5240.64	140.846
7.87156	8.55075	4145.1	496.11
7.90639	8.39982	2074.95	956.96
8.19084	8.39982	2327.71	174.014
8.42884	8.71329	4986.67	188.112
8.52753	8.70748	1959.62	804.828
8.8468	9.03256	4417.03	205.528
8.92807	9.1951	3333.97	424.555
8.95129	9.1951	1681.49	623.32
9.17188	9.47374	4409.38	154.171
9.35184	9.8859	1654.52	356.61
9.35184	10.2342	3332.05	322.069
9.86268	10.2806	3937.4	100.211
9.97878	10.658	1972.11	54.3186
10.0078	10.1819	1672.77	37.0534
10.211	10.6463	3307.12	76.4589
10.3039	10.7392	2584.24	60.4979
10.3735	10.687	820.121	49.9017
10.8379	11.2094	1972.11	141.286
10.954	11.0991	1677.61	96.9788
11.0527	11.2036	1245.23	243.208
11.2849	11.5751	1182.83	153.218
11.3488	11.6158	1685.38	326.189
11.4823	11.819	1404.19	265.583
11.6158	11.7435	1711.87	61.3164
11.7551	12.1556	1660.26	169.275
11.8886	12.1266	2180.63	74.0168
11.9467	12.057	1478.27	44.3566
12.1498	12.3414	2523.76	152.544
12.2311	12.591	2965.09	214.319
12.2311	12.6781	1469.75	261.826
12.295	12.6955	3919.24	158.258
12.5852	12.7536	1466.36	81.9078
12.7245	13.0322	3517.97	112.519
12.7768	13.0612	4404.29	135.737
12.858	13.6998	1969.84	60.682
12.9683	13.5837	1476.56	34.5456
13.2005	13.7868	3914.72	35.3787
13.6417	14.0539	1719.8	377.667
14.1584	14.4544	1602.78	749.257
14.6112	14.7853	1468.06	340.438
14.7853	15.6444	1283.94	358.267
14.8376	15.0988	3276.7	148.408
14.8898	15.0001	4554.34	110.134
15.2845	15.5458	5301.53	179.487
15.4239	15.5864	3425.72	118.341
15.6038	16.2075	1299.61	271.102
15.6793	16.1495	3307.12	227.129
15.7605	16.0392	4972.28	189.07
16.0218	16.579	3941.95	123.785
16.1088	16.9622	3305.21	69.0518
16.1379	16.3759	891.254	64.6335
16.5152	16.9912	5204.44	77.5146
16.5965	16.7764	833.493	51.1322
16.6835	18.129	1973.25	51.6966
16.8809	17.0318	5032.97	108.29
16.9506	17.5137	3314.77	81.9459
16.9622	17.4324	4978.03	124.015
17.1015	17.4498	1655.47	61.8427
17.2931	17.5891	3939.67	98.4522
17.444	18.8836	3305.21	84.7305
17.5078	18.2161	3928.31	99.868
19.1739	19.4293	1160.5	43.0499
19.2319	19.5222	2369.76	52.2106
19.3248	19.5454	3629.43	57.3854
19.3364	19.7486	1212.58	87.3356
19.7195	19.9401	1235.91	129.999
19.9634	20.1375	1225.96	220.775
20.1433	20.4103	1211.88	131.653
20.213	20.4858	2418.16	165.664
20.3233	20.4916	1195.88	221.359
20.4974	20.689	1195.19	168.667
20.689	21.2056	1475.71	180.568
20.7761	21.432	5237.61	126.318
20.8922	21.0837	4326.13	111.946
20.9676	21.1882	552.128	35.2037
21.136	21.3624	1503.24	312.613
21.3507	21.8035	1467.21	201.01
21.4262	21.821	5243.66	146.524
21.5946	21.9893	4427.24	61.278
21.7455	22.384	5234.59	78.5803
21.9196	22.3144	4429.8	44.3642
22.2331	22.5524	3757.42	40.8336
22.3434	23.2025	5237.61	169.93
22.4885	22.9529	3742.26	86.9768
22.7439	22.8542	1147.17	316.312
22.9123	23.1329	1194.5	361.141
23.0284	23.3012	2326.36	105.184
23.1097	23.3419	3669.48	187.154
23.1503	23.5334	5243.66	135.504
23.2896	23.7076	1240.2	139.062
23.4812	23.8817	5240.64	87.8633
23.5102	23.8005	3731.46	50.7974
23.6495	24.8163	1451.2	274.98
23.7946	24.021	5219.49	99.1351
23.9398	24.1197	5237.61	191.652
24.0501	24.7583	5240.64	203.881
24.6654	25.0601	5228.54	130.338
24.9789	25.2575	5234.59	131.466
25.0137	25.2865	10457.1	67.3378
25.0834	25.3562	5219.49	113.941
25.2633	26.97	5225.52	168.773
25.4607	25.7451	3718.56	81.6737
25.5478	25.7219	737.003	61.4532
25.6058	25.7625	10481.3	183.841
25.6871	25.8438	1448.68	1016.7
25.8496	25.9831	1452.87	190.317
26.0122	26.2037	1644.99	367.285
26.0122	26.2037	1644.99	367.285
26.0412	26.2327	3276.7	184.983
26.2444	26.4185	1419.69	438.334
26.5636	26.7436	1447.01	370.564
26.6507	26.8539	1432.04	1023.9
26.8074	27.8001	3863.05	186.905
26.8597	27.1673	1422.15	94.6029
26.9642	27.446	4963.68	137.491
27.0687	28.0323	1927.07	443.858
27.4924	27.8233	4926.54	141.436
27.5563	27.742	5851.91	139.953
27.8291	28.2355	4800.14	218.27
27.8465	28.5605	1519.83	455.023
27.9336	28.0381	5117.98	95.8677
28.0555	28.2006	5213.46	91.6624
28.5547	29.5184	1458.76	215.972
28.7231	29.321	5835.04	48.6738
