0
0.00580499
0.01161
0.017415
0.02322
0.0290249
0.0348299
0.0406349
0.0464399
0.0522449
0.0580499
0.0638549
0.0696599
0.0754649
0.0812698
0.0870748
0.0928798
0.0986848
0.10449
0.110295
0.1161
0.121905
0.12771
0.133515
0.13932
0.145125
0.15093
0.156735
0.16254
0.168345
0.17415
0.179955
0.18576
0.191565
0.19737
0.203175
0.20898
0.214785
0.22059
0.226395
0.2322
0.238005
0.24381
0.249615
0.255419
0.261224
0.267029
0.272834
0.278639
0.284444
0.290249
0.296054
0.301859
0.307664
0.313469
0.319274
0.325079
0.330884
0.336689
0.342494
0.348299
0.354104
0.359909
0.365714
0.371519
0.377324
0.383129
0.388934
0.394739
0.400544
0.406349
0.412154
0.417959
0.423764
0.429569
0.435374
0.441179
0.446984
0.452789
0.458594
0.464399
0.470204
0.476009
0.481814
0.487619
0.493424
0.499229
0.505034
0.510839
0.516644
0.522449
0.528254
0.534059
0.539864
0.545669
0.551474
0.557279
0.563084
0.568889
0.574694
0.580499
0.586304
0.592109
0.597914
0.603719
0.609524
0.615329
0.621134
0.626939
0.632744
0.638549
0.644354
0.650159
0.655964
0.661769
0.667574
0.673379
0.679184
0.684989
0.690794
0.696599
0.702404
0.708209
0.714014
0.719819
0.725624
0.731429
0.737234
0.743039
0.748844
0.754649
0.760454
0.766258
0.772063
0.777868
0.783673
0.789478
0.795283
0.801088
0.806893
0.812698
0.818503
0.824308
0.830113
0.835918
0.841723
0.847528
0.853333
0.859138
0.864943
0.870748
0.876553
0.882358
0.888163
0.893968
0.899773
0.905578
0.911383
0.917188
0.922993
0.928798
0.934603
0.940408
0.946213
0.952018
0.957823
0.963628
0.969433
0.975238
0.981043
0.986848
0.992653
0.998458
1.00426
1.01007
1.01587
1.02168
1.02748
1.03329
1.03909
1.0449
1.0507
1.05651
1.06231
1.06812
1.07392
1.07973
1.08553
1.09134
1.09714
1.10295
1.10875
1.11456
1.12036
1.12617
1.13197
1.13778
1.14358
1.14939
1.15519
1.161
1.1668
1.17261
1.17841
1.18422
1.19002
1.19583
1.20163
1.20744
1.21324
1.21905
1.22485
1.23066
1.23646
1.24227
1.24807
1.25388
1.25968
1.26549
1.27129
1.2771
1.2829
1.28871
1.29451
1.30032
1.30612
1.31193
1.31773
1.32354
1.32934
1.33515
1.34095
1.34676
1.35256
1.35837
1.36417
1.36998
1.37578
1.38159
1.38739
1.3932
1.399
1.40481
1.41061
1.41642
1.42222
1.42803
1.43383
1.43964
1.44544
1.45125
1.45705
1.46286
1.46866
1.47447
1.48027
1.48608
1.49188
1.49769
1.50349
1.5093
1.5151
1.52091
1.52671
1.53252
1.53832
1.54413
1.54993
1.55574
1.56154
1.56735
1.57315
1.57896
1.58476
1.59057
1.59637
1.60218
1.60798
1.61379
1.61959
1.6254
1.6312
1.63701
1.64281
1.64862
1.65442
1.66023
1.66603
1.67184
1.67764
1.68345
1.68925
1.69506
1.70086
1.70667
1.71247
1.71828
1.72408
1.72989
1.73569
1.7415
1.7473
1.75311
1.75891
1.76472
1.77052
1.77633
1.78213
1.78794
1.79374
1.79955
1.80535
1.81116
1.81696
1.82277
1.82857
1.83438
1.84018
1.84599
1.85179
1.8576
1.8634
1.86921
1.87501
1.88082
1.88662
1.89243
1.89823
1.90404
1.90984
1.91565
1.92145
1.92726
1.93306
1.93887
1.94467
1.95048
1.95628
1.96209
1.96789
1.9737
1.9795
1.98531
1.99111
1.99692
2.00272
2.00853
2.01433
2.02014
2.02594
2.03175
2.03755
2.04336
2.04916
2.05497
2.06077
2.06658
2.07238
2.07819
2.08399
2.0898
2.0956
2.10141
2.10721
2.11302
2.11882
2.12463
2.13043
2.13624
2.14204
2.14785
2.15365
2.15946
2.16526
2.17107
2.17687
2.18268
2.18848
2.19429
2.20009
2.2059
2.2117
2.21751
2.22331
2.22912
2.23492
2.24073
2.24653
2.25234
2.25814
2.26395
2.26975
2.27556
2.28136
2.28717
2.29297
2.29878
2.30458
2.31039
2.31619
2.322
2.3278
2.33361
2.33941
2.34522
2.35102
2.35683
2.36263
2.36844
2.37424
2.38005
2.38585
2.39166
2.39746
2.40327
2.40907
2.41488
2.42068
2.42649
2.43229
2.4381
2.4439
2.44971
2.45551
2.46132
2.46712
2.47293
2.47873
2.48454
2.49034
2.49615
2.50195
2.50776
2.51356
2.51937
2.52517
2.53098
2.53678
2.54258
2.54839
2.55419
2.56
2.5658
2.57161
2.57741
2.58322
2.58902
2.59483
2.60063
2.60644
2.61224
2.61805
2.62385
2.62966
2.63546
2.64127
2.64707
2.65288
2.65868
2.66449
2.67029
2.6761
2.6819
2.68771
2.69351
2.69932
2.70512
2.71093
2.71673
2.72254
2.72834
2.73415
2.73995
2.74576
2.75156
2.75737
2.76317
2.76898
2.77478
2.78059
2.78639
2.7922
2.798
2.80381
2.80961
2.81542
2.82122
2.82703
2.83283
2.83864
2.84444
2.85025
2.85605
2.86186
2.86766
2.87347
2.87927
2.88508
2.89088
2.89669
2.90249
2.9083
2.9141
2.91991
2.92571	424.031
2.93152	426.734
2.93732	432.191
2.94313	445.885
2.94893	472.671
2.95474	475.135
2.96054	476.234
2.96635	481.211
2.97215	485.679
2.97796	488.493
2.98376	496.457
2.98957	493.313
2.99537	492.459
3.00118	478.44
3.00698	483.161
3.01279	484.278
3.01859	480.378
3.0244	477.887
3.0302	478.993
3.03601	468.323
3.04181	471.308
3.04762	488.493
3.05342	494.169
3.05923	482.046
3.06503	471.036
3.07084	475.409
3.07664	464.819
3.08245	467.242
3.08825	470.764
3.09406	472.944
3.09986	476.509
3.10567	468.323
3.11147	469.677
3.11728	485.399
3.12308	477.336
3.12889	472.671
3.13469	477.887
3.1405	475.135
3.1463	455.78
3.15211	461.076
3.15791	471.58
3.16372	478.163
3.16952	503.388
3.17533	512.187
3.18113	483.999
3.18694	496.457
3.19274	506.889
3.19855	500.199
3.20435	493.598
3.21016	501.936
3.21596	505.719	507.182
3.22177	513.668	474.86
3.22757	513.965	480.378
3.23338	506.596	481.489
3.23918	503.679	451.848
3.24499	513.965	459.215
3.25079	520.237	441.273
3.2566	525.371	435.952
3.2624	516.942	440.509
3.26821	525.068	442.805
3.27401	506.011	453.678
3.27982	493.598	436.456
3.28562	495.026	450.284
3.29143	488.493	444.856
3.29723	491.89	448.727
3.30304	486.803	435.449
3.30884	488.775	424.276
3.31465	484.838	426.487
3.32045	489.057	423.053
3.32626	509.826	417.228
3.33206	510.415	403.482
3.33787	487.084	403.715
3.34367	495.884	398.617
3.34948	513.372	400.001
3.35528	516.942	403.948
3.36109	527.5	395.407
3.36689	525.978	383.264
3.3727	554.686	376.027
3.3785	377.115	358.839
3.38431	393.129	364.69
3.39011	389.288	353.49
3.39592	401.622	353.286
3.40172	398.157	345.217
3.40753	401.854	336.748
3.41333	412.198	344.619
3.41914	400.232	351.454
3.42494	399.078	347.819
3.43075	401.158	348.825
3.43655	393.356	342.832
3.44236	403.482	341.055
3.44816	422.32	346.616
3.45397	429.206	340.464
3.45977	427.227	353.082
3.46558	342.832
3.47138	345.217
3.47719	347.417
3.48299	348.02
3.4888	347.016	445.885
3.4946	336.748	418.193
3.50041	327.54	394.039
3.50621	334.229	409.114
3.51202	323.217	406.523
3.51782	312.207	402.783
3.52363	308.799	399.539
3.52943	304.196	398.387
3.53524	304.724	397.238
3.54104	314.379	403.715
3.54685	316.2	398.387
3.55265	306.844	399.77
3.55846	306.312	402.551
3.56426	308.265	416.747
3.57007	296.563	404.415
3.57587	302.969	392.902
3.58168	305.253	397.238
3.58748	314.56	407.934
3.59329	322.844	404.415
3.59909	316.931	411.722
3.6049	312.749	392.222
3.6107	312.388	407.934
3.61651	311.487	417.228
3.62231	312.388	412.436
3.62812	324.339	406.993
3.63392	338.308	401.622
3.63973	398.617
3.64553	403.948
3.65134	414.107
3.65714	414.107
3.66295	416.025
3.66875	410.061
3.67456	403.016
3.68036	397.238
3.68617	409.351
3.69197	416.265
3.69778	432.691
3.70358	439.492
3.70939	426.241
3.71519	411.484
3.721	411.484
3.7268	409.587
3.73261	425.503
3.73841	410.061
3.74422	410.297
3.75002	425.012
3.75583	425.503
3.76163	428.958
3.76744	416.747
3.77324	414.346
3.77905	404.649
3.78485	397.467
3.79066	405.585
3.79646	413.868
3.80227	406.523
3.80807	412.674
3.81388	412.913
3.81968	405.585
3.82549	394.722
3.83129	376.679
3.8371	394.95
3.8429	410.535
3.84871	411.009
3.85451	411.96
3.86032	404.182
3.86612	399.539
3.87193	389.288
3.87773	381.717
3.88354	367.439
3.88934	365.111
3.89515	365.745
3.90095	374.943
3.90676
3.91256
3.91837
3.92417
3.92998
3.93578
3.94159
3.94739
3.9532
3.959
3.96481
3.97061
3.97642
3.98222
3.98803
3.99383
3.99964
4.00544
4.01125
4.01705
4.02286
4.02866
4.03447
4.04027
4.04608
4.05188
4.05769
4.06349
4.0693
4.0751
4.08091
4.08671	377.115
4.09252	392.449
4.09832	391.995
4.10413	412.198
4.10993	403.715
4.11574	407.934
4.12154	413.39
4.12735	412.198
4.13315	419.888
4.13896	414.825
4.14476	412.674
4.15057	407.699
4.15637	401.622
4.16218	403.948
4.16798	388.614
4.17379	384.594
4.17959	375.593
4.1854	375.81
4.1912	388.165
4.19701	390.188
4.20281	394.266
4.20862	393.129
4.21442	389.963
4.22023	375.593
4.22603	389.063
4.23184	382.6
4.23764	387.941
4.24345	377.333
4.24925	359.046
4.25506	352.674
4.26086	359.669
4.26667	365.745
4.27247	353.082
4.27828	337.917
4.28408	345.217
4.28989	351.251
4.29569	344.42
4.3015	346.016
4.3073	340.464
4.31311	340.268
4.31891	338.112
4.32472	349.228
4.33052	356.155
4.33633	351.454
4.34213	351.454
4.34794	352.878
4.35374	368.076
4.35955	373.214
4.36535	374.51
4.37116	379.957
4.37696	382.821
4.38277	368.714
4.38857	381.717
4.39438	385.484
4.40018	387.717
4.40599	378.643
4.41179	383.928
4.4176	382.821
4.4234	384.372
4.42921	375.81
4.43501	384.372
4.44082	394.722
4.44662	394.494
4.45243	399.77
4.45823	405.351
4.46404	407.228
4.46984	408.406
4.47565	416.506
4.48145	427.474
4.48726	429.206
4.49306	424.276
4.49887	425.012
4.50467	415.545
4.51048	406.993
4.51628	413.629
4.52209	427.721
4.52789	411.722
4.5337	407.228
4.5395	420.616
4.54531	407.934
4.55111	406.523
4.55692	395.864
4.56272	406.993
4.56853	410.772
4.57433	407.934
4.58014	397.238
4.58594	398.157
4.59175	394.95
4.59755	406.523
4.60336	407.934
4.60916	399.078
4.61497	407.934
4.62077	392.902
4.62658	384.372
4.63238	382.379
4.63819	375.159
4.64399	371.279
4.6498	385.484
4.6556	391.995
4.66141	390.639
4.66721	378.643
4.67302	385.261
4.67882	380.177
4.68463	378.861
4.69043	388.838
4.69624	391.091
4.70204	389.288
4.70785	385.484
4.71365	390.414	353.082
4.71946	392.902	363.638
4.72526	390.414	363.428
4.73107	395.178	383.707
4.73687	393.129	383.928
4.74268	402.086	377.551
4.74848	409.351	372.783
4.75429	414.825	367.439
4.76009	403.482	346.616
4.7659	389.063	352.064
4.7717	378.205	351.048
4.77751	352.674
4.78331	361.335
4.78912	366.803
4.79492	371.923
4.80073	375.159
4.80653	362.38
4.81234	362.38
4.81814	359.877
4.82395	360.085
4.82975	366.167
4.83556	368.076
4.84136	365.745
4.84717	368.501
4.85297	359.254
4.85878	356.566
4.86458	360.709
4.87039	352.674
4.87619	352.064
4.882	349.027
4.8878	349.632
4.89361	355.949
4.89941	351.048
4.90522	345.018
4.91102	341.449
4.91683	336.554
4.92263	338.699
4.92844	348.825
4.93424	348.422
4.94005	337.722
4.94585	340.268
4.95166	331.92
4.95746	323.03
4.96327	316.017
4.96907	324.527
4.97487	327.729
4.98068	333.265
4.98649	339.875
4.99229	338.308
4.9981	337.332
5.0039	337.917
5.00971	346.016
5.01551	335.389
5.02132	335.583
5.02712	335.971
5.03293	344.221
5.03873	348.221
5.04454	342.041
5.05034	345.018
5.05615	343.229
5.06195	344.619
5.06776	351.657
5.07356	351.048
5.07936	349.834
5.08517	362.38
5.09097	361.544
5.09678	360.501
5.10258	364.269
5.10839	371.923
5.11419	369.781
5.12	382.821
5.1258	381.056
5.13161	378.424
5.13741	380.177
5.14322	369.994
5.14902	362.171
5.15483	349.027
5.16063	330.009
5.16644	323.03
5.17225	303.845
5.17805	303.494
5.18385	306.135
5.18966
5.19546
5.20127
5.20707
5.21288
5.21868
5.22449
5.23029
5.2361
5.2419
5.24771
5.25351
5.25932
5.26512
5.27093
5.27673
5.28254
5.28834
5.29415
5.29995
5.30576
5.31156
5.31737
5.32317
5.32898
5.33478
5.34059
5.34639
5.3522
5.358
5.36381
5.36961
5.37542
5.38122
5.38703
5.39283
5.39864
5.40444
5.41025
5.41605
5.42186
5.42766
5.43347
5.43927
5.44508
5.45088
5.45669
5.46249
5.4683
5.4741
5.47991
5.48571
5.49152
5.49732
5.50313
5.50893
5.51474
5.52054
5.52635
5.53215
5.53796
5.54376
5.54957
5.55537
5.56118
5.56698
5.57279
5.57859
5.5844
5.5902
5.59601
5.60181
5.60762
5.61342
5.61923
5.62503
5.63084
5.63664
5.64245
5.64825
5.65406
5.65986
5.66567
5.67147
5.67728
5.68308
5.68889
5.69469
5.7005
5.7063
5.71211
5.71791
5.72372
5.72952
5.73533
5.74113
5.74694
5.75274
5.75855
5.76435
5.77016
5.77596
5.78177
5.78757
5.79338
5.79918
5.80499
5.81079
5.8166
5.8224
5.82821
5.83401
5.83982
5.84562
5.85143
5.85723
5.86304
5.86884
5.87465
5.88045
5.88626
5.89206
5.89787
5.90367
5.90948
5.91528
5.92109
5.92689
5.9327
5.9385
5.94431
5.95011
5.95592
5.96172
5.96753
5.97333
5.97914	369.354
5.98494	376.462
5.99075	366.379
5.99655	363.848
6.00236	364.901
6.00816	354.103
6.01397	343.824
6.01977	341.055
6.02558	335.002
6.03138	338.895
6.03719	340.268
6.04299	333.65
6.0488	327.162
6.0546	321.913
6.06041	317.481
6.06621	311.307
6.07202	302.095
6.07782	302.095
6.08363	307.376
6.08943	290.963
6.09524	284.153
6.10104	284.153
6.10685	277.343
6.11265	280.565
6.11846	281.865
6.12426	282.354
6.13007	288.453
6.13587	287.787
6.14168	291.3
6.14748	294.855
6.15329	290.795
6.15909	295.025
6.1649	297.764
6.1707	294.684
6.17651	292.649
6.18231	286.792
6.18812	301.572
6.19392	300.876
6.19973	298.625
6.20553	298.625
6.21134	294.344
6.21714	301.746
6.22295	292.987	480.378
6.22875	294.855	509.531
6.23456	290.292	475.959
6.24036	281.377	490.755
6.24617	299.143	477.06
6.25197	303.494	456.307
6.25778	301.746	479.269
6.26358	303.319	485.399
6.26939	315.47	488.775
6.27519	464.283
6.281	469.406
6.2868	488.775
6.29261	489.623	633.863
6.29841	502.226	591.756
6.30422	505.135	596.561
6.31002	512.187	593.125
6.31583	510.415	591.415
6.32163	498.757	561.131
6.32744	507.768	572.59
6.33324	506.304	591.756
6.33905	508.943	570.28
6.34485	519.337	564.055
6.35066	500.488	573.252
6.35646	509.826	585.636
6.36227	514.262	578.575
6.36807	513.075	564.707
6.37388	518.138	567.323
6.37968	515.749	568.964
6.38549	506.304	571.599
6.39129	508.355	582.599
6.3971	507.475	577.907
6.4029	497.031	575.242
6.40871	503.097	578.575
6.41451	499.045	591.073
6.42032	487.365	590.732
6.42612	484.558	596.561
6.43193	471.036	591.073
6.43773	471.308	583.947
6.44354	472.398	582.936
6.44934	470.492	565.36
6.45515	452.893	547.998
6.46095	451.065	527.805
6.46676	461.875	502.807
6.47256	476.784	499.333
6.47837	479.823
6.48417	485.118
6.48998	489.623
6.49578	485.118
6.50159	472.125
6.50739	466.433
6.5132	458.42
6.519	472.671
6.52481	469.677
6.53061	487.084
6.53642	473.491	537.341
6.54222	475.684	510.71
6.54803	489.34	522.044
6.55383	481.211	507.182
6.55964	473.764	525.371
6.56544	466.164	510.71
6.57125	459.215	510.12
6.57705	447.95	514.262
6.58286	447.174	506.596
6.58866	450.805	514.856
6.59447	465.895	522.044
6.60027	462.142	508.355
6.60608	461.875	504.261
6.61188	459.746	511.3
6.61769	457.891	508.943
6.62349	465.626	523.553
6.6293	453.416	531.476
6.6351	458.42	535.791
6.64091	446.916	549.9
6.64671	444.342	541.704
6.65252	447.433	544.527
6.65832	465.088	552.766
6.66413	482.882	532.397
6.66993	478.163	531.169
6.67574	535.791
6.68154	534.554
6.68735	534.554
6.69315	541.391
6.69896	552.447
6.70476	558.221
6.71057	550.536
6.71637	545.471
6.72218	544.527
6.72798	537.962
6.73379	535.791
6.73959	532.397
6.7454	547.681
6.7512	555.648
6.75701	551.809
6.76281	556.611
6.76862	549.583
6.77442	541.078
6.78023	535.482
6.78603	519.037
6.79184	511.3
6.79764	502.807
6.80345	497.893
6.80925	513.372
6.81506	511.891
6.82086	490.189
6.82667	476.784
6.83247	468.052
6.83828	463.747
6.84408	456.834
6.84989	460.012
6.85569	462.409
6.8615	459.215
6.8673	459.746
6.87311	469.677
6.87891	474.86
6.88472	475.959
6.89052	496.171
6.89633	481.767
6.90213	478.993
6.90794	496.457
6.91374	501.067
6.91955	501.646
6.92535	499.622
6.93116	504.844
6.93696	501.936
6.94277	495.884
6.94857	493.028
6.95438	508.943
6.96018	505.427
6.96599	513.372
6.97179	492.175
6.9776	473.491
6.9834	485.679
6.98921	489.057
6.99501	481.767
7.00082	480.933	343.625
7.00662	470.22	332.88
7.01243	463.211	330.581
7.01823	445.37	332.496
7.02404	463.479	337.332
7.02984	465.357	361.544
7.03565	463.747	364.479
7.04145	481.767	350.846
7.04726	480.656	345.416
7.05306	480.933	343.031
7.05887	472.671	341.646
7.06467	467.512	345.616
7.07048	468.864	338.699
7.07628	460.809	329.057
7.08209	463.479	325.089
7.08789	462.676	336.165
7.0937	455.78	334.422
7.0995	466.164	324.152
7.10531	452.893	325.089
7.11111	463.479	330.772
7.11692	466.164	330.581
7.12272	450.545	321.913
7.12853	453.941	322.844
7.13433	463.747	318.032
7.14014	453.941	316.017
7.14594	319.32
7.15175	327.54
7.15755	318.951
7.16336	325.841
7.16916	327.162
7.17497	323.965
7.18077	323.965
7.18658	318.399
7.19238	322.099
7.19819	322.099
7.20399	318.767
7.2098	327.351
7.2156	326.03
7.22141	323.778
7.22721	313.653
7.23302	307.021
7.23882	301.398
7.24463	298.108
7.25043	306.844
7.25624	309.693
7.26204	312.749
7.26785	316.931
7.27365	318.215
7.27946	313.653
7.28526	312.929
7.29107	301.746
7.29687	313.472
7.30268	318.032
7.30848	317.848
7.31429	318.032
7.32009	325.465
7.3259	329.057
7.3317	342.239
7.33751	359.046
7.34331	357.185
7.34912	363.218
7.35492	367.863
7.36073	367.227
7.36653	369.354
7.37234	367.014
7.37814	353.899
7.38395	350.036
7.38975	363.428
7.39556	351.86
7.40136	344.619
7.40717	336.943
7.41297	318.032
7.41878	319.689
7.42458	317.481
7.43039	335.196
7.43619	335.389
7.442	348.825
7.4478	363.009
7.45361	359.877
7.45941	349.632
7.46522	347.217
7.47102	334.422
7.47683	335.196
7.48263	342.634
7.48844	342.041
7.49424	336.165
7.50005	332.88
7.50585	330.39
7.51166	326.03
7.51746	334.036
7.52327	330.772
7.52907	317.848
7.53487	331.537
7.54068	345.416
7.54648	343.031
7.55229
7.55809
7.5639	473.491
7.56971	468.864
7.57551	472.944
7.58132	473.218
7.58712	484.558
7.59293	467.242
7.59873	470.764
7.60454	478.716
7.61034	472.125
7.61615	499.045
7.62195	498.469
7.62776	496.171
7.63356	510.12
7.63936	514.262
7.64517	510.71
7.65097	511.005
7.65678	518.438
7.66258	492.743
7.66839	494.74
7.67419	495.598
7.68	493.598
7.6858	500.199
7.69161	485.399
7.69741	500.778
7.70322	496.744
7.70902	497.893
7.71483	509.237
7.72063	515.154
7.72644	527.805
7.73224	524.765
7.73805	525.675
7.74385	519.937
7.74966	528.72
7.75546	516.942
7.76127	499.045
7.76707	492.459
7.77288	478.44
7.77868	458.42
7.78449	482.882
7.79029	483.44
7.7961	472.398
7.8019	470.764
7.80771	460.012
7.81351	453.155
7.81932	449.505
7.82512	450.805
7.83093	459.215
7.83673	453.416
7.84254	458.95
7.84834	456.57
7.85415	448.467
7.85995	442.038
7.86576	453.155
7.87156	477.06
7.87737	475.684
7.88317	476.784
7.88898	457.098
7.89478	450.024
7.90059	445.37
7.90639	451.587
7.9122	444.342
7.918	445.37
7.92381	451.587
7.92961	459.215
7.93542	452.893
7.94122	442.293
7.94703	449.505
7.95283	451.587
7.95864	447.433
7.96444	470.764
7.97025	479.823
7.97605	457.362	313.291
7.98186	442.549	325.653
7.98766	452.631	335.971
7.99347	452.631	313.834
7.99927	447.691	322.099
8.00508	442.805	314.379
8.01088	435.449	302.619
8.01669	442.293	320.799
8.02249	451.848	339.286
8.0283	461.609	360.085
8.0341	441.273	360.085
8.03991	441.273	360.085
8.04571	381.056
8.05152	390.188
8.05732	397.009
8.06313	397.009
8.06893	400.232
8.07474	400.695
8.08054	401.622
8.08635	408.878
8.09215	408.878
8.09796	410.535
8.10376	408.406
8.10957	408.406
8.11537	420.616
8.12118	415.065
8.12698	428.71
8.13279	416.506
8.13859	416.747
8.1444	419.161
8.1502	417.228
8.15601	421.833
8.16181	414.825
8.16762	409.587
8.17342	425.012
8.17923	420.13
8.18503	421.102
8.19084	414.586
8.19664	425.995
8.20245	426.487
8.20825	422.808
8.21406	429.95
8.21986	430.945
8.22567	425.995
8.23147	423.542
8.23728	416.987
8.24308	417.228
8.24889	416.025	474.038
8.25469	407.463	446.142
8.2605	406.054	457.362
8.2663	405.117	481.767
8.27211	410.061	473.218
8.27791	415.545	475.684
8.28372	419.645	506.011
8.28952	414.346	472.944
8.29533	414.107	473.491
8.30113	405.117	489.905
8.30694	487.084	391.769
8.31274	478.163	392.902
8.31855	469.406	392.675
8.32435	468.052	397.697
8.33016	490.755	409.587
8.33596	491.322	416.987
8.34177	489.905	417.952
8.34757	489.057	433.441
8.35338	494.169	445.885
8.35918	500.778	453.678
8.36499	515.154	456.834
8.37079	504.844	452.631
8.3766	495.884	458.155
8.3824	504.552	462.676
8.38821	520.538	464.819
8.39401	524.765	469.406
8.39982	530.249	468.323
8.40562	547.365	467.242
8.41143	568.964	471.853
8.41723	580.919	493.598
8.42304	580.919	497.893
8.42884	580.919	497.031
8.43465	580.919	497.893
8.44045	493.313
8.44626	472.944
8.45206	482.324
8.45787	480.656
8.46367	497.319
8.46948	506.889
8.47528	494.454
8.48109	498.757
8.48689	505.719
8.4927	501.646
8.4985	496.744
8.50431	489.905
8.51011	506.889
8.51592	507.475
8.52172	499.045
8.52753	484.558
8.53333	466.703
8.53914	467.512
8.54494	450.284
8.55075	446.916
8.55655	441.018
8.56236	439.492
8.56816	431.692
8.57397	432.191
8.57977	451.065
8.58558	447.174
8.59138	440
8.59719	435.952
8.60299	430.696
8.6088	423.297
8.6146	435.952
8.62041	451.848
8.62621	472.944
8.63202	474.038
8.63782	470.492
8.64363	455.78
8.64943	451.326
8.65524	440.763
8.66104	452.893
8.66685	462.676
8.67265	458.685
8.67846	473.764
8.68426	467.782
8.69007	468.052
8.69587	474.86
8.70168	451.326
8.70748	464.819
8.71329	463.211
8.71909	454.728
8.7249	466.433
8.7307	470.492
8.73651	452.631
8.74231	446.142
8.74812	448.209
8.75392	453.941
8.75973	457.626
8.76553	462.409
8.77134	463.747
8.77714	480.378
8.78295	489.057
8.78875	503.97
8.79456	504.552
8.80036	518.737
8.80617	508.943
8.81197	530.862	391.543
8.81778	508.355	391.543
8.82358	391.769
8.82939	390.188
8.83519	394.494
8.841	392.222
8.8468	388.165
8.85261	388.389
8.85841	399.308
8.86422	391.769
8.87002	397.927
8.87583	400.695
8.88163	400.463
8.88744	400.695
8.89324	389.963
8.89905	404.415
8.90485	419.161
8.91066	416.265
8.91646	422.32
8.92227	425.749
8.92807	416.747
8.93388	409.351
8.93968	402.318
8.94549	402.086
8.95129	405.351
8.9571	410.061
8.9629	411.484
8.96871	406.288
8.97451	404.649
8.98032	403.948
8.98612	412.913
8.99193	399.308
8.99773	411.484
9.00354	407.228
9.00934	416.987
9.01515	422.564
9.02095	434.695
9.02676	412.913
9.03256	411.484
9.03837	395.864
9.04417	390.188
9.04998	387.046
9.05578	383.707
9.06159	382.821
9.06739	384.594
9.0732	402.318
9.079	412.436
9.08481	409.351
9.09061	420.859
9.09642	422.564
9.10222	428.71
9.10803	424.767
9.11383	423.053
9.11964	418.919
9.12544	403.016
9.13125	391.995
9.13705	394.722
9.14286	393.811
9.14866	400.926
9.15447	410.297
9.16027	409.824
9.16608	408.406
9.17188	415.305
9.17769	417.711
9.18349	412.674
9.1893	412.913
9.1951	419.161
9.20091	420.859
9.20671	408.642
9.21252	402.318
9.21832	390.639
9.22413	390.188
9.22993	391.769
9.23574	386.599
9.24154	369.994
9.24735	364.269
9.25315	359.669
9.25896	346.016
9.26476	330.199
9.27057	317.848
9.27637	317.848
9.28218	317.848
9.28798	319.874
9.29379
9.29959
9.3054
9.3112
9.31701
9.32281
9.32862
9.33442
9.34023
9.34603
9.35184
9.35764
9.36345
9.36925
9.37506
9.38086
9.38667
9.39247
9.39828
9.40408
9.40989
9.41569
9.4215
9.4273
9.43311
9.43891
9.44472
9.45052
9.45633
9.46213
9.46794	257.577
9.47374	244.953
9.47955	251.549
9.48535	257.875
9.49116	252.422
9.49696	252.276
9.50277	246.229
9.50857	248.229
9.51438	253.298
9.52018	249.811
9.52599	247.513
9.53179	253.591
9.5376	245.236
9.5434	236.063
9.54921	237.019
9.55501	238.944
9.56082	238.117
9.56662	240.884
9.57243	246.514
9.57823	249.523
9.58404	243.964
9.58984	241.72
9.59565	242.699
9.60145	244.811
9.60726	248.947
9.61306	253.738
9.61887	255.946
9.62467	250.1
9.63048	253.591
9.63628	243.964
9.64209	241.162
9.64789	239.496
9.6537	241.58
9.6595	237.842
9.66531	237.43	440.254
9.67111	236.882	458.155
9.67692	233.082	452.631
9.68272	230.538	463.479
9.68853	234.432	463.747	463.747
9.69433	240.606	445.885	445.885
9.70014	234.026	458.42	458.42
9.70594	234.974	448.986	448.986
9.71175	228.417	462.944	448.467
9.71755	223.716	477.06	432.441
9.72336	228.813	462.409	420.616
9.72916	233.217	463.479	419.645
9.73497	235.518	458.685	412.913
9.74077	243.683	453.416	411.246
9.74658	466.703	408.17
9.75238	475.684	400.001
9.75819	482.046	395.178
9.76399	489.905	387.269
9.7698	482.603	392.675
9.7756	479.546	397.238
9.78141	398.847
9.78721	392.449
9.79302	403.016
9.79882	415.305
9.80463	412.198
9.81043	404.883
9.81624	402.086
9.82204	420.373
9.82785	425.503
9.83365	414.107
9.83946	414.586
9.84526	411.96
9.85107	410.297
9.85687	406.054
9.86268	425.012
9.86848	423.786
9.87429	438.478
9.88009	428.215
9.8859	441.018
9.8917	449.245
9.89751	471.853
9.90331	487.365
9.90912	480.656
9.91492	480.656
9.92073	471.308
9.92653	455.254
9.93234	453.941
9.93814	459.215	534.863
9.94394	458.685	515.749
9.94975	455.78	502.516
9.95555	454.465	489.34
9.96136	457.362	518.438
9.96716	464.551	503.097
9.97297	458.42	488.775
9.97878	465.357	516.047
9.98458	468.594	509.531
9.99039	475.959	496.744
9.99619	472.944	496.744	402.783
10.002	475.684	514.262	418.919
10.0078	464.283	527.195	418.435	262.079
10.0136	459.215	526.586	419.161	255.502
10.0194	478.993	515.452	424.276	241.162
10.0252	472.125	510.71	424.521	252.276
10.031	475.135	510.415	429.206	246.942
10.0368	477.887	501.067	445.885	255.355
10.0426	458.95	499.622	442.293	245.094
10.0484	450.284	495.026	440.763	258.471
10.0542	439.238	497.319	442.805	258.024
10.06	425.258	483.44	440	260.419
10.0659	421.345	447.95	263.141
10.0717	413.39	448.727	271.949
10.0775	400.926	459.746	270.539
10.0833	379.957	468.052	265.431
10.0891	379.738	459.215	268.981
10.0949	367.439	451.848	280.727
10.1007	367.439	446.142	281.865
10.1065	441.783	287.455
10.1123	437.971	288.12
10.1181	425.995	298.798
10.1239	430.696	298.798
10.1297	435.197	297.249
10.1355	428.463	303.494
10.1413	433.942	304.9
10.1471	429.206	308.087
10.1529	431.942	307.198
10.1587	425.503	297.592
10.1645	430.447	308.799
10.1703	420.13	314.742
10.1761	318.583
10.1819	309.156
10.1878	315.106
10.1936	308.978
10.1994	307.021
10.2052	309.872
10.211	308.621
10.2168	297.42
10.2226	298.625
10.2284	296.734
10.2342	297.764
10.24	290.459
10.2458	287.787
10.2516	286.626
10.2574	285.8
10.2632	286.957
10.269	298.108
10.2748	296.734	382.6
10.2806	296.391	386.822
10.2864	301.224	407.228
10.2922	288.62	413.39
10.298	285.47	435.701
10.3039	294.004	438.731
10.3097	282.68	446.4
10.3155	270.227	447.433
10.3213	271.008	458.95
10.3271	266.353	478.44
10.3329	267.741	480.933
10.3387	255.946	462.676
10.3445	262.989	469.406	410.297
10.3503	258.173	471.036	414.586
10.3561	270.383	460.277	415.785
10.3619	278.627	454.991	413.39
10.3677	470.492	411.96
10.3735	464.551	412.913
10.3793	475.135	399.078
10.3851	464.015	393.356
10.3909	466.164	396.321
10.3967	467.242	381.497
10.4025	479.269	383.707
10.4083	489.623	391.543
10.4141	493.598	379.957
10.42	512.779	381.938
10.4258	505.719	397.927
10.4316	494.74	394.722
10.4374	496.171	391.543
10.4432	386.152
10.449	379.957
10.4548	379.08
10.4606	378.424
10.4664	377.769
10.4722	388.389
10.478	389.513
10.4838	383.928
10.4896	382.379
10.4954	383.928
10.5012	384.372
10.507	377.551
10.5128	374.726
10.5186	384.816
10.5244	384.594
10.5302	377.769
10.5361	387.046
10.5419	388.165
10.5477	389.063
10.5535	376.244
10.5593	373.861
10.5651	374.943
10.5709	385.261
10.5767	376.897
10.5825	380.836
10.5883	393.129	345.018
10.5941	395.178	343.229
10.5999	415.305	366.379
10.6057	415.065	382.821
10.6115	417.469	380.396
10.6173	417.228	362.171
10.6231	417.952	357.185
10.6289	434.193	364.058
10.6347	429.95	360.709
10.6405	432.691	373.43
10.6463	430.696	363.428
10.6522	424.031	365.322
10.658	414.346	365.111
10.6638	400.926	374.943
10.6696	383.707	378.643
10.6754	372.568	397.467
10.6812	371.923	411.009
10.687	374.51	404.182
10.6928	387.941	396.779
10.6986	395.864
10.7044	400.926
10.7102	408.642
10.716	405.585
10.7218	399.539
10.7276	395.407
10.7334	406.993
10.7392	411.246
10.745	416.506
10.7508	420.373
10.7566	417.469
10.7624	420.616
10.7683	409.824
10.7741	413.629
10.7799	402.551
10.7857	397.238
10.7915	395.635
10.7973	399.308
10.8031	390.414
10.8089	389.063
10.8147	388.614
10.8205	387.941
10.8263	391.769
10.8321	384.372
10.8379	393.811
10.8437	378.424
10.8495	383.928
10.8553	376.027
10.8611	377.551
10.8669	374.077
10.8727	379.299
10.8785	369.781
10.8844	374.51
10.8902	380.616
10.896	384.816
10.9018	397.467
10.9076	422.076
10.9134	402.551
10.9192	400.001
10.925	412.436
10.9308	388.838
10.9366	404.182
10.9424	404.649
10.9482	408.642
10.954	399.308
10.9598	401.622
10.9656	395.407
10.9714	388.838
10.9772	376.462
10.983	375.593
10.9888	387.269
10.9946	386.375
11.0005	376.462
11.0063	382.379
11.0121	378.424
11.0179	388.389
11.0237	400.463
11.0295	393.356
11.0353	400.001
11.0411	410.772
11.0469	415.305
11.0527	411.96
11.0585	402.318
11.0643	400.001
11.0701	398.387
11.0759	403.715
11.0817	404.883
11.0875	401.39
11.0933	401.158
11.0991	406.288
11.1049	398.387
11.1107	408.878
11.1166	408.406
11.1224	401.158
11.1282	400.926
11.134	393.811
11.1398	380.616
11.1456	398.387
11.1514	398.387
11.1572	393.129
11.163	408.642
11.1688	413.39
11.1746	416.265
11.1804	408.878
11.1862	407.463
11.192	391.091
11.1978	405.585
11.2036	406.993
11.2094	400.695
11.2152	403.249
11.221	414.825
11.2268	400.232
11.2327	398.617
11.2385	393.356
11.2443	395.178
11.2501	387.941
11.2559	403.016
11.2617	387.493
11.2675	388.389
11.2733	372.568
11.2791	380.396
11.2849	363.638
11.2907	364.269
11.2965	366.803
11.3023	356.772
11.3081	355.127
11.3139	365.322
11.3197	371.923
11.3255	369.994
11.3313	373.861
11.3371	373.214
11.3429	367.014
11.3488	365.322
11.3546	355.333
11.3604	365.111
11.3662	369.141
11.372	381.497
11.3778	390.639
11.3836	391.769
11.3894
11.3952
11.401
11.4068
11.4126
11.4184
11.4242
11.43
11.4358
11.4416
11.4474
11.4532
11.459
11.4649
11.4707
11.4765
11.4823
11.4881
11.4939
11.4997
11.5055
11.5113
11.5171
11.5229
11.5287
11.5345
11.5403
11.5461
11.5519
11.5577
11.5635
11.5693
11.5751
11.581
11.5868
11.5926
11.5984
11.6042
11.61
11.6158
11.6216
11.6274
11.6332
11.639	477.887
11.6448	472.398
11.6506	472.944
11.6564	480.101
11.6622	477.611
11.668	478.716
11.6738	482.046
11.6796	466.164
11.6854	464.819
11.6912	473.491
11.6971	479.823
11.7029	492.175
11.7087	507.475
11.7145	507.475
11.7203	509.826
11.7261	523.251
11.7319	528.109
11.7377	533.937
11.7435	541.391
11.7493	544.213
11.7551	538.273
11.7609	536.41
11.7667	534.554
11.7725	532.705
11.7783	521.742
11.7841	519.937
11.7899	507.475
11.7957	507.768
11.8015	510.12
11.8073	525.978
11.8132	525.068
11.819	526.586
11.8248	536.101
11.8306	521.441
11.8364	507.768
11.8422	507.768
11.848	512.779
11.8538	538.584
11.8596	536.72
11.8654	535.172
11.8712	537.341
11.877	519.937
11.8828	515.154
11.8886	507.768
11.8944	519.637
11.9002	529.943
11.906	540.141
11.9118	553.406
11.9176	574.578
11.9234	544.213
11.9293	542.016
11.9351	541.704
11.9409	543.584
11.9467	529.331
11.9525	525.068
11.9583	506.596
11.9641
11.9699
11.9757
11.9815
11.9873
11.9931
11.9989
12.0047
12.0105
12.0163
12.0221
12.0279
12.0337
12.0395
12.0454
12.0512
12.057
12.0628
12.0686
12.0744
12.0802
12.086
12.0918
12.0976
12.1034
12.1092
12.115
12.1208
12.1266
12.1324
12.1382
12.144
12.1498
12.1556
12.1615
12.1673
12.1731
12.1789
12.1847
12.1905
12.1963
12.2021
12.2079
12.2137
12.2195
12.2253
12.2311
12.2369	377.115
12.2427	384.15
12.2485	385.929
12.2543	390.639
12.2601	392.222
12.2659	388.165
12.2717	384.816
12.2776	383.707
12.2834	382.379
12.2892	381.938
12.295	378.861
12.3008	379.738
12.3066	377.987
12.3124	377.769
12.3182	372.353
12.324	382.158
12.3298	371.493
12.3356	369.354
12.3414	386.822
12.3472	399.539
12.353	403.249
12.3588	400.926
12.3646	390.639
12.3704	382.6
12.3762	382.6
12.382	369.994
12.3878	375.81
12.3937	359.461
12.3995	350.036
12.4053	334.809
12.4111	327.729
12.4169	327.162
12.4227	331.92
12.4285	316.931
12.4343	325.465
12.4401	326.595
12.4459	323.965
12.4517	324.714
12.4575	320.799
12.4633	318.215
12.4691	312.388
12.4749	312.929
12.4807	312.388
12.4865	319.874
12.4923	320.614
12.4981	310.588
12.5039	313.11
12.5098	313.834
12.5156	307.909
12.5214	320.429
12.5272	320.059
12.533	316.565
12.5388	313.653
12.5446	313.291
12.5504	310.768
12.5562	308.621
12.562	316.931
12.5678	318.399
12.5736	317.481
12.5794	308.621
12.5852	318.583
12.591	322.471
12.5968	326.595
12.6026	331.729
12.6084	323.591
12.6142	313.834
12.62	312.388	471.308
12.6258	307.731	464.819
12.6317	291.468	467.242
12.6375	296.391	451.587
12.6433	292.987	444.856
12.6491	291.973	469.677
12.6549	293.326	471.308
12.6607	288.953	463.479
12.6665	294.855	469.135
12.6723	298.108	467.512
12.6781	305.253	484.558
12.6839	310.588	489.905
12.6897	325.089	484.838
12.6955	330.963	471.853
12.7013	314.742	469.677
12.7071	313.11	462.676
12.7129	306.135	476.234
12.7187	471.853
12.7245	470.492
12.7303	478.163
12.7361	471.58
12.742	469.135
12.7478	477.611
12.7536	472.125
12.7594	454.465
12.7652	453.416
12.771	446.142
12.7768	433.441
12.7826	431.443
12.7884	432.941
12.7942	428.215
12.8	415.065
12.8058	410.535
12.8116	399.77
12.8174	393.811
12.8232	403.249
12.829	396.092
12.8348	384.594
12.8406	385.484
12.8464	393.129
12.8522	398.847
12.858	393.584
12.8639	387.269
12.8697	391.769
12.8755	385.484
12.8813	378.424
12.8871	375.159
12.8929	395.635
12.8987	387.269
12.9045	392.449
12.9103	388.389
12.9161	389.063
12.9219	387.941
12.9277	392.222
12.9335	390.639
12.9393	384.816
12.9451	375.81
12.9509	383.928
12.9567	365.956
12.9625	344.619
12.9683	339.286
12.9741	343.229
12.98	327.918
12.9858	308.799
12.9916	308.799
12.9974	297.249
13.0032
13.009
13.0148
13.0206
13.0264
13.0322
13.038
13.0438
13.0496
13.0554
13.0612
13.067
13.0728
13.0786
13.0844
13.0902
13.0961
13.1019
13.1077
13.1135
13.1193
13.1251
13.1309
13.1367
13.1425
13.1483
13.1541
13.1599
13.1657
13.1715
13.1773
13.1831
13.1889
13.1947
13.2005
13.2063
13.2122
13.218
13.2238
13.2296
13.2354
13.2412
13.247
13.2528
13.2586
13.2644
13.2702
13.276
13.2818
13.2876
13.2934
13.2992
13.305
13.3108
13.3166
13.3224
13.3283
13.3341
13.3399
13.3457
13.3515
13.3573
13.3631
13.3689
13.3747
13.3805
13.3863
13.3921
13.3979
13.4037
13.4095
13.4153
13.4211
13.4269
13.4327
13.4385
13.4444
13.4502
13.456
13.4618
13.4676
13.4734
13.4792
13.485
13.4908
13.4966
13.5024
13.5082
13.514
13.5198
13.5256
13.5314
13.5372
13.543
13.5488
13.5546
13.5605
13.5663
13.5721
13.5779
13.5837
13.5895
13.5953
13.6011
13.6069
13.6127
13.6185
13.6243
13.6301
13.6359
13.6417
13.6475
13.6533
13.6591
13.6649
13.6707
13.6766
13.6824
13.6882
13.694
13.6998
13.7056
13.7114
13.7172
13.723
13.7288
13.7346
13.7404
13.7462
13.752
13.7578
13.7636
13.7694
13.7752
13.781
13.7868
13.7927
13.7985
13.8043
13.8101
13.8159
13.8217
13.8275
13.8333
13.8391
13.8449
13.8507
13.8565
13.8623
13.8681
13.8739
13.8797
13.8855
13.8913
13.8971
13.9029
13.9088
13.9146
13.9204
13.9262
13.932
13.9378
13.9436
13.9494
13.9552
13.961
13.9668
13.9726
13.9784
13.9842
13.99
13.9958
14.0016
14.0074
14.0132
14.019
14.0249
14.0307
14.0365
14.0423
14.0481
14.0539
14.0597
14.0655
14.0713
14.0771
14.0829
14.0887
14.0945
14.1003
14.1061
14.1119
14.1177
14.1235
14.1293
14.1351
14.141
14.1468
14.1526
14.1584
14.1642
14.17
14.1758
14.1816
14.1874
14.1932
14.199
14.2048
14.2106
14.2164
14.2222
14.228
14.2338
14.2396
14.2454
14.2512
14.2571
14.2629
14.2687
14.2745
14.2803
14.2861
14.2919
14.2977
14.3035
14.3093
14.3151
14.3209
14.3267
14.3325
14.3383
14.3441
14.3499
14.3557
14.3615
14.3673
14.3732
14.379
14.3848
14.3906
14.3964
14.4022
14.408
14.4138
14.4196
14.4254
14.4312
14.437
14.4428
14.4486
14.4544
14.4602
14.466
14.4718
14.4776
14.4834
14.4893
14.4951
14.5009
14.5067
14.5125
14.5183
14.5241
14.5299
14.5357
14.5415
14.5473
14.5531
14.5589
14.5647
14.5705
14.5763
14.5821
14.5879
14.5937
14.5995
14.6054
14.6112
14.617
14.6228
14.6286
14.6344
14.6402
14.646
14.6518
14.6576
14.6634
14.6692
14.675
14.6808
14.6866
14.6924
14.6982
14.704
14.7098
14.7156
14.7215
14.7273
14.7331
14.7389
14.7447
14.7505
14.7563
14.7621
14.7679
14.7737
14.7795
14.7853
14.7911
14.7969
14.8027
14.8085
14.8143
14.8201
14.8259
14.8317
14.8376
14.8434
14.8492
14.855
14.8608
14.8666
14.8724
14.8782
14.884
14.8898
14.8956
14.9014
14.9072
14.913
14.9188
14.9246
14.9304
14.9362
14.942
14.9478
14.9537
14.9595
14.9653
14.9711
14.9769
14.9827
14.9885
14.9943
15.0001
15.0059
15.0117
15.0175
15.0233
15.0291
15.0349
15.0407
15.0465
15.0523
15.0581
15.0639
15.0697
15.0756
15.0814
15.0872
15.093
15.0988
15.1046
15.1104
15.1162
15.122
15.1278
15.1336
15.1394
15.1452
15.151
15.1568
15.1626
15.1684
15.1742
15.18
15.1859
15.1917
15.1975
15.2033
15.2091
15.2149
15.2207
15.2265
15.2323
15.2381
15.2439
15.2497
15.2555
15.2613
15.2671
15.2729
15.2787
15.2845
15.2903
15.2961
15.3019
15.3078
15.3136
15.3194
15.3252
15.331
15.3368
15.3426
15.3484
15.3542
15.36
15.3658
15.3716
15.3774
15.3832
15.389
15.3948
15.4006
15.4064
15.4122
15.418
15.4239
15.4297
15.4355
15.4413
15.4471
15.4529
15.4587
15.4645
15.4703
15.4761
15.4819
15.4877
15.4935
15.4993
15.5051
15.5109
15.5167
15.5225
15.5283
15.5341
15.54
15.5458
15.5516
15.5574
15.5632
15.569
15.5748
15.5806
15.5864
15.5922
15.598
15.6038
15.6096
15.6154
15.6212
15.627
15.6328
15.6386
15.6444
15.6502
15.6561
15.6619
15.6677
15.6735
15.6793
15.6851
15.6909
15.6967
15.7025
15.7083
15.7141
15.7199
15.7257
15.7315
15.7373
15.7431
15.7489
15.7547
15.7605
15.7663
15.7722
15.778
15.7838
15.7896
15.7954
15.8012
15.807
15.8128
15.8186
15.8244
15.8302
15.836
15.8418
15.8476
15.8534
15.8592
15.865
15.8708
15.8766
15.8824
15.8883
15.8941
15.8999
15.9057
15.9115
15.9173
15.9231
15.9289
15.9347
15.9405
15.9463
15.9521
15.9579
15.9637
15.9695
15.9753
15.9811
15.9869
15.9927
15.9985
16.0044
16.0102
16.016
16.0218
16.0276
16.0334
16.0392
16.045
16.0508
16.0566
16.0624
16.0682
16.074
16.0798
16.0856
16.0914
16.0972
16.103
16.1088
16.1146
16.1205
16.1263
16.1321
16.1379
16.1437
16.1495
16.1553
16.1611
16.1669
16.1727
16.1785
16.1843
16.1901
16.1959
16.2017
16.2075
16.2133
16.2191
16.2249	392.902
16.2307	403.249
16.2366	376.462
16.2424	373.645
16.2482	394.494
16.254	402.086
16.2598	380.616
16.2656	384.15
16.2714	380.616
16.2772	369.781
16.283	382.821
16.2888	373.214
16.2946	376.897
16.3004	382.158
16.3062	384.816
16.312	382.158
16.3178	383.485
16.3236	377.987
16.3294	374.943
16.3352	387.269
16.341	382.158
16.3468	379.08
16.3527	380.396
16.3585	388.389
16.3643	385.039
16.3701	383.928
16.3759	379.738
16.3817	373.43
16.3875	373.861
16.3933	378.424
16.3991	395.864
16.4049	392.449
16.4107	392.449
16.4165	393.129
16.4223	386.599
16.4281	383.485
16.4339	382.158
16.4397	390.865
16.4455	387.493
16.4513	377.769
16.4571	375.81
16.4629	365.533
16.4688	373.43
16.4746	376.679
16.4804	377.769
16.4862	361.962
16.492	356.155
16.4978	349.027
16.5036	345.416
16.5094	341.646
16.5152	345.616
16.521	338.503
16.5268	343.031
16.5326	345.018
16.5384	349.228
16.5442	348.624
16.55	346.616
16.5558	363.009
16.5616	362.38
16.5674	362.589
16.5732	353.899
16.579	355.743
16.5849	352.064
16.5907	357.391
16.5965	343.031
16.6023	332.304
16.6081	339.679
16.6139	343.824
16.6197	343.229
16.6255	349.834
16.6313	342.634
16.6371	341.646
16.6429	358.632
16.6487	356.566
16.6545	350.846
16.6603	347.217
16.6661	342.634
16.6719	346.016
16.6777	348.422
16.6835	348.221
16.6893	344.42
16.6951	346.616
16.701	348.221
16.7068	357.598
16.7126	349.632
16.7184	337.137
16.7242	329.628
16.73	330.39
16.7358	336.165
16.7416	333.073
16.7474	334.809
16.7532	342.239
16.759	344.818
16.7648	347.217
16.7706	346.816
16.7764	339.09
16.7822	339.875
16.788	344.221
16.7938	345.416
16.7996	345.416
16.8054	351.251
16.8112	352.674
16.8171	366.167
16.8229	381.717
16.8287	378.861
16.8345	385.929
16.8403	391.995
16.8461	391.091
16.8519	398.157
16.8577	406.288
16.8635	408.406
16.8693	417.952
16.8751	425.258
16.8809	422.564
16.8867	410.772
16.8925	419.161
16.8983	426.487
16.9041	430.945
16.9099	433.692
16.9157	426.734
16.9215	416.987
16.9273	431.194
16.9332	427.227
16.939	434.946
16.9448	434.946
16.9506	425.503
16.9564	425.012
16.9622	408.642
16.968	413.629
16.9738	418.919
16.9796	428.71
16.9854	432.691
16.9912	427.968
16.997	409.824
17.0028	409.114
17.0086	414.586
17.0144	395.178
17.0202	391.543
17.026	393.811
17.0318	410.772
17.0376	416.987
17.0434	421.102
17.0493	413.868
17.0551	414.825
17.0609	416.265
17.0667	420.859
17.0725	433.191
17.0783	428.215
17.0841	436.204
17.0899	438.731
17.0957	453.678
17.1015	442.038
17.1073	432.441
17.1131	438.224
17.1189	426.734
17.1247	423.053
17.1305	435.449
17.1363	431.942
17.1421	429.95
17.1479	432.441
17.1537	430.696
17.1595	424.521
17.1654	413.39
17.1712	398.387
17.177	393.356
17.1828	397.009
17.1886	388.165
17.1944	395.635
17.2002	390.639
17.206	400.463
17.2118	406.758
17.2176
17.2234
17.2292
17.235
17.2408
17.2466
17.2524
17.2582
17.264
17.2698
17.2756
17.2815
17.2873
17.2931
17.2989
17.3047
17.3105
17.3163
17.3221
17.3279
17.3337
17.3395
17.3453
17.3511
17.3569
17.3627
17.3685
17.3743
17.3801
17.3859
17.3917
17.3976
17.4034
17.4092
17.415
17.4208
17.4266
17.4324
17.4382
17.444
17.4498
17.4556
17.4614
17.4672
17.473
17.4788
17.4846
17.4904
17.4962
17.502
17.5078
17.5137
17.5195
17.5253
17.5311
17.5369
17.5427
17.5485
17.5543
17.5601
17.5659
17.5717
17.5775
17.5833
17.5891
17.5949
17.6007
17.6065
17.6123
17.6181
17.6239
17.6297
17.6356
17.6414
17.6472
17.653
17.6588
17.6646
17.6704
17.6762
17.682
17.6878
17.6936
17.6994
17.7052
17.711
17.7168
17.7226
17.7284
17.7342
17.74
17.7458
17.7517
17.7575
17.7633
17.7691
17.7749
17.7807
17.7865
17.7923
17.7981
17.8039
17.8097
17.8155
17.8213
17.8271
17.8329
17.8387
17.8445
17.8503
17.8561
17.8619
17.8678
17.8736
17.8794
17.8852
17.891
17.8968
17.9026
17.9084
17.9142
17.92
17.9258
17.9316
17.9374
17.9432
17.949
17.9548
17.9606
17.9664
17.9722
17.9781
17.9839
17.9897
17.9955
18.0013
18.0071
18.0129
18.0187
18.0245
18.0303
18.0361
18.0419
18.0477
18.0535
18.0593
18.0651
18.0709
18.0767
18.0825
18.0883
18.0941
18.1
18.1058
18.1116
18.1174
18.1232
18.129
18.1348
18.1406
18.1464
18.1522
18.158
18.1638
18.1696
18.1754
18.1812
18.187
18.1928
18.1986
18.2044
18.2102
18.2161
18.2219
18.2277
18.2335
18.2393
18.2451
18.2509
18.2567
18.2625
18.2683
18.2741
18.2799
18.2857
18.2915
18.2973
18.3031
18.3089
18.3147
18.3205
18.3263
18.3322
18.338
18.3438
18.3496
18.3554
18.3612
18.367
18.3728
18.3786
18.3844
18.3902
18.396
18.4018
18.4076
18.4134
18.4192
18.425
18.4308
18.4366
18.4424
18.4483
18.4541
18.4599
18.4657
18.4715
18.4773
18.4831
18.4889
18.4947
18.5005
18.5063
18.5121
18.5179
18.5237
18.5295
18.5353
18.5411
18.5469
18.5527
18.5585
18.5644
18.5702
18.576
18.5818
18.5876
18.5934
18.5992
18.605
18.6108
18.6166
18.6224
18.6282
18.634
18.6398
18.6456
18.6514
18.6572
18.663
18.6688
18.6746
18.6805
18.6863
18.6921
18.6979
18.7037
18.7095
18.7153
18.7211
18.7269
18.7327
18.7385
18.7443
18.7501
18.7559
18.7617
18.7675
18.7733
18.7791
18.7849
18.7907
18.7966
18.8024
18.8082
18.814
18.8198
18.8256
18.8314
18.8372
18.843
18.8488
18.8546
18.8604
18.8662
18.872
18.8778
18.8836
18.8894
18.8952
18.901
18.9068
18.9127
18.9185
18.9243
18.9301
18.9359
18.9417
18.9475
18.9533
18.9591
18.9649
18.9707
18.9765
18.9823
18.9881
18.9939
18.9997
19.0055
19.0113
19.0171
19.0229
19.0288
19.0346
19.0404
19.0462
19.052
19.0578
19.0636
19.0694
19.0752
19.081
19.0868
19.0926
19.0984
19.1042
19.11
19.1158
19.1216
19.1274
19.1332
19.139
19.1449
19.1507
19.1565
19.1623
19.1681
19.1739
19.1797	516.942
19.1855	514.856
19.1913	518.737
19.1971	530.249
19.2029	526.586
19.2087	527.5
19.2145	526.891
19.2203	536.41
19.2261	526.891
19.2319	522.949
19.2377	532.705
19.2435	538.273
19.2493	523.251
19.2551	509.826
19.261	506.304
19.2668	506.011
19.2726	502.807
19.2784	499.911	552.766
19.2842	503.097	561.455
19.29	507.475	565.36
19.2958	495.312	547.998
19.3016	489.057	542.33
19.3074	487.929	536.41
19.3132	499.045	518.138
19.319	490.472	530.249
19.3248	486.521	524.765
19.3306	481.489	525.068
19.3364	469.949	512.779
19.3422	457.891	515.452
19.348	452.37	513.965
19.3538	464.551	528.414
19.3596	458.685	538.273
19.3654	445.113	525.371
19.3712	442.038	513.965
19.3771	431.692	524.159
19.3829	418.435	509.237
19.3887	411.009	515.749
19.3945	419.645	533.321
19.4003	416.025	511.891
19.4061	413.629	509.237
19.4119	423.297	517.54
19.4177	425.258	502.516
19.4235	425.258	498.469
19.4293	509.531
19.4351	519.637
19.4409	539.829
19.4467	529.025	604.54
19.4525	534.246	579.244
19.4583	525.371	589.369
19.4641	507.182	606.989
19.4699	533.629	566.995
19.4757	530.555	562.429
19.4815	533.321	576.573
19.4873	530.555	541.704
19.4932	529.637	545.786
19.499	530.555	531.169
19.5048	505.427	521.441
19.5106	502.807	513.668
19.5164	509.826	519.337
19.5222	492.175	509.237
19.528	493.598	514.559
19.5338	482.046	517.839
19.5396	491.606	508.943
19.5454	503.679
19.5512	520.538
19.557	532.705
19.5628	543.27
19.5686	549.9
19.5744	547.365
19.5802	563.73
19.586	572.26
19.5918	572.59
19.5976	577.573
19.6034	553.406
19.6093	563.73
19.6151	568.635
19.6209	570.939
19.6267	556.611
19.6325	547.365
19.6383	571.269
19.6441	585.636
19.6499	570.28
19.6557	564.707
19.6615	563.079
19.6673	560.807
19.6731	578.909
19.6789	572.921
19.6847	578.909
19.6905	554.045
19.6963	555.969
19.7021	562.429
19.7079	546.102
19.7137	535.791
19.7195	532.09
19.7254	533.321
19.7312	525.978
19.737	526.282
19.7428	533.013
19.7486	546.733
19.7544	550.854
19.7602	547.681
19.766	548.631
19.7718	535.172
19.7776	540.453
19.7834	547.998
19.7892	539.206
19.795	546.733
19.8008	553.406
19.8066	551.809
19.8124	549.583
19.8182	534.554	265.125
19.824	517.241	255.946
19.8298	529.943	270.071
19.8356	547.365	264.207
19.8415	530.862	254.324
19.8473	544.842	257.726
19.8531	538.584	253.884
19.8589	528.109	254.031
19.8647	521.441	255.06
19.8705	523.856	253.884
19.8763	521.441	255.355
19.8821	522.044	255.207
19.8879	525.068	256.241
19.8937	534.554	248.947
19.8995	527.5	243.261
19.9053	534.554	248.659
19.9111	533.937	245.803
19.9169	526.586	239.635
19.9227	534.554	244.246
19.9285	546.417	251.985
19.9343	542.33	259.818
19.9401	265.125
19.9459	268.36
19.9517	265.431
19.9576	268.05
19.9634	267.123
19.9692	259.369
19.975	258.471
19.9808	259.069
19.9866	252.714
19.9924	240.884
19.9982	240.884
20.004	239.22
20.0098	240.606
20.0156	235.382
20.0214	234.974
20.0272	236.336
20.033	236.882
20.0388	237.293
20.0446	228.285
20.0504	226.577	366.803
20.0562	220.891	383.485
20.062	218.859	377.769
20.0678	215.224	351.657
20.0737	214.975	353.286
20.0795	223.458	340.268
20.0853	227.364	340.464
20.0911	235.654	331.154
20.0969	235.246	334.229
20.1027	235.382	344.818
20.1085	234.839	335.971
20.1143	232.007	339.679
20.1201	223.975	344.221
20.1259	224.752	336.359
20.1317	223.071	333.843
20.1375	218.48	330.963
20.1433	214.231	320.059
20.1491	203.732	324.714
20.1549	192.075	317.664
20.1607	192.075	316.017
20.1665	315.288
20.1723	318.583
20.1781	323.217
20.1839	335.583
20.1898	328.297
20.1956	324.527
20.2014	332.496
20.2072	340.071
20.213	331.154
20.2188	340.268
20.2246	334.229
20.2304	338.308
20.2362	345.816
20.242	349.632
20.2478	353.694
20.2536	354.717
20.2594	343.824
20.2652	334.036
20.271	337.332
20.2768	335.196
20.2826	339.482
20.2884	331.346
20.2942	341.252
20.3	333.65
20.3058	339.875
20.3117	342.437
20.3175	339.679
20.3233	338.112
20.3291	338.308
20.3349	352.267
20.3407	347.417
20.3465	343.824
20.3523	335.971
20.3581	344.619
20.3639	356.155
20.3697	350.036
20.3755	345.616
20.3813	344.221
20.3871	346.415
20.3929	347.618
20.3987	333.265
20.4045	323.965
20.4103	334.229
20.4161	339.482	372.783
20.4219	354.103	369.781
20.4278	354.308	380.836
20.4336	365.111	388.838
20.4394	360.085	408.406
20.4452	348.825	401.39
20.451	344.023	392.902
20.4568	352.064	391.769
20.4626	338.895	393.584
20.4684	345.616	382.158
20.4742	336.943	388.165
20.48	322.285	380.836
20.4858	327.351	392.902
20.4916	330.009	381.056
20.4974	331.346	385.261
20.5032	335.583	388.389
20.509	343.824	388.165
20.5148	331.154	381.938
20.5206	384.816
20.5264	371.923
20.5322	354.308
20.538	357.598
20.5439	349.43
20.5497	347.016
20.5555	341.449
20.5613	351.048
20.5671	350.238
20.5729	349.834
20.5787	339.875
20.5845	341.844
20.5903	339.679
20.5961	332.112
20.6019	333.843
20.6077	336.748
20.6135	335.777
20.6193	341.252
20.6251	347.417
20.6309	336.748
20.6367	329.818
20.6425	330.009
20.6483	337.137
20.6542	336.165
20.66	337.332
20.6658	341.646
20.6716	348.02
20.6774	344.023
20.6832	348.221
20.689	339.875
20.6948	335.777
20.7006	335.777
20.7064	338.112
20.7122	341.055
20.718	339.482
20.7238	331.729
20.7296	337.332
20.7354	324.527
20.7412	326.03
20.747	325.089
20.7528	331.729
20.7586	333.65
20.7644	326.03
20.7702	315.835
20.7761	315.106
20.7819	327.162
20.7877	328.108
20.7935	327.351
20.7993	319.505
20.8051	330.199
20.8109	336.359
20.8167	338.503
20.8225	327.162
20.8283	325.089
20.8341	328.487
20.8399	319.505
20.8457	328.487
20.8515	314.016
20.8573	298.625
20.8631	289.12
20.8689
20.8747
20.8805
20.8863
20.8922
20.898
20.9038
20.9096
20.9154
20.9212
20.927
20.9328
20.9386
20.9444	347.217
20.9502	352.471
20.956	340.858
20.9618	343.824
20.9676	340.661
20.9734	350.036
20.9792	348.02
20.985	342.832
20.9908	351.251
20.9966	358.632
21.0024	349.632
21.0083	339.875
21.0141	337.917
21.0199	335.002
21.0257	329.818
21.0315	327.54
21.0373	323.03
21.0431	318.767
21.0489	321.727
21.0547	329.057
21.0605	323.965
21.0663	328.297
21.0721	328.867
21.0779	345.416
21.0837	348.02
21.0895	345.217
21.0953	348.221
21.1011	359.046
21.1069	349.228
21.1127	343.229
21.1185	345.018
21.1244	346.616
21.1302	353.899
21.136	345.816
21.1418	348.221
21.1476	358.011
21.1534	349.632
21.1592	338.112
21.165	339.482
21.1708	338.308
21.1766	325.465
21.1824	327.351
21.1882	329.437
21.194	330.39
21.1998	336.554
21.2056	331.537
21.2114	335.389
21.2172	335.389
21.223	337.917
21.2288	339.482
21.2346	351.86
21.2405	342.634
21.2463	332.88
21.2521	334.229
21.2579	329.437
21.2637	326.218
21.2695	324.902
21.2753	323.03
21.2811	327.162
21.2869	342.634
21.2927	338.112
21.2985	340.858
21.3043	339.09
21.3101	344.221
21.3159	335.583
21.3217	336.165
21.3275	337.917
21.3333	333.843
21.3391	331.154
21.3449	326.784
21.3507	334.809
21.3566	337.527
21.3624	335.002
21.3682	327.162
21.374	331.537
21.3798	330.199
21.3856	327.351
21.3914	336.165
21.3972	333.843
21.403	328.867
21.4088	329.628
21.4146	345.416
21.4204	354.103
21.4262	348.02
21.432	342.239
21.4378	338.308
21.4436	343.625
21.4494	336.554
21.4552	330.963
21.461	333.843
21.4668	348.221
21.4727	357.804
21.4785	360.709
21.4843
21.4901
21.4959
21.5017
21.5075
21.5133
21.5191
21.5249
21.5307
21.5365
21.5423
21.5481
21.5539
21.5597
21.5655
21.5713
21.5771
21.5829
21.5888
21.5946
21.6004
21.6062
21.612
21.6178
21.6236
21.6294
21.6352
21.641
21.6468
21.6526
21.6584
21.6642
21.67
21.6758
21.6816
21.6874
21.6932
21.699
21.7049
21.7107
21.7165
21.7223
21.7281
21.7339
21.7397
21.7455
21.7513
21.7571
21.7629
21.7687
21.7745
21.7803
21.7861
21.7919
21.7977
21.8035
21.8093
21.8151
21.821
21.8268
21.8326
21.8384
21.8442
21.85
21.8558
21.8616
21.8674
21.8732
21.879
21.8848
21.8906
21.8964
21.9022
21.908
21.9138
21.9196
21.9254
21.9312
21.9371
21.9429
21.9487
21.9545
21.9603
21.9661
21.9719
21.9777
21.9835
21.9893
21.9951
22.0009
22.0067
22.0125
22.0183
22.0241
22.0299
22.0357
22.0415
22.0473
22.0532
22.059
22.0648
22.0706
22.0764
22.0822
22.088
22.0938
22.0996
22.1054
22.1112
22.117
22.1228
22.1286
22.1344
22.1402
22.146
22.1518
22.1576
22.1634
22.1693
22.1751
22.1809
22.1867
22.1925
22.1983
22.2041
22.2099
22.2157
22.2215
22.2273
22.2331
22.2389
22.2447
22.2505
22.2563
22.2621
22.2679
22.2737
22.2795
22.2854
22.2912
22.297
22.3028
22.3086
22.3144
22.3202
22.326
22.3318
22.3376
22.3434
22.3492
22.355
22.3608
22.3666
22.3724	377.769
22.3782	382.158
22.384	388.389
22.3898	391.317
22.3956	395.635
22.4015	399.539
22.4073	401.158
22.4131	396.321
22.4189	398.617
22.4247	402.783
22.4305	408.878
22.4363	406.523
22.4421	407.699
22.4479	406.288
22.4537	402.783
22.4595	395.407
22.4653	400.695
22.4711	392.902
22.4769	395.407
22.4827	380.616
22.4885	379.518
22.4943	384.15
22.5001	386.375
22.5059	396.779
22.5117	396.779
22.5176	400.001
22.5234	393.356
22.5292	392.222
22.535	390.865
22.5408	388.165
22.5466	381.717
22.5524	377.333
22.5582	376.897
22.564	379.08
22.5698	384.816
22.5756	375.81
22.5814	371.493
22.5872	367.651
22.593	357.598	435.952
22.5988	360.709	460.012	326.973
22.6046	352.471	463.747	323.591
22.6104	375.159	480.933	309.514
22.6162	376.462	456.57	305.959
22.622	392.222	474.86	314.924
22.6278	394.95	460.012	322.471
22.6336	394.494	470.22	315.106
22.6395	393.584	450.805	317.848
22.6453	388.614	447.174	306.666
22.6511	392.902	441.273	302.444
22.6569	385.484	430.696	295.878
22.6627	379.518	418.193	305.429
22.6685	380.836	412.436	307.731
22.6743	370.422	409.587	316.2
22.6801	377.333	394.95	326.973
22.6859	387.717	394.039	335.002
22.6917	385.261	401.854	336.943
22.6975	385.261	332.304
22.7033	383.264	335.583
22.7091	383.485	335.002
22.7149	386.152	322.844
22.7207	391.317	325.465
22.7265	381.497	326.03
22.7323	384.594	313.291
22.7381	398.157	311.127
22.7439	307.731
22.7498	313.834
22.7556	307.198
22.7614	322.658
22.7672	327.54
22.773	321.355
22.7788	319.32
22.7846	318.399
22.7904	316.565
22.7962	311.667
22.802	313.834
22.8078	314.924
22.8136	307.021
22.8194	305.253
22.8252	296.391
22.831	285.634
22.8368	290.963
22.8426	281.539
22.8484	295.537
22.8542	287.289
22.86
22.8659
22.8717
22.8775
22.8833
22.8891
22.8949
22.9007
22.9065
22.9123
22.9181
22.9239
22.9297
22.9355
22.9413
22.9471
22.9529
22.9587
22.9645
22.9703
22.9761
22.9819
22.9878
22.9936
22.9994
23.0052
23.011
23.0168
23.0226
23.0284
23.0342
23.04
23.0458	380.177
23.0516	386.152
23.0574	393.811
23.0632	395.864
23.069	404.415
23.0748	401.158
23.0806	393.584
23.0864	392.449
23.0922	400.695
23.098	409.587
23.1039	395.178
23.1097	394.266
23.1155	395.635
23.1213	385.039
23.1271	377.115
23.1329	378.424
23.1387	362.171
23.1445	349.027
23.1503	348.02
23.1561	349.027
23.1619	347.618
23.1677	344.221
23.1735	342.041
23.1793	336.554
23.1851	340.071
23.1909	336.165	413.39
23.1967	343.229	387.493
23.2025	350.238	388.614
23.2083	360.501	387.941
23.2141	357.804	379.957
23.22	351.657	397.467
23.2258	351.657	417.228
23.2316	339.286	398.847
23.2374	340.268	396.092
23.2432	343.427	404.415
23.249	346.215	390.414
23.2548	337.917	392.222
23.2606	336.554	396.779
23.2664	329.818	409.587
23.2722	323.778	408.406
23.278	325.277	425.503
23.2838	323.591	424.276
23.2896	320.429	424.521
23.2954	307.731	436.204
23.3012	300.529	432.441
23.307	303.494	429.206
23.3128	301.746	439.238
23.3186	300.182	435.952
23.3244	310.588	437.213
23.3302	304.548	442.549
23.3361	313.653	434.695
23.3419	319.505	427.474
23.3477	314.924	425.995
23.3535	305.782	430.945
23.3593	431.443
23.3651	420.616
23.3709	403.715
23.3767	415.305
23.3825	407.699
23.3883	408.17
23.3941	401.622
23.3999	401.158
23.4057	398.847
23.4115	411.246
23.4173	424.276
23.4231	416.987
23.4289	403.482
23.4347	413.39
23.4405	413.151
23.4463	416.747
23.4522	424.521
23.458	423.053
23.4638	430.945
23.4696	427.227
23.4754	431.692
23.4812	424.767
23.487	428.71
23.4928	426.241
23.4986	442.293
23.5044	448.727
23.5102	464.015
23.516	452.37
23.5218	453.416
23.5276
23.5334
23.5392
23.545
23.5508
23.5566
23.5624
23.5683
23.5741
23.5799
23.5857
23.5915
23.5973
23.6031
23.6089
23.6147
23.6205
23.6263
23.6321	332.112
23.6379	332.304
23.6437	348.02
23.6495	356.772
23.6553	351.657
23.6611	332.496
23.6669	329.818
23.6727	335.777
23.6785	342.239
23.6844	345.816
23.6902	364.69
23.696	372.783
23.7018	373.861
23.7076	381.056
23.7134	376.027
23.7192	385.039
23.725	394.266
23.7308	402.086
23.7366	399.539
23.7424	400.926
23.7482	398.847
23.754	394.494
23.7598	397.927
23.7656	410.061
23.7714	402.086
23.7772	403.016
23.783	393.356
23.7888	404.182
23.7946	402.783
23.8005	407.228
23.8063	409.351
23.8121	390.414
23.8179	382.158
23.8237	380.616
23.8295	381.497
23.8353	377.769
23.8411	365.111
23.8469	362.799
23.8527	361.544
23.8585	376.027
23.8643	376.027
23.8701	378.861
23.8759	384.372
23.8817	385.261
23.8875	375.376
23.8933	364.058
23.8991	361.544
23.9049	364.901
23.9107	368.289
23.9166	377.987
23.9224	372.783
23.9282	361.335
23.934	358.839
23.9398	373.645
23.9456	375.593
23.9514	370.422
23.9572	356.772
23.963	347.417
23.9688	328.108	235.11
23.9746	245.378
23.9804	243.542
23.9862	254.766
23.992	252.13
23.9978	243.401
24.0036	260.269
24.0094	248.659
24.0152	250.1
24.021	250.389
24.0268	247.37
24.0327	248.659
24.0385	248.372
24.0443	248.229
24.0501	249.09
24.0559	248.803
24.0617	247.942
24.0675	248.659
24.0733	246.087
24.0791	248.229
24.0849	251.985
24.0907	251.403
24.0965	251.549
24.1023	251.549
24.1081	251.694
24.1139	256.093
24.1197	261.626
24.1255	252.276
24.1313	252.422
24.1371	249.09
24.1429	249.234
24.1488	249.234
24.1546	249.09
24.1604	252.13
24.1662	249.811
24.172	253.591
24.1778	261.626
24.1836	263.445
24.1894	259.668
24.1952	256.834
24.201	256.834
24.2068	250.678
24.2126	251.694
24.2184	249.09
24.2242	245.945
24.23	249.667
24.2358	250.1
24.2416	247.942
24.2474	250.389
24.2532	255.355
24.259	256.686
24.2649	260.871
24.2707	249.667
24.2765	248.947
24.2823	246.942
24.2881	240.189
24.2939	240.05
24.2997	228.285
24.3055	228.549
24.3113	228.813
24.3171	228.813
24.3229	230.405
24.3287	234.161
24.3345	231.606
24.3403	235.79
24.3461	236.882
24.3519	241.023
24.3577	238.53
24.3635	243.823
24.3693	255.207
24.3751	258.919
24.381	255.798
24.3868	263.141
24.3926	264.818
24.3984	258.471
24.4042	259.069
24.41	261.173
24.4158	260.72
24.4216	251.549
24.4274	250.389
24.4332	254.324
24.439	245.945
24.4448	244.387
24.4506	243.683
24.4564	238.392
24.4622	243.964
24.468	252.568
24.4738	261.626
24.4796	258.024
24.4854	254.471
24.4912	258.173
24.4971	256.538
24.5029	253.884
24.5087	255.65
24.5145	255.207
24.5203	258.322
24.5261	262.079
24.5319	263.293
24.5377	268.826
24.5435	261.626
24.5493	260.269
24.5551	261.173
24.5609	266.814
24.5667	265.738
24.5725	257.428
24.5783	264.665
24.5841	257.726
24.5899	265.431
24.5957
24.6015
24.6073
24.6132
24.619
24.6248	260.57
24.6306	261.173
24.6364	261.323
24.6422	263.75
24.648	266.66
24.6538	280.89
24.6596	263.902
24.6654	265.125
24.6712	264.36
24.677	261.173
24.6828	261.928
24.6886	259.369
24.6944	261.173
24.7002	260.57
24.706	258.919
24.7118	260.57
24.7176	261.173
24.7234	258.919
24.7293	266.045
24.7351	264.818
24.7409	259.668
24.7467	257.131
24.7525	254.913
24.7583	254.178
24.7641	266.199
24.7699	273.841
24.7757	276.224
24.7815	281.052
24.7873	280.241
24.7931	288.287
24.7989	283.007
24.8047	278.627	308.443
24.8105	277.023	331.154
24.8163	281.865	324.902
24.8221	285.305	321.913
24.8279	280.565	329.818
24.8337	289.957	339.679
24.8395	290.124	322.844	446.4
24.8454	287.123	321.541	437.213
24.8512	289.455	325.277	459.215
24.857	291.468	322.471	468.323
24.8628	285.47	315.835	466.972
24.8686	283.007	308.978	440.509
24.8744	276.543	306.312	460.012
24.8802	275.745	309.156	470.764
24.886	279.272	318.215	468.864
24.8918	279.918	323.217	465.895
24.8976	271.478	323.778	466.164
24.9034	258.471	327.729	465.088
24.9092	252.276	336.943	465.895
24.915	244.953	333.65	467.242
24.9208	341.449	475.409
24.9266	346.616	487.084
24.9324	350.036	494.74
24.9382	364.901	491.89
24.944	366.803	495.312
24.9498	376.244	490.189
24.9556	375.376	501.357
24.9615	374.51	519.337
24.9673	369.781	508.355
24.9731	382.158	507.768
24.9789	388.389	509.531
24.9847	386.822	490.472
24.9905	384.594	505.135
24.9963	368.714	513.965
25.0021	367.651	490.189
25.0079	362.171	483.161
25.0137	349.834	486.803
25.0195	347.217	487.929
25.0253	339.09	479.269
25.0311	322.658	474.586
25.0369	305.959	468.323
25.0427	306.135	452.893
25.0485	432.191
25.0543	424.031
25.0601	426.734
25.0659	414.346
25.0717	418.435	320.799
25.0776	414.586	323.404
25.0834	415.305	306.489
25.0892	420.859	309.335
25.095	430.696	315.652
25.1008	430.696	332.688
25.1066	422.32	333.843
25.1124	434.193	330.772
25.1182	440.763	331.346
25.124	426.487	333.65
25.1298	423.786	350.846
25.1356	410.535	354.103
25.1414	391.317	355.538
25.1472	361.962
25.153	373.214
25.1588	371.065
25.1646	375.593
25.1704	363.848
25.1762	362.171
25.182	361.962
25.1878	362.171
25.1937	369.781
25.1995	367.863
25.2053	366.591
25.2111	367.227
25.2169	359.254
25.2227	351.454
25.2285	358.218
25.2343	358.425
25.2401	360.085
25.2459	357.598
25.2517	360.293
25.2575	377.551
25.2633	366.167
25.2691	372.353
25.2749	366.379
25.2807	366.167
25.2865	364.269
25.2923	364.269
25.2981	352.878
25.3039	355.333
25.3097	360.293
25.3156	355.949
25.3214	358.632
25.3272	375.81
25.333	367.651
25.3388	365.111
25.3446	351.251
25.3504	337.332
25.3562	323.217
25.362	324.339
25.3678
25.3736
25.3794
25.3852
25.391
25.3968
25.4026
25.4084
25.4142
25.42
25.4258
25.4317
25.4375
25.4433
25.4491
25.4549
25.4607
25.4665
25.4723
25.4781
25.4839
25.4897
25.4955
25.5013
25.5071
25.5129
25.5187
25.5245
25.5303
25.5361
25.542
25.5478
25.5536
25.5594
25.5652
25.571
25.5768
25.5826
25.5884
25.5942
25.6
25.6058
25.6116
25.6174
25.6232
25.629
25.6348
25.6406
25.6464
25.6522
25.658
25.6639
25.6697
25.6755
25.6813
25.6871
25.6929
25.6987
25.7045
25.7103
25.7161
25.7219
25.7277
25.7335
25.7393
25.7451
25.7509
25.7567
25.7625
25.7683
25.7741
25.78
25.7858
25.7916
25.7974
25.8032
25.809
25.8148
25.8206
25.8264
25.8322
25.838
25.8438
25.8496
25.8554
25.8612
25.867
25.8728
25.8786
25.8844
25.8902
25.8961
25.9019
25.9077
25.9135
25.9193
25.9251
25.9309
25.9367
25.9425
25.9483
25.9541
25.9599
25.9657
25.9715
25.9773
25.9831
25.9889
25.9947
26.0005
26.0063
26.0122
26.018
26.0238
26.0296
26.0354
26.0412
26.047
26.0528
26.0586
26.0644
26.0702
26.076
26.0818
26.0876
26.0934
26.0992
26.105
26.1108
26.1166
26.1224
26.1283
26.1341
26.1399
26.1457
26.1515
26.1573
26.1631
26.1689
26.1747
26.1805
26.1863
26.1921
26.1979
26.2037
26.2095
26.2153
26.2211
26.2269
26.2327
26.2385
26.2444
26.2502
26.256
26.2618
26.2676
26.2734
26.2792
26.285
26.2908
26.2966
26.3024
26.3082
26.314
26.3198
26.3256
26.3314
26.3372
26.343
26.3488
26.3546
26.3605
26.3663
26.3721
26.3779
26.3837
26.3895
26.3953
26.4011
26.4069
26.4127
26.4185
26.4243
26.4301
26.4359
26.4417
26.4475
26.4533
26.4591
26.4649
26.4707
26.4766
26.4824
26.4882
26.494
26.4998
26.5056
26.5114
26.5172
26.523
26.5288
26.5346
26.5404
26.5462
26.552
26.5578
26.5636
26.5694
26.5752
26.581
26.5868
26.5927
26.5985
26.6043
26.6101
26.6159
26.6217
26.6275
26.6333
26.6391
26.6449
26.6507
26.6565
26.6623
26.6681
26.6739
26.6797
26.6855
26.6913
26.6971
26.7029
26.7088
26.7146
26.7204
26.7262
26.732
26.7378
26.7436
26.7494
26.7552
26.761
26.7668
26.7726
26.7784
26.7842
26.79
26.7958
26.8016
26.8074
26.8132
26.819
26.8249
26.8307
26.8365
26.8423
26.8481
26.8539
26.8597
26.8655
26.8713
26.8771
26.8829
26.8887
26.8945
26.9003
26.9061
26.9119
26.9177
26.9235
26.9293
26.9351
26.941
26.9468
26.9526
26.9584
26.9642
26.97
26.9758
26.9816
26.9874
26.9932
26.999
27.0048
27.0106
27.0164
27.0222
27.028
27.0338
27.0396
27.0454
27.0512
27.0571
27.0629
27.0687
27.0745
27.0803
27.0861
27.0919
27.0977
27.1035
27.1093
27.1151
27.1209
27.1267
27.1325
27.1383
27.1441
27.1499
27.1557
27.1615
27.1673
27.1732
27.179
27.1848
27.1906
27.1964
27.2022
27.208
27.2138
27.2196
27.2254
27.2312
27.237
27.2428
27.2486
27.2544
27.2602
27.266
27.2718
27.2776
27.2834
27.2893
27.2951
27.3009
27.3067
27.3125
27.3183
27.3241
27.3299
27.3357
27.3415
27.3473
27.3531
27.3589
27.3647
27.3705
27.3763
27.3821
27.3879
27.3937
27.3995
27.4054
27.4112
27.417
27.4228
27.4286
27.4344
27.4402
27.446
27.4518
27.4576
27.4634
27.4692	531.476
27.475	536.41
27.4808	513.075
27.4866	479.823
27.4924	474.038
27.4982	506.011
27.504	507.475
27.5098	506.889
27.5156	502.516
27.5215	504.261
27.5273	503.097
27.5331	525.978
27.5389	548.948
27.5447	560.483
27.5505	572.26
27.5563	559.512
27.5621	565.034
27.5679	561.455
27.5737	559.189
27.5795	543.584
27.5853	547.681
27.5911	547.998
27.5969	545.471
27.6027	527.805
27.6085	518.138
27.6143	509.826
27.6201	497.319
27.6259	493.313
27.6317	499.333
27.6376	489.34
27.6434	470.22
27.6492	469.406
27.655	488.775
27.6608	503.97
27.6666	483.999
27.6724	483.719
27.6782	472.944
27.684	471.036
27.6898	462.676
27.6956	458.42
27.7014	452.109
27.7072	464.819
27.713	469.135
27.7188	464.819
27.7246	463.211
27.7304	462.142
27.7362	466.972
27.742	466.972
27.7478	484.558
27.7537	477.887
27.7595	465.088
27.7653	459.215
27.7711	466.703
27.7769	463.747
27.7827	464.551
27.7885	463.211
27.7943	459.48
27.8001	458.42
27.8059	467.242
27.8117	460.012
27.8175	447.433
27.8233	432.941
27.8291	423.053
27.8349	424.276
27.8407	429.95
27.8465	419.888
27.8523	419.645
27.8581	423.297
27.8639	417.228
27.8698	419.161
27.8756	423.786
27.8814	430.447
27.8872	432.691
27.893	431.443
27.8988	431.194
27.9046	447.95
27.9104	430.447
27.9162	442.805
27.922	446.658
27.9278	442.038
27.9336	448.727
27.9394	444.599
27.9452	463.747
27.951	461.875
27.9568	453.155
27.9626	464.819
27.9684	471.036
27.9742	465.357
27.98	464.551
27.9858	458.42
27.9917	470.492
27.9975	486.241
28.0033	486.521
28.0091	473.491
28.0149	460.277
28.0207	457.891
28.0265	456.043
28.0323	448.986
28.0381	461.609
28.0439	458.685
28.0497	440.509
28.0555	417.469
28.0613	408.642
28.0671	401.854
28.0729	401.854
28.0787	401.854
28.0845	400.926
28.0903	388.838
28.0961	380.836
28.1019	387.269
28.1078	374.294
28.1136	358.839
28.1194	339.286
28.1252	336.748
28.131	336.748
28.1368	331.92
28.1426	333.073
28.1484	325.089
28.1542	314.197
28.16	314.197
28.1658	321.17
28.1716	324.902
28.1774
28.1832
28.189
28.1948
28.2006
28.2064
28.2122
28.2181
28.2239
28.2297
28.2355
28.2413
28.2471
28.2529
28.2587
28.2645
28.2703
28.2761
28.2819
28.2877
28.2935
28.2993
28.3051
28.3109
28.3167
28.3225
28.3283
28.3341
28.34
28.3458
28.3516	350.441
28.3574	344.42
28.3632	353.49
28.369	369.567
28.3748	396.779
28.3806	371.065
28.3864	367.014
28.3922	369.354
28.398	372.568
28.4038	371.065
28.4096	369.994
28.4154	370.85
28.4212	371.708
28.427	371.923
28.4328	381.276
28.4386	385.039
28.4444	399.308
28.4502	397.009
28.4561	396.779
28.4619	395.407
28.4677	400.232
28.4735	393.811
28.4793	392.449
28.4851	392.449
28.4909	393.811
28.4967	385.707
28.5025	387.493
28.5083	399.308
28.5141	388.389
28.5199	379.08
28.5257	386.152
28.5315	389.288
28.5373	398.847
28.5431	383.707
28.5489	380.396
28.5547	381.717
28.5605	382.379
28.5663	389.738
28.5722	396.55
28.578	388.838
28.5838	387.046
28.5896	385.484
28.5954	376.244
28.6012	387.046
28.607	396.321
28.6128	400.463
28.6186	404.883
28.6244	408.406
28.6302	406.993
28.636	405.351
28.6418	408.406
28.6476	411.484
28.6534	413.39
28.6592	405.819
28.665	416.025
28.6708	416.506
28.6766	422.32
28.6824	416.265
28.6883	397.927
28.6941	390.414
28.6999	381.717
28.7057	384.15
28.7115	391.769
28.7173	385.707
28.7231	397.009
28.7289	389.288
28.7347	374.077
28.7405	364.269
28.7463	374.943
28.7521	367.439
28.7579	358.218
28.7637	366.379
28.7695	356.772
28.7753	349.632
28.7811	332.112
28.7869	323.217
28.7927	318.032
28.7985	315.288
28.8044	321.913
28.8102	328.297
28.816	332.88
28.8218	332.88
28.8276	332.88
28.8334
28.8392
28.845
28.8508
28.8566
28.8624
28.8682
28.874
28.8798
28.8856
28.8914
28.8972
28.903
28.9088
28.9146
28.9205
28.9263
28.9321
28.9379
28.9437
28.9495
28.9553
28.9611
28.9669
28.9727
28.9785
28.9843	350.846
28.9901	349.43
28.9959	367.227
29.0017	369.567
29.0075	369.141
29.0133	371.708
29.0191	376.027
29.0249	378.424
29.0307	377.769
29.0366	376.679
29.0424	378.643
29.0482	374.294
29.054	372.999
29.0598	373.861
29.0656	368.289
29.0714	357.391
29.0772	365.533
29.083	361.544
29.0888	359.877
29.0946	358.011
29.1004	342.437
29.1062	328.867
29.112	333.073
29.1178	337.527
29.1236	337.527
29.1294	345.217
29.1352
29.141
29.1468
29.1527
29.1585
29.1643
29.1701
29.1759
29.1817
