0
0.00580499
0.01161
0.017415
0.02322
0.0290249
0.0348299
0.0406349
0.0464399
0.0522449
0.0580499
0.0638549
0.0696599
0.0754649
0.0812698
0.0870748
0.0928798
0.0986848
0.10449
0.110295
0.1161
0.121905
0.12771
0.133515
0.13932
0.145125
0.15093
0.156735
0.16254
0.168345
0.17415	295.025
0.179955	297.936
0.18576	317.848
0.191565	331.154
0.19737	308.443
0.203175	306.489
0.20898	313.291
0.214785	312.749
0.22059	314.197
0.226395	314.197
0.2322	312.027
0.238005	314.924
0.24381	318.215
0.249615	317.664
0.255419	317.481
0.261224	330.581
0.267029	337.137
0.272834	344.221
0.278639	343.824
0.284444	332.88
0.290249	335.002
0.296054	320.429
0.301859	314.379
0.307664	301.921
0.313469	295.025
0.319274	304.548
0.325079	297.42
0.330884	295.366
0.336689	303.67	339.482
0.342494	304.372	344.619
0.348299	306.135	342.239
0.354104	301.224	341.646
0.359909	297.764	345.018
0.365714	302.794	343.031
0.371519	290.795	336.554
0.377324	307.021	326.218
0.383129	295.195	327.54
0.388934	289.455	340.268
0.394739	287.954	347.016
0.400544	279.756	343.625
0.406349	274.791	341.646
0.412154	271.322	337.527
0.417959	261.474	334.229
0.423764	267.895	332.496
0.429569	327.918
0.435374	326.407
0.441179	324.527
0.446984	323.03
0.452789	322.099
0.458594	323.404
0.464399	325.277
0.470204	326.218
0.476009	326.595
0.481814	325.653
0.487619	326.973
0.493424	328.867
0.499229	324.152
0.505034	317.298
0.510839	323.778
0.516644	320.059
0.522449	322.285
0.528254	326.784
0.534059	335.583
0.539864	331.154
0.545669	335.196
0.551474	339.875
0.557279	338.895
0.563084	331.346
0.568889	326.407
0.574694	325.841
0.580499	327.54
0.586304	332.88
0.592109	331.92
0.597914	329.628
0.603719	326.407
0.609524	311.127
0.615329	295.537
0.621134	294.514
0.626939	293.326
0.632744	293.834
0.638549	300.009
0.644354	296.905
0.650159	301.572
0.655964	307.553
0.661769	298.108
0.667574	307.021
0.673379	300.529
0.679184
0.684989
0.690794
0.696599
0.702404
0.708209
0.714014
0.719819
0.725624
0.731429
0.737234
0.743039
0.748844
0.754649
0.760454
0.766258
0.772063
0.777868
0.783673
0.789478
0.795283
0.801088
0.806893
0.812698
0.818503
0.824308	336.554
0.830113	337.137
0.835918	335.389
0.841723	330.009
0.847528	325.841
0.853333	324.902
0.859138	322.471
0.864943	321.541
0.870748	322.658
0.876553	322.099
0.882358	323.965
0.888163	328.108
0.893968	325.653
0.899773	326.784
0.905578	327.162
0.911383	326.218
0.917188	325.841
0.922993	325.089
0.928798	326.595
0.934603	328.487
0.940408	330.772
0.946213	333.458
0.952018	337.917
0.957823	340.464
0.963628	341.844
0.969433	341.646
0.975238	342.041
0.981043	343.229
0.986848	334.809
0.992653	330.581
0.998458	328.487
1.00426	314.197
1.01007	314.924
1.01587	327.351
1.02168	331.346
1.02748	326.407
1.03329	321.541
1.03909	327.162
1.0449	342.437
1.0507	336.748
1.05651	330.963
1.06231	320.799
1.06812	304.9
1.07392	307.021
1.07973	318.215
1.08553	319.32
1.09134	308.265
1.09714	300.355
1.10295	298.281
1.10875	308.799
1.11456	318.583
1.12036	319.32
1.12617	308.087
1.13197	317.114
1.13778	313.472
1.14358	301.746
1.14939	295.707
1.15519	294.514	290.124
1.161	286.295	281.539
1.1668	281.865	289.12
1.17261	286.295	291.805
1.17841	283.17	294.344
1.18422	285.305	295.707
1.19002	283.498	293.495
1.19583	279.433	291.805
1.20163	287.787	290.963
1.20744	289.622	289.622
1.21324	293.326	289.789
1.21905	288.953	288.12
1.22485	287.289	287.621
1.23066	287.455	287.787
1.23646	287.123	287.954
1.24227	284.975	289.12
1.24807	288.287	289.287
1.25388	290.963
1.25968	291.3
1.26549	292.987
1.27129	293.834
1.2771	296.563
1.2829	296.905
1.28871	296.905
1.29451	295.537
1.30032	295.366
1.30612	289.12
1.31193	289.789
1.31773	289.622
1.32354	287.954
1.32934	295.878
1.33515	297.077
1.34095	303.845
1.34676	292.818
1.35256	292.48
1.35837	297.764
1.36417	302.619
1.36998	300.702
1.37578	303.67
1.38159	312.568
1.38739	305.605
1.3932	316.931
1.399	321.913
1.40481	320.799
1.41061	318.215
1.41642	318.951
1.42222	322.658
1.42803	329.247
1.43383	337.917	207.532
1.43964	338.895	214.355
1.44544	348.624	223.458
1.45125	354.308	228.549
1.45705	353.694	229.21
1.46286	355.949	238.53
1.46866	369.567	242.279
1.47447	379.08	243.823
1.48027	356.36	245.519
1.48608	378.643	247.942
1.49188	379.957	247.227
1.49769	372.783	247.942
1.50349	248.516
1.5093	248.516
1.5151	248.229
1.52091	247.799
1.52671	245.945
1.53252	245.094
1.53832	243.261
1.54413	241.302
1.54993	239.082
1.55574	236.609
1.56154	236.063
1.56735	236.336
1.57315	234.432
1.57896	231.873
1.58476	231.472
1.59057	231.338
1.59637	230.671
1.60218	230.272
1.60798	229.608
1.61379	229.475
1.61959	228.813
1.6254	227.627
1.6312	226.446
1.63701	225.924
1.64281	224.363
1.64862	223.846
1.65442	221.53
1.66023	220.127
1.66603	219.239
1.67184	219.619
1.67764	218.859
1.68345	216.721
1.68925	215.971
1.69506	214.108
1.70086	212.261
1.70667	211.404
1.71247	208.976
1.71828	209.217
1.72408	208.735
1.72989	208.253
1.73569	208.012
1.7415	207.652
1.7473	207.173
1.75311	207.413
1.75891	206.456
1.76472	206.576
1.77052	207.772
1.77633	207.173
1.78213	205.03
1.78794	205.267
1.79374	206.934
1.79955	206.814
1.80535	206.218
1.81116	204.912
1.81696	204.794
1.82277	208.133
1.82857	203.379
1.83438	209.58
1.84018	210.429
1.84599	215.224
1.85179	213.984
1.8576	211.282
1.8634	208.855
1.86921	202.91
1.87501	210.673
1.88082	215.472
1.88662	214.231
1.89243	211.771
1.89823	217.348
1.90404	221.658	350.238
1.90984	369.781
1.91565	361.126
1.92145	347.417
1.92726	340.071
1.93306	359.669
1.93887	336.554
1.94467	334.036
1.95048	335.971
1.95628	335.196
1.96209	336.165
1.96789	334.615
1.9737	335.389
1.9795	344.42
1.98531	346.415
1.99111	338.112
1.99692	336.943
2.00272	339.286
2.00853	352.878
2.01433	352.674
2.02014	365.956
2.02594	372.783
2.03175	374.943
2.03755	382.6
2.04336	395.864
2.04916	403.249
2.05497	403.249
2.06077	403.715
2.06658	405.117
2.07238	404.415
2.07819	400.001
2.08399	408.642
2.0898	410.772
2.0956	420.373
2.10141	425.995
2.10721	436.961
2.11302	437.466
2.11882	436.961
2.12463	418.919
2.13043	421.833
2.13624	434.946
2.14204	430.199
2.14785	437.466
2.15365	422.564
2.15946	427.968
2.16526	426.734
2.17107	433.692
2.17687	444.599
2.18268	435.952
2.18848	417.711
2.19429	413.629
2.20009	401.854
2.2059	402.318
2.2117	392.222
2.21751	396.779
2.22331	390.865
2.22912	386.375
2.23492	384.594
2.24073	380.616
2.24653	397.467
2.25234	385.929
2.25814	390.188
2.26395	385.484
2.26975	377.769
2.27556	360.709
2.28136	360.709
2.28717	357.391
2.29297	362.589
2.29878	357.185
2.30458	357.185
2.31039	338.895
2.31619	330.39
2.322	326.03
2.3278	307.021
2.33361
2.33941
2.34522
2.35102	377.115
2.35683	376.462
2.36263	369.781
2.36844	364.901
2.37424	355.538
2.38005	332.496
2.38585	326.784
2.39166	334.422
2.39746	342.041
2.40327	344.42
2.40907	348.02
2.41488	359.877
2.42068	346.816
2.42649	346.215
2.43229	354.308
2.4381	340.071
2.4439	355.949
2.44971	363.638
2.45551	346.816
2.46132	335.583
2.46712	341.449
2.47293	350.238
2.47873	355.127
2.48454	358.218
2.49034	372.568
2.49615	370.636
2.50195	374.943
2.50776	370.422
2.51356	384.594
2.51937	393.584
2.52517	390.188
2.53098	399.77
2.53678	393.129
2.54258	397.467
2.54839	394.722
2.55419	393.584
2.56	395.407
2.5658	396.779
2.57161	391.317
2.57741	372.353
2.58322	360.709
2.58902	375.376
2.59483	378.424
2.60063	363.638
2.60644	368.289
2.61224	382.158
2.61805	377.987
2.62385	374.51
2.62966	364.69	601.752
2.63546	351.86	617.242
2.64127	365.956	615.462
2.64707	348.624	634.595
2.65288	356.36	654.323
2.65868	343.229	652.06
2.66449	346.816	654.323
2.67029	368.076	644.942
2.6761	368.076	632.4
2.6819	628.758
2.68771	612.979
2.69351	601.752
2.69932	608.393
2.70512	604.54
2.71093	620.818
2.71673	610.505
2.72254	603.493
2.72834	605.938
2.73415	605.938
2.73995	586.651
2.74576	609.8
2.75156	610.505
2.75737	611.211
2.76317	594.497
2.76898	584.96
2.77478	613.687
2.78059	627.306
2.78639	612.979
2.7922	614.397
2.798	613.687
2.80381	615.818
2.80961	606.288
2.81542	590.05
2.82122	590.05
2.82703	591.756
2.83283	591.756	675.444
2.83864	581.255	691.232
2.84444	595.528	682.504
2.85025	595.184	668.458
2.85605	575.242	678.181
2.86186	563.079	691.631	336.943
2.86766	689.637	345.416
2.87347	697.65	351.86
2.87927	699.264	345.416
2.88508	695.236	349.228
2.89088	689.637	345.616
2.89669	685.269	341.252
2.90249	683.293	332.88
2.9083	682.504	340.464
2.9141	678.573	338.895
2.91991	678.573	338.895
2.92571	671.166	336.359
2.93152	666.53	334.809
2.93732	676.225	334.229
2.94313	670.391	332.88
2.94893	660.398	330.009
2.95474	660.78	330.772
2.96054	659.636	330.772
2.96635	664.992	331.729
2.97215	660.78	332.496
2.97796	665.761	332.112
2.98376	666.915	333.073
2.98957	671.942	334.036
2.99537	664.992	332.112
3.00118	663.841	332.688
3.00698	670.004	334.229
3.01279	668.458	333.458
3.01859	663.074	332.112
3.0244	658.114	332.304
3.0302	663.457	329.818
3.03601	661.926	331.154
3.04181	657.734	329.247
3.04762	658.114	329.818
3.05342	643.454	327.918
3.05923	652.813	327.162
3.06503	655.837	321.541
3.07084	645.315	319.874
3.07664	635.329	316.565
3.08245	640.117	320.614
3.08825	641.228	320.059
3.09406	619.385	312.207
3.09986	617.242	304.548
3.10567	608.042	305.605
3.11147	603.144	305.782
3.11728	599.324	306.312
3.12308	590.05	304.196
3.12889	600.017	300.355
3.13469	607.34	298.971
3.1405	602.448	298.281
3.1463	616.174	312.027
3.15211	320.799
3.15791	324.527
3.16372	322.658
3.16952	331.729
3.17533	340.464
3.18113	339.09
3.18694	342.239
3.19274	338.112
3.19855	340.858
3.20435	348.825
3.21016	355.538
3.21596	353.694
3.22177	351.657
3.22757	344.818
3.23338	344.818
3.23918	358.218
3.24499	358.632
3.25079	368.714
3.2566	384.594
3.2624	377.769
3.26821	360.709
3.27401	368.289	338.503
3.27982	375.593	341.646
3.28562	373.214	342.041
3.29143	380.836	340.464
3.29723	388.614	337.917
3.30304	383.485	335.389
3.30884	387.269	333.65
3.31465	385.261	335.196
3.32045	394.722	339.09
3.32626	384.15	339.482
3.33206	339.482
3.33787	338.112
3.34367	339.679
3.34948	338.699
3.35528	338.895
3.36109	336.748
3.36689	336.554
3.3727	335.971
3.3785	336.748
3.38431	337.332
3.39011	337.137
3.39592	337.527
3.40172	336.554
3.40753	335.196
3.41333	336.165
3.41914	330.772
3.42494	330.199
3.43075	331.346
3.43655	327.162
3.44236	324.339
3.44816	323.965
3.45397	320.614
3.45977	320.429
3.46558	317.481
3.47138	312.749
3.47719	311.487
3.48299	310.588
3.4888	308.799
3.4946	307.376
3.50041	303.845
3.50621	301.921
3.51202	300.009
3.51782	296.905
3.52363	295.878
3.52943	291.973
3.53524	288.453
3.54104	290.963
3.54685	282.028
3.55265	278.466
3.55846	273.841
3.56426	271.008
3.57007	268.36
3.57587	266.199
3.58168	261.777
3.58748	258.024
3.59329	252.276
3.59909	247.227
3.6049	242.84
3.6107	237.567
3.61651	230.938
3.62231	229.078
3.62812	226.839
3.63392	225.663
3.63973	223.329
3.64553	222.428
3.65134	219.873
3.65714	218.354
3.66295	217.724
3.66875	216.221
3.67456	213.367
3.68036	208.976
3.68617	206.456
3.69197	203.967
3.69778	201.741
3.70358	202.324
3.70939	207.293
3.71519	201.508
3.721	195.207
3.7268	193.299
3.73261	191.853
3.73841	190.748
3.74422	196.906
3.75002	191.521
3.75583	189.65
3.76163	193.299
3.76744	195.771
3.77324	198.161
3.77905	188.994
3.78485
3.79066
3.79646
3.80227
3.80807
3.81388
3.81968
3.82549
3.83129
3.8371
3.8429
3.84871
3.85451
3.86032
3.86612
3.87193
3.87773
3.88354
3.88934
3.89515
3.90095
3.90676	396.55
3.91256	392.902
3.91837	388.838
3.92417	382.379
3.92998	383.485
3.93578	382.821
3.94159	382.379
3.94739	381.276
3.9532	382.158
3.959	380.396
3.96481	380.616
3.97061	381.717
3.97642	380.836
3.98222	383.707
3.98803	383.928	302.444
3.99383	383.485	301.224
3.99964	382.6	300.702
4.00544	385.039	301.398
4.01125	385.039	300.876
4.01705	383.707	300.529
4.02286	379.518	301.224
4.02866	387.046	303.319
4.03447	384.372	302.27
4.04027	391.317	300.702
4.04608	392.675	302.969
4.05188	392.902	306.489
4.05769	397.467	305.605
4.06349	400.695	306.666
4.0693	392.449	308.443
4.0751	396.092	308.443
4.08091	400.232	307.909
4.08671	393.129	308.799
4.09252	393.129	310.051
4.09832	389.963	311.307
4.10413	390.414	310.23
4.10993	391.543	308.799
4.11574	394.494	310.409
4.12154	383.485	311.307
4.12735	381.938	310.768
4.13315	396.779	311.127
4.13896	406.993	307.731
4.14476	411.484	292.818
4.15057	411.484	286.295
4.15637	278.949
4.16218	280.565
4.16798	289.12
4.17379	285.47
4.17959	295.537
4.1854	294.344
4.1912
4.19701
4.20281
4.20862
4.21442
4.22023
4.22603
4.23184
4.23764
4.24345
4.24925
4.25506
4.26086	366.591
4.26667	369.994
4.27247	371.708
4.27828	376.679
4.28408	355.127	291.973
4.28989	371.923	299.489
4.29569	370.422	301.398
4.3015	377.551	298.625
4.3073	378.424	301.224
4.31311	379.518	305.253
4.31891	377.115	304.724
4.32472	376.897	304.724
4.33052	375.593	305.429
4.33633	369.781	306.312
4.34213	361.753	305.253
4.34794	360.709	305.605
4.35374	353.899	307.553
4.35955	353.694	308.265
4.36535	354.513	310.409
4.37116	367.227	312.207
4.37696	373.861	310.23
4.38277	371.279	305.605
4.38857	383.264	300.009
4.39438	369.141	298.281
4.40018	363.638	297.077
4.40599	296.905
4.41179	290.963
4.4176	282.028
4.4234	272.893
4.42921	272.893
4.43501	278.306
4.44082	278.145
4.44662	280.727
4.45243	271.322
4.45823	282.028
4.46404	279.111
4.46984	276.863
4.47565	268.515
4.48145	266.66
4.48726	271.165
4.49306	262.686
4.49887	263.445
4.50467	265.125	367.227
4.51048	264.513	369.567
4.51628	264.513	375.81
4.52209	256.686	371.065
4.52789	268.826	376.027
4.5337	263.293	377.115
4.5395	255.207	379.299
4.54531	249.955	376.679
4.55111	242.419	373.861
4.55692	251.113	379.08
4.56272	252.276	379.08
4.56853	257.428	376.897	206.695
4.57433	377.333	205.03
4.58014	375.81	205.267
4.58594	375.159	202.91
4.59175	373.43	200.579
4.59755	376.027	200.116
4.60336	373.861	198.963
4.60916	375.81	196.678
4.61497	373.645	197.019
4.62077	370.422	197.932
4.62658	371.923	196.451
4.63238	370.208	195.771
4.63819	371.708	197.361
4.64399	369.354	197.133
4.6498	367.863	196.678
4.6556	368.714	193.076
4.66141	381.717	192.853
4.66721	370.636	193.076
4.67302	361.126	190.638
4.67882	359.669	189.431
4.68463	359.254	188.34
4.69043	359.461	184.997
4.69624	354.717	178.902
4.70204	351.251	176.235
4.70785	346.816	173.308
4.71365	343.625	171.416
4.71946	340.268	169.447
4.72526	338.112	168.374
4.73107	335.389	168.083
4.73687	335.777	167.598
4.74268	331.537	167.115
4.74848	326.03	166.056
4.75429	321.355	164.624
4.76009	322.471	164.244
4.7659	313.653	163.675
4.7717	315.835	161.422
4.77751	323.965	161.329
4.78331	321.17	160.585
4.78912	315.652	158.1
4.79492	321.913	156.736
4.80073	311.127	156.917
4.80653	303.319	156.104
4.81234	300.009	155.204
4.81814	311.847	154.489
4.82395	315.288	153.954
4.82975	329.247	153.156
4.83556	154.489
4.84136	154.043
4.84717	149.658
4.85297	142.817
4.85878	150.525
4.86458	152.714
4.87039
4.87619
4.882
4.8878
4.89361
4.89941
4.90522	452.37
4.91102	447.174
4.91683	466.703
4.92263	450.024
4.92844	451.848
4.93424	444.856
4.94005	451.065
4.94585	447.95
4.95166	445.37
4.95746	451.587
4.96327	444.085
4.96907	440.763
4.97487	432.941
4.98068	432.441
4.98649	444.342	418.193
4.99229	453.416	412.198
4.9981	455.254	414.825
5.0039	472.671	440.763
5.00971	465.895	416.025
5.01551	474.586	402.783
5.02132	456.57	400.463
5.02712	446.4	402.086
5.03293	452.893	394.494
5.03873	461.609	390.639
5.04454	446.4	389.288
5.05034	443.829	384.15
5.05615	443.316	380.836
5.06195	431.942	375.159
5.06776	419.888	387.046
5.07356	431.443	391.317
5.07936	444.085	388.838
5.08517	449.505	396.779
5.09097	444.085	402.086
5.09678	428.463	409.587
5.10258	426.981	426.487
5.10839	427.474	404.415
5.11419	431.692	418.435
5.12	423.297	414.825
5.1258	405.585
5.13161	405.585
5.13741	403.016
5.14322	402.086
5.14902	404.883
5.15483	408.406
5.16063	398.847
5.16644	392.675
5.17225	381.717
5.17805	382.158
5.18385	393.356
5.18966	398.387
5.19546	384.372
5.20127	376.027
5.20707	360.709
5.21288	376.897
5.21868	377.115
5.22449	374.726
5.23029	371.493
5.2361	359.461
5.2419	372.783	352.064
5.24771	386.152	343.625
5.25351	383.707	332.304
5.25932	382.821	312.749
5.26512	370.85	317.664
5.27093	366.803	313.472
5.27673	355.949	309.335
5.28254	348.624	299.489
5.28834	356.566	305.429
5.29415	368.501	307.198
5.29995	361.544	314.924
5.30576	366.167	315.106
5.31156	378.643	305.076
5.31737	392.222	307.376
5.32317	294.684
5.32898	298.625
5.33478	304.724
5.34059	309.335
5.34639	313.291
5.3522	318.032
5.358	335.777
5.36381	341.449
5.36961	325.841
5.37542	324.714
5.38122	324.714
5.38703
5.39283
5.39864
5.40444
5.41025
5.41605
5.42186
5.42766
5.43347
5.43927
5.44508
5.45088
5.45669
5.46249
5.4683
5.4741
5.47991
5.48571
5.49152
5.49732
5.50313
5.50893
5.51474
5.52054
5.52635
5.53215
5.53796
5.54376
5.54957
5.55537
5.56118
5.56698
5.57279
5.57859
5.5844
5.5902
5.59601
5.60181
5.60762
5.61342
5.61923
5.62503
5.63084
5.63664
5.64245
5.64825
5.65406
5.65986
5.66567
5.67147
5.67728
5.68308
5.68889
5.69469
5.7005
5.7063
5.71211
5.71791
5.72372
5.72952
5.73533
5.74113
5.74694
5.75274
5.75855
5.76435
5.77016
5.77596
5.78177
5.78757
5.79338
5.79918
5.80499
5.81079
5.8166
5.8224
5.82821
5.83401
5.83982
5.84562
5.85143
5.85723
5.86304
5.86884
5.87465
5.88045
5.88626
5.89206
5.89787
5.90367
5.90948
5.91528
5.92109
5.92689
5.9327
5.9385
5.94431
5.95011
5.95592
5.96172
5.96753
5.97333
5.97914
5.98494
5.99075
5.99655
6.00236
6.00816
6.01397
6.01977
6.02558
6.03138
6.03719
6.04299
6.0488
6.0546
6.06041
6.06621
6.07202
6.07782
6.08363
6.08943
6.09524
6.10104
6.10685
6.11265
6.11846
6.12426
6.13007
6.13587
6.14168
6.14748
6.15329
6.15909	365.111
6.1649	368.076
6.1707	366.803
6.17651	351.657
6.18231	360.085
6.18812	357.804
6.19392	350.441
6.19973	361.544
6.20553	361.335
6.21134	360.293
6.21714	360.709
6.22295	355.949
6.22875	360.501
6.23456	352.064
6.24036	344.023
6.24617	340.661
6.25197	334.809
6.25778	319.874
6.26358	314.924
6.26939	330.009
6.27519	333.458
6.281	327.162
6.2868	328.297
6.29261	335.777
6.29841	326.407
6.30422	314.016
6.31002	305.782
6.31583	305.076
6.32163	305.253
6.32744	312.749
6.33324	310.947	259.069
6.33905	312.388	246.799
6.34485	312.749	246.372
6.35066	305.253	241.86
6.35646	307.731	248.372
6.36227	306.844	250.1
6.36807	301.224	248.659
6.37388	301.746	248.372
6.37968	297.249	245.945
6.38549	294.344	250.1
6.39129	296.391	245.945
6.3971	289.287	246.657
6.4029	288.453	245.803
6.40871	287.787	242.559
6.41451	288.787	249.234
6.42032	293.495	252.13
6.42612	294.174	250.823
6.43193	302.444	259.069
6.43773	299.835	265.125
6.44354	313.11	265.584
6.44934	297.249	273.683
6.45515	299.662	276.383
6.46095	299.835	290.627
6.46676	308.443	300.355
6.47256	307.909	299.835
6.47837	305.782
6.48417	310.409
6.48998	309.693
6.49578	309.335
6.50159	312.388
6.50739	313.834
6.5132	325.277
6.519	328.297
6.52481	326.973
6.53061	332.88
6.53642	334.036
6.54222	332.304
6.54803	326.407
6.55383	312.568
6.55964	308.443
6.56544	307.021
6.57125	338.503
6.57705	347.016
6.58286	347.618
6.58866	351.657
6.59447	338.308
6.60027	336.748
6.60608	357.391
6.61188	363.009
6.61769	355.538
6.62349	361.126
6.6293	364.058
6.6351	362.799
6.64091	360.085
6.64671	349.027
6.65252	362.799
6.65832	371.923
6.66413	365.111
6.66993	354.513
6.67574	356.36
6.68154	346.816
6.68735	337.722
6.69315	332.496
6.69896	320.429
6.70476	308.087
6.71057	306.489
6.71637	306.135
6.72218	305.959
6.72798	306.135
6.73379	297.249
6.73959
6.7454
6.7512
6.75701
6.76281
6.76862
6.77442
6.78023
6.78603
6.79184
6.79764
6.80345
6.80925
6.81506
6.82086
6.82667
6.83247
6.83828
6.84408
6.84989	357.391
6.85569	351.454
6.8615	331.154
6.8673	330.963
6.87311	334.615
6.87891	336.943
6.88472	344.619
6.89052	361.126
6.89633	355.127
6.90213	360.501
6.90794	361.335
6.91374	373.43
6.91955	366.591
6.92535	350.036
6.93116	352.064
6.93696	345.616
6.94277	355.538
6.94857	360.501
6.95438	349.43
6.96018	346.215
6.96599	356.566
6.97179	363.848
6.9776	362.38
6.9834	371.493
6.98921	368.076
6.99501	368.289
7.00082	368.927
7.00662	382.158
7.01243	375.593
7.01823	370.208
7.02404	366.167
7.02984	372.999	445.37
7.03565	375.593	446.4
7.04145	370.85	449.765
7.04726	357.185	442.038
7.05306	378.205	437.213
7.05887	380.616	441.273
7.06467	375.159	434.444
7.07048	387.941	434.946
7.07628	385.039	436.961
7.08209	394.95	433.942
7.08789	395.407	431.443
7.0937	399.078	431.443
7.0995	390.188	438.731
7.10531	395.407	444.599
7.11111	404.182	460.277
7.11692	408.878	458.95
7.12272	414.825	474.586
7.12853	410.061	476.509
7.13433	403.948	486.803
7.14014	411.009	480.101
7.14594	395.864	480.101
7.15175	400.695	487.929
7.15755	404.649	498.181
7.16336	402.783	502.516
7.16916	392.222	493.028
7.17497	387.269	497.319
7.18077	372.783	497.893
7.18658	385.039	495.026
7.19238	501.357
7.19819	491.606
7.20399	482.046
7.2098	490.755
7.2156	499.045
7.22141	495.026
7.22721	493.598
7.23302	498.181
7.23882	492.459
7.24463	497.606
7.25043	500.488
7.25624	500.199
7.26204	492.743
7.26785	483.719
7.27365	485.118
7.27946	486.803
7.28526	474.038
7.29107	473.218
7.29687	474.312
7.30268	458.42
7.30848	469.406
7.31429	491.322
7.32009	480.101
7.3259	468.052
7.3317	470.492
7.33751	461.875
7.34331	479.546
7.34912	490.472
7.35492	499.622
7.36073	500.488
7.36653	491.039
7.37234	506.889
7.37814	485.399
7.38395	501.936
7.38975	516.942
7.39556	511.891
7.40136	488.775
7.40717	506.304
7.41297	527.5
7.41878	548.315
7.42458	546.733
7.43039	540.453
7.43619	537.962
7.442	549.265
7.4478	540.766
7.45361	548.315
7.45941	565.687
7.46522	581.59
7.47102	581.59
7.47683	572.921
7.48263	588.348
7.48844	588.688
7.49424
7.50005
7.50585
7.51166
7.51746
7.52327
7.52907
7.53487
7.54068
7.54648
7.55229
7.55809
7.5639
7.56971
7.57551
7.58132
7.58712
7.59293
7.59873
7.60454
7.61034
7.61615
7.62195
7.62776
7.63356
7.63936
7.64517
7.65097
7.65678
7.66258
7.66839
7.67419
7.68
7.6858
7.69161
7.69741
7.70322
7.70902
7.71483
7.72063
7.72644
7.73224
7.73805
7.74385
7.74966
7.75546
7.76127
7.76707
7.77288
7.77868
7.78449
7.79029
7.7961
7.8019
7.80771
7.81351
7.81932
7.82512
7.83093
7.83673
7.84254
7.84834
7.85415
7.85995
7.86576
7.87156
7.87737
7.88317
7.88898
7.89478
7.90059
7.90639
7.9122
7.918
7.92381
7.92961
7.93542
7.94122
7.94703
7.95283
7.95864
7.96444
7.97025
7.97605
7.98186
7.98766
7.99347
7.99927
8.00508
8.01088
8.01669
8.02249
8.0283
8.0341
8.03991
8.04571
8.05152
8.05732
8.06313
8.06893
8.07474
8.08054
8.08635
8.09215
8.09796
8.10376
8.10957
8.11537
8.12118
8.12698
8.13279
8.13859
8.1444
8.1502
8.15601
8.16181
8.16762
8.17342
8.17923
8.18503
8.19084
8.19664
8.20245
8.20825
8.21406
8.21986
8.22567
8.23147
8.23728
8.24308
8.24889
8.25469
8.2605
8.2663
8.27211
8.27791
8.28372
8.28952
8.29533
8.30113
8.30694
8.31274
8.31855
8.32435
8.33016
8.33596
8.34177
8.34757
8.35338
8.35918
8.36499
8.37079
8.3766
8.3824
8.38821	370.636
8.39401	397.697
8.39982	395.635
8.40562	386.822
8.41143	392.902
8.41723	421.102
8.42304	443.829
8.42884	413.629
8.43465	417.228
8.44045	430.199
8.44626	424.767
8.45206	426.981
8.45787	418.677
8.46367	418.193
8.46948	416.987
8.47528	401.854
8.48109	398.157
8.48689	403.016
8.4927	416.265
8.4985	408.406
8.50431	425.258
8.51011	432.441
8.51592	418.193
8.52172	422.32
8.52753	428.215
8.53333	430.945
8.53914	436.708
8.54494	441.783
8.55075	449.505
8.55655	452.37
8.56236	457.626
8.56816	447.174
8.57397	452.631
8.57977	457.098
8.58558	443.06
8.59138	445.627
8.59719	439.746
8.60299	435.197
8.6088	451.065
8.6146	445.627
8.62041	446.142
8.62621	450.284
8.63202	457.362
8.63782	463.479
8.64363	446.142
8.64943	428.215
8.65524	424.767
8.66104	432.441
8.66685	448.727
8.67265	431.942
8.67846	442.293
8.68426	438.478
8.69007	430.696
8.69587	429.206
8.70168	420.13
8.70748	424.031
8.71329	424.767
8.71909	413.151
8.7249	420.859
8.7307	413.39
8.73651	422.564
8.74231	430.447
8.74812	418.193
8.75392	414.586
8.75973	427.968
8.76553	442.805
8.77134	431.692
8.77714	427.474
8.78295	434.695
8.78875	422.32
8.79456	419.888
8.80036	420.616
8.80617	419.645
8.81197	413.151
8.81778	412.436
8.82358	420.373
8.82939	419.403
8.83519	408.17
8.841	413.151
8.8468	408.17
8.85261	404.182
8.85841	406.993
8.86422	407.463
8.87002	412.436
8.87583	403.016
8.88163	407.463
8.88744	407.463
8.89324	414.825
8.89905	424.276
8.90485	423.053
8.91066	423.297
8.91646	419.403
8.92227	425.503
8.92807	419.403
8.93388	403.482
8.93968	410.297
8.94549	416.025
8.95129	418.677
8.9571	420.616
8.9629	411.96
8.96871	408.642
8.97451	410.772
8.98032	405.351
8.98612	413.629
8.99193	405.819
8.99773	410.535
9.00354	402.086
9.00934	398.157
9.01515	414.586
9.02095	422.564
9.02676	423.297
9.03256	426.981
9.03837	422.808
9.04417	428.463
9.04998	418.677
9.05578	413.151
9.06159	422.32
9.06739	418.435
9.0732	425.995
9.079	422.32
9.08481	411.009
9.09061	402.551
9.09642	403.482
9.10222	406.288
9.10803	401.39
9.11383	413.868
9.11964	424.276
9.12544	419.403
9.13125	412.436
9.13705	426.487
9.14286	417.711
9.14866	406.523
9.15447	408.878
9.16027	401.622
9.16608	395.178
9.17188	399.078
9.17769	406.758
9.18349	411.96
9.1893	410.772
9.1951	414.107
9.20091	408.17
9.20671	406.054
9.21252	399.539
9.21832	394.266
9.22413	405.585
9.22993	393.584
9.23574	399.539
9.24154	401.854
9.24735	409.587
9.25315	390.414
9.25896	399.539
9.26476	386.599
9.27057	387.493
9.27637	382.821
9.28218	376.462
9.28798	354.103
9.29379	332.496
9.29959	332.112
9.3054	332.112
9.3112	326.784
9.31701	332.112
9.32281	332.496
9.32862	331.346
9.33442	329.818
9.34023	330.009
9.34603	329.247
9.35184	336.165
9.35764	330.963
9.36345	345.416
9.36925	351.657
9.37506	355.333
9.38086	356.36
9.38667	347.618
9.39247	332.88
9.39828	327.162
9.40408	330.009
9.40989	329.628
9.41569	330.772
9.4215	330.963
9.4273	344.818
9.43311	344.619
9.43891	342.832
9.44472	328.487
9.45052	328.677
9.45633	331.537
9.46213	340.858
9.46794	338.895
9.47374	353.286
9.47955	349.228
9.48535	347.217
9.49116	341.252
9.49696	328.677
9.50277	327.54
9.50857	331.346
9.51438	331.729
9.52018	332.688
9.52599	341.646
9.53179	328.867
9.5376	319.689
9.5434	326.218
9.54921	314.56
9.55501	313.653
9.56082	319.136
9.56662	309.156
9.57243	313.653	352.878
9.57823	313.653	348.825
9.58404	313.653	355.538
9.58984	305.076	347.618
9.59565	307.198	351.251
9.60145	300.355	348.422
9.60726	304.021	357.185
9.61306	301.224	366.591
9.61887	312.929	358.425	248.516
9.62467	326.218	367.863	240.745
9.63048	364.69	242.279
9.63628	366.167	246.087
9.64209	373.645	247.513
9.64789	381.938	247.799
9.6537	377.987	256.686
9.6595	385.707	255.65
9.66531	378.205	262.231
9.67111	387.046	266.353
9.67692	373.645	271.949
9.68272	376.679	271.635
9.68853	371.279	271.322
9.69433	374.077	271.165
9.70014	374.294	267.123
9.70594	376.244	276.863
9.71175	378.861	284.646
9.71755	383.928	276.383
9.72336	385.261	283.17
9.72916	383.264	283.007
9.73497	385.039	287.621
9.74077	384.594	296.22
9.74658	382.379	293.665	204.912
9.75238	391.995	297.936	214.975
9.75819	388.614	306.666	213.49
9.76399	393.811	311.667	218.354
9.7698	306.135	222.299
9.7756	225.142
9.78141	226.839
9.78721	227.101
9.79302	225.272
9.79882	224.234
9.80463	223.716
9.81043	227.101
9.81624	231.205
9.82204	227.495
9.82785	230.006
9.83365	235.518
9.83946	235.654
9.84526	235.246
9.85107	238.668
9.85687	241.86
9.86268	235.654
9.86848	232.41
9.87429	240.745
9.88009	238.944
9.8859	233.486
9.8917	232.275
9.89751	225.272
9.90331	223.458
9.90912	228.153
9.91492	232.813
9.92073	242.699
9.92653	247.513
9.93234	231.338
9.93814	234.297
9.94394	238.117
9.94975	238.117
9.95555	238.255	257.726
9.96136	241.162	257.726
9.96716	243.683	258.173
9.97297	231.739	257.726
9.97878	228.549	252.568
9.98458	245.945
9.99039	245.094
9.99619	244.105
10.002	246.229
10.0078	253.738
10.0136	253.006
10.0194	253.006
10.0252	242.84
10.031	245.094
10.0368	250.968
10.0426	241.302
10.0484	244.67
10.0542	244.953
10.06	245.378
10.0659	249.955
10.0717	253.738
10.0775	255.65
10.0833	257.726
10.0891	268.05
10.0949	267.895
10.1007	273.841
10.1065	272.578
10.1123	279.433
10.1181	268.205
10.1239	272.578
10.1297	266.045
10.1355	274.791
10.1413	271.949
10.1471	269.759
10.1529	268.36
10.1587	274.157
10.1645	274.633
10.1703	276.543
10.1761	269.136
10.1819	260.871
10.1878	248.372
10.1936	246.799
10.1994	255.946
10.2052	263.598
10.211	267.586
10.2168	269.915
10.2226	272.106
10.2284	265.738
10.2342	268.515
10.24	262.989
10.2458	264.36
10.2516	267.895
10.2574	268.205
10.2632	273.525
10.269	279.756
10.2748	288.953
10.2806	295.025
10.2864	308.265
10.2922	326.218
10.298	326.218
10.3039	326.218
10.3097	324.152
10.3155	322.471	267.586
10.3213	304.196	252.422
10.3271	307.376	240.884
10.3329	315.47	245.661
10.3387	245.661
10.3445	247.513
10.3503	253.006
10.3561	254.471
10.3619	253.738
10.3677	251.985
10.3735	251.258
10.3793	250.678
10.3851	246.942
10.3909	246.087
10.3967	243.261
10.4025	240.606
10.4083	238.117
10.4141	236.882
10.42	235.654
10.4258	233.891
10.4316	232.947
10.4374	231.472
10.4432	232.007
10.449	233.621
10.4548	235.11
10.4606	236.063
10.4664	238.255
10.4722	235.926
10.478	233.891
10.4838	233.891
10.4896	232.141
10.4954	229.21
10.5012	228.417
10.507	228.022
10.5128	225.533
10.5186	223.716
10.5244	223.071
10.5302	217.097
10.5361	216.596
10.5419	209.58
10.5477	200.463
10.5535	199.885
10.5593	197.932
10.5651	201.857
10.5709	207.293
10.5767
10.5825
10.5883
10.5941
10.5999
10.6057
10.6115
10.6173
10.6231
10.6289
10.6347
10.6405
10.6463
10.6522	251.985
10.658	252.568
10.6638	251.985
10.6696	253.591
10.6754	253.298
10.6812	245.661
10.687	253.152
10.6928	252.714
10.6986	250.244
10.7044	244.811
10.7102	246.372
10.716	250.389
10.7218	251.113
10.7276	249.955
10.7334	244.387
10.7392	243.401
10.745	240.328
10.7508	240.189
10.7566	238.255
10.7624	237.293
10.7683	241.162
10.7741	244.811
10.7799	243.823
10.7857	238.117
10.7915	236.063
10.7973	226.316
10.8031	229.342
10.8089	229.608
10.8147	229.078
10.8205	229.608
10.8263	228.285
10.8321	226.446
10.8379	224.363
10.8437	223.975
10.8495	221.914
10.8553	222.556
10.8611	219.492
10.8669	220.254
10.8727	219.873
10.8785	219.492
10.8844	222.299
10.8902	223.2
10.896	220.254
10.9018	222.428
10.9076	218.859
10.9134	220.254
10.9192	219.873
10.925	219.492
10.9308	221.402
10.9366	219.366	407.463
10.9424	222.942	404.182
10.9482	213.737	402.086
10.954	211.038	426.487
10.9598	207.173	430.447
10.9656	201.392	427.721
10.9714	206.337	418.919
10.9772	427.968
10.983	426.981
10.9888	434.444
10.9946	434.193
11.0005	450.284
11.0063	445.37
11.0121	461.342
11.0179	476.509
11.0237	473.218
11.0295	467.512
11.0353	447.433	257.28
11.0411	453.416	253.591
11.0469	465.357	252.276
11.0527	463.211	257.577
11.0585	472.944	257.726
11.0643	450.805	255.946
11.0701	450.024	255.06
11.0759	458.685	253.738
11.0817	467.782	252.422
11.0875	464.015	249.234
11.0933	481.211	249.523
11.0991	485.118	256.093
11.1049	489.905	247.656
11.1107	489.057	249.378	231.205
11.1166	486.521	250.823	228.945
11.1224	483.161	259.518	227.89
11.1282	476.784	262.382	232.141
11.134	474.312	255.207	224.752
11.1398	482.324	255.502	224.752
11.1456	500.199	251.403	226.708
11.1514	510.71	246.087	227.627
11.1572	501.646	250.1	228.417
11.163	495.884	250.533	227.101
11.1688	249.523	226.577
11.1746	248.516	224.363
11.1804	245.945	225.403
11.1862	246.229	224.104
11.192	255.207	223.975
11.1978	250.389	221.914
11.2036	242.139	221.53
11.2094	255.946	222.556
11.2152	258.024	224.623
11.221	221.53
11.2268	220.127
11.2327	222.685
11.2385	222.685
11.2443	225.793
11.2501	224.234
11.2559	227.495
11.2617	224.752
11.2675	223.458
11.2733	225.793
11.2791	228.417
11.2849	232.947
11.2907	231.205
11.2965	237.842
11.3023	245.236	246.087
11.3081	246.514	246.514
11.3139	248.947	247.942
11.3197	245.945	248.516
11.3255	246.372	249.09
11.3313	249.523	248.659
11.3371	263.445	247.513
11.3429	262.534	252.276
11.3488	271.949	251.549
11.3546	268.205	252.13
11.3604	267.586	251.694
11.3662	253.884
11.372	253.445
11.3778	253.591
11.3836	249.667
11.3894	245.094
11.3952	241.023
11.401	235.246
11.4068	236.199
11.4126	244.67
11.4184	244.105
11.4242	246.942
11.43	240.05
11.4358	242.139
11.4416	247.942
11.4474	250.389
11.4532	244.529
11.459	245.519
11.4649	247.37
11.4707	238.117
11.4765	245.236
11.4823	254.324
11.4881	256.241
11.4939	254.766
11.4997	243.823
11.5055	240.884
11.5113	243.261
11.5171	253.445
11.5229	253.006
11.5287	247.37
11.5345	247.37
11.5403	242.699
11.5461	240.328
11.5519	230.804
11.5577	232.41
11.5635
11.5693
11.5751
11.581
11.5868
11.5926
11.5984
11.6042
11.61
11.6158
11.6216
11.6274
11.6332
11.639
11.6448
11.6506	240.884
11.6564	257.131
11.6622	246.514
11.668	246.942
11.6738	243.12
11.6796	248.229
11.6854	251.985
11.6912	251.258
11.6971	249.378
11.7029	247.513
11.7087	246.657
11.7145	245.519
11.7203	244.529
11.7261	244.387
11.7319	244.67
11.7377	247.227
11.7435	245.661
11.7493	249.378
11.7551	246.799
11.7609	246.372
11.7667	244.246
11.7725	244.246
11.7783	242.559
11.7841	242.699
11.7899	240.884
11.7957	240.328
11.8015	238.806
11.8073	237.43
11.8132	238.53
11.819	238.806
11.8248	239.22
11.8306	238.944
11.8364	239.082
11.8422	237.979
11.848	237.979
11.8538	238.255
11.8596	236.609
11.8654	236.609
11.8712	235.246
11.877	235.246
11.8828	234.703
11.8886	233.891
11.8944	232.947
11.9002	231.873
11.906	231.472
11.9118	230.272
11.9176	232.141
11.9234	229.74
11.9293	228.549
11.9351	227.495
11.9409	226.054
11.9467	223.329
11.9525	221.274
11.9583	219.873
11.9641	218.859
11.9699	215.472
11.9757	213.614
11.9815	212.261
11.9873	210.551
11.9931	208.976
11.9989	207.053
12.0047	204.557
12.0105	203.261
12.0163	201.392
12.0221	200.579
12.0279	196.338
12.0337	195.432
12.0395	195.207
12.0454	193.97
12.0512	194.083
12.057	191.742
12.0628	196.451
12.0686	198.734
12.0744	192.742
12.0802	188.666
12.086	198.39
12.0918	194.195
12.0976	195.998
12.1034	200.232
12.1092	196.906	264.513
12.115	197.247	246.942
12.1208	195.094	246.657
12.1266	191.521	247.513
12.1324	192.297	243.964
12.1382	193.635	247.084
12.144	201.159	246.657
12.1498	196.338	252.276
12.1556	247.656
12.1615	249.811
12.1673	248.085
12.1731	247.656
12.1789	248.803
12.1847	248.803
12.1905	245.803
12.1963	248.229
12.2021	246.087
12.2079	247.37
12.2137	250.244
12.2195	247.656
12.2253	245.519
12.2311	241.999
12.2369	239.912
12.2427	235.926
12.2485	247.513
12.2543	247.513
12.2601	248.803
12.2659	243.964
12.2717	249.523
12.2776	247.084
12.2834	250.533
12.2892	246.372
12.295	247.799
12.3008	247.799
12.3066	247.942
12.3124	247.799
12.3182	247.37
12.324	242.98
12.3298	239.496
12.3356	239.635
12.3414	235.79
12.3472	242.279
12.353	235.79
12.3588	227.495
12.3646	240.467
12.3704	236.745	272.578
12.3762	241.302	268.515
12.382	231.338	262.686
12.3878	229.342	261.777
12.3937	232.947	266.814
12.3995	267.586
12.4053	269.292
12.4111	263.902
12.4169	259.219
12.4227	258.322
12.4285	256.834
12.4343	252.86
12.4401	249.955
12.4459	247.799
12.4517	248.803
12.4575	246.657
12.4633	246.372
12.4691	243.542
12.4749	241.58
12.4807	240.328
12.4865	239.082
12.4923	238.392
12.4981	237.567
12.5039	237.705
12.5098	238.117
12.5156	238.668
12.5214	239.22
12.5272	239.496
12.533	239.082
12.5388	239.635
12.5446	238.806
12.5504	237.979
12.5562	237.842
12.562	238.255
12.5678	239.22
12.5736	238.53
12.5794	239.912
12.5852	243.261
12.591	245.803
12.5968	246.372
12.6026	247.513
12.6084	244.811
12.6142	243.12
12.62	243.542
12.6258	243.823
12.6317	243.12
12.6375	244.105
12.6433	246.514
12.6491	247.513
12.6549	248.803
12.6607	248.803
12.6665	249.234
12.6723	249.667
12.6781	249.667
12.6839	249.378
12.6897	247.799
12.6955	246.657
12.7013	247.084
12.7071	248.659
12.7129	248.229
12.7187	248.659
12.7245	246.799
12.7303	244.67
12.7361	244.953
12.742	245.378
12.7478	244.105
12.7536	243.261
12.7594	243.964
12.7652	243.964
12.771	241.86
12.7768	242.559
12.7826	234.974
12.7884	243.12
12.7942	237.842
12.8	241.023
12.8058	243.401
12.8116	244.811
12.8174	244.67
12.8232	244.529
12.829	244.811
12.8348	245.094
12.8406	246.087
12.8464	250.678
12.8522	251.839
12.858	248.947
12.8639	248.372
12.8697	240.328
12.8755	233.351
12.8813	236.336
12.8871	226.708
12.8929	216.345
12.8987	226.97
12.9045	223.458
12.9103
12.9161
12.9219
12.9277
12.9335
12.9393
12.9451
12.9509
12.9567
12.9625
12.9683
12.9741
12.98
12.9858
12.9916
12.9974
13.0032
13.009
13.0148	265.584
13.0206	265.891
13.0264	278.145
13.0322	279.595
13.038	281.865
13.0438	280.241
13.0496	277.503
13.0554	269.915
13.0612	271.165
13.067	273.367
13.0728	279.272
13.0786	283.825
13.0844	283.825
13.0902	280.08
13.0961	276.383
13.1019	274.316
13.1077	272.106
13.1135	270.227
13.1193	263.75
13.1251	260.269
13.1309	258.471
13.1367	256.982
13.1425	255.502
13.1483	253.152
13.1541	251.694
13.1599	251.549
13.1657	251.258
13.1715	250.244
13.1773	249.523
13.1831	249.09
13.1889	247.37
13.1947	245.945
13.2005	244.953
13.2063	246.942
13.2122	247.37
13.218	247.37
13.2238	249.234
13.2296	250.678
13.2354	252.422
13.2412	253.445
13.247	252.714
13.2528	253.884
13.2586	252.86
13.2644	252.276
13.2702	253.006
13.276	253.298
13.2818	251.403
13.2876	250.823
13.2934	250.823
13.2992	248.947
13.305	247.656
13.3108	246.799
13.3166	245.236
13.3224	243.542
13.3283	242.279
13.3341	240.745
13.3399	238.806
13.3457	237.705
13.3515	237.019
13.3573	236.472
13.3631	235.654
13.3689	234.161
13.3747	234.161
13.3805	231.205
13.3863	232.544
13.3921	231.071
13.3979	231.873
13.4037	231.205
13.4095	230.938
13.4153	232.007
13.4211	231.071
13.4269	229.608
13.4327	228.681
13.4385	227.101
13.4444	226.054
13.4502	222.685
13.456	232.947
13.4618	224.882
13.4676	228.417
13.4734	219.619
13.4792	220.382
13.485	222.428
13.4908	222.299
13.4966	221.914
13.5024	223.2
13.5082	226.577
13.514	226.185
13.5198	224.752
13.5256	224.234
13.5314	223.329
13.5372	220.891
13.543	218.48
13.5488	218.986
13.5546	218.607
13.5605	227.364
13.5663	224.623
13.5721	223.329
13.5779	223.071
13.5837	219.873
13.5895	222.814
13.5953	223.975
13.6011	221.402
13.6069	219.366
13.6127	219.873	418.677
13.6185	220.509	409.587
13.6243	219.746	405.351
13.6301	219.366	397.238
13.6359	220	422.564
13.6417	223.071	415.065
13.6475	229.608	429.95
13.6533	236.472	443.316
13.6591	243.964	426.487
13.6649	240.05	426.487
13.6707	238.806	431.942
13.6766	230.006	449.245
13.6824	233.486	454.465
13.6882	456.834
13.694	470.764
13.6998	465.357
13.7056	461.076
13.7114	454.728
13.7172	451.326
13.723	436.708
13.7288	429.454
13.7346	431.692
13.7404	444.856
13.7462	443.06
13.752	438.224	401.854
13.7578	445.113	397.009
13.7636	451.326	393.129
13.7694	451.065	375.81
13.7752	446.916	394.039
13.781	430.199	395.635
13.7868	432.691	394.95
13.7927	427.968	391.995
13.7985	427.227	391.995
13.8043	416.747	395.864
13.8101	402.086	389.063
13.8159	396.55	394.039
13.8217	393.356	391.543
13.8275	383.485	384.372
13.8333	383.042	383.707
13.8391	383.264	388.389
13.8449	386.599	390.188
13.8507	394.722	395.635
13.8565	394.722	381.717
13.8623	384.15	379.738
13.8681	375.159	375.593
13.8739	380.836
13.8797	372.783
13.8855	383.707
13.8913	385.929	191.853
13.8971	383.485	192.519
13.9029	379.518	191.19
13.9088	379.518	192.742
13.9146	382.158	191.19
13.9204	380.836	190.638
13.9262	380.836	190.969
13.932	381.938	191.521
13.9378	382.821	191.3
13.9436	381.717	191.742
13.9494	380.396	188.557
13.9552	377.333	184.89
13.961	378.643	181.609
13.9668	378.205	180.876
13.9726	379.299	179.316
13.9784	377.769	179.005
13.9842	375.81	179.938
13.99	378.424	180.459
13.9958	379.08	180.146
14.0016	381.938	178.077
14.0074	379.08	182.24
14.0132	381.276	180.981
14.019	378.643	181.504
14.0249	380.396	182.134
14.0307	380.616	184.357
14.0365	380.396	188.884
14.0423	378.861	191.3
14.0481	377.987	195.094
14.0539	376.244	192.075
14.0597	385.039	199.654
14.0655	401.158	200.579
14.0713	393.129	198.161
14.0771	391.091	194.195
14.0829	397.238	186.931
14.0887	400.463
14.0945	411.009
14.1003	418.193
14.1061	422.32
14.1119	429.95
14.1177	452.631
14.1235	452.631
14.1293	452.631
14.1351	465.895
14.141	465.895
14.1468	469.949
14.1526	473.764
14.1584	479.546
14.1642	481.211
14.17	483.719	331.154
14.1758	469.949	332.304
14.1816	477.06	349.228
14.1874	467.782	357.185
14.1932	448.986	352.064
14.199	437.971	345.816
14.2048	434.193	351.048
14.2106	440.509	364.058
14.2164	440.254	380.836
14.2222	454.465	369.994
14.228	438.731	377.333
14.2338	432.191	382.821
14.2396	384.816
14.2454	387.493
14.2512	386.375
14.2571	383.707
14.2629	379.518
14.2687	377.333
14.2745	374.51
14.2803	374.943
14.2861	362.171
14.2919	353.286
14.2977	360.293
14.3035	358.011
14.3093	355.949
14.3151	356.36
14.3209	352.471
14.3267	353.286
14.3325	356.36
14.3383	355.127
14.3441	354.922
14.3499	346.016
14.3557	361.126
14.3615	365.111	186.499
14.3673	368.714	185.318
14.3732	369.994	185.639
14.379	369.354	186.823
14.3848	374.726	187.363
14.3906	375.81	187.905
14.3964	377.115	188.122
14.4022	376.244	189.103
14.408	378.861	189.212
14.4138	372.999	189.869
14.4196	373.214	192.186
14.4254	381.497	191.964
14.4312	380.836	193.523
14.437	386.822	193.746
14.4428	380.836	194.531
14.4486	381.717	195.207
14.4544	383.042	195.32
14.4602	384.372	194.419
14.466	385.484	193.97
14.4718	383.707	193.411
14.4776	386.599	193.746
14.4834	382.6	193.411
14.4893	382.379	193.299
14.4951	379.518	195.32
14.5009	375.376	194.756
14.5067	376.462	193.746
14.5125	376.897	196.338
14.5183	370.85	197.818
14.5241	368.289	198.39
14.5299	367.439	198.275
14.5357	364.479	197.818
14.5415	361.335	199.654
14.5473	357.598	203.027
14.5531	354.717	210.673
14.5589	352.267	211.282
14.5647	349.632	211.648
14.5705	349.43	214.108
14.5763	340.858	210.187
14.5821	338.503	215.224
14.5879	333.073	212.506
14.5937	329.818	219.873
14.5995	327.918
14.6054	325.841
14.6112	320.429
14.617	313.653
14.6228	310.409
14.6286	309.156
14.6344	302.444
14.6402	295.537
14.646	290.795
14.6518	288.453
14.6576	281.865
14.6634	275.268
14.6692	272.421
14.675	266.66
14.6808	265.738
14.6866	254.766
14.6924	249.667
14.6982	244.811
14.704	239.496
14.7098	238.806
14.7156	240.606
14.7215	244.529
14.7273	243.823
14.7331	241.302
14.7389	238.117
14.7447	237.705
14.7505	237.842
14.7563	240.05
14.7621	236.199
14.7679	233.351
14.7737	236.063
14.7795	231.739
14.7853	232.947
14.7911	234.568
14.7969	231.472
14.8027	234.974
14.8085	239.358
14.8143	229.078
14.8201	226.316
14.8259
14.8317
14.8376
14.8434
14.8492
14.855
14.8608
14.8666
14.8724
14.8782
14.884
14.8898
14.8956
14.9014
14.9072
14.913
14.9188
14.9246
14.9304	282.028
14.9362	288.453
14.942	293.834
14.9478	294.684
14.9537	300.529
14.9595	301.921
14.9653	302.27
14.9711	299.835
14.9769	301.224
14.9827	300.529
14.9885	294.004
14.9943	299.143
15.0001	299.662
15.0059	312.388
15.0117	306.844
15.0175	294.514
15.0233	306.312
15.0291	304.372
15.0349	292.311
15.0407	286.13
15.0465	277.663
15.0523	273.525
15.0581	270.695
15.0639	260.119
15.0697	258.919
15.0756	256.982
15.0814	255.06
15.0872	256.241
15.093	257.28
15.0988	256.093
15.1046	256.686
15.1104	256.686
15.1162	258.322
15.122	257.428
15.1278	250.244
15.1336	246.229
15.1394	247.656
15.1452	254.178
15.151	253.591
15.1568	258.024
15.1626	264.665
15.1684	256.389
15.1742	265.125
15.18	248.947
15.1859	249.667
15.1917	250.678
15.1975	250.678
15.2033	256.538
15.2091	260.419
15.2149	275.268
15.2207	274.157
15.2265	271.949
15.2323	284.153
15.2381	283.498
15.2439	285.47
15.2497	285.634
15.2555	289.12
15.2613	294.344
15.2671	296.391	247.656
15.2729	294.684	247.513
15.2787	297.936	247.227
15.2845	296.391	245.945
15.2903	306.489	245.519
15.2961	312.749	247.799
15.3019	307.553	246.229
15.3078	250.244
15.3136	246.087
15.3194	245.094
15.3252	245.661
15.331	245.661
15.3368	244.811
15.3426	243.542
15.3484	239.496
15.3542	240.189
15.36	240.606
15.3658	243.542
15.3716	241.302
15.3774	242.139
15.3832	239.358
15.389	243.401
15.3948	242.279
15.4006	240.328
15.4064	241.72
15.4122	241.58
15.418	241.72
15.4239	244.387
15.4297	244.529
15.4355	243.12
15.4413	243.261
15.4471	241.86
15.4529	240.467
15.4587	244.67
15.4645	242.699
15.4703	243.401
15.4761	249.955
15.4819	246.657
15.4877	244.811
15.4935	250.968
15.4993	246.799
15.5051	244.246
15.5109	247.227
15.5167	247.942
15.5225	247.942
15.5283	247.37
15.5341	245.519
15.54	245.519
15.5458	241.999
15.5516	241.86
15.5574	239.496
15.5632	235.518
15.569	233.217
15.5748	225.533
15.5806	215.224
15.5864	218.48
15.5922	223.587
15.598	227.233
15.6038	223.071
15.6096	225.793
15.6154	232.141
15.6212	235.11
15.627	237.293
15.6328	233.621
15.6386	232.544
15.6444	241.999
15.6502	242.559
15.6561	240.189
15.6619	240.328
15.6677	247.656
15.6735	237.567
15.6793	230.139
15.6851	235.926
15.6909	230.006
15.6967	230.804
15.7025	223.846
15.7083	223.975
15.7141	226.446
15.7199	231.873
15.7257	238.806
15.7315	241.86
15.7373	242.699
15.7431	243.683
15.7489	245.094
15.7547	250.823
15.7605	246.229
15.7663	247.656
15.7722	251.549
15.778	249.811
15.7838	247.799
15.7896	250.1
15.7954	247.656
15.8012	248.803
15.807	248.516
15.8128	246.514
15.8186	244.387
15.8244	245.519
15.8302	490.189	245.378
15.836	488.775	242.84
15.8418	487.084	241.162
15.8476	486.803	239.082
15.8534	485.679	239.773
15.8592	486.521	241.302
15.865	488.493	242.419
15.8708	490.189	245.094
15.8766	491.322	244.67
15.8824	488.211	244.529
15.8883	487.084	243.542
15.8941	483.999	241.441
15.8999	480.933	240.05
15.9057	479.823	239.912
15.9115	474.312	237.293
15.9173	480.933	237.979
15.9231	467.512	239.773
15.9289	472.125	241.441
15.9347	474.86	239.912
15.9405	480.101	240.189
15.9463	485.399	241.999
15.9521	490.189	246.942
15.9579	478.44	249.955
15.9637	493.598	248.516
15.9695	505.135	241.162
15.9753	519.037	247.084
15.9811	497.031	246.657
15.9869	522.949	241.023
15.9927	526.891	250.678
15.9985	537.03	253.298
16.0044	542.957	247.942
16.0102	553.406	240.467
16.016	550.536
16.0218	529.331
16.0276	514.262
16.0334	528.72
16.0392	506.889	242.419
16.045	501.067	231.739
16.0508	483.999	236.472
16.0566	454.465	235.518
16.0624	234.703
16.0682	236.336
16.074	238.944
16.0798	241.441
16.0856	242.699
16.0914	243.12
16.0972	246.942
16.103	248.947
16.1088	247.084
16.1146	247.084
16.1205	246.514
16.1263	245.803
16.1321	245.803
16.1379	244.67
16.1437	244.387
16.1495	243.823
16.1553	245.661
16.1611	246.514
16.1669	258.77
16.1727	253.445
16.1785	243.964
16.1843	241.86
16.1901	245.803
16.1959	248.229
16.2017	251.694
16.2075	252.276
16.2133	252.276
16.2191	253.884
16.2249	252.86
16.2307	253.591
16.2366	254.618
16.2424	254.618
16.2482	256.834
16.254	257.875
16.2598	257.875
16.2656	256.982
16.2714	254.913
16.2772	255.06
16.283	251.403
16.2888	247.37
16.2946	240.05
16.3004	235.382
16.3062	241.162
16.312	236.472
16.3178	227.758
16.3236	216.221
16.3294	216.221
16.3352	216.221
16.341	216.221
16.3468	218.228
16.3527	216.721
16.3585	215.472
16.3643	218.48
16.3701	232.813
16.3759	232.007
16.3817	236.609
16.3875	236.609
16.3933	237.842
16.3991	238.255
16.4049	240.467
16.4107	245.094
16.4165	246.514
16.4223	250.244
16.4281	252.86
16.4339	251.549
16.4397	254.324
16.4455	256.241
16.4513	246.799
16.4571	247.656
16.4629	243.683
16.4688	238.53
16.4746	238.117
16.4804	235.518
16.4862	236.063
16.492	241.999
16.4978	246.372
16.5036	245.094
16.5094	246.229
16.5152	238.255
16.521	243.964
16.5268	251.839
16.5326	251.403
16.5384	242.98	229.873
16.5442	243.401	226.839
16.55	246.799	226.054
16.5558	256.834	230.804
16.5616	266.814	230.938
16.5674	264.971	232.678
16.5732	264.665	230.938
16.579	266.814	230.804
16.5849	267.895	238.392
16.5907	273.525	239.773
16.5965	285.8	241.302
16.6023	295.025	234.839	209.58
16.6081	304.372	244.953	201.159
16.6139	312.207	243.261	213.737
16.6197	320.799	241.999	214.727
16.6255	316.748	242.559	213.984
16.6313	310.23	241.72	217.348
16.6371	243.12	215.597
16.6429	243.823	209.701
16.6487	239.082	201.159
16.6545	241.162	197.475
16.6603	238.392	194.644
16.6661	228.813	191.853
16.6719	226.185	192.853
16.6777	228.153	193.635
16.6835	234.703	201.624
16.6893	243.823	207.532
16.6951	251.403	211.771
16.701	242.699	214.479
16.7068	245.236	211.038
16.7126	246.514	213.244
16.7184	251.258	202.792
16.7242	254.766	202.558
16.73	258.621
16.7358	259.219
16.7416	260.419
16.7474	259.818
16.7532	263.293
16.759	262.989
16.7648	252.422
16.7706	256.686
16.7764	254.178
16.7822	255.207
16.788	253.152
16.7938	255.06
16.7996	253.298
16.8054	251.113
16.8112	246.942
16.8171	239.358
16.8229	238.392
16.8287	246.657
16.8345	246.657
16.8403	241.58
16.8461	238.255
16.8519	249.09
16.8577	239.773
16.8635	226.839
16.8693	228.813
16.8751	228.945	227.627
16.8809	221.914
16.8867	221.914
16.8925	220.764
16.8983	219.492
16.9041	214.851
16.9099	213.861
16.9157	224.104
16.9215	221.914
16.9273	218.48
16.9332	221.658
16.939	222.043
16.9448	226.316
16.9506	216.846
16.9564	216.47
16.9622	214.231
16.968	210.308
16.9738	205.861
16.9796	218.228
16.9854	216.596
16.9912	224.623
16.997	225.793
17.0028	218.102
17.0086	213.614
17.0144	210.187
17.0202	219.619
17.026	221.914
17.0318	225.663
17.0376	234.161
17.0434	247.37
17.0493	245.803
17.0551	234.161
17.0609	232.275
17.0667	234.974
17.0725	227.627	248.516
17.0783	253.298
17.0841	253.591
17.0899	252.276
17.0957	253.884
17.1015	252.422
17.1073	250.533
17.1131	250.823
17.1189	249.378
17.1247	249.523
17.1305	247.799
17.1363	246.372
17.1421	245.519
17.1479	243.823
17.1537	241.441
17.1595	240.189
17.1654	238.944
17.1712	236.336
17.177	236.199
17.1828	235.654
17.1886	234.161
17.1944	233.756
17.2002	230.938
17.206	229.873
17.2118	228.813
17.2176	228.022
17.2234	227.101
17.2292	226.97
17.235	227.758
17.2408	224.752
17.2466	224.623
17.2524	223.2
17.2582	219.366
17.264	218.354
17.2698	215.224
17.2756	219.873
17.2815	222.428
17.2873	216.221
17.2931	218.48
17.2989	210.187
17.3047	211.404
17.3105	213.367
17.3163	215.971
17.3221	219.746
17.3279	221.53
17.3337	222.814
17.3395	219.366
17.3453	220.636
17.3511	223.329
17.3569	222.299
17.3627	221.658
17.3685	220
17.3743	220
17.3801	216.47
17.3859	222.556
17.3917	226.054
17.3976	228.681
17.4034	225.012
17.4092	232.007
17.415	226.839
17.4208	227.495
17.4266	229.21
17.4324	236.063
17.4382	245.803
17.444	238.668
17.4498	235.518
17.4556
17.4614
17.4672
17.473
17.4788
17.4846
17.4904
17.4962
17.502
17.5078
17.5137
17.5195
17.5253
17.5311
17.5369
17.5427
17.5485
17.5543
17.5601
17.5659
17.5717	322.099
17.5775	335.777
17.5833	346.415
17.5891	352.674
17.5949	359.669
17.6007	364.269
17.6065	368.714
17.6123	364.901
17.6181	372.568
17.6239	370.85
17.6297	371.493
17.6356	374.726
17.6414	375.376
17.6472	373.214
17.653	369.354
17.6588	370.422
17.6646	369.141
17.6704	367.014
17.6762	357.804
17.682	351.86
17.6878	342.634
17.6936	332.88	358.839
17.6994	323.404	363.848
17.7052	328.487	361.335
17.711	326.407	358.425
17.7168	319.874	361.335
17.7226	309.693	364.269
17.7284	309.693	366.167
17.7342	309.693	360.501
17.74	356.36
17.7458	358.632
17.7517	356.155
17.7575	360.293
17.7633	362.589
17.7691	360.293
17.7749	357.391
17.7807	361.335
17.7865	362.589
17.7923	358.425
17.7981	360.501
17.8039	362.38
17.8097	360.085
17.8155	361.753
17.8213	363.218
17.8271	362.589
17.8329	363.848
17.8387	364.269
17.8445	364.479
17.8503	363.428
17.8561	356.566
17.8619	356.772
17.8678	362.799
17.8736	356.566
17.8794
17.8852
17.891
17.8968
17.9026
17.9084
17.9142
17.92
17.9258
17.9316
17.9374
17.9432
17.949	356.978
17.9548	362.38
17.9606	365.956
17.9664	368.714
17.9722	373.43
17.9781	372.353
17.9839	374.943
17.9897	373.43
17.9955	373.645
18.0013	373.861
18.0071	373.861
18.0129	371.493
18.0187	370.422
18.0245	374.077
18.0303	375.593
18.0361	376.679
18.0419	380.177
18.0477	382.158
18.0535	385.929
18.0593	386.599
18.0651	384.15
18.0709	386.375
18.0767	387.941
18.0825	388.389
18.0883	388.614
18.0941	388.838
18.1	389.288
18.1058	388.838
18.1116	390.188
18.1174	386.822
18.1232	385.261
18.129	383.928
18.1348	376.679
18.1406	367.014
18.1464	356.155
18.1522	354.717
18.158	372.568
18.1638	372.568
18.1696	361.962
18.1754	373.861
18.1812	374.943
18.187	382.821
18.1928	378.205
18.1986	377.333
18.2044	380.836
18.2102	372.999
18.2161	373.43
18.2219	386.599
18.2277	370.636
18.2335	377.769
18.2393	373.43
18.2451	370.85
18.2509	370.422
18.2567	367.014
18.2625	365.745
18.2683	370.208
18.2741	371.065
18.2799	371.065
18.2857	373.645
18.2915	366.591
18.2973	372.568
18.3031	371.065
18.3089	378.861
18.3147	378.205
18.3205	372.999
18.3263	377.987
18.3322	369.781
18.338	363.009
18.3438	375.376
18.3496	371.065
18.3554	361.126
18.3612	348.624
18.367	343.427
18.3728	345.416
18.3786	345.217
18.3844	340.661
18.3902	341.055
18.396	331.154
18.4018	315.47
18.4076	320.244
18.4134	327.162
18.4192	336.554
18.425	336.554	337.137
18.4308	335.196	336.748
18.4366	338.308	341.449
18.4424	332.112	346.016
18.4483	330.009	348.624
18.4541	324.152	352.674
18.4599	337.332	355.743
18.4657	337.332	361.126
18.4715	347.417	359.877
18.4773	361.753
18.4831	365.322
18.4889	368.927
18.4947	369.781
18.5005	373.645
18.5063	371.279
18.5121	371.279
18.5179	373.43
18.5237	376.027
18.5295	374.51
18.5353	372.568
18.5411	371.708
18.5469	372.568
18.5527	371.923
18.5585	371.065
18.5644	371.493
18.5702	372.999
18.576	374.077
18.5818	372.353
18.5876	374.077
18.5934	375.593
18.5992	375.376
18.605	374.294
18.6108	375.81
18.6166	377.115
18.6224	379.738
18.6282	376.897
18.634	374.294
18.6398	373.861
18.6456	370.636
18.6514	363.218
18.6572	362.589
18.663	363.638
18.6688	361.962
18.6746	366.803
18.6805	368.714
18.6863	369.994
18.6921	372.353	372.568
18.6979	377.987	373.43
18.7037	372.353	373.43
18.7095	372.783	371.923
18.7153	369.994	373.214
18.7211	369.781	371.279
18.7269	369.781	370.85
18.7327	369.354	369.141
18.7385	367.014	368.714
18.7443	372.999	369.354
18.7501	369.141	367.227
18.7559	368.076	368.714
18.7617	368.927	372.353
18.7675	374.51
18.7733	377.987
18.7791	376.897
18.7849	375.593
18.7907	374.726
18.7966	374.726
18.8024	377.115
18.8082	375.376
18.814	375.81
18.8198	377.987
18.8256	374.51
18.8314	373.861
18.8372	374.077
18.843	373.214
18.8488	363.848
18.8546	358.218
18.8604	354.922
18.8662	355.127
18.872	354.308
18.8778	357.598
18.8836	359.254
18.8894	360.918
18.8952	363.428
18.901	361.126
18.9068	358.425
18.9127	360.085
18.9185	360.085
18.9243	363.848
18.9301	358.632
18.9359	362.589
18.9417	360.085
18.9475	358.632
18.9533	356.36
18.9591	356.978
18.9649	360.709
18.9707	359.046
18.9765	358.839
18.9823	358.632
18.9881	353.694
18.9939	358.839
18.9997	371.493
19.0055	371.493
19.0113	371.923
19.0171	359.254
19.0229	361.753
19.0288	376.244
19.0346	376.027
19.0404	381.497
19.0462	383.485	296.22
19.052	393.356	300.355
19.0578	380.396	298.971
19.0636	391.543	311.307
19.0694	384.15	318.032
19.0752	383.042	324.714
19.081	397.927	328.487
19.0868	336.943
19.0926	342.239
19.0984	344.619
19.1042	348.624
19.11	350.441
19.1158	357.185
19.1216	355.743
19.1274	360.501
19.1332	370.636
19.139	367.863
19.1449	361.335
19.1507	362.38
19.1565	366.167
19.1623	369.567
19.1681	373.214
19.1739	376.679
19.1797	377.769
19.1855	378.861
19.1913	376.244
19.1971	371.493
19.2029	362.171
19.2087	353.286
19.2145	350.441
19.2203	358.839
19.2261	377.551
19.2319	377.115
19.2377	379.08
19.2435	381.276
19.2493	388.838
19.2551	375.159
19.261	374.294
19.2668	376.244
19.2726	374.294
19.2784	370.85
19.2842	365.322
19.29	374.943
19.2958	374.077
19.3016	374.943
19.3074	374.077
19.3132	372.999
19.319	371.923
19.3248	374.077
19.3306	374.943
19.3364	375.159
19.3422	376.462
19.348	381.938
19.3538	381.938
19.3596	394.95
19.3654	385.261
19.3712	383.928
19.3771	377.987
19.3829	382.6
19.3887	389.738
19.3945	393.811
19.4003	378.424
19.4061	370.208
19.4119	370.422	373.645
19.4177	371.279	371.065
19.4235	369.354	369.567
19.4293	361.962	375.159
19.4351	373.43	374.943
19.4409	379.518	377.987
19.4467	379.738	379.299
19.4525	382.821	381.938
19.4583	376.897	380.396
19.4641	375.376	378.643
19.4699	385.261	376.462
19.4757	374.726	377.987
19.4815	375.159	374.726
19.4873	376.897	375.159
19.4932	378.424	374.943
19.499	372.999	375.376
19.5048	384.816	373.214
19.5106	370.422	371.923
19.5164	375.376
19.5222	372.999
19.528	372.138
19.5338	372.568
19.5396	372.999
19.5454	371.708
19.5512	371.923
19.557	375.159
19.5628	371.923
19.5686	371.493
19.5744	372.138
19.5802	369.141
19.586	369.781
19.5918	370.422
19.5976	365.533
19.6034	364.479
19.6093	367.651
19.6151	362.799
19.6209	356.978
19.6267	354.513
19.6325	355.949
19.6383	358.218
19.6441	356.978
19.6499	358.632
19.6557	359.254
19.6615	363.218
19.6673	361.962
19.6731	360.918
19.6789	358.839
19.6847	353.899
19.6905	347.217
19.6963	340.858
19.7021	337.917
19.7079	332.688
19.7137	327.162
19.7195	325.277
19.7254	325.089
19.7312	330.199	328.297
19.737	329.628	336.748
19.7428	333.65	355.949
19.7486	334.422	358.218
19.7544	336.165	361.962
19.7602	336.748	366.591
19.766	333.458	363.848
19.7718	332.496	366.167
19.7776	345.416	371.493
19.7834	346.415	368.501
19.7892	353.082	364.69
19.795	363.218	363.218
19.8008	367.863	359.461
19.8066	374.943	375.159
19.8124	366.803	374.077
19.8182	365.533	370.636
19.824	369.994	371.493
19.8298	369.354	369.354
19.8356	367.651	367.227
19.8415	369.141	369.354
19.8473	371.279	371.493
19.8531	372.353	372.353
19.8589	372.568	372.568
19.8647	371.923	372.353
19.8705	372.568
19.8763	372.138
19.8821	373.645
19.8879	372.999
19.8937	373.214
19.8995	373.645
19.9053	371.708
19.9111	371.493
19.9169	369.781
19.9227	375.376
19.9285	372.999
19.9343	374.077
19.9401	372.568
19.9459	370.85
19.9517	371.279
19.9576	371.493
19.9634	373.645
19.9692	372.783
19.975	373.214
19.9808	373.645
19.9866	372.568
19.9924	371.279
19.9982	371.923
20.004	369.994
20.0098	371.708
20.0156	370.208
20.0214	370.208
20.0272	370.208
20.033	370.422
20.0388	369.354
20.0446	369.567
20.0504	366.167
20.0562	365.956
20.062	357.185
20.0678	352.471
20.0737	352.064
20.0795	350.441
20.0853	348.221
20.0911	351.454
20.0969	355.127
20.1027	348.825
20.1085	355.743
20.1143	363.218
20.1201	349.834
20.1259	349.834
20.1317	344.221
20.1375	346.215
20.1433	354.103
20.1491	359.669
20.1549	345.416
20.1607	335.971
20.1665	329.247
20.1723	325.465
20.1781	328.297
20.1839	326.218
20.1898	324.902
20.1956	332.112
20.2014	329.818
20.2072	334.036
20.213	328.867
20.2188	343.031
20.2246	337.332
20.2304	333.458
20.2362	329.057
20.242	336.943
20.2478	340.858
20.2536	336.165
20.2594	335.777
20.2652	331.154
20.271	322.471
20.2768	324.714
20.2826	329.818
20.2884	325.277
20.2942	327.54
20.3	324.527
20.3058	333.073
20.3117	335.389
20.3175	340.268
20.3233	326.407
20.3291	335.196
20.3349	352.878
20.3407	358.218
20.3465	354.717
20.3523	348.825
20.3581	345.816
20.3639	341.646
20.3697	357.185
20.3755	347.819
20.3813	336.554
20.3871	329.247
20.3929	315.106
20.3987	311.127
20.4045	300.702
20.4103	300.702
20.4161	302.619
20.4219	299.143
20.4278	314.742
20.4336
20.4394
20.4452
20.451
20.4568
20.4626
20.4684
20.4742
20.48
20.4858
20.4916
20.4974
20.5032
20.509
20.5148
20.5206
20.5264
20.5322
20.538
20.5439
20.5497
20.5555
20.5613
20.5671
20.5729
20.5787
20.5845
20.5903
20.5961	642.711
20.6019	647.93	322.844
20.6077	646.434	323.591
20.6135	647.93	324.152
20.6193	643.454	321.17
20.6251	648.304	319.874
20.6309	658.114	333.073
20.6367	661.926	327.162
20.6425	666.53	306.312
20.6483	666.53	308.978
20.6542	666.53	312.929
20.66	658.494	306.489
20.6658	647.93	309.335
20.6716	641.598	313.653
20.6774	633.863	316.565
20.6832	622.973	312.388
20.689	622.973	313.11
20.6948	631.67	314.016
20.7006	634.229	315.835
20.7064	631.67	315.288
20.7122	627.669	318.032
20.718	646.434	318.767
20.7238	638.271	320.059
20.7296	639.009	322.658
20.7354	650.93	324.527
20.7412	648.678	327.162
20.747	655.458	327.54
20.7528	678.573	332.112
20.7586	667.301	334.229
20.7644	673.107	333.843
20.7702	675.444	335.777
20.7761	674.275	337.917
20.7819	676.225	337.527
20.7877	675.444	337.137
20.7935	662.691	333.843
20.7993	652.06	328.487
20.8051	644.942	325.465
20.8109	640.487	321.17
20.8167	628.394	326.218
20.8225	643.082	315.288
20.8283	636.063	319.136
20.8341	633.131	319.874
20.8399	639.009	318.951
20.8457	625.859	316.565
20.8515	629.121	315.47
20.8573	627.306	309.514
20.8631	602.1	302.444
20.8689	610.858	299.662
20.8747	584.622	291.468
20.8805	578.241	288.953
20.8863	578.241	288.453
20.8922	576.573	288.12
20.898	575.907	287.289
20.9038	584.96	290.795
20.9096	584.284	288.62
20.9154	571.929	282.191
20.9212	296.22
20.927	296.049
20.9328	296.563
20.9386	295.537
20.9444	292.649
20.9502	295.195
20.956	291.973
20.9618	286.957
20.9676	297.077
20.9734	296.22
20.9792	293.326
20.985	292.311
20.9908	294.004
20.9966	293.834
21.0024	300.182
21.0083	294.174
21.0141	286.792
21.0199	292.818
21.0257	282.843
21.0315	283.17
21.0373	282.68
21.0431	281.539
21.0489	282.191
21.0547	283.498
21.0605	288.453
21.0663	280.403
21.0721	288.953
21.0779	283.661
21.0837	273.683
21.0895	279.111
21.0953	282.68	354.922
21.1011	286.626	353.899
21.1069	271.478	348.825
21.1127	271.008	356.978
21.1185	262.079	359.254
21.1244	275.905	354.308
21.1302	270.852	351.048
21.136	265.125	347.819
21.1418	280.727	343.824
21.1476	341.055
21.1534	339.679
21.1592	337.527
21.165	337.137
21.1708	335.777
21.1766	337.527
21.1824	336.359
21.1882	335.777
21.194	334.229
21.1998	333.073
21.2056	331.92
21.2114	332.688
21.2172	330.772
21.223	331.154
21.2288	328.487
21.2346	331.346
21.2405	331.729
21.2463	330.009
21.2521	331.729
21.2579	332.496
21.2637	332.112
21.2695	332.88
21.2753	332.112
21.2811	331.729
21.2869	331.729
21.2927	331.537
21.2985	333.073
21.3043	333.843
21.3101	334.036
21.3159	333.073
21.3217	333.073
21.3275	332.304
21.3333	332.496
21.3391	332.688
21.3449	332.304
21.3507	329.057
21.3566	325.653
21.3624	323.217
21.3682	323.217
21.374	325.841
21.3798	333.265
21.3856	334.809
21.3914	326.595
21.3972	328.297
21.403	319.136
21.4088	323.591
21.4146	329.628
21.4204	332.496
21.4262	322.844
21.432	320.799
21.4378	312.388
21.4436	319.874	277.663
21.4494	314.742	278.466
21.4552	304.548	278.627
21.461	313.653	293.665
21.4668	306.844	277.824
21.4727	324.527	279.918
21.4785	317.481	283.334
21.4843	310.409	283.989
21.4901	305.959	284.153
21.4959	298.453	285.8
21.5017	287.123	286.792
21.5075	277.984	285.305
21.5133	277.984	285.305
21.5191	285.965
21.5249	285.47
21.5307	285.965
21.5365	287.289
21.5423	287.455
21.5481	287.787
21.5539	288.453
21.5597	288.953
21.5655	292.987
21.5713	291.973
21.5771	293.834
21.5829	293.665
21.5888	295.195
21.5946	291.973
21.6004	294.514
21.6062	299.316
21.612	301.224
21.6178	303.845
21.6236	304.548
21.6294	301.398
21.6352	305.253
21.641	298.971
21.6468	300.009
21.6526	300.876
21.6584	294.855
21.6642	291.805
21.67	285.8
21.6758	275.586
21.6816	276.224
21.6874	280.403
21.6932	291.3
21.699	300.182
21.7049	291.973
21.7107	292.818
21.7165	295.025
21.7223	308.265
21.7281	308.443
21.7339	304.548	252.86
21.7397	314.56	254.031
21.7455	303.67	249.667
21.7513	301.572	248.516
21.7571	299.662	243.542
21.7629	302.969	237.567
21.7687	316.565	235.11
21.7745	314.742	233.351
21.7803	319.505	230.139
21.7861	320.429	230.272
21.7919	311.667	230.671
21.7977	313.472	233.217
21.8035	320.614	234.568
21.8093	325.465	236.199
21.8151	315.106	239.082
21.821	307.553	239.358
21.8268	301.224	240.189
21.8326	240.745
21.8384	240.189
21.8442	239.082
21.85	237.705
21.8558	237.567
21.8616	237.567
21.8674	237.156
21.8732	237.019
21.879	237.705
21.8848	236.882
21.8906	236.336
21.8964	235.926
21.9022	235.926
21.908	235.79
21.9138	236.745
21.9196	238.53
21.9254	239.22
21.9312	237.567
21.9371	236.472
21.9429	237.567	479.546
21.9487	236.882	469.677
21.9545	237.156	475.409
21.9603	238.392	474.86
21.9661	238.392	477.336
21.9719	236.336	474.312
21.9777	236.609	473.491
21.9835	237.567	475.684
21.9893	235.11	467.512
21.9951	234.026	467.782
22.0009	233.891	468.323
22.0067	234.297	470.492
22.0125	235.382	470.492
22.0183	234.432	469.677
22.0241	232.947	466.972
22.0299	233.756	466.972
22.0357	231.873	462.409
22.0415	230.405	464.551
22.0473	231.071	459.215
22.0532	230.405	458.155
22.059	237.979	453.155
22.0648	241.72	456.043
22.0706	236.745	461.342
22.0764	229.74	463.747
22.0822	230.272	460.809
22.088	459.746
22.0938	464.015
22.0996	463.211
22.1054	468.323
22.1112	477.336
22.117	455.78
22.1228	456.307
22.1286	453.416
22.1344	446.142
22.1402	443.06
22.146	447.95
22.1518	451.326
22.1576	456.307
22.1634	465.357
22.1693	468.594
22.1751	449.505
22.1809	446.916
22.1867	441.273
22.1925	441.783
22.1983	429.454
22.2041	425.012
22.2099	433.942
22.2157	422.32
22.2215	415.545
22.2273	399.078
22.2331	402.783
22.2389	406.288
22.2447	410.297
22.2505	403.482
22.2563	419.161
22.2621	408.17
22.2679	405.117
22.2737	402.783
22.2795	412.436
22.2854	406.288
22.2912	392.675
22.297	398.157
22.3028	384.372
22.3086	374.726
22.3144	375.593
22.3202	388.614
22.326	386.599
22.3318	387.269
22.3376	386.375
22.3434	391.995
22.3492	393.356
22.355	390.188
22.3608	403.715
22.3666	407.934
22.3724	411.722
22.3782	396.092
22.384	387.941
22.3898	381.938
22.3956	399.078
22.4015	407.463
22.4073
22.4131
22.4189
22.4247
22.4305
22.4363
22.4421
22.4479
22.4537
22.4595
22.4653	190.638
22.4711	186.499
22.4769	185.747
22.4827	185.639
22.4885	186.715
22.4943	184.464
22.5001	183.932
22.5059	181.295	332.112
22.5117	180.459	356.155
22.5176	178.592	362.38
22.5234	176.439	371.065
22.5292	172.21	393.356
22.535	170.429	395.407
22.5408	172.31	391.091
22.5466	178.283	389.288
22.5524	185.104	402.318
22.5582	186.392	398.387
22.564	192.297	390.639
22.5698	390.865
22.5756	375.159
22.5814	377.551
22.5872	374.077
22.593	373.645
22.5988	371.708
22.6046	370.85
22.6104	379.299
22.6162	377.769
22.622	385.484
22.6278	372.783
22.6336	379.08
22.6395	379.518
22.6453	378.643
22.6511	372.353
22.6569	376.027
22.6627	385.707
22.6685	378.643
22.6743	367.863
22.6801	367.227
22.6859	375.593
22.6917	373.214
22.6975	373.214
22.7033	368.289
22.7091	366.803
22.7149	359.461
22.7207	363.428
22.7265	355.538
22.7323	349.632
22.7381	348.624
22.7439	341.646
22.7498	353.286
22.7556	353.49
22.7614	350.441
22.7672	350.036
22.773	362.38
22.7788	373.214
22.7846	375.593
22.7904	378.643
22.7962	384.816
22.802	385.261
22.8078	389.288
22.8136	381.938
22.8194	367.227
22.8252	357.804
22.831	342.634
22.8368	342.437
22.8426	354.922
22.8484	366.167
22.8542	358.425
22.86	362.171
22.8659	367.863
22.8717	377.987
22.8775	355.743
22.8833	363.638
22.8891	368.289
22.8949	383.042
22.9007	367.863
22.9065	368.501
22.9123	373.645
22.9181	387.493
22.9239	390.639
22.9297	382.6
22.9355	382.821
22.9413	379.299
22.9471	361.544
22.9529	360.501	367.651
22.9587	348.02	362.171
22.9645	365.111	372.353
22.9703	361.335	393.811
22.9761	358.011	385.484
22.9819	357.391	395.407
22.9878	354.922	385.484
22.9936	347.217	394.494
22.9994	335.583	414.107
23.0052	343.625	419.403
23.011	343.229	408.642
23.0168	338.112	403.249
23.0226	334.422	388.838
23.0284	323.217	394.95
23.0342	322.099	382.821
23.04	311.127	378.861
23.0458	372.138
23.0516	362.799
23.0574	369.994	316.017
23.0632	368.714	314.016
23.069	372.783	312.568
23.0748	367.439	312.207
23.0806	356.566	310.051
23.0864	354.922	309.514
23.0922	342.437	307.731
23.098	348.02	305.782
23.1039	343.229	303.845
23.1097	347.217	297.077
23.1155	347.217	297.077
23.1213	341.646	313.11
23.1271	336.748	323.217
23.1329	332.304	326.218
23.1387	340.071	333.458
23.1445	351.048	349.43
23.1503	355.127	352.674
23.1561	343.625	344.023
23.1619	351.251
23.1677	343.625
23.1735	336.554
23.1793	336.748
23.1851	346.616
23.1909	341.844
23.1967	337.137
23.2025	349.43
23.2083	353.286	298.108
23.2141	351.86	310.768
23.22	352.267	332.112
23.2258	352.878	336.748
23.2316	356.978	340.071
23.2374	363.638	337.722
23.2432	370.422	336.554
23.249	372.783	335.389
23.2548	357.804	331.346
23.2606	363.848	329.628
23.2664	360.709	332.496	551.809
23.2722	369.354	333.265	547.681
23.278	374.077	336.943	548.315
23.2838	378.424	337.332	542.643
23.2896	369.354	331.92	535.172
23.2954	374.077	325.465	538.584
23.3012	362.799	320.799	541.078
23.307	359.877	320.059	544.527
23.3128	353.082	318.767	535.791
23.3186	354.717	320.799	540.766
23.3244	319.32	536.101
23.3302	320.244	533.629
23.3361	319.505	534.863
23.3419	317.298	540.766
23.3477	317.481	534.554
23.3535	317.481	529.637
23.3593	317.664	530.249
23.3651	315.288	525.675
23.3709	315.288	519.637
23.3767	316.017	527.805
23.3825	314.197	527.5
23.3883	314.016	528.72
23.3941	315.106	525.978
23.3999	314.56	530.249
23.4057	317.848	527.195
23.4115	317.298	528.414
23.4173	320.429	531.783
23.4231	324.339	541.704
23.4289	323.591	540.766
23.4347	324.902	540.141
23.4405	326.218	536.41
23.4463	325.465	540.766
23.4522	323.778	535.482
23.458	322.471	546.733
23.4638	319.689	534.554
23.4696	313.834	539.829
23.4754	308.978	536.41
23.4812	307.021	537.962
23.487	305.076	541.391
23.4928	304.372	528.414
23.4986	306.489	546.102
23.5044	300.876	538.273
23.5102	299.835	528.414	592.783
23.516	288.62	517.241	583.947
23.5218	287.123	521.441	579.244
23.5276	287.289	579.244
23.5334	283.17	559.836
23.5392	280.727	563.404
23.545	283.661	560.483
23.5508	279.756	564.707
23.5566	282.517	565.687
23.5624	281.539	560.807
23.5683	275.427	556.933
23.5741	277.824	565.36
23.5799	282.517	564.381
23.5857	284.153	569.621
23.5915	281.702	579.244
23.5973	269.915	551.172
23.6031	265.584	537.341
23.6089	253.152	552.447
23.6147	266.506	534.554
23.6205	273.209	535.482
23.6263	270.695	534.863
23.6321	267.277	538.895
23.6379	275.427	530.862
23.6437	270.383	530.555
23.6495	267.432	538.273
23.6553	257.726	542.016
23.6611	262.837	542.33
23.6669	270.539	535.482
23.6727	270.695	546.417
23.6785	264.36	527.5
23.6844	266.814	529.637
23.6902	269.136	548.948	311.847
23.696	273.051	559.189	324.902
23.7018	273.367	551.172	327.729
23.7076	270.852	537.651	344.221
23.7134	282.517	533.937	335.002
23.7192	286.792	534.554	332.688
23.725	278.306	546.102	330.009
23.7308	285.47	537.962	326.218
23.7366	286.626	543.584	322.658
23.7424	290.963	519.337	322.099
23.7482	289.957	320.429
23.754	294.174	318.583
23.7598	282.68	314.56
23.7656	279.433	311.487
23.7714	276.703	306.844
23.7772	307.198
23.783	306.844
23.7888	304.548
23.7946	303.494
23.8005	307.553
23.8063	307.198
23.8121	307.731
23.8179	306.489
23.8237	305.959
23.8295	305.782
23.8353	305.959
23.8411	306.489
23.8469	305.076
23.8527	304.724
23.8585	303.845
23.8643	303.494
23.8701	301.921
23.8759	297.764
23.8817	292.649
23.8875	288.787
23.8933	287.621
23.8991	287.455
23.9049	284.318
23.9107	282.354
23.9166	281.702
23.9224	279.595
23.9282	277.824
23.934	274.157
23.9398	273.841
23.9456	272.106
23.9514	269.915
23.9572	266.199
23.963	260.72
23.9688	260.119
23.9746	258.621
23.9804	256.093
23.9862	252.714
23.992	250.389
23.9978	249.811
24.0036	247.227
24.0094	244.105
24.0152	244.529
24.021	240.884
24.0268	235.11
24.0327	229.475
24.0385	231.472
24.0443	231.205
24.0501	225.142
24.0559	224.752
24.0617	220.891
24.0675	215.846
24.0733	214.108
24.0791	213.244
24.0849	210.187
24.0907	208.373
24.0965	208.133
24.1023	207.772
24.1081	208.735
24.1139	207.532
24.1197	207.772
24.1255	206.099
24.1313	204.912
24.1371	204.085
24.1429	203.849
24.1488	201.974
24.1546	200.116
24.1604	199.424
24.1662	198.275
24.172	197.019
24.1778	196.338
24.1836	194.531
24.1894	191.964
24.1952	188.884
24.201	185.639
24.2068	182.345
24.2126	179.731
24.2184	176.235
24.2242	172.708
24.23	170.922
24.2358	167.986
24.2416	167.598
24.2474	167.695
24.2532	167.115
24.259	166.922
24.2649	167.308
24.2707	167.211
24.2765	167.889
24.2823	168.666
24.2881	168.471
24.2939	163.581
24.2997	163.581
24.3055	172.908
24.3113	167.404
24.3171	173.91
24.3229	172.509
24.3287	171.416
24.3345	171.714
24.3403	171.515
24.3461	175.423
24.3519	170.036
24.3577	169.349
24.3635	172.409
24.3693	174.413
24.3751	177.666
24.381	170.823
24.3868	165.769
24.3926	163.581
24.3984	170.232
24.4042	163.959
24.41	168.764
24.4158	170.922
24.4216	166.248
24.4274
24.4332
24.439
24.4448
24.4506
24.4564
24.4622
24.468
24.4738
24.4796
24.4854
24.4912
24.4971
24.5029
24.5087
24.5145
24.5203
24.5261
24.5319
24.5377
24.5435
24.5493
24.5551
24.5609
24.5667
24.5725
24.5783
24.5841
24.5899
24.5957
24.6015
24.6073
24.6132
24.619
24.6248
24.6306
24.6364
24.6422	238.806
24.648	238.668
24.6538	239.496
24.6596	237.979
24.6654	237.019
24.6712	232.141
24.677	226.054
24.6828	215.224
24.6886	214.231
24.6944	215.597
24.7002	215.472
24.706	216.971
24.7118	212.629
24.7176	220.127
24.7234	222.942
24.7293	229.342
24.7351	225.793
24.7409	225.924
24.7467	227.233
24.7525	221.658
24.7583	222.556
24.7641	220
24.7699	220.636
24.7757	220.891
24.7815	218.986
24.7873	219.746
24.7931	230.405
24.7989	235.246
24.8047	224.104
24.8105	222.299
24.8163	231.205
24.8221	223.329
24.8279	223.846
24.8337	228.681
24.8395	217.599
24.8454	220.764
24.8512	218.48
24.857	221.914
24.8628	222.043
24.8686	215.846
24.8744	222.171
24.8802	219.746
24.886	227.627
24.8918
24.8976
24.9034
24.9092
24.915
24.9208
24.9266	146.917
24.9324	148.367
24.9382	150.873
24.944	159.752
24.9498	161.422
24.9556	162.545
24.9615	164.244
24.9673	168.374
24.9731	170.725
24.9789	172.609
24.9847	174.614
24.9905	179.316
24.9963	185.318
25.0021	187.58
25.0079	186.931
25.0137	193.299
25.0195	192.297
25.0253	192.519
25.0311	200.232
25.0369	205.505
25.0427	204.085	174.715
25.0485	215.597	181.609
25.0543	185.318
25.0601	180.981
25.0659	179.109
25.0717	179.627
25.0776	180.146
25.0834	180.251
25.0892	181.295
25.095	181.085
25.1008	179.731
25.1066	173.809
25.1124	170.036
25.1182	169.252
25.124	168.277
25.1298	169.741
25.1356	171.813
25.1414	175.829
25.1472	176.643
25.153	177.052
25.1588	178.18
25.1646	177.052
25.1704	177.154
25.1762	178.283
25.182	179.523
25.1878	180.667
25.1937	182.661
25.1995	185.747
25.2053	189.321
25.2111	189.65	439.492
25.2169	191.3	419.161
25.2227	193.188	437.971
25.2285	196.224	436.961
25.2343	198.275	437.466
25.2401	199.77	440
25.2459	201.275	442.805
25.2517	203.144	438.985
25.2575	205.861	445.885
25.2633	207.772	457.362
25.2691	208.253	460.277
25.2749	212.875	462.944
25.2807	216.846	459.215
25.2865	209.944	453.678
25.2923	207.532	460.012
25.2981	217.976	467.782
25.3039	226.708	475.959
25.3097	477.06
25.3156	489.057
25.3214	491.322
25.3272	485.96
25.333	485.679
25.3388	499.333
25.3446	504.552
25.3504	514.856
25.3562	519.037
25.362	513.668
25.3678	505.135
25.3736	495.312
25.3794	470.22
25.3852	447.433
25.391	466.972
25.3968	458.95
25.4026	471.853
25.4084	468.323
25.4142	468.052
25.42	464.819
25.4258	459.215
25.4317	449.765
25.4375	435.449
25.4433	445.113
25.4491	467.242
25.4549	458.95
25.4607	466.972
25.4665	466.164
25.4723	465.626
25.4781	458.95
25.4839	445.885
25.4897	430.447
25.4955	422.808
25.5013	434.695
25.5071	417.469
25.5129	414.346
25.5187	416.747
25.5245	435.197
25.5303	430.199
25.5361	425.995
25.542	417.469
25.5478	404.415
25.5536	429.454
25.5594	423.542
25.5652	444.342
25.571	438.985
25.5768	423.786	409.587
25.5826	417.228	432.691
25.5884	420.13	407.934
25.5942	427.474	395.635
25.6	429.95	389.738
25.6058	437.719	376.462
25.6116	443.573	378.643
25.6174	442.038	385.707
25.6232	443.316	386.375
25.629	444.342	396.321
25.6348	444.599	389.288
25.6406	452.631	401.39
25.6464	444.085	402.318
25.6522	446.4	387.493
25.658	440.254	385.484
25.6639	441.528	392.222
25.6697	450.024	394.494
25.6755	458.42	399.078
25.6813	462.409	393.584
25.6871	459.215	393.584
25.6929	456.57	402.551
25.6987	464.551	412.198
25.7045	484.278	438.478
25.7103	477.887	445.113
25.7161	477.336	438.985
25.7219	481.489	434.695
25.7277	487.084	426.734
25.7335	476.509	427.968
25.7393	477.611	424.031
25.7451	475.409	428.215
25.7509	465.357	432.191
25.7567	474.86	432.691
25.7625	483.719	431.194
25.7683	445.627
25.7741	444.085
25.78	447.691
25.7858	453.416
25.7916	454.991
25.7974	450.024
25.8032	463.479
25.809	448.727
25.8148	436.708
25.8206	439.238
25.8264	424.521
25.8322	429.95
25.838	432.441
25.8438	416.506
25.8496	409.587	382.158
25.8554	419.645	360.709
25.8612	338.895
25.867	336.359
25.8728	357.598
25.8786	362.171
25.8844	358.839
25.8902	354.513
25.8961	354.922
25.9019	352.267
25.9077	351.251
25.9135	360.293
25.9193	351.657
25.9251	338.308
25.9309	333.843
25.9367	324.902
25.9425	319.874
25.9483	318.767
25.9541	318.583
25.9599	319.32
25.9657	316.748
25.9715	316.565
25.9773	316.931
25.9831	316.017
25.9889	316.2
25.9947	314.742
26.0005	315.835
26.0063	317.664
26.0122	322.844
26.018	330.772
26.0238	335.196
26.0296	327.729
26.0354	320.799
26.0412	330.772
26.047	324.902
26.0528	310.947
26.0586	326.218
26.0644	314.197
26.0702	322.099
26.076	321.541
26.0818	316.931
26.0876
26.0934
26.0992
26.105
26.1108
26.1166
26.1224
26.1283
26.1341
26.1399
26.1457
26.1515
26.1573
26.1631
26.1689
26.1747
26.1805	309.335
26.1863	307.731
26.1921	305.959
26.1979	301.224
26.2037	297.764
26.2095	295.707
26.2153	299.143
26.2211	295.878
26.2269	288.787
26.2327	286.957
26.2385	284.646
26.2444	274.316
26.2502	272.893
26.256	273.051
26.2618	272.421
26.2676	269.136
26.2734	271.478
26.2792	273.683
26.285	275.427
26.2908	275.586
26.2966	273.841
26.3024	274.95
26.3082	272.106
26.314	280.727
26.3198	272.578
26.3256	268.981
26.3314	263.902	344.221
26.3372	267.741	334.422
26.343	271.008	327.162
26.3488	273.683	328.867
26.3546	288.12	329.818
26.3605	275.745	326.784
26.3663	277.984	325.089
26.3721	277.663	322.658
26.3779	278.306	323.217
26.3837	272.263	317.848
26.3895	272.893	321.17
26.3953	281.377	320.244
26.4011	281.539	320.984
26.4069	270.383	323.778
26.4127	275.586	325.089
26.4185	276.064	322.844
26.4243	279.918	323.404
26.4301	281.702	325.653
26.4359	277.343	324.714
26.4417	278.466	321.727
26.4475	281.214	320.614
26.4533	274.95	325.653
26.4591	283.989	328.867
26.4649	279.433	331.537
26.4707	282.517	331.154
26.4766	268.05	330.772
26.4824	271.165	334.229
26.4882	336.554
26.494	335.196
26.4998	337.917
26.5056	337.332
26.5114	335.971
26.5172	337.527
26.523	321.17
26.5288	321.727
26.5346	319.32
26.5404	323.591
26.5462	327.54
26.552	327.729
26.5578	332.304
26.5636	329.628
26.5694	333.843
26.5752	329.247
26.581	333.65
26.5868	336.748
26.5927	336.554
26.5985	330.963
26.6043	325.841
26.6101	309.872
26.6159	318.215
26.6217	316.565
26.6275	326.407
26.6333	329.628
26.6391	327.54
26.6449	333.65
26.6507	318.583
26.6565	326.595
26.6623	315.288
26.6681	326.595
26.6739	322.285	274.474
26.6797	324.714	276.863
26.6855	324.714	288.453
26.6913	335.389	303.67
26.6971	341.252	302.969
26.7029	326.407	300.009
26.7088	334.036	297.249
26.7146	326.973	290.795
26.7204	338.503	297.592
26.7262	339.875	303.319
26.732	343.824	300.009
26.7378	338.503	297.764
26.7436	330.963	296.049
26.7494	320.799	295.878
26.7552	315.288	294.514
26.761	322.658	295.707
26.7668	296.049
26.7726	295.025
26.7784	292.818
26.7842	294.004
26.79	295.537
26.7958	294.684
26.8016	296.563
26.8074	298.625
26.8132	299.662
26.819	301.746
26.8249	301.921
26.8307	301.921
26.8365	301.746
26.8423	300.529
26.8481	299.316
26.8539	298.453
26.8597	296.391
26.8655	293.495
26.8713	297.936
26.8771	304.724
26.8829	303.144	367.227
26.8887	311.667	394.494
26.8945	302.794	410.535
26.9003	310.23	426.487
26.9061	315.652	436.708
26.9119	314.197	444.856
26.9177	305.605	445.885
26.9235	300.009	447.691
26.9293	307.376	438.478
26.9351	305.959	424.276
26.941	304.021	437.466
26.9468	297.764	429.454
26.9526	310.051	434.695
26.9584	312.749	442.293
26.9642	298.971	443.06
26.97	301.572	433.441
26.9758	306.135	424.031
26.9816	316.383	418.193
26.9874	325.465	424.521
26.9932	317.664	417.711
26.999	328.487	399.308
27.0048	326.407	403.482
27.0106	316.383	407.228
27.0164	310.588	256.834
27.0222	301.746	253.884
27.028	298.971	255.207
27.0338	255.65
27.0396	257.875
27.0454	255.502
27.0512	252.276
27.0571	249.955
27.0629	247.227
27.0687	245.236
27.0745	243.12
27.0803	241.86
27.0861	240.189
27.0919	236.882
27.0977	234.839
27.1035	233.486
27.1093	232.141
27.1151	232.41
27.1209	231.205
27.1267	230.671
27.1325	229.21
27.1383	228.681
27.1441	227.364
27.1499	226.185
27.1557	227.101
27.1615	226.185
27.1673	224.493
27.1732	223.975
27.179	222.942
27.1848	221.147
27.1906	219.873
27.1964	219.873
27.2022	219.492
27.208	218.733
27.2138	217.473
27.2196	218.102
27.2254	217.599
27.2312	216.596
27.237	215.099
27.2428	214.603
27.2486	214.108
27.2544	213.121	426.241
27.2602	212.629	426.241
27.266	211.648	422.076
27.2718	211.16	420.859
27.2776	209.823	420.616
27.2834	209.58	421.102
27.2893	208.494	417.952
27.2951	208.855	416.987
27.3009	209.459	418.193
27.3067	209.701	419.645
27.3125	208.976	418.193
27.3183	208.735	418.435
27.3241	207.413	415.065
27.3299	206.337	415.545
27.3357	205.149	413.151
27.3415	205.505	408.17
27.3473	205.742	403.948
27.3531	204.912	402.086
27.3589	203.027	404.883
27.3647	204.203	410.061
27.3705	203.144	401.158
27.3763	203.496	399.539
27.3821	200.116	395.864
27.3879	202.324	406.758
27.3937	199.654	411.009
27.3995	201.624	408.406
27.4054	205.149	406.758
27.4112	202.558	412.198
27.417	204.085	407.934
27.4228	202.91	405.585
27.4286	202.558	409.824
27.4344	200.232	412.674
27.4402	200.116	403.249
27.446	204.085	412.913
27.4518	206.695	418.435
27.4576	208.253	411.009
27.4634	209.338	416.025
27.4692	213.121	414.346
27.475	213.861	410.535
27.4808	205.861	404.883
27.4866	208.614	409.587
27.4924	212.016	424.276
27.4982	213.737	410.535
27.504	211.526	423.297
27.5098	215.846	426.487
27.5156	227.495	414.825
27.5215	226.185	425.749
27.5273	226.708	423.786
27.5331	218.607	420.859
27.5389	217.85	421.345
27.5447	216.971	425.995
27.5505	219.239	429.95
27.5563	218.354	411.484
27.5621	219.366	414.107
27.5679	223.458	409.351
27.5737	219.746	407.699
27.5795	224.752	402.551
27.5853	220.636	385.039
27.5911	216.596	399.308
27.5969	215.597	404.182
27.6027	225.403	406.993
27.6085	228.153	415.065
27.6143	230.671	400.695
27.6201	236.882	409.587
27.6259	235.518	403.948
27.6317	235.79	403.948
27.6376	239.912	404.415
27.6434	240.606	414.107
27.6492	235.518	415.545
27.655	232.544	401.158
27.6608	222.556
27.6666
27.6724
27.6782
27.684
27.6898
27.6956
27.7014
27.7072
27.713
27.7188
27.7246
27.7304
27.7362
27.742
27.7478
27.7537
27.7595
27.7653
27.7711
27.7769
27.7827
27.7885
27.7943
27.8001
27.8059
27.8117
27.8175
27.8233
27.8291
27.8349
27.8407
27.8465
27.8523
27.8581
27.8639
27.8698
27.8756
27.8814
27.8872
27.893
27.8988
27.9046
27.9104
27.9162
27.922
27.9278
27.9336
27.9394
27.9452
27.951
27.9568
27.9626
27.9684
27.9742
27.98
27.9858
27.9917
27.9975
28.0033
28.0091
28.0149
28.0207
28.0265
28.0323
28.0381
28.0439
28.0497
28.0555
28.0613
28.0671
28.0729
28.0787
28.0845
28.0903
28.0961
28.1019
28.1078
28.1136
28.1194
28.1252
28.131
28.1368
28.1426
28.1484
28.1542
28.16
28.1658
28.1716
28.1774
28.1832
28.189
28.1948
28.2006
28.2064
28.2122
28.2181
28.2239
28.2297
28.2355
28.2413
28.2471
28.2529
28.2587
28.2645
28.2703
28.2761
28.2819
28.2877
28.2935
28.2993
28.3051
28.3109
28.3167
28.3225	605.938
28.3283	626.22
28.3341	637.903	304.196
28.34	640.117	321.727
28.3458	646.434	319.689
28.3516	640.487	318.399
28.3574	640.487	320.244
28.3632	638.271	320.244
28.369	630.94	315.835
28.3748	633.497	314.56
28.3806	637.903	312.568
28.3864	633.497	325.277
28.3922	631.305	326.973
28.398	643.826	327.351
28.4038	622.254	316.383
28.4096	631.305	318.399
28.4154	641.598	331.346
28.4212	636.063	319.689
28.427	643.454	316.748
28.4328	645.315	319.136
28.4386	654.701	314.56
28.4444	680.929	315.288
28.4502	677.789	317.298
28.4561	661.926	322.844
28.4619	639.748	339.875
28.4677	628.031	328.297
28.4735	630.94	322.099
28.4793	619.743	324.339
28.4851	601.752	319.136
28.4909	589.028	309.872
28.4967	589.028	299.143	692.831
28.5025	302.794	696.845
28.5083	308.799	694.434
28.5141	296.049	692.831
28.5199	295.878	684.873
28.5257	297.42	683.293	337.527
28.5315	288.953	690.434	341.646
28.5373	293.326	693.632	342.832
28.5431	300.355	699.668	347.819
28.5489	300.355	700.477	350.643
28.5547	300.355	701.286	346.215
28.5605	296.734	694.033	346.016
28.5663	690.833	346.016
28.5722	692.431	345.217
28.578	687.251	342.634
28.5838	683.293	343.229
28.5896	680.142	339.09
28.5954	676.225	338.308
28.6012	674.275	336.748
28.607	673.886	336.554
28.6128	671.942	334.229
28.6186	664.992	332.88
28.6244	664.224	332.688
28.6302	664.608	332.496
28.636	660.398	330.199
28.6418	658.494	329.818
28.6476	657.354	328.487
28.6534	655.08	327.54
28.6592	658.494	328.297
28.665	659.636	327.351
28.6708	657.734	326.218
28.6766	655.08	327.918
28.6824	652.436	326.407
28.6883	651.307	326.03
28.6941	652.06	326.218
28.6999	656.216	327.54
28.7057	658.114	328.297
28.7115	655.458	327.918
28.7173	648.304	323.778
28.7231	647.181	322.471
28.7289	639.009	318.583
28.7347	629.121	316.565
28.7405	622.613	326.03
28.7463	619.385	326.595
28.7521	606.638	323.778
28.7579	622.973	313.472
28.7637	604.19	304.724
28.7695	599.324	303.144
28.7753	607.691	298.798
28.7811	595.528	299.835
28.7869	600.364	302.794
28.7927	589.028	294.514
28.7985	590.05	292.987
28.8044	584.96	290.627
28.8102	572.921	289.789
28.816	568.307	287.621
28.8218	566.014	284.811
28.8276	567.323	286.626
28.8334	573.915	282.517
28.8392	581.927	286.626
28.845	574.91	290.627
28.8508	556.29	299.489
28.8566	558.221	303.319
28.8624	534.246	293.326
28.8682	307.731
28.874	293.665
28.8798	297.42
28.8856	294.855
28.8914	298.625
28.8972	298.281
28.903	296.905
28.9088	297.42
28.9146	298.798
28.9205	296.563
28.9263	291.805
28.9321	300.876	313.834
28.9379	302.095	324.527
28.9437	303.319	345.018
28.9495	295.366	326.407
28.9553	289.12	341.449
28.9611	289.622	353.286
28.9669	297.764	353.286
28.9727	307.553	345.816
28.9785	344.42
28.9843	341.252
28.9901	343.824
28.9959	344.42
29.0017	346.816
29.0075	342.041
29.0133	338.503
29.0191	336.554
29.0249	337.137
29.0307	335.196
29.0366	335.002
29.0424	331.92
29.0482	330.39
29.054	329.057
29.0598	327.918
29.0656	326.03
29.0714	325.465
29.0772	322.285
29.083	322.285
29.0888	324.339
29.0946	325.653
29.1004	325.277
29.1062	323.965
29.112	326.03
29.1178	324.339
29.1236	324.714
29.1294	322.285
29.1352	324.902
29.141	323.965
29.1468	323.03
29.1527	321.913
29.1585	321.541
29.1643	323.03
29.1701	322.099
29.1759	320.244
29.1817	320.059
29.1875	318.399
29.1933	316.748
29.1991	315.288
29.2049	312.749
29.2107	313.11
29.2165	311.847
29.2223	308.621
29.2281	304.372
29.2339	303.144
29.2397	302.969
29.2455	302.794
29.2513	302.794
29.2571	301.746
29.2629	297.936
29.2688	296.905
29.2746	295.025
29.2804	292.649
29.2862	291.3
29.292	287.621
29.2978	284.975
29.3036	283.661
29.3094	280.727
29.3152	277.023
29.321	275.268
29.3268	272.263
29.3326	269.136
29.3384	265.278
29.3442	263.445
29.35	261.173
29.3558	258.471
29.3616	255.502
29.3674	252.276
29.3732	246.799
29.379	244.67
29.3849	242.559
29.3907	242.279
29.3965	240.189
29.4023	232.947
29.4081	229.078
29.4139	226.577
29.4197	225.533
29.4255	224.104
29.4313	224.234
29.4371	223.2
29.4429	226.316
29.4487	225.272
29.4545	222.556
29.4603	222.299
29.4661	217.348
29.4719	217.976
29.4777	218.354
29.4835	219.239
29.4893	216.721
29.4951	222.043
29.501	222.942
29.5068	221.274
29.5126	220.254
29.5184	220.254
29.5242	220.382
29.53	224.234
29.5358	224.234
29.5416	216.721
29.5474	223.329
29.5532	229.21
29.559	224.234
29.5648	222.299
29.5706	226.577
29.5764	221.53
29.5822	220.254
29.588	217.599
29.5938	220.254
29.5996	220.254
29.6054	219.492
29.6112	222.685
29.6171	223.2
29.6229	228.681
29.6287	230.139
29.6345	234.974
29.6403	229.608
29.6461	224.882
29.6519	218.228
29.6577	222.299
29.6635	222.171
29.6693	230.671
29.6751	228.285
29.6809	229.078
29.6867	342.239	233.486
29.6925	343.427	230.405
29.6983	344.42	227.495
29.7041	342.041	229.342
29.7099	341.252	225.142
29.7157	340.268	225.403
29.7215	342.634	228.417
29.7273	342.832	232.544
29.7332	343.031	361.753	229.21
29.739	345.416	365.322	229.873
29.7448	346.415	365.322	229.475
29.7506	347.016	369.567	232.007
29.7564	346.415	369.567	231.071
29.7622	347.217	370.422	232.947
29.768	349.228	372.138	235.926
29.7738	350.238	374.51	237.567
29.7796	350.643	374.077	234.703
29.7854	352.878	373.861	233.217
29.7912	353.694	363.218	237.43
29.797	353.286	355.743	236.063
29.8028	352.471	352.674	236.063
29.8086	353.082	353.082	235.11
29.8144	352.878	352.674	235.79
29.8202	351.657	351.657	235.518
29.826	351.86	351.86	234.568	373.645
29.8318	353.286	353.286	234.432	374.51
29.8376	354.308	354.308	235.11	372.138
29.8434	356.978	356.978	236.882	371.708
29.8493	355.538	236.745	356.772
29.8551	354.103	353.286
29.8609	353.286	354.103
29.8667	351.048	351.251
29.8725	352.878	353.082
29.8783	350.846	350.643
29.8841	350.846	351.251
29.8899	344.023	345.616
29.8957	342.437	342.239
29.9015	342.832	339.09
29.9073	333.265	332.88
29.9131
29.9189
29.9247
29.9305
29.9363
29.9421
29.9479
29.9537
29.9595
29.9654
29.9712
29.977
29.9828
29.9886
29.9944
30.0002
30.006
30.0118
30.0176
30.0234
30.0292
30.035
30.0408
30.0466
