0.354104	1.2829	2512.13	66.544
0.417959	1.27129	3750.91	62.0096
0.888163	1.30612	1872.21	62.7346
1.26549	1.55574	1686.36	128.119
1.43964	2.4439	1983.54	173.236
1.50349	1.80535	2468.97	236.411
1.80535	2.39746	2641.59	241.609
1.95048	2.0956	1426.27	110.116
2.12463	2.25234	4504.63	335.749
2.22912	2.42068	3364.93	463.839
2.36263	2.62966	3971.66	332.944
2.57161	2.98376	3372.71	356.245
2.68771	3.34948	1678.58	191.24
2.82122	3.27401	2218.74	153.748
2.87347	3.07664	3487.62	510.713
3.08245	3.30884	3330.12	120.723
3.19274	3.3727	3479.57	452.756
3.3727	3.65714	3314.77	282.727
3.47138	4.02866	2939.51	365.463
3.50041	4.46404	2599.21	317.895
3.55846	3.959	1968.7	319.997
3.75583	3.94159	3318.6	182.112
3.94159	5.48571	2217.46	288.107
4.03447	4.3073	2953.12	184.488
4.24345	4.39438	3439.6	124.728
4.49306	4.68463	2649.23	132.802
4.63819	5.1258	1980.1	227.135
4.7659	5.13741	3353.29	136.533
4.94585	5.23029	558.544	62.4767
4.98068	5.23029	3361.04	125.429
5.30576	5.64245	1503.24	276.74
5.36961	5.7063	2239.34	401.026
5.50313	5.89787	3560.9	316.285
5.69469	5.99655	2339.84	369.215
5.7063	6.24036	1988.13	369.112
5.77596	6.18812	2965.09	622.008
5.95011	6.14168	5024.25	324.432
6.14168	7.12272	5341.49	453.81
6.18812	7.02404	6660.25	425.306
6.3971	7.06467	2667.66	533.59
6.64091	6.94277	2985.71	359.365
6.75701	7.12272	3384.42	488.548
7.02984	7.25043	4217.56	362.767
7.12272	7.28526	5494.83	561.741
7.26204	7.37234	3489.63	280.222
7.28526	7.61615	6652.56	502.909
7.45361	7.63356	5280.14	310.313
7.46522	7.78449	2633.98	422.708
7.62195	8.34177	3157.78	561.878
7.68	9.21832	4725.86	498.559
7.90059	8.12698	2798.67	351.597
8.13279	8.54494	3928.31	221.217
8.34177	9.08481	2965.09	540.603
8.74231	9.38086	2360.2	375.871
8.76553	9.04998	5879.02	419.54
9.03837	9.36345	5255.79	542.435
9.0732	9.70594	3953.35	385.966
9.38667	10.3619	3168.74	340.297
9.43891	9.72336	4706.79	247.293
9.5434	9.79882	2824.66	373.176
9.58404	10.6522	3946.5	603.023
10.0949	10.3039	3487.62	426.072
10.2632	10.4664	2953.12	341.522
10.4664	10.8205	2655.36	322.049
10.7276	10.8437	460.012	59.3704
10.7566	11.0353	2319.65	347.319
11.0121	11.5461	1757.97	238.378
11.221	11.5577	2114.88	275.759
11.4707	11.7261	2829.56	345.076
11.7029	12.6723	3720.7	436.3
11.7493	12.0395	2902.39	448.692
11.9002	12.6723	1863.58	316.043
11.9293	12.1789	2776.13	421.15
11.9815	12.3356	2989.16	270.574
12.1789	12.62	2992.62	311.427
12.4575	13.1715	2103.91	206.305
12.6955	12.9335	1866.81	164.264
12.7652	13.0844	1050.74	139.688
13.1657	13.961	2966.8	381.494
13.3341	14.0829	1867.89	312.306
13.4095	14.0132	3731.46	278.348
13.6127	13.932	2766.53	351.046
13.7462	14.1177	2358.84	116.38
13.9378	14.4196	490.189	62.5802
14.1293	14.4486	1418.05	119.616
14.1758	14.7621	2826.29	185.865
14.466	14.8492	2287.72	184.081
14.6344	14.9072	2844.3	351.903
14.7853	15.5225	3134.15	415.932
14.9653	15.1917	1791.8	251.986
15.1394	16.5036	2800.29	281.16
15.5225	15.6444	3332.05	313.941
15.5516	16.4629	3339.75	565.225
15.6967	15.9985	4687.79	131.287
15.9521	16.4629	2364.29	255.152
16.2366	16.9506	3740.1	611.355
16.6661	17.1944	6606.6	614.914
17.0609	17.3627	3050.21	286.182
17.0783	17.5949	2744.24	381.433
17.1247	17.2466	4036.42	357.467
17.2466	17.5427	4326.13	357.467
17.502	17.7633	3154.13	492.745
17.5891	18.0709	2068.96	542.645
17.6007	17.7807	4693.21	406.884
17.7633	20.0156	3983.15	399.12
17.7633	20.0156	3983.15	399.12
17.8155	18.2277	2987.44	460.161
17.9781	18.6514	2990.89	405.39
18.1812	20.1375	4753.23	494.299
18.2857	19.4641	3571.2	446.014
18.4541	19.3422	2377.99	462.908
18.7733	18.901	3099.94	263.216
18.9649	19.4641	3146.85	397
19.2029	20.0098	5974.88	570.722
19.4757	19.9982	5292.35	410.931
19.5628	20.1491	3146.85	426.779
19.6847	19.8763	10639.9	176.987
19.9982	20.3	3125.11	128.843
20.1433	20.2652	3876.47	207.023
20.1839	20.3755	3380.51	395.635
20.3407	20.5613	3507.82	293.811
20.4974	20.985	2920.89	455.353
20.7993	21.0547	2306.29	220.262
20.9444	21.2579	2649.23	177.296
21.1302	21.2811	2019.37	150.884
21.2695	21.5655	2266.67	213.362
21.4494	21.9603	2124.67	132.834
21.7281	21.9254	1558.05	80.0933
21.8442	22.3318	1774.29	171.723
22.1518	22.2912	4066.84	77.1902
22.1867	22.5059	5162.52	179.2
22.2041	22.3492	3556.79	159.679
22.3144	22.7323	2306.29	192.531
22.4479	22.6685	2095.42	126.651
22.6627	22.9936	1993.88	204.24
22.9355	23.1329	1788.7	168.224
23.0864	23.3709	2958.25	157.208
23.1677	23.3535	4273.97	118.762
23.2025	23.4347	5112.07	117.62
23.2316	23.3941	1769.17	140.553
23.3419	23.4347	4311.16	136.962
23.3767	23.6321	3686.47	313.663
23.5741	23.8527	4064.49	258.811
23.7598	24.0443	3433.65	263.598
23.8237	24.0907	3843.02	306.535
24.0443	24.2184	3489.63	242.074
24.0907	24.3229	4186.01	215.608
24.259	24.5725	5338.41	401.632
24.4448	24.5783	6355.81	522.343
24.5725	24.8454	4152.29	101.402
24.6306	25.0311	1755.94	149.572
24.9498	25.1646	2316.97	123.026
25.0776	25.391	5366.23	553.475
25.3852	25.5942	6344.8	490.453
25.5129	25.9309	5447.43	536.993
25.867	26.0702	4604.6	501.145
26.0412	26.2734	4701.35	490.957
26.2153	26.3605	4097.5	341.413
26.2792	26.4882	3944.22	299.469
26.3779	26.7029	3495.69	359.076
26.4766	26.7494	2837.74	425.758
26.7088	27.1151	3487.62	337.534
26.8016	26.9932	2624.86	439.844
27.0222	27.2312	2067.77	163.259
27.208	27.7595	2345.25	360.357
27.7711	28.0903	2339.84	55.8137
28.0613	28.2064	3157.78	400.332
28.2587	28.6012	4747.74	639.28
28.5373	28.8044	4725.86	438.535
28.8044	28.9205	5018.45	353.462
28.9553	29.2513	5646.05	281.624
29.2339	29.4835	6293.7	211.992
