0.928798	1.12617	2551.61	124.789
1.0449	1.32354	2575.3	259.602
1.23646	1.49188	3085.65	27.1731
1.25968	1.47447	2254.92	52.3201
1.2829	1.45705	740.416	39.5709
1.32934	1.55574	2629.42	61.8075
1.41642	1.72408	2494.77	293.082
1.6312	1.84599	4655.41	44.866
1.71247	2.03175	2503.43	248.803
1.78213	2.04336	5003.98	110.197
1.93306	2.28717	2100.27	53.1306
2.04916	2.35102	2503.43	310.808
2.31039	2.60644	1115.8	67.9548
2.31619	2.51937	4496.83	81.6689
2.44971	2.6761	2345.25	238.974
2.5658	2.91991	1982.39	270.148
2.58322	2.83864	3082.09	86.2911
2.798	3.16952	3978.55	117.78
2.92571	3.12889	747.723	48.6228
2.97215	3.33206	1893.96	202.897
3.31465	3.58168	625.136	42.3816
3.33787	3.91837	4465.77	293.796
3.41914	3.58748	1659.3	99.9496
3.44236	3.97061	2251.01	454.383
3.69778	3.97061	1114.51	374.36
3.97061	4.92263	1871.13	290.732
4.05769	4.31891	3834.16	86.9731
4.14476	4.28408	618.313	32.1137
4.3073	4.82395	2892.35	65.5545
4.82395	4.99229	2513.58	74.526
4.98649	5.14902	3029.14	89.1918
5.33478	5.50313	3836.37	55.7376
5.39283	5.64825	1538.38	37.2899
5.39864	5.67147	2550.14	30.1151
5.42766	5.65406	9108.68	37.459
5.49732	5.65986	11649.9	41.872
5.55537	5.74694	1264.8	170.591
5.66567	6.04299	2523.76	100.06
5.92109	6.19392	3658.9	54.339
5.97333	6.07782	991.769	58.275
6.00816	6.37968	490.755	59.6157
6.07202	6.19973	1300.36	43.8296
6.21714	6.36807	1576.15	184.125
6.40871	6.67574	2501.99	38.805
6.43773	6.64091	3069.65	44.4257
6.66413	7.03565	3050.21	100.75
6.75701	6.96018	740.416	39.4151
6.94277	7.27946	2477.54	182.317
7.07048	7.27365	3041.41	72.0885
7.08209	7.27365	728.117	28.1473
7.22141	7.53487	1498.04	470.041
7.41297	7.5639	1255.34	100.189
7.41297	7.5639	1255.34	100.189
7.5639	7.86576	1503.24	172.919
7.61615	7.86576	3023.9	259.63
7.66839	7.81351	2235.47	179.148
7.74385	8.10957	2512.13	73.2057
8.06313	8.47528	1530.4	515.731
8.1502	8.47528	3074.98	200.67
8.42884	8.82358	3753.08	165.214
8.47528	8.71329	1521.59	87.6013
8.57977	8.81197	1875.46	584.933
8.74812	9.03256	547.998	48.7508
8.8468	9.02676	1983.54	602.735
9.02676	9.57823	2264.05	787.881
9.40989	9.75238	3415.84	257.779
9.46794	9.75819	399.308	64.8769
9.58984	9.95555	2260.13	85.7664
9.7698	9.93814	2841.02	55.2087
9.79302	9.95555	3384.42	32.297
9.97878	10.2168	2956.54	603.585
10.1703	10.3851	545.156	53.3536
10.2226	10.3967	3312.86	62.6887
10.2864	10.5883	2837.74	277.787
10.4896	10.658	3398.13	51.5937
10.5941	10.7857	2841.02	160.29
10.6289	11.2617	2035.77	724.455
10.658	11.0701	4376.39	463.145
10.7624	11.1224	3427.7	159.185
10.8031	11.0005	412.198	61.7371
10.8611	11.0179	10289.3	98.7053
11.0991	11.4707	2845.95	100.868
11.4184	12.2717	2512.13	219.658
11.4416	12.144	1883.06	94.6209
11.4707	11.8828	458.155	66.9683
12.1382	12.295	11496.1	83.1846
12.2021	12.591	1536.6	103.586
12.2834	12.4169	611.917	27.0983
12.3124	12.5388	11416.7	42.36
12.3356	12.5504	3838.59	68.3421
12.4981	12.6491	3015.18	61.8419
12.7129	12.8871	1499.77	189.418
12.7303	13.1599	2920.89	73.9125
12.8929	13.1425	1467.21	196.65
13.0322	13.1599	1271.39	48.4207
13.1541	13.3166	2519.39	120.705
13.2063	13.4502	2944.61	180.486
13.218	13.5198	1687.33	194.951
13.4153	13.6475	2556.04	151.78
13.6185	13.8913	2273.23	37.358
13.6301	13.7985	617.956	36.9785
13.6417	14.1874	2526.68	37.556
13.6591	13.8623	1506.72	32.1815
13.8565	14.1932	3098.15	78.9704
13.9088	14.1003	621.895	31.5702
13.9668	14.2396	1514.57	69.5344
14.1932	14.5647	2504.88	162.53
14.2164	14.5763	1999.64	67.0523
14.5589	14.8666	3914.72	82.6244
14.5995	15.0059	2544.25	69.1158
14.6634	14.9014	1272.86	82.2925
14.8898	15.2323	1629.85	298.581
14.9885	15.5458	406.758	60.1439
15.0291	15.2149	10301.2	91.9202
15.0581	15.2323	5153.58	76.9735
15.2323	15.5806	1670.84	85.9311
15.2729	15.4993	3960.21	49.2556
15.4122	15.569	1434.53	197.507
15.5748	15.865	3990.06	91.1502
15.5806	15.7431	5038.78	82.4675
15.6154	15.7663	3435.63	27.9593
15.6619	16.0334	408.878	32.1155
15.7547	15.8941	1276.54	91.9323
15.9057	16.2133	1525.11	348.561
16.045	16.2133	3025.64	157.331
16.0682	16.2598	3921.51	122.779
16.2482	16.3875	3398.13	356.73
16.2946	16.6081	1841.11	365.064
16.3875	16.6487	3682.22	243.71
16.3991	16.6487	5120.94	100.783
16.4339	16.7068	2542.78	128.649
16.6313	16.939	1684.41	53.5341
16.6545	16.8693	4017.81	43.0428
16.9332	17.3337	2509.23	126.028
16.9506	17.3221	457.626	72.6605
16.9796	17.3163	1889.59	73.4683
17.3221	17.6007	3076.75	66.476
17.3279	17.6356	2509.23	85.883
17.3685	17.6239	1895.06	92.0805
17.6239	17.8039	1461.29	369.124
17.7168	17.9432	619.743	33.4753
17.7168	17.9432	619.743	33.4753
17.7981	18.187	3787.93	82.5949
17.8852	18.2044	1508.46	120.961
17.949	18.2044	2520.85	134.422
18.0187	18.2102	620.101	30.3288
18.0767	18.2451	2931.03	142.836
18.1696	18.5934	2914.15	141.127
18.2102	18.5818	1474.01	226.857
18.5121	18.7733	1238.05	73.7847
18.6514	18.8256	1528.63	320.16
18.6979	18.9417	2987.44	102.36
18.8836	19.0288	1721.79	113.166
19.0636	19.3422	3834.16	43.8521
19.0926	19.29	613.333	38.173
19.0926	19.29	613.333	38.173
19.1565	19.3422	1541.04	35.8457
19.3596	19.6267	3023.9	74.3202
19.6499	20.0562	2515.03	111.605
19.7079	20.3813	2004.27	91.1848
19.7486	20.062	1677.61	40.7464
20.1201	20.3871	1272.13	87.3102
20.1317	20.3291	3374.66	174.396
20.1433	20.4161	2516.48	259.018
20.3755	20.6309	1485.97	305.544
20.4858	21.0547	411.009	79.2171
20.5903	20.7296	2044.02	103.662
20.8051	21.0257	4114.1	46.5399
20.9328	21.0663	1451.2	248.133
21.0547	21.1998	5035.87	118.765
21.1011	21.432	3969.37	59.6502
21.1185	21.4552	3370.76	58.4022
21.3682	21.67	1504.11	351.114
21.612	22.0299	5126.86	133.475
21.6352	21.9545	4024.78	151.511
21.7339	22.0764	3731.46	326.011
21.7745	22.1112	1863.58	204.588
21.8674	22.0938	10200.6	180.785
22.0764	22.2505	4001.6	125.322
22.1634	22.355	7398.55	45.0212
22.1925	22.3898	1862.5	46.6781
22.4073	22.7788	2503.43	114.847
22.4305	22.8136	458.95	65.1242
22.4421	22.802	1872.21	63.4565
22.593	22.7904	12457.2	29.3557
22.7904	23.0052	3071.43	78.4214
22.8484	23.0748	2504.88	74.1543
22.9819	23.1155	1879.79	67.4825
23.1039	23.3767	2300.97	803.437
23.3012	23.4754	3829.73	75.1924
23.458	23.5973	2408.4	217.46
23.5102	23.6669	3008.22	67.8248
23.6495	23.8063	3001.27	719.328
23.6844	23.8353	5923.33	223.266
23.8295	23.9456	1553.56	181.333
23.8759	24.0965	1460.45	185.265
23.9224	24.0965	1499.77	175.077
23.9456	24.0907	2499.1	1015.67
24.1429	24.381	2490.45	462.164
24.41	24.5493	2517.94	267.496
24.4738	24.7234	2320.99	1084.01
24.5551	24.706	7171.34	136.657
24.857	25.0892	4955.08	187.363
24.8628	25.0892	2468.97	398.038
25.1472	25.5361	2491.89	77.4296
25.2053	25.542	1998.49	64.2401
25.5826	25.9251	1258.97	112.508
25.6	25.8206	3907.94	90.2175
25.6174	25.9193	1984.68	129.732
25.7219	25.8902	3405.99	103.186
25.8844	26.0586	2436.39	804.044
26.0412	26.3198	1692.21	154.806
26.0876	26.5404	410.297	51.2379
26.2618	26.4359	4013.17	45.9812
26.3953	26.5927	2468.97	478.151
26.4011	26.5985	4949.36	330.769
26.552	26.8655	3976.25	94.5648
26.6043	26.8655	4998.2	71.2528
26.6623	26.9293	2174.34	255.221
26.7204	26.9119	8617.34	75.2682
26.8074	27.179	2471.82	597.052
27.0745	27.4402	4010.85	106.658
27.2022	27.5156	5141.69	137.118
27.3589	27.6782	2432.17	620.782
27.6956	28.2819	2496.21	86.408
27.7246	27.8291	2695.54	80.8572
27.7537	27.9568	1729.76	45.8458
27.8291	28.4328	3009.96	80.8572
27.9452	28.3341	459.746	35.5566
27.9858	28.2935	1881.97	56.6447
27.9858	28.5722	3737.94	48.0599
28.3167	28.607	2499.1	31.4507
28.5722	28.7521	2326.36	249.121
29.1004	29.379	5012.66	131.885
29.1178	29.3907	2483.27	75.1522
29.4081	29.559	2401.45	68.215
29.5126	29.6461	2337.14	57.6391
29.6983	29.9131	2490.45	35.7626
