0.319274	0.534059	4205.4	75.6038
0.336689	0.580499	2083.36	51.0632
0.638549	0.748844	708.207	69.3611
1.01587	1.36998	2666.12	210.683
1.22485	1.41061	2447.67	288.551
1.32934	1.60218	2752.18	231.614
1.42803	1.65442	2121	230.427
1.54993	1.84018	2931.03	386.335
1.69506	1.93887	6286.43	362.178
1.72989	1.96209	1904.94	416.645
2.00272	2.14785	3143.22	234.783
2.14204	2.47873	2522.3	414.699
2.26395	2.41488	3143.22	277.319
2.36844	2.54258	2383.49	486.278
2.57161	2.91991	3280.48	360.013
2.80381	3.05342	1901.64	335
3.2624	3.50041	2516.48	535.639
3.33206	3.58748	3187.09	434.546
3.51202	3.70358	2358.84	189.454
3.54104	3.66295	2941.21	156.473
3.6107	3.76163	2554.56	532.818
3.8371	4.66141	2821.4	496.143
3.88354	4.11574	1607.41	472.517
4.10413	4.50467	2357.47	815.995
4.76009	4.95166	6363.15	386.577
4.97487	5.30576	3211.12	134.193
5.18966	5.45088	2836.1	464.25
5.31156	5.46249	2365.66	219.792
5.46249	5.83401	2436.39	514.814
5.54376	5.66567	2999.54	210.925
5.68308	5.83401	2584.24	401.299
5.83982	6.10104	2451.91	385.769
5.88626	6.18231	1887.41	568.886
6.09524	6.26358	2805.15	351.384
6.13587	6.29841	6675.65	465.358
6.15909	6.31583	2520.85	458.085
6.23456	6.44354	2122.22	586.647
6.31583	7.14014	2561.95	349.952
6.44354	6.56544	1914.86	408.075
6.56544	7.26204	2135.75	493.007
6.98921	7.20399	6679.51	355.823
6.98921	7.20399	6679.51	355.823
7.25043	7.51166	2486.14	141.439
7.26204	7.70902	1923.73	180.726
7.69161	7.84834	4301.21	251.727
7.71483	7.96444	2112.44	284.16
7.73224	7.97025	4734.05	377.424
7.73224	7.97025	4734.05	377.424
7.81932	8.01088	2286.4	367.987
7.96444	8.10376	5035.87	205.143
7.98186	8.09215	2509.23	350.941
8.16181	8.28952	2007.74	246.255
8.23728	8.37079	4731.32	385.543
8.25469	8.37079	2360.2	430.548
8.37079	8.54494	4989.55	261.157
8.37079	8.67846	2491.89	430.548
8.67265	9.079	2491.89	237.698
8.91646	9.079	2093	217.306
9.079	9.27637	3231.58	305.359
9.10222	9.36925	1664.1	241.549
9.20091	9.61887	4183.59	421.299
9.22993	9.73497	2103.91	265.175
9.39828	9.78141	2510.68	161.905
9.43891	9.62467	1383.26	82.4888
9.43891	9.92653	1671.81	121.011
9.82785	10.0368	1259.7	220.055
9.92653	10.2516	4071.54	442.447
9.92653	10.2574	2114.88	507.999
10.2342	10.3503	1261.88	83.0993
10.298	10.4374	1743.81	431.203
10.507	10.8321	1904.94	448.416
10.7102	10.896	1734.77	236.263
10.9076	11.3371	1555.35	248.381
11.134	11.3662	2426.55	225.162
11.4126	11.5984	2430.76	122.117
11.4358	11.9931	1573.43	147.431
11.4649	11.9989	2790.6	167.727
11.6564	11.9757	619.028	88.3846
11.7261	12.1498	2368.39	166.993
12.0163	12.3937	2346.61	226.071
12.2543	12.4111	1600.93	140.818
12.5388	12.8174	2365.66	194.018
12.5794	12.7826	3185.26	164.077
13.0438	13.3631	1600	208.911
13.1251	13.5024	2855.83	284.313
13.3921	13.6185	2398.68	500.026
13.4269	13.6766	1886.32	439.877
13.8101	14.0539	3152.31	78.0818
13.9204	14.0539	627.669	72.2424
13.9552	14.1874	2803.53	224.438
14.0307	14.5125	2426.55	325.186
14.2512	15.2787	2813.26	300.667
14.4312	14.5705	2517.94	329.981
14.4428	14.6982	3172.4	275.667
14.6112	14.9072	2405.62	169.157
14.7215	14.8608	2456.17	211.466
14.7505	14.8956	3196.31	132.979
14.8608	15.1626	2362.93	130.675
14.9304	15.1742	1587.12	86.6481
15.1859	15.418	2433.57	347.027
15.3426	15.5516	2084.56	256.44
15.36	15.5574	2824.66	393.383
15.4239	15.5516	2367.03	272.586
15.4877	15.6096	581.927	80.2962
15.5516	15.7489	2532.52	272.586
15.5922	15.7954	3155.95	279.408
15.7315	16.0102	2816.51	171.492
15.8766	16.1611	2427.96	196.049
16.0856	16.4223	1245.95	104.418
16.2772	16.5326	2446.26	295.677
16.2772	16.5326	2446.26	295.677
16.4281	16.6951	2090.59	133.405
16.4804	16.6661	2836.1	372.017
16.5558	16.6545	2384.87	312.544
16.6545	16.8287	2531.06	312.544
16.6777	16.9332	3166.91	288.209
16.8112	17.5485	2808.39	197.2
16.9448	17.6356	3161.43	124.398
17.1247	17.4498	1569.79	84.382
17.4904	17.6181	2487.58	443.321
17.5659	17.7749	3168.74	221.83
17.6181	17.8155	2402.84	216.539
17.6414	17.9026	2808.39	206.457
17.7633	17.9316	2516.48	377.926
17.7749	18.0303	3168.74	259.612
17.9258	18.1812	2824.66	177.248
17.9664	18.2857	2117.32	211.646
18.1638	18.2973	2533.99	480.667
18.187	18.872	2110	177.85
18.2451	18.5644	2826.29	123.096
18.2915	19.0578	2515.03	166.058
18.7211	19.0578	1256.79	80.5995
18.8836	19.0229	2808.39	201.683
19.0229	19.3364	2535.45	201.683
19.1042	19.2842	1650.7	322.831
19.2145	19.5976	2800.29	207.21
19.6499	20.0214	2078.55	284.533
19.8298	19.9808	1255.34	72.9152
19.8473	19.9982	2243.23	74.2145
19.9227	20.5903	2566.39	216.451
20.5961	20.8631	2113.66	563.139
20.8283	20.9618	2515.03	409.381
20.9212	21.1127	2837.74	522.876
20.9792	21.1127	2416.76	212.37
21.0953	21.2753	2516.48	318.8
21.2521	22.0648	2816.51	189.442
21.2753	21.8964	2389	188.421
21.374	21.7049	2088.17	128.111
21.5539	21.7397	1576.15	94.7035
21.8093	22.1867	2091.8	238.117
21.8616	22.0415	3618.96	249.949
22.0648	22.2563	2826.29	219.898
22.088	22.2795	2389	297.348
22.2041	22.4131	2525.22	361.322
22.2621	22.9239	3163.25	269.389
22.3724	22.6395	2437.79	176.275
22.4827	22.6511	4734.05	135.001
22.6975	22.9181	2459.01	117.021
22.7556	23.0458	623.333	88.5345
22.8136	23.0574	1564.36	209.453
22.9355	23.2606	2834.46	284.138
23.1909	23.3535	2832.83	238.813
23.2258	23.3651	2337.14	174.341
23.3244	23.5218	2536.92	392.855
23.3709	23.5915	3165.08	365.392
23.458	24.021	2819.77	165.716
23.5102	23.7888	2369.76	109.898
23.6205	24.0849	3165.08	93.0335
23.6495	24.0443	1572.52	170.527
23.7946	24.0385	1193.12	60.3556
23.9166	24.1836	1902.74	147.085
24.0501	24.3868	1577.98	283.046
24.1662	24.4506	2365.66	428.441
24.2532	24.4622	3161.43	181.468
24.2765	24.8221	2819.77	243.247
24.4506	24.5841	2494.77	369.776
24.5261	24.6886	3174.23	360.506
24.5841	24.9092	2393.15	291.611
24.7525	24.9789	2118.55	455.65
24.8337	24.9905	2538.38	299.275
25.0079	25.5013	2522.3	200.794
25.1124	25.5768	2116.1	325.842
25.4607	25.6639	1864.66	125.136
25.4839	25.6755	627.669	75.1205
25.5652	25.7974	2819.77	256.719
25.6232	25.7741	2090.59	391.717
25.78	25.9831	2103.91	125.293
26.105	26.256	2803.53	334.102
26.2269	26.4011	2680.02	299.054
26.2792	26.6971	1877.62	328.258
26.3605	26.6507	2831.19	394.522
26.552	26.6623	1266.26	103.19
26.6681	26.9061	2811.63	237.696
26.8132	27.1151	2596.21	115.051
26.8597	27.4982	1584.37	201.707
26.9932	27.3821	2446.26	182.896
27.2312	27.5331	2808.39	104.028
27.5737	27.7769	2803.53	77.0896
27.6085	27.7885	3166.91	53.5049
27.6317	27.8639	593.468	57.0001
27.7827	27.9975	2725.29	182.562
27.951	28.2239	1588.03	105.752
27.9568	28.1948	795.394	45.2999
28.0729	28.2819	2839.38	144.06
28.2122	28.3516	595.528	73.1249
28.2181	28.3051	1186.25	140.696
28.3051	28.5141	1242.35	140.696
28.3458	28.4735	2769.72	188.04
28.3864	28.4851	1763.05	135.084
28.4735	28.6708	2658.43	181.951
28.5083	28.7173	1884.14	270.156
28.5141	28.6592	8021.71	93.6867
28.5954	28.8624	2823.03	198.362
28.8682	29.141	2785.77	143.529
28.8972	29.0482	1910.44	149.42
29.0366	29.1759	2587.23	64.9031
29.0424	29.7854	1575.24	106.305
29.1991	29.7854	2375.24	72.5465
