0.476009	1.0449	2646.18	58.633
0.505034	0.847528	4458.04	26.9107
0.539864	0.882358	1319.27	20.2737
0.743039	0.934603	1975.53	41.9456
0.922993	1.05651	1283.94	64.4595
1.03329	1.37578	3355.22	109.125
1.09134	1.35837	2638.54	71.8298
1.13778	1.54993	3957.92	49.4049
1.2829	1.56154	2643.12	54.2089
1.30032	1.52671	656.974	32.6
1.38159	1.84599	6683.37	62.307
1.42222	1.53832	3353.29	69.6845
1.53252	1.72989	2646.18	177.754
1.53832	1.79374	3530.18	71.1958
1.60218	2.07238	4465.77	59.9539
1.70667	2.11882	1315.47	56.6371
1.73569	2.24653	2640.07	79.4217
1.81696	2.04336	1974.39	115.288
1.90984	2.17107	656.595	20.7301
2.04916	2.16526	5523.47	141.443
2.12463	2.40327	3351.35	195.135
2.17107	2.38585	3960.21	88.7345
2.26975	2.51356	8895.5	39.5337
2.37424	2.6761	2624.86	138.76
2.38585	2.67029	655.08	34.4556
2.50776	2.72254	3239.06	86.6621
2.64127	2.99537	2621.83	141.875
2.73415	3.65714	1287.65	121.291
2.76317	3.23338	2606.73	129.89
2.91991	3.30304	1946.09	183.449
3.19274	3.40172	3343.61	200.964
3.22757	3.41914	2525.22	97.8877
3.32045	3.66875	1959.62	44.1192
3.43655	3.6107	2630.93	137.661
3.4946	3.68036	659.255	45.0102
3.59329	3.77324	3339.75	78.9241
3.70358	3.87773	2638.54	202.76
3.79066	3.93578	654.701	18.5874
3.88354	4.00544	2633.98	41.0152
4.00544	4.21442	1969.84	145.729
4.02286	4.26086	1310.92	45.8337
4.04027	4.24345	654.323	32.1297
4.13315	4.4234	2630.93	70.6238
4.27828	4.42921	3337.83	191.456
4.40018	4.78912	1969.84	38.5037
4.40018	4.80073	3937.4	28.8482
4.54531	4.69043	2633.98	117.526
4.58014	4.81234	657.354	38.2192
4.67882	4.81814	3341.68	72.806
4.882	5.06776	1127.46	121.64
4.90522	5.31156	2279.8	80.8603
5.07936	5.36961	1975.53	156.141
5.18966	5.39864	2653.83	72.6643
5.36381	5.60181	3355.22	161.176
5.44508	5.79918	1967.56	140.098
5.62503	5.77016	2644.65	152.342
5.75855	5.96172	3326.28	56.5108
5.89787	6.0546	2650.76	155.264
6.06041	6.21134	2693.99	31.4747
6.1707	6.36227	1978.96	170.05
6.24617	6.46676	655.458	34.226
6.30422	6.46095	2650.76	63.1049
6.44934	6.64091	3351.35	146.063
6.57705	6.71637	1982.39	52.1701
6.71057	6.85569	2646.18	141.345
6.84408	6.9776	3339.75	80.8063
6.85569	7.59293	1316.23	68.8577
6.87891	7.04726	671.166	54.2398
6.9776	7.31429	3520	87.6257
6.99501	7.23882	2644.65	287.147
6.99501	7.26785	4442.61	113.049
7.26204	7.40717	1970.97	188.508
7.35492	7.56971	2659.97	81.6044
7.63356	7.84834	3962.49	143.777
7.64517	8.00508	2641.59	154.618
7.82512	8.08635	1319.27	46.374
7.918	8.08635	3349.41	141.198
8.04571	8.33016	2646.18	186.63
8.1444	8.28372	4434.92	96.6832
8.16181	8.63782	1317.75	39.942
8.34177	8.4985	1966.43	86.3898
8.42884	8.66104	2640.07	49.443
8.71329	9.03837	3967.07	82.5519
8.75392	9.14866	2640.07	109.348
8.91646	9.09642	656.216	33.4318
8.93388	9.11383	1310.16	36.4685
9.02676	9.31701	6660.25	46.4374
9.14286	9.71755	2640.07	205.917
9.32862	9.75238	1313.19	48.9735
9.36345	9.5434	4437.48	39.981
9.43891	9.68272	1965.29	47.3253
9.45633	9.70594	653.945	28.8681
9.72336	9.96136	3337.83	78.7861
9.83946	10.1819	1311.67	65.8438
9.91492	10.2052	2627.9	84.5599
9.98458	10.1819	655.08	69.5847
10.1123	10.298	3353.29	62.264
10.2574	10.8147	2638.54	110.724
10.3039	10.5999	1312.43	24.3414
10.5128	10.8437	1307.89	68.1619
10.5186	10.8089	652.813	45.416
10.8205	10.9888	3349.41	54.4565
10.896	11.163	1316.99	26.1318
11.0527	11.3488	2621.83	49.1165
11.0701	11.3429	1301.86	53.1525
11.0933	11.372	658.114	32.4777
11.2501	11.5984	3330.12	201.899
11.3429	11.4939	1241.64	32.5231
11.4649	11.639	2647.7	48.1046
11.5229	11.7725	1241.64	90.1044
11.5461	11.7493	3709.97	114.26
11.6042	11.819	2471.82	173.174
11.6564	11.9699	1649.74	86.6243
11.668	11.848	823.444	51.3915
11.7435	12.0047	3307.12	130.763
11.8015	11.9931	1213.28	163.615
11.8828	12.0628	4205.4	126.997
11.9873	12.9858	1658.34	100.037
12.0105	12.4633	2516.48	49.5212
12.1498	12.3937	3328.2	132.013
12.1731	12.3937	829.171	55.9003
12.2776	12.4459	4176.35	80.2833
12.4227	12.6897	3326.28	218.628
12.4285	13.0728	6675.65	102.421
12.6839	12.9103	2490.45	158.949
12.7245	12.8871	833.012	66.9837
12.8174	13.1077	3332.05	70.9773
12.9509	13.1135	4198.12	284.502
13.0438	13.4095	1657.39	92.7689
13.0961	13.4327	2476.11	47.6212
13.1483	13.3863	6637.2	140.9
13.2238	13.4269	3324.36	236.569
13.3689	13.5663	4220	91.0015
13.5024	13.7752	3320.52	156.265
13.5721	14.0597	4210.26	64.0287
13.6185	14.3848	1396.91	96.5357
13.7578	13.9378	2483.27	236.134
13.8159	14.0132	1664.1	36.7959
13.8217	14.0132	832.05	28.4359
13.9146	14.0771	3333.97	77.1731
14.0539	14.2861	4200.54	178.561
14.141	14.646	3731.46	51.8151
14.17	14.5415	2486.14	58.9835
14.2396	15.5109	1864.66	93.9162
14.3093	14.4951	3326.28	219.958
14.3848	14.617	834.457	36.9757
14.4544	14.5995	4202.97	60.4978
14.5995	14.8608	3330.12	221.038
14.5995	15.0001	3722.85	51.8629
14.855	15.0697	2489.02	180.638
14.884	15.0872	1659.3	91.61
14.9188	15.1278	827.258	30.8628
14.9827	15.2207	3339.75	96.2614
15.1336	15.3368	4220	208.304
15.2671	15.6038	2483.27	50.6657
15.4006	15.598	3324.36	231.264
15.4703	15.6328	827.736	47.4857
15.54	15.7431	4234.65	66.3414
15.6851	15.9695	3337.83	186.53
15.7431	16.1088	1231.64	71.3928
15.9521	16.0856	2487.58	227.036
15.9637	16.7822	1653.56	101.768
15.9927	16.1843	824.396	50.5886
16.074	16.4688	3320.52	99.4683
16.1785	16.3585	2805.15	200.785
16.1785	16.3585	2805.15	200.785
16.2133	16.4513	4193.27	136.496
16.2714	16.5036	828.214	27.1721
16.3527	16.6487	2478.97	53.0571
16.4978	16.6545	3324.36	252.937
16.5384	16.7822	828.214	84.1266
16.5849	16.9157	3871.99	60.1529
16.6255	16.8345	4234.65	64.7942
16.6487	16.8171	6217.82	50.8172
16.7648	16.9099	3337.83	277.554
16.8403	17.0667	828.693	27.3763
16.8461	17.8155	1656.43	93.3655
16.9157	17.264	3324.36	65.9143
17.0376	17.2524	2489.02	145.559
17.0725	17.2698	829.171	57.3242
17.177	17.4382	3316.68	133.259
17.3453	17.5659	4190.85	100.572
17.4382	17.7284	2484.71	43.3471
17.4846	17.7226	6641.04	62.2295
17.5775	17.7226	3320.52	168.794
17.6181	17.7981	825.349	55.2321
17.711	17.8794	4183.59	46.6207
17.711	17.9374	8396.23	26.6803
17.8561	18.0013	3332.05	224.914
17.9548	18.5411	1405.82	83.7528
18.0071	18.2625	3513.91	48.8745
18.0651	18.3322	4224.88	74.9661
18.1232	18.2683	2481.84	180.262
18.2161	18.5469	3335.9	96.3959
18.425	18.6398	4202.97	78.8857
18.4657	19.0926	1860.35	80.9062
18.5295	18.8082	2481.84	61.4414
18.5992	18.7791	5587.65	40.5213
18.663	18.8024	3322.44	255.292
18.7095	18.8952	1664.1	63.7598
18.7211	18.9707	833.493	45.9614
18.7966	18.9823	4178.76	52.1085
18.9301	19.2145	3332.05	166.094
18.9881	19.3538	827.258	18.3347
19.0984	19.557	1885.23	37.671
19.2145	19.3596	2483.27	187.62
19.2493	19.4873	828.693	39.404
19.2668	19.4525	1660.26	35.6087
19.3422	19.528	3320.52	53.0483
19.4932	19.7079	4202.97	148.698
19.6151	19.7486	2489.02	65.7447
19.7544	19.9459	3318.6	175.199
19.7602	19.9634	1657.39	50.8499
19.7776	19.9634	827.736	39.9438
19.8821	20.0562	4176.35	74.239
20.0272	20.3	3324.36	232.593
20.1027	20.6251	1244.51	58.9587
20.1375	20.3929	2486.14	64.9881
20.3117	20.4858	2489.02	101.913
20.3291	20.509	826.78	55.5321
20.3349	20.5787	1658.34	48.9295
20.4278	20.8573	3324.36	79.6171
20.5439	20.8805	2084.56	359.253
20.6193	20.9618	4171.53	118.655
20.6716	20.8922	1243.07	53.1203
20.747	21.2114	1653.56	140.305
20.8399	21.1882	3333.97	190.772
20.9096	21.7571	2091.8	110.064
20.956	21.2463	4181.18	88.424
21.0431	21.2579	6538.27	126.781
21.1127	21.7803	3307.12	130.802
21.165	21.3856	830.13	31.5474
21.2346	21.6062	4171.53	69.0788
21.2927	21.7049	1653.56	168.078
21.3856	21.5249	2489.02	165.72
21.67	21.8268	4181.18	145.789
21.7339	21.9951	827.736	33.5918
21.7745	21.9312	2484.71	56.0396
21.8326	22.0648	2102.7	49.9931
21.8732	22.1228	1650.7	123.963
21.9312	22.1228	3318.6	161.858
21.9893	22.1693	830.13	48.9013
22.059	22.7904	4222.44	64.9762
22.1983	22.355	3332.05	229.569
22.297	22.7788	1409.88	96.7634
22.3608	22.5814	3404.03	64.8582
22.4711	22.6278	2480.4	165.236
22.4943	22.6743	825.825	57.5026
22.5988	22.8368	3380.51	82.7
22.7498	22.9181	4220	160.592
22.8484	23.992	1860.35	82.9486
22.8949	24.1546	2205.96	94.5658
23.011	23.2083	3318.6	235.79
23.04	23.2954	1667.95	79.0878
23.1387	23.3186	4217.56	70.5804
23.2722	23.5566	3324.36	168.104
23.5741	23.7134	2484.71	160.369
23.6669	23.9862	3310.94	67.166
23.8353	24.0443	4205.4	182.114
23.963	24.0965	4963.68	29.5262
23.9688	24.1313	2483.27	40.8079
24.0443	24.172	1087.17	65.9822
24.0907	24.2416	3326.28	255.905
24.1488	24.4042	1650.7	119.132
24.172	24.677	2097.85	128.307
24.2416	24.439	4157.09	71.3454
24.2707	24.3926	827.736	59.4177
24.3693	24.5203	3330.12	260.585
24.4448	24.7815	1244.51	58.213
24.5029	24.648	3320.52	73.3606
24.5029	24.648	3320.52	73.3606
24.6073	24.7989	2480.4	209.113
24.7002	25.2923	2113.66	92.285
24.7176	24.915	829.171	48.0411
24.7583	24.9673	3341.68	89.288
24.9498	25.2459	4193.27	172.64
25.0137	25.3214	1655.47	75.3486
25.0543	25.4549	2486.14	58.8179
25.1704	25.333	3337.83	186.749
25.2401	25.4433	834.939	33.2162
25.2865	25.6	1233.77	67.3898
25.3156	25.4375	8479.09	45.2085
25.3388	25.9599	4154.69	71.3778
25.4607	25.6116	3337.83	267.514
25.5536	25.8322	2102.7	83.4759
25.571	26.0238	1653.56	114.941
25.5884	26.018	3301.39	93.36
25.7277	25.8961	2489.02	221.322
25.8148	26.3314	2086.97	92.77
26.0122	26.2153	4190.85	126.688
26.0992	26.285	3280.48	72.3765
26.1399	26.2966	2516.48	40.6684
26.2676	26.5578	3305.21	216.045
26.3024	26.6043	1650.7	92.8968
26.3024	26.8016	829.171	64.4757
26.3488	26.6855	2102.7	61.0095
26.5056	27.1383	1410.7	98.5761
26.5462	26.8132	3341.68	184.653
26.6739	26.8016	6776.67	25.2347
26.819	26.9584	2487.58	195.243
26.8423	27.0338	826.78	97.2384
26.9119	27.1151	3357.16	77.3325
27.0222	27.1906	1408.26	203.51
27.1035	27.2544	4217.56	159.118
27.208	28.4677	1856.06	89.8904
27.2544	27.6666	2208.51	97.1076
27.3531	27.5679	3320.52	160.294
27.4112	27.5911	827.258	68.4661
27.4866	27.742	4316.14	79.2415
27.655	27.8698	3328.2	190.952
27.713	28.2297	2193.26	95.5631
27.8988	28.189	2481.84	156.697
28.0323	28.3748	3326.28	81.6724
28.1716	28.3574	4217.56	165.743
28.3051	28.6883	2477.54	40.5937
28.3516	28.5896	2217.46	30.1722
28.4386	28.6244	3320.52	178.096
28.4619	28.6883	1651.65	52.2639
28.5083	28.7579	827.258	29.4274
28.5663	28.7521	4202.97	60.1063
28.7289	28.9901	3351.35	105.496
28.7463	29.1817	1150.48	99.5924
28.9843	29.1817	2483.27	96.5455
29.0075	29.3036	1659.3	33.4423
29.1062	29.2862	3353.29	35.5409
29.2978	29.4487	4195.69	35.4366
29.3616	29.559	2491.89	27.219
29.53	29.7157	3328.2	35.5763
