0.017415	0.452789	1849.64	14.4288
0.168345	0.441179	2331.74	15.4839
0.214785	0.481814	615.462	17.1629
0.499229	1.23066	1861.43	30.3939
0.667574	1.32934	1228.79	19.7443
0.806893	1.33515	2805.15	14.9934
1.24227	2.38005	1761.02	36.5177
1.25968	1.70667	699.668	56.6254
1.30612	1.98531	1047.11	31.5624
1.31773	1.9795	1242.35	23.1766
1.38159	1.58476	1393.69	17.8531
1.46866	1.55574	1313.19	15.5301
1.82277	1.89823	440.763	18.0224
2.03175	2.22912	1386.46	31.3843
2.18848	2.36844	2096.63	15.7239
2.36263	2.5658	1406.63	17.63
2.40327	3.11147	2097.85	22.6442
2.4381	2.56	1779.42	19.3045
2.65288	2.74576	1261.15	25.5735
2.72834	3.12308	1396.11	28.9139
2.83283	3.11728	1761.02	16.1032
3.09406	3.33787	4386.52	819.604
3.33787	3.57587	4166.71	576.29
3.55265	3.77324	4251.81	110.547
3.59909	4.24925	4200.54	127.982
3.70358	4.00544	2779.34	253.691
4.01125	4.7717	2785.77	73.1028
4.14476	5.65406	3284.28	226.56
4.24925	4.37696	4361.25	43.2129
4.27247	4.44082	2150.6	48.4132
4.3073	5.14322	1648.79	63.7356
4.47565	4.70204	2096.63	53.8914
4.50467	4.75429	1402.57	45.0978
4.66141	4.82975	932.328	32.8282
4.70204	4.80073	2114.88	38.8348
4.74268	5.27673	1396.91	49.9131
4.80073	5.04454	2101.48	37.3066
4.81814	5.16644	698.86	40.6177
4.87039	4.97487	1012.02	18.0458
5.1258	5.59601	2091.8	45.5294
5.21288	5.39283	1868.97	22.3379
5.22449	6.10685	1652.61	35.4978
5.34059	5.63664	1405.82	19.6243
5.5902	5.75855	2116.1	16.9701
5.63664	6.18231	1397.72	28.4082
5.89787	6.03138	2111.22	16.7567
5.99655	6.11265	700.477	20.6527
6.08363	6.99501	3646.24	507.789
6.17651	6.48998	3291.87	57.6366
6.78603	6.98921	3276.7	224.297
7.00082	7.41297	3278.59	43.0706
7.00082	7.48844	3671.6	51.8478
7.03565	7.41878	2199.6	94.6619
7.3317	8.08635	1856.06	57.6807
7.34912	8.74812	2779.34	98.2426
7.37234	8.63782	1392.88	64.2392
7.43619	7.88898	2209.79	28.8751
7.55809	7.86576	3282.38	21.8373
7.88317	8.12118	3310.94	31.3015
8.09796	8.63202	1862.5	48.1495
8.33596	8.46948	2225.16	16.416
8.63202	9.25315	1853.92	16.5418
8.66104	9.20091	1395.3	21.0881
9.06739	9.3054	1111.94	20.2931
9.11383	9.3054	2204.69	40.2926
9.1893	9.48535	3271.02	437.372
9.4215	9.64789	2760.14	223.645
9.49116	10.4548	3276.7	151.099
9.64789	11.0295	2772.93	58.8503
9.79302	10.3039	1845.37	68.3839
10.1413	12.2311	2217.46	143.549
10.3213	11.0585	1661.22	42.8382
10.4083	10.5883	730.223	21.4967
10.5883	10.687	1398.53	29.3491
10.7334	10.9192	737.429	35.9348
10.745	11.0469	1106.17	28.4973
11.1398	12.1556	1664.1	28.4343
11.1804	11.3197	1391.28	30.7339
11.3371	11.5693	1400.14	22.3884
11.5693	12.2253	1400.14	26.7976
11.7783	12.5039	1109.37	20.783
11.848	12.1615	1873.29	17.2526
12.0395	12.2311	558.221	23.1615
12.3356	12.4749	1679.55	20.2635
12.3356	12.62	1113.87	24.2566
12.6839	12.98	2212.34	23.6806
12.7303	12.8348	1418.87	16.9705
12.8522	12.9858	1398.53	15.6276
12.9567	13.7636	2478.97	56.5551
12.9916	13.3747	926.958	51.5225
13.1889	14.1351	1861.43	36.0876
13.3457	14.1468	1396.11	52.896
13.3631	13.5895	834.939	41.6196
13.6185	13.7694	1313.95	22.3368
13.6533	14.0481	832.05	44.3345
13.99	14.1351	621.535	24.0729
14.0074	14.4196	928.565	31.3872
14.1932	15.1568	1867.89	45.5686
14.228	14.3441	1304.12	34.2803
14.4951	15.2555	1249.55	15.769
14.6286	14.8434	1396.91	31.2477
15.2497	15.4761	4381.45	870.792
15.4761	15.7547	4161.9	604.201
15.7257	16.2772	4164.3	133.449
15.8244	16.0856	2771.32	318.174
15.9695	16.521	1393.69	80.3695
16.0914	16.8577	2787.38	66.717
16.1553	16.4455	2499.1	57.6908
16.1959	17.1828	3284.28	270.776
16.521	17.235	2145.64	80.282
16.788	18.3031	1395.3	52.6982
16.8345	17.1712	1662.18	57.371
16.9854	17.177	699.668	28.8059
16.9912	17.1247	1038.67	14.8457
17.2524	17.711	2116.1	57.861
17.2582	17.5659	1645.94	44.7101
17.264	17.7458	3276.7	40.5938
17.3221	17.6181	1865.73	32.2669
17.4672	17.6472	1056.83	18.9045
17.653	17.9606	2793.83	35.2523
17.7517	18.3031	2105.13	15.2353
17.9316	18.2277	1858.2	18.6878
18.1232	18.3089	694.835	20.5304
18.2799	18.5702	3658.9	507.799
18.5411	18.7733	3288.07	371.127
18.6224	19.4409	3661.01	213.047
18.7791	18.9475	3288.07	105.816
18.8952	19.0984	2200.87	109.212
18.9533	19.8066	3297.58	47.6289
19.0984	19.3306	1457.08	29.9931
19.2784	19.4641	2640.07	322.195
19.4699	21.85	2776.13	354.117
19.5686	19.9459	556.933	51.3365
20.5613	21.7223	1858.2	50.776
21.5771	22.1344	1394.49	88.7904
21.7281	21.8964	2100.27	123.415
21.8035	22.0183	2090.59	96.2241
21.8558	22.0183	2090.59	92.354
21.9893	22.2505	2447.67	168.929
22.0183	22.3434	2093	86.7483
22.1925	22.7439	2777.73	198.103
22.5234	22.8368	1231.64	66.6043
22.5582	23.2432	624.054	64.4866
22.6627	23.9398	2771.32	179.701
23.3012	24.4971	1862.5	61.0466
23.3477	23.5044	1233.77	48.7766
23.4057	23.545	2372.5	23.6261
23.5218	23.8353	1232.35	30.7394
23.8643	24.0385	1237.34	20.9625
23.8759	24.1023	622.973	25.0874
24.0152	24.2707	2379.36	18.6017
24.1255	24.4971	2780.95	19.2193
24.4854	24.7641	621.895	22.1327
24.4912	24.6015	932.866	27.0345
24.6015	25.1298	698.86	39.2387
24.6132	25.1356	1048.32	22.9947
24.6712	24.8512	2188.2	118.244
25.0543	25.3794	929.639	28.0588
25.1704	25.4258	620.459	16.3843
25.1704	25.4258	620.459	16.3843
25.4955	26.285	1766.11	86.8127
25.5129	27.4286	1243.79	58.3203
26.1108	26.2502	619.385	25.8517
26.2211	26.4127	872.912	76.9642
26.3488	26.7029	1766.11	57.8596
26.552	26.6797	1743.81	25.3135
26.6159	27.417	1862.5	49.719
26.7029	27.1906	2800.29	15.9692
27.3937	27.6608	3661.01	613.036
27.6376	27.8756	3449.55	292.925
27.7246	27.8059	3467.53	134.162
27.7595	27.8756	3495.69	157.096
27.7827	28.578	2091.8	101.002
27.8117	27.8756	3621.05	28.1905
27.8698	28.0845	3598.12	78.3549
27.9858	28.4793	2357.47	134.998
28.0845	28.34	3560.9	53.4098
28.1658	28.4793	700.881	28.002
28.4038	28.5315	2637.02	231.123
28.5315	29.4197	2772.93	296.178
28.5431	29.2862	1394.49	88.1376
28.5663	29.8493	1847.5	101.893
28.8856	28.9727	1737.78	50.4408
29.0133	29.5242	1176.02	73.406
29.1933	29.7564	932.866	82.6068
29.2223	29.3384	590.05	41.546
29.3384	29.5242	2347.96	90.752
29.5648	30.0234	1181.46	44.1448
29.588	29.9828	1404.19	34.4063
29.6635	30.0176	2365.66	75.9519
