0.238005	0.638549	1921.51	239.368
0.952018	1.30612	1942.72	254.062
1.31193	1.58476	2293.01	525.926
1.70086	2.13624	1812.62	851.015
2.76317	2.99537	1731.76	1295.64
3.1463	3.28562	1859.28	1133.27
3.4946	3.67456	1729.76	864.967
3.85451	4.28989	1155.15	108.335
3.88934	4.1912	1886.32	766.465
4.20862	4.4234	1730.76	1187.01
4.60916	4.91102	1625.15	1810.41
4.96907	5.11419	2606.73	107.879
5.3522	5.57279	1304.12	1918.53
5.65406	5.96753	1543.72	1823.82
6.08363	6.19392	1492.86	1373.96
6.24036	6.64091	1737.78	288.421
6.42612	6.69896	2936.12	87.8657
6.42612	6.69896	2936.12	87.8657
6.78603	7.05887	1734.77	311.245
6.80345	7.05887	3467.53	247.201
7.51166	7.69161	1449.52	2038.62
8.01088	8.10376	1155.15	116.428
8.21406	8.42304	1315.47	162.612
8.6088	8.80617	1184.88	849.05
8.96871	9.63628	1539.27	1242.54
8.96871	9.63628	1539.27	1242.54
9.83365	9.99039	1957.36	105.236
10.3445	10.478	1556.25	100.424
10.687	11.0643	1942.72	98.3928
11.1688	11.3662	3937.4	95.0168
11.3836	11.5403	2315.64	90.5302
11.5577	11.6912	3123.31	94.492
12.0744	12.2601	2318.31	119.872
12.0976	12.2601	3117.9	90.3006
12.3356	12.5446	2320.99	141.255
12.4691	12.62	1537.49	1384.83
12.7884	12.9974	2354.75	246.227
12.829	12.9974	3231.58	460.79
12.8522	12.9974	1622.34	430.769
13.1657	13.4502	1866.81	2339.15
13.5082	13.8159	1632.68	1524.3
13.9436	14.1293	1793.87	1124.37
14.0365	14.2106	1768.15	2270.55
14.2106	14.4951	1927.07	2270.55
14.646	14.9537	1542.83	1760.45
14.9885	15.1394	2320.99	132.525
15.389	15.5806	1533.94	265.8
15.4122	15.9289	1553.56	801.725
15.7489	16.0508	2298.31	83.9486
15.9811	16.254	1553.56	1862.1
16.4746	16.6661	1703.98	1785.59
16.8577	17.0783	1860.35	1601.53
17.2118	17.4556	1716.82	1628.72
17.6065	17.8213	1302.61	1342.29
17.6878	17.8852	2649.23	271.857
17.8271	17.891	1300.36	182.611
17.949	18.1058	2620.32	102.041
18.3322	18.5702	1291.38	1577.06
18.576	18.9765	1533.05	2183.35
19.0694	19.4003	1155.81	99.7169
19.0926	19.4409	1458.76	295.04
19.6383	20.1607	2882.34	86.8291
19.795	20.1201	1475.71	133.352
20.0446	20.2072	1419.69	819.683
20.1433	20.3349	1552.66	2051.9
20.5032	20.6832	1732.76	1154.61
20.718	20.9734	1575.24	118.376
20.8573	21.0489	1544.61	1207.38
21.1998	21.5191	1379.27	1380.61
21.6004	21.8558	1304.12	867.372
21.9138	22.7672	1157.15	339.781
22.6627	22.802	1752.9	85.0051
23.0168	23.1793	1458.76	123.543
23.3883	23.5799	1159.16	116.794
24.4854	24.6712	1468.06	150.442
24.8512	25.0427	1555.35	95.7282
25.2053	25.3678	1959.62	122.647
25.3852	25.7858	2300.97	96.7839
25.7161	25.8961	3923.77	89.8978
25.7451	26.3024	1955.1	90.8387
25.9019	26.0818	2303.63	105.1
26.0876	26.2502	3119.7	86.8915
26.2502	26.4127	1549.97	93.817
26.5985	26.7436	2316.97	105.571
26.9468	27.179	3074.98	295.503
26.97	27.2254	1557.15	464.604
27.3357	27.5389	1592.63	885.182
27.7246	28.0439	1927.07	530.626
28.0671	28.2413	1779.42	947.817
28.4212	28.7463	3843.02	92.6425
28.7811	28.9901	2185.67	278.088
29.1178	29.5416	1911.55	362.811
