0.238005	0.516644	1366.59	41.2704
0.417959	0.690794	1449.52	170.77
0.661769	0.824308	1358.71	91.8438
0.766258	0.963628	1405.01	60.7916
0.795283	1.30032	1111.3	136.684
1.20744	1.8634	1141.22	158.746
1.31773	1.56735	1674.71	69.3132
1.33515	1.60798	2294.33	99.809
1.54413	2.17107	1677.61	306.048
1.54993	1.64862	3015.18	194.743
1.64862	2.17107	3353.29	188.896
1.78794	1.91565	2975.38	90.845
1.89823	2.50776	1983.54	233.594
2.17107	2.61224	1670.84	195.222
2.43229	2.81542	3885.43	76.1241
2.49615	2.89669	1668.91	270.691
2.70512	3.17533	3345.55	118.225
2.7922	3.09986	1681.49	237.765
2.83283	3.721	1986.98	333.979
3.08825	3.46558	1672.77	223.476
3.28562	3.88354	3347.48	195.275
3.45397	3.97642	1490.27	391.629
3.62231	3.96481	2975.38	166.373
3.75583	3.97642	1320.8	183.258
3.97061	4.1912	2633.98	98.317
3.99383	4.1854	1320.8	124.357
4.03447	4.96327	1122.26	88.4533
4.23764	4.37696	1607.41	71.9558
4.32472	5.02712	559.836	121.51
4.5337	5.16644	1681.49	70.4532
4.55692	4.66141	2941.21	37.5265
4.882	5.26512	1123.56	183.916
5.10258	5.27093	2251.01	116.991
5.30576	5.54957	746.428	97.6885
5.4741	6.80925	1680.52	87.8929
5.54957	5.82821	796.314	90.4786
5.60762	5.75274	2965.09	47.8598
5.63084	5.79918	2245.82	46.3398
5.82821	6.90213	839.775	127.062
6.75701	9.06159	1958.49	1512.15
7.33751	7.55809	2001.95	222.153
7.33751	7.55809	2001.95	222.153
8.04571	8.33016	1120.97	111.17
8.13279	8.31274	9024.88	125.462
8.22567	8.41723	5639.53	108.545
8.34757	8.63782	2240.64	99.3444
8.43465	8.7307	5639.53	84.9231
8.64363	8.93388	5603.81	75.4782
8.77134	8.93968	2141.93	191.107
8.99773	9.06159	2247.12	57.2435
9.06159	9.63048	5639.53	74.1444
9.10222	9.32281	2013.55	119.027
9.1893	9.5434	1500.64	408.793
9.37506	9.5376	3011.69	306.723
9.49696	9.61306	1675.67	91.9652
9.49696	9.63048	3396.17	66.0637
9.54921	9.75819	1364.22	569.124
9.64209	9.79302	2854.18	76.0775
9.74077	10.658	2289.04	166.086
9.7756	10.7624	1155.15	161.474
9.81043	9.95555	1374.5	99.7457
10.3039	10.5419	2999.54	45.1938
10.6173	11.1688	2222.59	614.92
10.7741	10.9598	2004.27	374.9
10.9076	11.1514	1493.72	251.006
11.0643	11.5403	1325.38	211.112
11.221	11.372	1489.41	145.449
11.3023	11.4242	5568.32	62.4432
11.3546	11.5751	2630.93	85.3704
11.5171	11.6274	1511.95	100.154
11.5635	11.7783	3359.1	168.335
11.6274	12.2485	3753.08	62.9675
11.7203	11.9118	5307.66	67.7833
11.7841	12.2137	2963.38	54.5305
11.7957	12.3066	744.276	60.4177
11.8015	12.5678	1488.55	72.3565
11.8944	12.0744	5326.08	57.3066
11.9989	12.3878	3351.35	47.1721
12.0976	12.4633	5301.53	73.2742
12.1673	12.4285	1123.56	113.346
12.4285	12.5736	1128.76	145.398
12.4285	12.6084	2244.52	183.648
12.5214	12.742	2692.43	479.674
12.5388	12.742	1343.11	345.289
12.8348	13.8333	1558.95	554.95
12.9103	13.8101	3128.73	331.67
13.6475	13.9494	1507.59	353.538
13.723	13.9029	5332.24	102.902
13.9494	14.1293	1343.11	353.538
14.1119	14.3615	1333.83	120.379
14.1293	14.7737	1100.44	284.544
14.2919	14.4138	2667.66	189.577
14.3906	14.5821	2227.73	219.596
14.5821	15.2497	2538.38	220.153
14.7737	14.8782	1083.41	75.7773
14.7737	15.3019	1333.83	329.261
14.9885	15.18	2260.13	113.766
15.0697	15.2207	1124.21	195.126
15.2149	16.2482	1115.15	263.448
15.2671	16.2482	2230.31	249.401
15.3542	15.6793	2814.88	91.0981
15.7083	15.8883	2837.74	61.7369
16.1437	17.0725	1670.84	347.899
16.3294	16.4397	2936.12	107.297
16.4281	18.1986	1984.68	419.632
16.9564	17.5253	2806.77	188.457
17.0725	17.5253	1664.1	305.255
17.6414	18.0187	1682.46	211.601
17.8329	18.0071	2837.74	117.046
18.0245	18.5063	1476.56	196.334
18.2915	18.5295	1320.03	290.576
18.5876	18.7327	1317.75	169.783
18.6688	18.9068	1131.37	115.07
18.9068	19.557	2792.21	116.548
18.9649	19.6441	1676.64	85.9567
19.0055	19.499	2253.62	69.0888
19.0113	19.5164	1124.21	64.2591
19.4873	20.0911	2225.16	398.566
19.5222	20.1027	4452.89	386.215
19.7834	20.3987	3990.06	213.041
19.8182	20.4568	1993.88	285.4
20.1085	20.2768	1671.81	165.162
20.1607	20.4103	5967.98	96.2714
20.3291	20.6135	1638.35	157.109
20.3755	21.374	1989.27	422.79
21.0721	21.3101	2787.38	114.267
21.2056	22.0183	1985.83	1630.92
21.8384	22.2795	3407.96	276.34
21.85	22.0764	1703	522.56
22.0183	22.2854	1696.12	166.836
22.0764	23.3128	2261.44	740.229
22.3608	22.5176	2061.81	124.197
23.2432	23.4986	2171.83	187.308
23.3186	23.6437	3291.87	442.138
23.4812	23.7598	1516.32	341.836
23.6437	23.7598	3027.39	442.138
23.7134	24.0559	3320.52	117.43
23.7598	24.259	1360.29	352.659
23.7598	24.259	2690.88	187.203
23.7714	23.8991	3690.74	61.8155
23.8585	24.0327	6796.27	148.928
24.0443	25.1588	2254.92	198.338
24.0675	25.124	1118.38	279.278
24.259	24.5667	5307.66	99.5244
24.2997	26.0934	2650.76	220.242
24.4738	25.2807	5310.72	106.569
24.944	25.1124	2185.67	88.4501
25.0079	25.2343	3320.52	95.0343
25.2401	25.6058	1874.37	207.421
25.2691	25.6	3720.7	173.727
25.4317	26.8016	3339.75	93.3193
25.5245	26.7958	1490.27	128.018
25.5942	26.6391	5277.09	89.4186
25.7161	26.2502	1325.38	132.389
26.1399	27.0222	2975.38	108.057
26.5056	26.8829	5264.91	65.6063
26.6217	26.8597	1096.63	134.339
26.8887	27.028	5332.24	158.204
26.9061	27.2254	2814.88	430.493
26.9351	27.1557	1362.64	387.599
27.2138	27.3647	2728.44	243.007
27.2486	27.5447	1551.76	300.785
27.3647	27.6201	5434.86	79.9964
27.4518	28.189	1560.75	524.836
27.7769	28.16	3145.03	252.031
28.0671	28.4561	2659.97	101.006
28.1948	28.398	1514.57	340.94
28.398	28.5605	1359.5	340.94
28.5605	29.2049	1103.62	216.508
28.6186	28.8566	1338.46	109.387
28.8044	29.4603	3328.2	48.7938
29.1352	29.6287	2627.9	68.4065
29.1643	29.3965	1325.38	104.799
29.4139	29.8144	1101.07	43.1196
