0.0638549	0.313469	2207.24	27.0606
0.284444	0.754649	3542.44	33.5683
0.313469	0.661769	587.669	31.0417
0.342494	0.563084	1452.03	26.5818
0.603719	2.65868	1316.23	202.312
0.679184	0.992653	662.691	87.2885
0.806893	1.40481	3303.3	96.8816
0.911383	1.1668	1772.24	113.715
1.02168	1.90404	662.309	230.553
1.2829	1.52671	437.971	103.733
1.6254	1.8576	439.492	120.807
1.68345	1.79955	3455.53	135.812
1.8576	2.33361	1721.79	222.162
1.98531	2.20009	438.985	97.9924
1.98531	2.20009	438.985	97.9924
2.2059	2.63546	660.017	159.781
2.36844	2.54258	2975.38	75.6138
2.45551	2.89088	3332.05	147.841
2.62385	2.83283	662.309	109.984
2.65288	3.1405	3985.45	254.484
2.9141	3.55846	1975.53	469.328
3.20435	3.4888	2299.64	192.574
3.21016	3.48299	2632.46	196.602
3.35528	3.4888	655.837	79.2304
3.46558	4.13896	2939.51	197.69
3.52943	4.15057	2222.59	255.077
3.58168	4.06349	741.272	301.001
3.69778	4.09832	1765.09	167.941
3.8371	4.16798	1111.3	137.53
3.97061	4.21442	1543.72	233.048
4.06349	4.882	1096	379.502
4.1912	4.89941	2216.18	298.064
4.43501	4.5395	3154.13	156.637
4.52789	4.80073	1479.98	282.039
4.61497	4.76009	1768.15	195.872
4.62658	4.76009	3542.44	139.902
4.76009	5.02712	1663.14	182.24
4.76009	5.2361	3316.68	150.863
4.81814	5.12	740.416	115.394
4.96327	5.21868	2005.43	273.955
4.9981	5.25351	1002.71	339.884
5.10258	5.4741	2204.69	263.764
5.25351	5.54376	1495.45	155.068
5.31737	5.43927	1762.03	176.272
5.59601	6.12426	741.272	155.448
5.95011	6.19392	1559.85	144.575
6.12426	6.79764	1313.95	232.963
6.27519	6.7454	657.734	210.499
6.46095	6.75701	1980.1	199.87
6.77442	7.15755	1997.33	289.831
6.83828	7.17497	663.841	125.416
6.93696	7.23882	996.362	177.719
7.0937	7.32009	4038.75	247.853
7.15175	8.10957	3973.96	229.506
7.28526	7.86576	1646.89	275.935
7.48263	8.11537	1974.39	258.204
7.58132	7.87156	826.303	191.247
7.83093	8.07474	661.544	146.65
7.86576	8.13859	3511.88	193.815
7.87737	8.80617	1752.9	310.277
8.1444	8.76553	1320.8	275.485
8.18503	8.7249	1970.97	198.946
8.37079	8.82939	3522.03	196.503
8.57977	8.77714	875.943	230.139
8.73651	8.88163	3216.69	341.443
8.80617	9.39247	2353.39	409.281
8.88744	9.36345	3530.18	274.752
8.97451	9.40408	1767.13	308.924
9.10803	9.21832	902.131	86.7915
9.24735	9.79302	891.254	257.242
9.43311	10.6638	3536.3	260.797
9.75819	10.4316	1768.15	134.636
9.82204	9.92653	912.086	52.2368
9.86848	10.7624	2362.93	131.403
9.8917	9.99619	588.688	45.0286
10.1529	10.7915	588.008	93.9104
10.3155	10.4316	857.916	58.8253
10.7973	11.9583	3536.3	127.554
10.8031	11.221	1976.67	115.305
10.8205	12.0047	585.974	84.7849
11.2152	11.9815	2364.29	144.612
11.43	11.6332	5811.49	51.1799
11.5868	11.7725	6560.97	41.5471
11.8596	12.5388	1770.2	213.86
12.1034	12.6491	3341.68	89.8447
12.1266	12.3762	587.669	63.683
12.3762	12.6665	571.599	68.6501
12.4227	12.6723	3467.53	50.2483
12.562	12.6781	884.587	50.3127
12.6897	12.98	568.307	80.2505
12.7013	12.9741	2408.4	76.4353
12.7361	12.9683	3503.77	56.6655
13.1077	13.3631	564.055	64.0314
13.2063	13.5082	1973.25	391.011
13.3283	13.5082	2099.06	184.993
13.4444	13.9668	590.732	65.396
13.7114	13.8391	948.077	27.9362
13.8507	13.9726	875.943	60.7172
14.1526	14.6808	5472.66	142.987
14.4428	14.6982	735.302	93.7078
14.7273	15.0349	740.416	45.788
14.7969	14.9537	1120.97	32.5408
14.9537	15.1394	953.569	142.824
15.1394	15.6154	869.39	129.425
15.6154	15.8534	758.161	75.5356
15.7373	15.8476	490.189	26.9956
16.1146	16.2424	559.836	23.0161
16.1321	16.2714	870.898	35.005
16.2191	16.6487	788.077	126.341
16.6429	17.026	681.716	56.0958
16.6835	16.9332	988.908	31.9043
16.7184	16.9099	2306.29	40.9244
16.9332	17.2582	728.117	132.295
17.2582	18.2451	653.945	123.216
17.2873	17.5485	2071.36	76.5034
17.4208	17.5833	676.616	31.4578
17.5253	17.9897	1313.95	52.7461
17.9432	18.1058	982.077	25.3374
18.2219	18.634	2902.39	68.6041
18.2451	18.634	728.538	123.216
18.4018	18.5005	491.039	30.0428
18.6166	18.9068	1133.34	58.2679
18.6224	19.3016	1638.35	67.2143
18.663	18.8256	831.569	40.5685
18.7095	18.8198	558.544	24.4779
18.8546	19.9517	542.33	139.02
18.8778	19.0229	654.323	28.5081
18.8952	18.9997	1002.13	23.8602
19.0288	19.1797	657.354	32.1058
19.0926	19.29	1096.63	46.7654
19.2668	19.5106	738.281	38.4221
19.29	19.6615	1080.28	42.007
19.5106	19.8008	736.152	35.8263
19.5802	19.9401	1080.91	55.1197
19.9576	20.2594	1086.54	87.486
19.9576	20.2594	541.704	102.297
20.2536	20.48	1104.89	96.14
20.2594	20.48	552.447	110.934
20.5787	20.9154	546.102	82.3645
20.5845	20.8747	1101.71	65.1559
20.6251	20.7993	736.152	41.138
20.9502	21.1011	498.757	48.9772
21.2114	21.6062	2222.59	93.9655
21.3566	21.4901	555.006	22.2071
21.3798	21.5946	881.017	20.6476
21.4494	21.7803	738.281	37.481
21.4727	21.7861	373.43	38.075
21.612	21.821	4434.92	25.2776
21.6468	21.7571	1110.65	35.6768
21.7571	22.4131	983.213	35.6768
21.8558	22.2157	657.734	41.0926
22.0125	22.2157	2659.97	21.2932
22.1344	22.4595	647.93	31.4157
22.3376	22.4305	4429.8	23.8856
22.5466	23.1271	656.216	45.5435
22.5698	23.0864	985.487	31.6348
22.6453	22.8252	2327.71	20.7136
22.6859	23.069	2655.36	23.9842
23.1329	23.4463	2653.83	38.4994
23.1793	23.4347	654.701	45.8392
23.2025	23.4754	992.915	28.8126
23.8817	24.021	2112.44	33.2615
23.9049	24.0675	839.775	51.6241
23.9224	24.0733	558.221	38.131
24.1313	24.4332	1652.61	47.4687
24.172	24.5667	551.491	56.5228
24.23	24.3635	649.804	35.58
24.2881	24.6538	1103.62	74.1501
24.4448	24.6015	3328.2	146.963
24.7409	25.0485	736.577	36.0402
24.7931	24.9556	1111.94	21.4814
24.9789	25.1646	1373.71	236.584
24.9789	25.7858	1006.19	175.313
25.1878	25.7625	1986.98	88.9918
25.2227	25.4723	740.416	35.5352
25.3852	25.7509	2958.25	87.4024
25.7683	26.0354	737.429	41.7055
25.8148	26.0238	1108.73	26.4354
26.4824	26.7262	838.321	32.6734
26.5346	26.6797	559.836	28.688
26.6681	27.1499	1656.43	105.027
26.6855	27.7885	829.65	177.78
26.7726	26.9758	745.997	43.0064
26.8132	26.9584	1106.17	20.9087
27.7362	27.951	2031.07	210.601
27.8988	28.1136	730.223	86.5044
27.9858	28.9901	1671.81	82.4658
28.1136	28.7579	829.171	83.9645
28.5838	29.0424	2640.07	32.9468
28.7869	29.0133	866.883	23.2531
28.9901	29.3326	1665.06	43.3575
29.0946	29.292	813.986	32.9092
29.2978	29.7854	739.989	24.7812
