0.226395	0.452789	1760	32.1102
0.261224	0.841723	2965.09	59.5301
0.313469	0.551474	5021.35	28.0421
0.406349	0.743039	3695	28.4418
0.470204	0.760454	1477.42	54.6606
0.551474	0.806893	2494.77	33.5717
0.766258	0.963628	1474.01	100.637
0.806893	0.963628	4114.1	470.904
0.888163	1.32354	5198.43	184.527
0.963628	1.20163	4445.18	447.909
1.07392	1.24807	3729.31	80.5188
1.34095	1.56154	3718.56	133.752
1.35837	1.58476	2942.91	83.423
1.61379	1.81696	3746.58	117.515
1.63701	1.80535	1478.27	57.8565
1.64281	1.88082	2944.61	62.2047
1.89243	2.11882	2939.51	69.741
1.94467	2.11882	2199.6	33.615
2.02594	2.37424	2617.29	43.6496
2.11302	2.38005	734.877	78.9112
2.15946	2.38585	2941.21	92.8723
2.21751	2.38005	2200.87	33.8815
2.37424	2.66449	2202.14	89.635
2.42068	2.66449	2942.91	100.898
2.68771	2.89088	2614.27	67.7447
2.69932	2.93732	2942.91	95.463
2.74576	2.98376	2217.46	34.6979
2.99537	3.1463	2924.27	100.576
3.00118	3.17533	2615.78	44.7409
3.15211	3.48299	2936.12	88.9705
3.22757	3.40172	742.987	61.3196
3.30884	3.46558	2615.78	26.1695
3.50041	3.721	2114.88	76.0494
3.53524	3.73841	2948.01	67.5106
3.76163	4.01705	2953.12	105.749
3.79646	3.98222	2611.25	44.9536
4.05188	4.1854	4099.86	650.39
4.1854	4.42921	4460.61	564.945
4.32472	4.48145	5225.52	120.745
4.36535	4.56853	2937.81	74.3231
4.59175	4.82975	2937.81	92.7911
4.85878	5.06195	742.129	107.015
4.89941	5.10839	2944.61	60.1172
4.92844	5.09678	2611.25	36.1585
5.06776	5.26512	741.272	35.8619
5.12	5.3522	2944.61	113.84
5.40444	5.64825	2939.51	121.131
5.44508	5.60762	2225.16	56.361
5.48571	5.64825	2627.9	24.9197
5.65406	5.85723	2240.64	98.4104
5.7063	5.9385	2936.12	89.2628
5.76435	5.92109	2629.42	30.9032
5.92109	6.10104	2221.31	87.2336
5.95011	6.14748	2941.21	81.5011
5.99075	6.17651	2614.27	38.4928
6.03138	6.2868	5210.45	25.0012
6.22295	6.43773	2944.61	119.273
6.26939	6.42032	736.577	40.3272
6.29841	6.46676	2621.83	24.9496
6.50739	6.68154	2948.01	128.229
6.54803	6.75701	2253.62	58.5622
6.7454	7.2156	1746.83	71.3965
6.83828	6.99501	1526.87	32.7508
6.99501	7.19238	1310.92	118.685
7.05306	7.28526	2644.65	138.197
7.28526	7.65097	2968.52	378.21
7.61034	7.71483	1059.27	61.3612
7.65678	7.99347	2892.35	46.4544
7.84254	8.34757	1749.86	440.138
8.20245	8.35918	1615.79	48.6437
8.27791	8.46948	1957.36	43.1875
8.56816	8.78295	1917.08	147.195
8.59138	8.74812	943.706	180.858
8.66685	9.3054	1644.99	46.9521
8.75392	8.85841	973.605	29.2547
8.82358	9.06159	871.905	109.869
8.99193	9.3054	721.419	59.312
9.15447	9.27637	4083.32	292.614
9.27637	9.4215	4432.36	223.226
9.40989	9.56662	4114.1	203.817
9.51438	9.72336	3650.45	52.7895
9.55501	9.86268	2912.47	63.1553
9.59565	9.85687	713.545	28.3391
9.71755	9.97297	1644.99	69.8085
9.78721	10.0078	1469.75	66.5767
9.83946	10.0136	1927.07	36.7821
10.0252	10.3097	2910.79	35.0241
10.1587	10.3851	2214.9	83.4119
10.2864	10.5128	2596.21	152.018
10.3677	10.5883	1489.41	66.5922
10.42	10.6231	2203.42	75.8944
10.5186	10.9714	2956.54	164.574
10.6289	11.1224	1950.59	82.2923
10.6522	11.0411	2470.4	56.4879
10.6754	11.0179	1483.4	63.9436
10.9714	11.2036	1917.08	1034.93
11.0527	11.221	4229.76	323.356
11.3662	11.5345	1651.65	117.869
11.3952	11.5461	2605.23	154.531
11.4765	11.6274	1851.77	344.645
11.5926	11.9409	4361.25	178.61
11.6622	11.8712	2491.89	61.2783
11.6738	11.9467	5132.79	81.5578
11.819	12.2892	1761.02	642.649
12.2253	12.353	4095.13	235.768
12.353	12.4807	4455.46	235.768
12.4923	12.7826	4411.93	185.448
12.5446	13.009	1041.68	117.63
12.5852	12.8639	3573.26	67.4432
12.6317	12.8464	1740.79	72.2841
12.7013	12.8813	2954.83	36.5594
12.7536	12.9335	2232.88	57.4256
12.9335	13.3689	2741.08	85.5454
12.9683	13.4211	1908.24	68.2436
13.0496	13.3283	958.539	112.098
13.1193	13.2354	1480.83	44.6014
13.1831	13.4327	1308.65	81.0114
13.3515	13.4792	897.972	67.0407
13.4269	14.5357	1472.3	104.646
13.485	13.8565	2941.21	48.5019
13.8565	14.0887	4378.92	212.531
14.0249	14.4602	2946.31	29.7036
14.1351	14.4893	4476.1	46.484
14.617	14.855	978.115	43.3957
14.7621	15.093	1020.83	38.2264
14.8201	15.2033	2927.65	67.2055
15.1104	15.4064	1094.1	68.623
15.1975	15.4006	2934.42	32.3378
15.3832	15.8244	978.68	73.29
15.4761	15.7199	1101.71	55.6177
15.4819	15.865	2931.03	58.9327
15.7315	15.9753	1100.44	65.314
15.836	16.1959	2166.81	44.7218
15.865	16.1437	885.098	24.0824
16.0334	16.1553	1036.88	42.8483
16.1379	16.521	2920.89	68.4444
16.1553	16.4571	976.985	51.6658
16.2075	16.4339	1308.65	93.8151
16.254	16.5094	3579.46	211.808
16.3236	16.4978	10744.9	114.088
16.4455	16.7126	4429.8	61.3055
16.5094	16.9041	2208.51	75.6405
16.55	16.7532	3976.25	99.149
16.6893	16.939	1335.37	84.2811
16.7242	16.9332	1757.97	93.0079
16.7648	17.0725	4452.89	108.174
16.7706	17.0725	1470.6	47.5208
17.0376	17.3627	4401.75	187.787
17.1189	17.5195	2922.58	119.641
17.1712	17.3569	2205.96	82.8889
17.2176	17.6181	1092.2	24.1636
17.444	17.6646	2747.42	41.5389
17.5717	17.9084	1465.52	64.6952
17.6123	18.338	2202.14	46.2306
17.7226	17.9839	737.003	33.9268
17.7807	18.2219	1235.91	88.8443
17.8678	18.338	1470.6	101.945
18.3786	18.6456	1483.4	54.3384
18.4018	18.6921	1237.34	52.4012
18.4483	19.0055	736.577	37.373
18.6979	19.557	1474.01	83.9917
18.7269	19.7834	2205.96	82.0685
18.7675	19.2551	1098.53	36.9673
19.1913	19.7776	2944.61	114.074
19.2784	19.6441	1097.9	43.1277
19.557	19.8705	1479.98	69.9431
19.8415	20.0156	1975.53	148.319
19.8763	20.1027	4946.5	60.3154
19.9053	20.1839	2946.31	135.675
19.9285	20.0504	1271.39	83.1754
20.033	20.3523	2221.31	217.822
20.0504	20.3523	1333.06	79.3006
20.2188	20.4278	2948.01	85.0442
20.3581	20.509	4254.26	279.03
20.4278	21.165	3309.03	226.998
20.5032	20.898	9904.44	102.631
20.6542	20.8399	1101.07	327.676
20.8283	20.9734	4041.08	299.063
20.8457	20.9676	2027.56	613.571
21.0315	21.2405	2117.32	898.32
21.2405	21.6004	2019.37	1002.89
21.6642	21.7687	2053.49	320.406
21.8035	22.1751	1835.8	375.051
21.9371	22.3028	3652.56	589.772
22.0822	22.3028	2176.85	764.637
22.3086	22.5814	1873.29	490.235
22.384	22.5698	3831.94	193.892
22.564	23.1851	2204.69	47.3666
22.593	22.8368	1097.9	26.6472
22.7846	22.9878	1873.29	106.887
22.9355	23.1561	1394.49	67.0486
23.0052	23.2606	1119.67	34.8627
23.098	23.4057	3951.07	49.028
23.1445	23.4522	2934.42	79.7348
23.2025	23.5044	1332.29	51.7118
23.2432	23.4289	1190.37	59.364
23.3651	23.6321	2606.73	272.946
23.6379	24.5145	2932.73	447.36
24.0617	24.2126	3616.87	361.073
24.0675	24.201	1801.14	418.036
24.2532	24.468	2005.43	390.289
24.468	24.6828	1972.11	627.729
24.7293	24.9382	1690.26	307.93
24.7699	25.0079	2948.01	56.0462
24.8512	25.0369	1622.34	392.445
25.0369	25.2865	1509.33	337.969
25.2865	25.6929	1171.27	153.839
25.391	25.6116	2094.21	66.033
25.4375	25.8728	2641.59	144.81
25.542	25.6813	3847.47	83.8579
25.838	26.0412	2035.77	105.575
25.8728	25.9773	2481.84	26.4526
25.9715	26.1399	844.152	36.7731
26.0818	26.3314	3935.12	75.1506
26.1805	26.4011	1740.79	34.1397
26.3314	26.5056	1008.52	253.458
26.4301	26.7552	3639.92	120.956
26.5056	26.9874	862.886	182.928
26.581	26.9119	1468.91	106.237
26.6681	27.7188	2954.83	79.8821
26.7726	26.9874	2587.23	109.773
26.8713	27.3821	1474.01	75.3999
26.9177	27.2602	730.645	96.9283
27.3879	27.7769	1476.56	29.6834
27.742	27.951	5350.75	110.065
27.7885	27.98	3577.39	98.9862
27.8233	28.2761	2948.01	77.7934
27.8523	28.2935	2635.5	71.1384
27.9568	28.1774	1972.11	115.15
27.9917	28.3574	3967.07	136.429
28.2064	28.5199	2946.31	86.8816
28.2935	28.5083	2672.29	41.415
28.5838	28.7985	3623.14	99.4337
28.5838	28.7985	3623.14	99.4337
28.6476	29.2513	2941.21	91.6541
28.6592	28.8798	11874.1	42.2933
28.7695	29.1817	3944.22	96.0798
28.9495	29.2281	2203.42	58.9052
29.0133	29.3152	2483.27	94.2752
29.1585	29.3152	2949.71	111.02
29.3152	29.5706	2624.86	82.5215
29.3384	29.6345	2932.73	122.791
29.3732	29.5706	2204.69	75.0493
29.5532	29.8028	3962.49	73.147
29.6403	30.006	2949.71	22.2072
29.797	29.9595	4432.36	40.3063
29.8028	30.0002	1479.98	27.5106
