0.17415	0.493424	3020.41	225.275
0.17415	0.493424	3020.41	225.275
0.429569	0.708209	2278.49	518.588
0.586304	0.702404	3606.44	470.417
0.847528	1.37578	2060.62	75.7657
1.88662	2.0898	1710.88	76.2554
3.50041	4.44662	1322.32	37.9449
3.70939	4.23764	2666.12	42.8289
4.27247	4.52789	2230.31	67.1439
4.33633	4.56272	1491.13	105.021
4.58594	4.79492	1493.72	90.3251
4.70785	5.00971	2198.33	42.5818
4.83556	5.10258	1522.46	54.394
5.09678	5.17225	1345.44	106.118
5.20707	5.89787	2486.14	1471.52
5.9327	6.21714	1966.43	889.857
5.95011	6.21134	3889.92	504.962
6.30422	6.53642	1899.44	1117.94
6.78603	6.99501	1716.82	56.1529
6.97179	7.19238	1470.6	706.059
7.17497	7.4478	1452.87	1037.96
7.72644	7.90059	1769.17	107.019
7.96444	8.1502	1773.27	111.785
7.97605	8.16762	3552.68	65.3257
8.28372	8.51592	2222.59	151.303
8.31855	8.53914	1989.27	173.716
8.44626	8.75973	2633.98	64.5196
8.56236	8.75973	1990.42	114.956
8.82939	9.0732	2195.79	92.4061
9.13705	9.40408	1985.83	127.402
9.43311	9.60145	1763.05	59.5303
9.6537	9.84526	1764.07	62.9675
9.92073	10.0891	3540.39	60.202
9.92653	10.1123	1761.02	66.1712
10.1587	10.3909	1742.8	87.5768
10.1761	10.6173	3051.97	136.005
10.24	10.507	1993.88	275.819
10.7915	10.9888	3415.84	66.6467
11.5403	11.7261	3546.53	73.1815
11.5635	11.7319	1104.89	64.0148
11.877	12.2195	1984.68	308.819
12.2369	12.4227	2232.88	542.807
12.2485	12.5039	4473.51	284.526
12.7652	12.9277	1714.84	41.2646
12.9741	13.1715	3608.52	669.73
13.1425	13.5024	4251.81	447.91
13.276	13.6127	1343.88	865.571
13.7056	13.961	3955.63	359.908
14.0365	14.2454	3727.16	498.438
14.1293	14.4196	2165.56	317.674
14.3557	14.5415	3593.96	765.308
14.5647	14.6982	3163.25	417.691
14.5879	14.7563	3039.66	770.139
14.7621	14.8492	2617.29	199.356
14.8608	15.0756	3517.97	525.399
14.9769	15.0756	3608.52	229.725
15.0872	15.389	3606.44	442.988
15.2497	15.4471	2342.54	342.214
15.4645	15.8824	2220.02	435.652
15.5748	15.7373	2596.21	527.144
15.8534	16.2714	1666.02	441.734
16.1611	16.3817	1418.87	308.891
16.3062	16.55	1858.2	131.983
16.4455	16.759	2222.59	57.0143
16.6835	17.0725	1703	42.8691
17.1654	17.3221	2052.3	289.718
17.3221	17.5717	1857.13	289.718
17.444	17.7517	1923.73	234.281
17.7226	18.0013	3003.01	266.167
17.74	18.0013	3141.4	325.458
17.9258	18.5702	2155.58	78.7706
20.2246	20.3987	4470.93	535.387
20.2246	20.3987	4470.93	535.387
20.4626	20.7296	3361.04	382.569
20.4974	20.8863	3801.08	458.522
20.8922	21.0141	3128.73	119.292
20.9734	21.0895	2999.54	426.588
21.2288	21.641	3973.96	740.111
21.6468	21.821	4128.38	366.735
21.9661	22.117	3618.96	697.163
22.3956	22.7904	2818.14	561.513
22.7323	22.9471	3337.83	369.703
22.8368	23.1387	2270.6	527.135
23.278	23.5566	2186.93	66.0007
23.4463	23.8063	625.859	41.9072
24.1371	24.2474	3540.39	295.624
24.7815	25.0427	672.33	69.4673
25.0079	25.153	649.053	44.0977
25.1646	25.3214	1272.13	89.5635
25.2807	25.5013	628.031	48.0524
25.3852	25.5942	2101.48	60.2618
25.4897	25.629	651.683	61.6491
26.3488	26.5578	2186.93	143.816
27.2718	27.5098	2510.68	97.999
27.6898	27.8291	636.063	54.5176
29.4023	29.5706	2054.67	225.896
29.4951	29.6635	1290.63	66.3404
