0.493424	4.12154	6232.2	84.6163
1.63701	2.26395	2338.49	58.8936
1.87501	2.01433	2088.17	66.1169
2.26395	2.46132	3148.67	66.5775
3.92417	5.77596	467.782	116.295
3.92417	5.77596	467.782	116.295
4.11574	4.29569	2329.05	62.4012
4.25506	4.69043	3125.11	58.6702
4.58014	5.75855	2319.65	82.1474
4.67302	4.7717	1763.05	65.787
4.7717	5.13741	1771.22	46.6396
5.02132	5.72952	1242.35	161.701
5.05034	5.78177	6214.23	172.408
5.4683	5.77596	1553.56	63.9704
5.56118	5.71211	2307.63	59.5135
5.76435	6.1649	943.161	99.1857
5.78177	6.15329	3121.51	72.9119
5.79338	6.17651	470.764	76.116
6.13007	6.32163	1795.94	100.42
6.1649	7.36653	2319.65	87.982
6.47256	6.89052	1776.34	64.1193
6.66993	7.08209	1574.33	64.9357
6.75701	7.12853	1295.86	65.9535
6.98921	7.18077	2656.9	51.8471
7.11111	7.2098	632.035	49.629
7.29107	7.79029	6235.8	181.626
7.50585	7.90059	1563.46	107.553
7.83093	8.03991	1271.39	78.0068
7.83673	7.97025	3669.48	54.1551
7.87737	8.08054	3114.3	69.5794
8.0341	8.31274	630.576	90.841
8.06893	8.29533	3128.73	66.8414
8.42304	9.53179	421.102	121.661
8.47528	8.75973	2082.15	88.7365
8.56236	9.18349	853.961	90.9807
8.80036	9.16027	1247.39	53.3568
8.92807	9.06159	1689.28	49.6187
9.13125	9.31701	935.024	118.836
9.49696	9.64789	1247.39	869.931
9.61306	10.1878	2519.39	150.797
9.64789	10.3097	1247.39	240.872
9.94975	10.1878	2160.56	82.6576
9.96136	10.2922	885.609	69.3061
10.3503	10.6522	420.859	91.2659
10.4141	10.6347	1529.52	81.5957
10.6347	10.9482	3252.18	108.798
10.7566	11.0295	566.668	71.0352
11.2849	11.8944	566.341	88.8381
11.4416	11.5519	943.706	73.258
11.6332	11.8073	1653.56	97.6491
11.6912	11.906	2499.1	307.692
11.7551	11.9118	1247.39	775.937
11.9176	12.1847	1233.77	226.45
12.0802	12.4285	2512.13	143.988
12.2253	12.5736	1254.61	131.325
12.5504	12.9335	1120.97	83.4169
12.6781	12.8755	567.323	46.3459
12.7071	12.9451	1437.02	58.7938
12.9335	13.067	2121	81.0937
12.9393	14.5183	768.744	140.9
12.98	13.7346	1143.2	101.312
13.067	13.3921	4034.09	44.2948
13.1367	13.2818	1773.27	48.2454
13.2412	13.7346	3126.92	66.0043
13.5256	13.9029	1807.39	118.786
13.6359	13.8391	4650.04	50.8021
13.8681	15.2265	1557.15	121.599
13.9784	17.4092	6228.6	261.541
14.5183	15.2439	2329.05	34.4194
15.9579	16.9854	2315.64	63.275
17.4556	18.5469	1583.45	398.531
17.5775	18.1638	2380.74	292.278
17.6356	18.0941	1796.98	311.457
17.7575	18.4657	4745	289.466
18.0013	18.1638	1886.32	557.505
18.2509	18.4541	2337.14	453.169
18.3786	19.4119	1591.71	592.53
18.4076	18.7095	3411.9	275.547
18.9649	19.29	2371.13	101.832
19.2726	19.6731	1763.05	180.646
19.3364	19.7602	2391.76	88.8095
19.4235	19.6034	3177.9	44.183
19.6963	20.7064	2368.39	344.652
19.7137	20.9502	1880.88	296.121
19.8879	20.0969	939.355	179.276
20.0969	20.7296	943.161	196.264
20.3697	20.6716	2647.7	168.156
20.4974	20.8631	471.036	85.1969
20.8341	21.0257	2216.18	116.257
20.8573	21.0141	3534.26	92.506
20.9154	21.1476	471.853	121.915
20.927	21.5539	2377.99	156.402
21.1127	21.3449	1574.33	323.592
21.3566	21.612	3231.58	147.345
21.4901	21.7861	1906.04	742.055
21.8674	22.1693	1925.96	629.917
21.9487	23.7772	3170.57	218.815
22.2621	22.4769	1232.35	270.243
22.2737	22.6511	3663.13	423.992
22.2795	22.4769	631.305	227.831
22.3318	22.6453	1828.39	815.554
22.6627	24.1488	1245.95	167.917
22.8659	23.3941	2110	199.974
22.8717	23.4696	1847.5	192.09
22.8833	23.098	2764.93	171.243
23.1097	23.2664	3526.1	122.693
23.2664	23.4405	3712.12	85.5805
23.4057	23.5624	6433.37	112.928
23.5973	24.1023	1842.17	187.217
23.8179	24.1662	3546.53	76.049
24.1197	24.9556	2373.87	510.948
24.1604	24.8047	3569.14	294.561
24.2823	24.8744	1180.78	264.216
24.7002	24.9266	1763.05	244.661
24.7989	25.2285	3552.68	288.006
24.8163	25.3214	1561.65	397.787
24.8512	25.0485	3150.49	249.823
24.9266	25.3562	1180.1	242.804
25.2401	25.7161	1779.42	263.871
25.3388	25.9773	1180.1	202.012
25.571	26.0063	3009.96	302.618
25.8438	26.0063	1097.26	245.989
25.9947	26.1515	1767.13	381.744
26.0644	26.2676	1530.4	265.782
26.1863	26.2908	3598.12	158.114
26.2327	27.2312	1566.17	736.506
26.5114	26.7726	2356.11	307.252
26.5752	26.8423	771.859	125.742
26.8423	27.1383	2369.76	155.478
27.0396	27.3995	783.991	156.82
27.0919	27.6724	3053.74	202.443
27.2254	27.7827	1538.38	339.097
27.5215	27.8988	1857.13	95.0397
27.6143	27.9046	3509.85	66.1561
27.684	28.4328	2358.84	75.6435
27.7827	28.2645	1581.63	156.423
27.8349	28.3283	3148.67	98.6478
28.2122	28.6766	1764.07	116.698
28.4502	29.0249	1578.89	65.0522
28.6999	29.292	3714.26	70.6782
28.7347	29.8318	1876.54	73.6495
