0.638549	0.772063	980.944	36.0687
0.963628	1.13197	1055.61	66.1299
1.27129	1.48608	1003.29	275.389
1.31193	1.48608	2011.23	151.721
1.48608	1.68925	979.811	275.389
1.48608	1.69506	1968.7	151.721
1.68925	2.52517	1007.94	274.377
1.69506	2.64127	2031.07	172.259
2.52517	2.66449	1063.57	274.377
2.64127	2.83864	2393.15	193.173
2.66449	2.83864	1198.65	266.342
2.83864	3.31465	931.789	420.731
2.83864	3.31465	1863.58	277.595
3.31465	3.51202	1877.62	237.596
3.31465	3.97642	889.711	331.734
3.98803	4.12735	1747.84	57.6396
4.01125	4.15637	1567.98	71.6223
4.12735	4.42921	1564.36	45.8361
4.23184	4.58594	2345.25	27.1492
4.33052	5.08517	3137.78	49.2693
4.37116	4.94585	3522.03	51.6269
4.52209	5.02132	1764.07	57.7199
4.52789	5.10839	1571.61	45.653
4.97487	6.38549	4693.21	109.301
5.10258	5.77596	2347.96	113.34
5.26512	5.43347	12602	30.7228
5.45088	6.07202	1760	190.967
5.83401	6.26358	1567.08	94.4725
6.06041	6.39129	1175.34	26.9913
6.06621	6.46676	787.167	26.9738
6.11265	6.38549	6239.41	56.5445
6.25778	6.37968	1573.43	66.4462
6.37968	6.76281	1482.54	70.9401
6.38549	6.47837	4445.18	34.8524
6.4029	6.61188	1757.97	146.87
6.4029	6.61188	1757.97	146.87
6.57705	6.79764	1981.25	115.955
7.01823	7.17497	775.434	114.603
7.08789	7.27365	1807.39	109.266
7.24463	7.41878	1502.37	103.651
7.29107	7.50005	2854.18	113.709
7.3259	7.48263	1912.65	191.885
7.34331	7.48263	962.979	197.941
7.67419	7.85995	1017.3	258.448
7.97605	8.08054	1141.88	290.557
8.08054	8.30113	1296.61	373.258
8.30113	8.74231	1163.85	453.571
8.88163	9.13705	1053.78	220.956
9.11383	9.39247	1824.17	206.587
9.14866	9.31701	1036.28	67.2419
9.29959	9.72336	979.245	176.903
9.39247	9.57243	1959.62	206.587
9.57243	10.24	1586.2	134.248
9.75819	10.2458	794.935	74.7316
10.1936	10.3735	2776.13	88.4103
10.2342	10.4722	890.739	112.937
10.2342	10.4722	890.739	112.937
10.2748	10.5477	1684.41	77.8247
10.8669	11.1049	961.867	220.237
10.896	11.1166	1918.19	179.867
11.1049	11.4532	752.054	203.287
11.1166	11.5868	1501.5	179.867
11.5113	11.8364	1819.96	221.413
12.0279	12.4343	3034.39	107.833
12.1498	12.4285	1772.24	106.147
12.3414	12.6665	1194.5	65.3393
12.6723	12.8639	1873.29	91.3749
13.3863	13.6998	592.098	31.4381
13.5605	13.7288	2090.59	28.3163
14.0539	14.3964	1580.71	45.3108
14.0655	14.3964	1765.09	68.4127
14.6692	15.3252	1770.2	79.4258
14.8898	15.3368	1567.08	28.7944
15.2787	16.2888	2346.61	191.99
15.331	15.598	590.05	43.5581
15.6212	16.2307	1760	176.225
15.6444	16.0798	589.709	38.5086
15.9405	16.2656	1566.17	34.3138
16.312	16.7126	394.95	30.0568
16.6313	16.8287	1781.48	99.4985
17.206	17.5601	1865.73	140.517
17.2408	17.3511	784.444	113.828
17.5485	17.682	973.605	218.072
17.5949	17.9026	1924.84	73.9158
17.8503	18.158	2103.91	234.885
17.8619	18.0593	1052.56	207.235
18.187	18.4831	1173.98	406.946
18.3089	18.6108	2404.23	208.62
18.5411	19.2145	1140.56	418.335
18.605	19.0171	2341.19	269.069
19.139	19.4119	1032.09	288.608
19.3306	19.7602	1881.97	153.575
19.4932	19.7486	992.915	182.703
19.8124	20.0853	877.969	294.4
19.9053	20.4394	1761.02	172.152
20.0853	20.3	591.073	31.8922
20.3175	20.4336	762.112	84.6845
20.4161	20.6367	895.899	259.078
20.5322	20.7702	1596.31	67.1884
20.7412	21.0373	395.178	48.3447
20.956	21.2985	2621.83	100.811
21.136	21.4494	3386.38	104.865
21.1418	21.2463	855.936	87.2708
21.3566	22.1634	1832.62	279.59
21.3856	21.5888	932.866	221.74
21.6468	22.3608	788.077	296.926
22.0183	22.7498	2372.5	264.725
22.2912	22.7556	3692.87	90.0371
22.3666	22.535	3185.26	91.0903
22.4131	22.5292	810.701	76.9885
22.5582	23.0052	1594.47	89.6228
22.6801	23.0052	800.464	80.0925
22.8252	23.4173	1896.15	119.22
23.0516	23.5683	1746.83	111.383
23.1271	23.3244	2312.96	109.648
23.3012	23.6611	2772.93	156.273
23.3244	23.754	884.587	180.696
23.545	23.7772	2085.76	86.5569
23.6844	23.9224	2761.74	118.62
23.754	24.3868	922.684	205.937
23.9862	24.172	1391.28	110.082
23.9978	24.6306	1777.37	111.665
24.2358	24.6944	4195.69	149.95
24.4912	25.1066	2091.8	341.921
24.5841	24.9556	1045.9	536.063
24.6712	25.0834	2813.26	225.116
24.7699	25.0427	3546.53	154.283
24.9034	25.809	1056.83	523.87
25.1588	25.8322	3168.74	336.578
25.2053	25.8554	2801.91	207.045
25.809	26.0586	1182.15	354.602
26.0586	26.2269	2132.05	151.093
26.1108	26.4824	2338.49	159.386
26.1747	26.6275	995.212	347.307
26.6391	27.0977	1172.63	100.645
26.9003	27.1267	1565.27	133.353
27.1499	27.5969	2948.01	216.439
27.1673	28.0903	2360.2	211.295
27.4634	27.8117	3520	100.893
27.6143	27.9336	1482.54	165.287
27.7769	28.0671	1323.85	424.097
28.0671	28.5373	1504.98	424.097
28.0787	28.398	4714.95	89.7503
28.2645	28.398	2342.54	131.618
28.6012	28.8856	4717.67	151.391
28.6128	28.7869	2343.9	135.15
28.7173	28.9205	1571.61	368.667
