0
0.00580499
0.01161
0.017415
0.02322	330.009
0.0290249	331.729
0.0348299	332.304
0.0406349	330.199
0.0464399	329.437
0.0522449	331.537
0.0580499	332.304
0.0638549	331.346
0.0696599	330.772
0.0754649	330.772
0.0812698	331.346
0.0870748	328.487
0.0928798	328.487
0.0986848	331.154
0.10449	329.247
0.110295	331.92
0.1161	328.677
0.121905	330.39
0.12771	330.199
0.133515	328.297
0.13932	331.729
0.145125	324.339
0.15093	327.351	348.624
0.156735	335.583	368.927
0.16254	343.427	377.987
0.168345	341.252	382.6
0.17415	351.251	382.158
0.179955	351.657	364.901
0.18576	346.215	362.799
0.191565	338.308	373.43
0.19737	351.251	387.717
0.203175	358.632	381.056
0.20898	349.228	381.497
0.214785	351.251	375.376
0.22059	340.071	363.638
0.226395	337.917	363.218
0.2322	340.268	368.927
0.238005	338.308	369.567
0.24381	334.422	365.111
0.249615	327.729	370.85
0.255419	335.583	373.43
0.261224	334.422	369.994
0.267029	338.895	375.593
0.272834	350.036	381.717
0.278639	363.009	376.244
0.284444	364.269	369.141
0.290249	368.289	369.994
0.296054	369.994	370.85
0.301859	355.949	358.425
0.307664	361.544
0.313469	367.014
0.319274	381.717
0.325079	381.938
0.330884	377.115
0.336689	373.214
0.342494	377.551
0.348299	370.208
0.354104	364.479
0.359909	347.016
0.365714	368.714
0.371519	375.81
0.377324	378.643
0.383129	376.027
0.388934	382.158
0.394739	387.941
0.400544	406.288
0.406349	400.001
0.412154	403.715	437.466
0.417959	403.948	435.701
0.423764	414.346	447.433
0.429569	415.545	449.245
0.435374	412.436	443.06
0.441179	414.586	446.916
0.446984	425.995	455.78
0.452789	424.767	471.853
0.458594	423.542	464.819
0.464399	419.161	466.972
0.470204	417.711	465.626
0.476009	399.078	476.784
0.481814	410.535	497.606
0.487619	395.635	491.039
0.493424	379.738	497.606
0.499229	377.551	481.767
0.505034	386.822	497.319
0.510839	370.636	494.169
0.516644	490.472
0.522449	496.744
0.528254	499.045
0.534059	497.031
0.539864	494.74
0.545669	513.372
0.551474	526.891
0.557279	527.805
0.563084	527.195
0.568889	528.414
0.574694	527.195
0.580499	524.765
0.586304	525.675
0.592109	524.461
0.597914	523.856
0.603719	530.862
0.609524	524.765
0.615329	534.246
0.621134	546.417
0.626939	553.725
0.632744	559.189
0.638549	575.242
0.644354	554.365
0.650159	553.725
0.655964	569.293
0.661769	579.578
0.667574	577.907
0.673379	561.779
0.679184	562.104
0.684989	557.899
0.690794	543.898
0.696599	551.809	416.025
0.702404	572.26	421.589
0.708209	577.24	422.076
0.714014	595.184	417.711
0.719819	596.906	414.825
0.725624	600.017	415.785
0.731429	610.153	417.711
0.737234	592.098	419.888
0.743039	599.671	417.469
0.748844	617.599	414.107
0.754649	637.535	415.065
0.760454	627.306	415.785
0.766258	618.67	411.484
0.772063	621.535	413.868
0.777868	413.868
0.783673	411.246
0.789478	400.926
0.795283	411.722
0.801088	416.987
0.806893	416.506
0.812698	418.435
0.818503	421.833
0.824308	411.009
0.830113	415.785
0.835918	413.629
0.841723	402.783
0.847528	398.157
0.853333	389.513	452.631
0.859138	388.389	423.053
0.864943	396.092	433.441
0.870748	394.266	440
0.876553	403.249	442.038
0.882358	400.232	441.018
0.888163	405.117	442.805
0.893968	411.009	443.06
0.899773	409.114	437.971
0.905578	397.697	437.719
0.911383	394.494	435.701
0.917188	400.926	440.254
0.922993	393.129	437.971
0.928798	396.092	443.829
0.934603	392.902	442.805
0.940408	396.092	441.018
0.946213	397.009	439.492
0.952018	406.993	437.971
0.957823	407.699	439.492
0.963628	405.117	454.728
0.969433	399.77	443.06
0.975238	394.494	451.326
0.981043	395.635	462.142
0.986848	391.995	466.164
0.992653	400.001	464.551
0.998458	408.17	483.161
1.00426	406.523	484.558
1.01007	392.222	495.312	545.471
1.01587	388.165	484.838	543.584
1.02168	391.995	470.492	517.54
1.02748	388.165	454.991	520.839
1.03329	394.266	464.283	525.371
1.03909	399.539	450.024	530.555
1.0449	408.878	452.109	527.5
1.0507	407.463	440.509	533.629
1.05651	421.345	435.197	534.554
1.06231	427.227	533.013
1.06812	404.415	532.705
1.07392	404.415	529.331
1.07973	404.415	532.397
1.08553	399.77	523.856
1.09134	393.811	517.839
1.09714	383.928	510.12
1.10295	384.372	504.552
1.10875	390.865	509.531
1.11456	386.152	505.719
1.12036	397.927	502.226
1.12617	501.936
1.13197	500.488
1.13778	500.199
1.14358	495.598
1.14939	492.459
1.15519	491.322
1.161	493.313
1.1668	490.472
1.17261	495.312
1.17841	493.313
1.18422	491.322
1.19002	492.175
1.19583	496.171
1.20163	493.028
1.20744	495.598
1.21324	510.12
1.21905	512.187
1.22485	515.452
1.23066	512.187
1.23646	503.097
1.24227	521.14
1.24807	534.246
1.25388	542.957
1.25968	531.783
1.26549	521.14
1.27129	524.159
1.2771	516.047
1.2829	531.169
1.28871	515.154
1.29451	518.438
1.30032	539.829
1.30612	546.733
1.31193	539.206	205.386
1.31773	514.856	204.557
1.32354	513.372	215.846
1.32934	529.943	227.758
1.33515	532.705	227.101
1.34095	532.705	218.102
1.34676	531.169	216.846
1.35256	535.791	211.038
1.35837	533.013	216.846
1.36417	533.937	222.428
1.36998	532.705	222.171
1.37578	528.109	220.636
1.38159	529.637	230.139
1.38739	536.41	235.382
1.3932	533.937	227.758
1.399	523.251	231.472
1.40481	508.062	242.699
1.41061	504.261	242.139
1.41642	481.767	248.947
1.42222	468.594	258.621
1.42803	455.254	258.621
1.43383	445.885	258.621
1.43964	446.142	269.447
1.44544	443.06	269.447
1.45125	443.573	275.268
1.45705	439.746	271.792
1.46286	442.038	269.915
1.46866	454.991	272.421
1.47447	446.658	276.383
1.48027	288.287
1.48608	288.287
1.49188	286.626
1.49769	272.106
1.50349	271.635
1.5093	263.445
1.5151	249.955
1.52091	252.13
1.52671	259.818
1.53252	263.75
1.53832	259.668
1.54413	259.369
1.54993	257.428
1.55574	249.09
1.56154	238.806
1.56735	239.22
1.57315	239.496
1.57896	239.773
1.58476	236.882
1.59057	243.401
1.59637	249.234
1.60218	249.811
1.60798	249.811
1.61379	239.635
1.61959
1.6254
1.6312
1.63701	549.265
1.64281	534.863
1.64862	534.554
1.65442	532.705
1.66023	508.943
1.66603	509.826
1.67184	503.97
1.67764	503.679
1.68345	501.646
1.68925	501.067
1.69506	489.34
1.70086	491.322
1.70667	494.74
1.71247	498.757
1.71828	503.388
1.72408	501.357
1.72989	490.755
1.73569	494.454
1.7415	503.679
1.7473	517.241
1.75311	510.12
1.75891	518.138
1.76472	524.159
1.77052	522.345
1.77633	532.397
1.78213	507.475
1.78794	503.388
1.79374	496.457
1.79955	488.493
1.80535	500.778
1.81116	493.313
1.81696	497.606
1.82277	489.905
1.82857	470.492
1.83438	471.58
1.84018	472.125
1.84599	477.336
1.85179	477.887
1.8576	472.671
1.8634	469.406
1.86921	461.875
1.87501	469.135
1.88082	472.944
1.88662	467.782
1.89243	461.875
1.89823	468.323
1.90404	469.677
1.90984	468.594
1.91565	478.44
1.92145	491.039	570.939
1.92726	480.656	532.09
1.93306	487.929	568.635
1.93887	473.491	562.754
1.94467	471.58	590.05
1.95048	472.125	550.854
1.95628	463.479	549.583
1.96209	457.098	552.766
1.96789	442.805	545.786
1.9737	437.719	549.265
1.9795	427.474	547.365
1.98531	434.444	543.898
1.99111	431.692	540.141
1.99692	435.701	532.397
2.00272	452.631	522.345
2.00853	463.479	521.441
2.01433	457.626	514.559
2.02014	451.587	506.596
2.02594	443.829	503.388
2.03175	442.038	491.039
2.03755	437.466	483.999
2.04336	432.191	467.242
2.04916	434.193	452.631
2.05497	431.942	454.203
2.06077	419.403	459.746
2.06658	419.403	450.545
2.07238	411.246	449.765
2.07819	411.96	442.805
2.08399	394.95	445.627
2.0898	389.513	459.746
2.0956	399.308	454.728
2.10141	442.038
2.10721	436.708
2.11302	426.981
2.11882	444.856
2.12463	452.893
2.13043	446.4
2.13624	445.885
2.14204	445.885
2.14785	437.466
2.15365	428.71
2.15946	427.227
2.16526	424.521
2.17107	426.241
2.17687	421.345
2.18268	436.456
2.18848	443.573
2.19429	436.204
2.20009	424.031
2.2059	424.767
2.2117	430.199
2.21751	432.691
2.22331	426.487
2.22912	428.71
2.23492	413.629
2.24073	417.711
2.24653	429.206
2.25234	443.829
2.25814	449.245
2.26395	439.238
2.26975	447.174
2.27556	447.433
2.28136	449.505
2.28717	439.238
2.29297	436.708
2.29878	439.746
2.30458	421.345
2.31039	430.199
2.31619	439.238
2.322	438.224
2.3278	443.316
2.33361	435.197
2.33941	444.599
2.34522	467.782
2.35102	464.283
2.35683	455.517
2.36263	457.362
2.36844	461.076
2.37424	438.224
2.38005	427.721
2.38585	425.749
2.39166	421.589
2.39746	423.053
2.40327	415.545
2.40907	414.825
2.41488	429.454
2.42068	422.076
2.42649	422.808
2.43229	436.708
2.4381	434.695
2.4439	439.492
2.44971	458.95
2.45551	457.362
2.46132	465.088
2.46712	451.848
2.47293	453.678
2.47873	466.703
2.48454	453.941
2.49034	472.125
2.49615	469.406
2.50195	452.37
2.50776	452.893
2.51356	457.098
2.51937	469.406
2.52517	447.95
2.53098	453.678
2.53678	451.587
2.54258	466.433
2.54839	471.58
2.55419	458.95
2.56	464.551
2.5658	464.551
2.57161	444.856
2.57741	440
2.58322	435.197
2.58902	438.224
2.59483	427.721
2.60063	424.031
2.60644	427.721
2.61224	432.441
2.61805	434.444
2.62385	428.215
2.62966	419.888
2.63546	427.227
2.64127	408.17
2.64707	422.808
2.65288	421.833
2.65868	419.888
2.66449	417.228
2.67029	418.193
2.6761	421.589
2.6819	433.942
2.68771	440.763
2.69351	446.142
2.69932	435.952
2.70512	437.213
2.71093	439.492
2.71673	437.466
2.72254	427.968
2.72834	425.012
2.73415	422.564
2.73995	429.206
2.74576	425.258
2.75156	415.545
2.75737	421.345
2.76317	409.587
2.76898	410.535
2.77478	401.854
2.78059	393.811
2.78639	400.695
2.7922	417.952
2.798	416.506
2.80381	429.454
2.80961	431.443
2.81542	439.746
2.82122	456.834
2.82703	453.941
2.83283	453.941
2.83864	452.631
2.84444	450.545
2.85025	436.204
2.85605	427.721
2.86186	431.692
2.86766	437.466
2.87347	448.986
2.87927	444.856
2.88508	456.834
2.89088	452.37
2.89669	439.238
2.90249	444.342
2.9083	448.209
2.9141	452.631
2.91991	445.885
2.92571	448.209
2.93152	451.326
2.93732	470.492
2.94313	464.819
2.94893	462.409
2.95474	456.043
2.96054	456.043
2.96635	462.944
2.97215	468.052
2.97796	476.234
2.98376	479.269
2.98957	476.784
2.99537	484.278
3.00118	468.864
3.00698	485.399
3.01279	497.031
3.01859	483.719
3.0244	462.142
3.0302	464.015
3.03601	526.586	481.489
3.04181	523.553	481.211
3.04762	529.637	474.586
3.05342	504.552	469.677
3.05923	526.282	476.784
3.06503	524.461	471.853
3.07084	506.011	461.342
3.07664	492.175	462.676
3.08245	491.039	472.944
3.08825	506.304	489.905
3.09406	524.461	487.929
3.09986	526.891	479.823
3.10567	537.341	476.509
3.11147	537.962	459.215
3.11728	535.172	447.433
3.12308	529.025	435.701
3.12889	519.937	435.952
3.13469	513.075	426.487
3.1405	504.261	422.32
3.1463	508.649	438.731
3.15211	512.187	447.174
3.15791	530.862	444.856
3.16372	534.554	446.658
3.16952	534.863	458.95
3.17533	541.391
3.18113	546.102
3.18694	556.933
3.19274	551.491
3.19855	553.086
3.20435	551.172
3.21016	543.27
3.21596	533.937
3.22177	537.962
3.22757	532.705
3.23338	531.476
3.23918	557.255
3.24499	549.265
3.25079	550.854
3.2566	548.948
3.2624	534.554
3.26821	534.863
3.27401	546.102
3.27982	555.648
3.28562	559.836
3.29143	561.131
3.29723	556.29
3.30304	558.221
3.30884	552.766
3.31465	557.255
3.32045	561.455
3.32626	542.016
3.33206	537.03
3.33787	521.14
3.34367	515.154
3.34948	535.482
3.35528	525.675
3.36109	520.538
3.36689	503.679	529.943
3.3727	501.936	500.778
3.3785	493.598	517.54
3.38431	506.304	545.786
3.39011	504.552	542.33
3.39592	503.097	545.786
3.40172	526.891	543.584
3.40753	525.068	541.078
3.41333	525.068	542.33
3.41914	521.742	543.27
3.42494	522.647	541.704
3.43075	531.783	540.453
3.43655	532.09	543.27
3.44236	540.453	542.957
3.44816	532.09	531.783
3.45397	511.595	531.169
3.45977	498.757	533.013
3.46558	498.757	539.829
3.47138	504.261	542.643
3.47719	499.622	533.937
3.48299	496.744	534.863
3.4888	499.045	544.842
3.4946	496.171	544.527
3.50041	490.472	540.453
3.50621	506.304	536.72
3.51202	499.333	534.863
3.51782	485.96	539.829
3.52363	470.492	525.978
3.52943	481.489	516.047
3.53524	475.135	509.531
3.54104	482.882	499.045
3.54685	478.163	504.552
3.55265	469.949	501.936
3.55846	457.362	506.889
3.56426	460.012	493.028
3.57007	466.972	477.336
3.57587	455.254	477.611
3.58168	467.512	469.406
3.58748	471.58	464.015
3.59329	478.716	466.972
3.59909	460.012
3.6049	447.174
3.6107	433.191
3.61651	427.227
3.62231	428.463
3.62812	423.297
3.63392	417.469
3.63973	398.157
3.64553	396.092
3.65134	405.819
3.65714	407.699
3.66295	413.629
3.66875	409.587
3.67456	407.463
3.68036	393.811
3.68617	408.878
3.69197	424.276
3.69778	424.521
3.70358	432.941
3.70939	457.098
3.71519	457.891
3.721	466.972
3.7268	462.676
3.73261	471.58
3.73841	473.218
3.74422	471.036
3.75002	461.076
3.75583	450.284
3.76163	468.864
3.76744	476.234
3.77324	475.684
3.77905
3.78485
3.79066
3.79646
3.80227
3.80807
3.81388
3.81968
3.82549
3.83129
3.8371
3.8429
3.84871
3.85451
3.86032
3.86612
3.87193
3.87773
3.88354
3.88934
3.89515
3.90095
3.90676
3.91256
3.91837
3.92417
3.92998
3.93578
3.94159
3.94739
3.9532
3.959
3.96481
3.97061
3.97642
3.98222
3.98803
3.99383
3.99964
4.00544
4.01125
4.01705
4.02286
4.02866
4.03447
4.04027
4.04608
4.05188	530.249
4.05769	519.637
4.06349	532.705
4.0693	545.156
4.0751	536.101
4.08091	537.651
4.08671	539.829
4.09252	542.016
4.09832	541.391
4.10413	542.016
4.10993	540.453
4.11574	542.957
4.12154	540.453
4.12735	540.766
4.13315	539.206
4.13896	538.895
4.14476	537.651
4.15057	526.891
4.15637	522.647
4.16218	540.453
4.16798	547.365
4.17379	538.584
4.17959	530.862
4.1854	529.943
4.1912	525.675
4.19701	518.138
4.20281	520.538
4.20862	521.441
4.21442	525.371
4.22023	519.637
4.22603	537.962
4.23184	528.109
4.23764	520.538
4.24345	537.341
4.24925	544.213
4.25506	558.544
4.26086	574.578
4.26667	570.609
4.27247	551.491
4.27828	540.453
4.28408	536.41
4.28989	532.397
4.29569	527.5
4.3015	530.249
4.3073	552.447
4.31311	539.206
4.31891	541.078
4.32472	563.404
4.33052	562.429
4.33633	543.584
4.34213	542.33
4.34794	545.156
4.35374	553.725
4.35955	559.189
4.36535	553.725
4.37116	553.086
4.37696	548.631
4.38277	544.213
4.38857	552.128
4.39438	536.72
4.40018	528.109
4.40599	525.371
4.41179	523.553
4.4176	524.159
4.4234	524.765
4.42921	523.251
4.43501	527.5
4.44082	523.856
4.44662	542.016
4.45243	537.341
4.45823	554.686
4.46404	528.414
4.46984	524.765
4.47565	517.54
4.48145	510.12
4.48726	513.668
4.49306	519.637
4.49887	540.141
4.50467	536.72
4.51048	524.765
4.51628	505.427
4.52209	499.622
4.52789	495.598
4.5337	480.933
4.5395	478.993
4.54531	498.757
4.55111	495.312
4.55692	498.469
4.56272	478.163
4.56853	479.823
4.57433	477.611
4.58014	457.626
4.58594	456.57
4.59175	445.37
4.59755	446.142
4.60336	435.197
4.60916	429.454
4.61497	425.012
4.62077	417.711
4.62658	418.435
4.63238	406.523
4.63819	392.449
4.64399	391.995
4.6498	397.927
4.6556	397.927
4.66141
4.66721
4.67302
4.67882
4.68463
4.69043
4.69624
4.70204
4.70785
4.71365
4.71946
4.72526
4.73107
4.73687
4.74268
4.74848
4.75429
4.76009
4.7659
4.7717
4.77751
4.78331
4.78912
4.79492
4.80073
4.80653
4.81234
4.81814
4.82395
4.82975
4.83556
4.84136
4.84717
4.85297
4.85878
4.86458
4.87039
4.87619
4.882
4.8878
4.89361
4.89941
4.90522
4.91102
4.91683
4.92263
4.92844
4.93424
4.94005
4.94585
4.95166
4.95746
4.96327
4.96907
4.97487
4.98068
4.98649
4.99229
4.9981
5.0039
5.00971
5.01551
5.02132
5.02712
5.03293
5.03873
5.04454
5.05034
5.05615
5.06195
5.06776
5.07356
5.07936
5.08517
5.09097
5.09678
5.10258
5.10839
5.11419
5.12
5.1258
5.13161
5.13741
5.14322
5.14902	519.637
5.15483	535.172
5.16063	525.068
5.16644	524.159
5.17225	521.14
5.17805	529.331
5.18385	529.943
5.18966	517.839
5.19546	508.649
5.20127	508.649
5.20707	498.757
5.21288	501.646
5.21868	497.893
5.22449	497.319
5.23029	497.031
5.2361	503.097
5.2419	503.97
5.24771	499.333
5.25351	496.744
5.25932	503.097
5.26512	515.452
5.27093	505.427
5.27673	501.067
5.28254	486.241	538.895
5.28834	491.89	535.482
5.29415	490.472	530.249
5.29995	491.039	522.044
5.30576	475.959	516.346
5.31156	472.944	509.237
5.31737	461.609	510.415
5.32317	472.398	510.71
5.32898	470.22	524.159
5.33478	468.594	519.337
5.34059	470.492	526.586
5.34639	455.517	521.14
5.3522	442.293	520.839
5.358	442.549	526.891
5.36381	447.174	524.159
5.36961	450.805	518.138
5.37542	445.37	511.3
5.38122	429.206	509.531
5.38703	506.011
5.39283	498.181
5.39864	496.457
5.40444	487.365
5.41025	478.44
5.41605	470.764
5.42186	468.864
5.42766	469.406
5.43347	480.101
5.43927	480.101
5.44508	488.211
5.45088	473.218
5.45669	467.782
5.46249	447.691
5.4683	448.727
5.4741	440.509
5.47991	446.916
5.48571	444.085
5.49152	439.492
5.49732	432.941
5.50313	426.981
5.50893	411.009
5.51474	411.009
5.52054	411.009
5.52635	430.199
5.53215	423.053
5.53796	424.031
5.54376
5.54957
5.55537	271.792
5.56118	272.578
5.56698	279.756
5.57279	280.403
5.57859	295.025
5.5844	304.021
5.5902	315.106
5.59601	302.444
5.60181	305.429
5.60762	305.959	488.775
5.61342	301.05	497.606
5.61923	297.592	509.826
5.62503	309.872	506.304
5.63084	304.724	516.047
5.63664	304.724	513.668
5.64245	289.957	508.062
5.64825	290.795	499.622
5.65406	300.702	501.067
5.65986	300.702	499.911
5.66567	305.253	500.778
5.67147	306.844	501.646
5.67728	304.724	503.679
5.68308	302.27	501.357
5.68889	298.798	496.744
5.69469	295.025	496.744
5.7005	296.563	493.883
5.7063	290.627	490.472
5.71211	295.195	486.803
5.71791	293.665	485.96
5.72372	291.3	484.278
5.72952	292.818	483.44
5.73533	293.156	464.015
5.74113	295.195	468.323
5.74694	296.391	460.543
5.75274	292.48	454.203
5.75855	305.253	453.941
5.76435	296.563	434.946
5.77016	300.355	421.589
5.77596	293.834	428.463
5.78177	288.12	433.692
5.78757	288.62	437.466
5.79338	281.702	439.746
5.79918	273.367	443.06
5.80499	275.268	443.06
5.81079	260.269	426.487
5.8166	263.141	425.995
5.8224	262.686	429.95
5.82821	271.165	440.254
5.83401	271.165	437.971
5.83982	272.263	440.763
5.84562	261.928	447.174
5.85143	254.618	447.95
5.85723	254.913	451.587
5.86304	255.207	468.052
5.86884	255.502	468.864
5.87465	250.389	470.22
5.88045	247.084	478.163
5.88626	252.422	474.86
5.89206	474.038
5.89787	465.895
5.90367	464.015
5.90948	478.163
5.91528	484.838
5.92109	490.189
5.92689	501.357
5.9327	503.097
5.9385	480.378
5.94431	471.308
5.95011	461.076
5.95592	470.22
5.96172	466.433
5.96753	476.509
5.97333	474.312
5.97914	482.603
5.98494	489.34
5.99075	475.959
5.99655	474.586
6.00236	468.052
6.00816	470.492
6.01397	476.784
6.01977	457.626
6.02558	456.307
6.03138	451.848
6.03719	432.691
6.04299
6.0488
6.0546
6.06041
6.06621
6.07202
6.07782
6.08363
6.08943
6.09524
6.10104
6.10685
6.11265
6.11846
6.12426
6.13007
6.13587
6.14168
6.14748
6.15329
6.15909
6.1649
6.1707
6.17651
6.18231
6.18812
6.19392
6.19973
6.20553
6.21134
6.21714
6.22295
6.22875
6.23456
6.24036
6.24617
6.25197
6.25778
6.26358
6.26939
6.27519
6.281
6.2868
6.29261
6.29841
6.30422
6.31002
6.31583
6.32163
6.32744
6.33324
6.33905
6.34485
6.35066
6.35646
6.36227	528.72
6.36807	524.159
6.37388	523.553
6.37968	545.156
6.38549	529.025
6.39129	521.742
6.3971	535.172
6.4029	533.937
6.40871	542.957
6.41451	525.371
6.42032	506.889
6.42612	527.5
6.43193	527.805
6.43773	519.037
6.44354	525.978
6.44934	519.937
6.45515	508.649
6.46095	503.388
6.46676	516.047
6.47256	519.337
6.47837	519.337
6.48417	497.893
6.48998	483.719
6.49578	493.028
6.50159	498.181
6.50739	503.679
6.5132	506.889
6.519	499.911
6.52481	504.844
6.53061	497.893
6.53642	499.333
6.54222	487.647
6.54803	482.603
6.55383	493.598
6.55964	494.169
6.56544	496.744
6.57125	505.719
6.57705	508.355
6.58286	497.893
6.58866	498.469
6.59447	483.161
6.60027	471.308
6.60608	468.052
6.61188	466.972
6.61769	465.357
6.62349	461.875
6.6293	458.42
6.6351	481.489
6.64091	465.357
6.64671	475.684
6.65252	495.598
6.65832	512.483
6.66413	510.71
6.66993	518.737
6.67574	526.586
6.68154	535.482
6.68735	514.856
6.69315	515.452
6.69896	527.805
6.70476	537.651
6.71057	557.255
6.71637	557.255
6.72218	557.255
6.72798	529.637
6.73379	522.647
6.73959	521.742
6.7454	530.862
6.7512	532.397
6.75701	540.141
6.76281	529.331
6.76862	509.531
6.77442	517.839
6.78023	533.321	280.89
6.78603	559.189	283.17
6.79184	561.131	280.727
6.79764	554.045	274.633
6.80345	556.611	280.08
6.80925	572.26	281.702
6.81506	582.599	281.865
6.82086	586.313	294.514
6.82667	576.24	289.957
6.83247	580.248	291.468
6.83828	563.73	295.366
6.84408	560.483	283.498
6.84989	559.512	281.539
6.85569	558.544	285.965
6.8615	557.577	281.865
6.8673	564.381	276.703
6.87311	553.725	277.503
6.87891	547.681	276.383
6.88472	546.102	276.064
6.89052	544.842	274.316
6.89633	537.962	270.539
6.90213	541.078	266.66
6.90794	534.863	265.431
6.91374	541.078	268.05
6.91955	531.169	265.584
6.92535	522.345	259.518
6.93116	511.595	255.06
6.93696	508.355	247.942
6.94277	486.803	235.654
6.94857	236.745
6.95438	239.773
6.96018	239.635
6.96599	236.199
6.97179	232.544
6.9776	230.139
6.9834	223.071
6.98921	220.764
6.99501	218.986
7.00082	227.233
7.00662	221.914
7.01243	219.746
7.01823	228.813
7.02404	235.654
7.02984	239.22
7.03565	234.161
7.04145	231.338
7.04726	228.681
7.05306	223.2
7.05887	237.979
7.06467	240.606	570.939
7.07048	242.139	571.269
7.07628	255.06	560.159
7.08209	252.568	552.766
7.08789	245.661	557.255
7.0937	253.006	551.172
7.0995	257.577	555.006
7.10531	264.055	546.733
7.11111	275.745	537.03
7.11692	530.555
7.12272	524.461
7.12853	509.531
7.13433	508.649
7.14014	499.045
7.14594	499.045
7.15175	508.649
7.15755	506.011
7.16336	498.181
7.16916	496.171
7.17497	477.611
7.18077	489.905
7.18658	496.457
7.19238	485.399
7.19819	496.744
7.20399	510.12
7.2098	511.3
7.2156	497.893
7.22141	493.313
7.22721	495.312
7.23302	488.775
7.23882	488.775
7.24463	501.067
7.25043	501.646
7.25624	485.399
7.26204	478.716
7.26785	480.101
7.27365	474.586
7.27946	466.164
7.28526	478.716
7.29107	489.905
7.29687	493.028
7.30268	489.057
7.30848	485.399
7.31429	477.06
7.32009	477.336
7.3259	476.509
7.3317	477.887
7.33751	477.887
7.34331	476.509	515.452
7.34912	476.784	514.262
7.35492	468.864	520.237
7.36073	467.512	516.047
7.36653	466.703	547.681
7.37234	459.215	555.648
7.37814	449.765	532.09
7.38395	452.109	507.768
7.38975	443.573	504.261
7.39556	456.043	493.598
7.40136	450.284	517.54
7.40717	442.805	527.805
7.41297	434.444	528.109
7.41878	444.342	553.086
7.42458	444.342	555.006
7.43039	435.449	553.086
7.43619	447.433	548.948
7.442	445.885	546.733
7.4478	457.098	538.273
7.45361	445.627	538.273
7.45941	438.224	522.345
7.46522	508.943
7.47102	502.226
7.47683	495.884
7.48263	498.469
7.48844	480.101
7.49424	478.163
7.50005	469.949
7.50585	481.489
7.51166	477.887
7.51746	474.312
7.52327	487.365
7.52907	499.045
7.53487
7.54068
7.54648
7.55229
7.55809
7.5639
7.56971
7.57551
7.58132
7.58712
7.59293
7.59873
7.60454
7.61034
7.61615
7.62195
7.62776
7.63356
7.63936
7.64517
7.65097
7.65678
7.66258
7.66839
7.67419
7.68
7.6858
7.69161
7.69741
7.70322
7.70902
7.71483
7.72063
7.72644
7.73224
7.73805
7.74385
7.74966
7.75546
7.76127
7.76707
7.77288
7.77868
7.78449
7.79029
7.7961
7.8019
7.80771
7.81351
7.81932
7.82512
7.83093
7.83673
7.84254
7.84834
7.85415
7.85995
7.86576
7.87156
7.87737
7.88317
7.88898
7.89478
7.90059
7.90639
7.9122
7.918
7.92381
7.92961
7.93542
7.94122
7.94703
7.95283
7.95864
7.96444
7.97025
7.97605
7.98186
7.98766
7.99347
7.99927
8.00508
8.01088
8.01669
8.02249
8.0283
8.0341
8.03991
8.04571
8.05152
8.05732
8.06313
8.06893
8.07474
8.08054
8.08635
8.09215
8.09796
8.10376
8.10957
8.11537
8.12118
8.12698
8.13279
8.13859
8.1444
8.1502
8.15601
8.16181
8.16762
8.17342
8.17923
8.18503
8.19084
8.19664
8.20245
8.20825
8.21406
8.21986
8.22567
8.23147
8.23728
8.24308
8.24889
8.25469
8.2605
8.2663
8.27211
8.27791
8.28372
8.28952
8.29533
8.30113
8.30694
8.31274
8.31855
8.32435
8.33016
8.33596
8.34177
8.34757
8.35338
8.35918
8.36499
8.37079
8.3766
8.3824
8.38821
8.39401
8.39982
8.40562
8.41143
8.41723
8.42304
8.42884
8.43465
8.44045
8.44626
8.45206
8.45787
8.46367
8.46948
8.47528
8.48109
8.48689
8.4927
8.4985
8.50431
8.51011
8.51592
8.52172
8.52753
8.53333
8.53914
8.54494
8.55075
8.55655
8.56236
8.56816
8.57397
8.57977
8.58558
8.59138
8.59719
8.60299
8.6088
8.6146
8.62041	541.704
8.62621	566.995
8.63202	538.584
8.63782	550.218
8.64363	543.27
8.64943	545.156
8.65524	549.9
8.66104	548.631
8.66685	551.172
8.67265	555.327
8.67846	557.577
8.68426	556.933
8.69007	555.648
8.69587	556.933
8.70168	555.969
8.70748	554.365
8.71329	553.086
8.71909	553.406
8.7249	548.315
8.7307	538.273
8.73651	527.805
8.74231	520.538
8.74812	515.749
8.75392	500.778
8.75973	481.211
8.76553	471.036
8.77134	480.378
8.77714	474.312
8.78295	481.767
8.78875	473.764
8.79456	481.211
8.80036	474.312
8.80617	470.764
8.81197	471.036
8.81778	469.135
8.82358	466.703
8.82939	490.755
8.83519	481.489
8.841	501.646
8.8468	486.803
8.85261	502.807
8.85841	513.075
8.86422	513.965
8.87002	515.452
8.87583	509.826
8.88163	513.668
8.88744	513.075
8.89324	527.195	397.238
8.89905	513.965	394.95
8.90485	528.414	389.513
8.91066	534.554	396.779
8.91646	515.154	395.178
8.92227	529.025	390.188
8.92807	532.09	394.266
8.93388	514.262	400.463
8.93968	514.559	402.086
8.94549	508.649	397.697
8.95129	509.826	411.722
8.9571	491.89	418.677
8.9629	496.171	424.767
8.96871	502.226	438.224
8.97451	497.606	442.549
8.98032	485.399	441.783
8.98612	487.084	449.765
8.99193	491.322	464.015
8.99773	473.764	471.58
9.00354	476.234	475.684
9.00934	466.703	486.803
9.01515	486.803
9.02095	505.135
9.02676	503.679
9.03256	500.778
9.03837	515.452
9.04417	508.943
9.04998	513.965
9.05578	505.719
9.06159	499.911
9.06739	499.333	524.765
9.0732	499.045	540.141
9.079	513.075	549.265
9.08481	521.14	552.128
9.09061	518.138	579.578
9.09642	513.075	542.016
9.10222	531.476	539.518
9.10803	537.962	547.365
9.11383	534.246	555.327
9.11964	527.5	559.836
9.12544	511.3	562.429
9.13125	493.883	562.754
9.13705	489.623	571.929
9.14286	494.454	562.754
9.14866	517.839	565.034
9.15447	511.3	560.159
9.16027	500.778	575.575
9.16608	498.469	574.91
9.17188	499.045	572.921
9.17769	477.611	563.73
9.18349	502.516	541.391
9.1893	503.97	527.805
9.1951	513.668	527.5
9.20091	501.067	508.355
9.20671	504.261	516.346
9.21252	489.34	530.555
9.21832	500.488	528.414	534.554
9.22413	503.388	560.483
9.22993	511.005	547.049
9.23574	502.226	539.829
9.24154	502.807	543.27
9.24735	493.883	538.584
9.25315	487.084	540.453
9.25896	485.96	529.943
9.26476	484.838	523.251
9.27057	471.58	518.138
9.27637	472.944	504.261
9.28218	469.135	503.97
9.28798	458.42	495.884
9.29379	445.37	495.312
9.29959	441.273	486.521
9.3054	427.721	503.388
9.3112	419.161	495.026
9.31701	403.482	503.97
9.32281	403.482	523.856
9.32862	399.078	523.553
9.33442	379.957	531.783
9.34023	543.584
9.34603	540.453
9.35184	533.937
9.35764	526.891
9.36345	526.282
9.36925	520.839
9.37506	522.044
9.38086	526.282
9.38667	521.14
9.39247	517.241
9.39828	527.195
9.40408	543.27
9.40989	536.72
9.41569	537.651
9.4215	521.14
9.4273	513.372
9.43311	503.679
9.43891	497.031
9.44472	484.558
9.45052	472.125
9.45633	472.125
9.46213	454.728
9.46794	454.728
9.47374	454.728
9.47955	449.245
9.48535	449.245
9.49116	449.245
9.49696
9.50277
9.50857
9.51438
9.52018
9.52599
9.53179
9.5376
9.5434
9.54921
9.55501
9.56082
9.56662
9.57243
9.57823
9.58404
9.58984
9.59565
9.60145
9.60726
9.61306
9.61887
9.62467
9.63048
9.63628
9.64209
9.64789
9.6537
9.6595
9.66531
9.67111
9.67692
9.68272
9.68853
9.69433
9.70014
9.70594
9.71175
9.71755
9.72336
9.72916	509.237
9.73497	532.705
9.74077	539.518
9.74658	554.686
9.75238	555.327
9.75819	559.512
9.76399	560.483
9.7698	555.006
9.7756	556.933
9.78141	555.969
9.78721	557.577
9.79302	562.429
9.79882	554.686
9.80463	559.836
9.81043	563.079
9.81624	564.707
9.82204	562.104
9.82785	572.59
9.83365	566.668
9.83946	571.269
9.84526	570.939
9.85107	574.578
9.85687	570.939
9.86268	566.014
9.86848	560.807
9.87429	550.218
9.88009	562.429
9.8859	561.779
9.8917	568.635
9.89751	572.26
9.90331	581.255
9.90912	569.951
9.91492	567.979
9.92073	572.59
9.92653	578.241
9.93234	587.33
9.93814	561.131
9.94394	553.725
9.94975	547.681
9.95555	547.998
9.96136	542.643
9.96716	529.331
9.97297	515.452
9.97878	534.554
9.98458	556.933
9.99039	552.128
9.99619	546.102
10.002	540.453
10.0078	542.643
10.0136	537.651
10.0194	539.829
10.0252	545.786
10.031	533.321
10.0368	530.249
10.0426	526.586
10.0484	533.937
10.0542	535.482
10.06	529.331
10.0659	525.675
10.0717	529.025
10.0775	538.273
10.0833	535.482
10.0891	531.476
10.0949	515.154
10.1007	521.441
10.1065	518.438
10.1123	509.237
10.1181	510.415
10.1239	522.647
10.1297	509.826
10.1355	525.978
10.1413	521.14	555.327
10.1471	524.159	527.805
10.1529	514.262	552.447
10.1587	511.005	553.725
10.1645	516.047	556.933
10.1703	536.72	557.255
10.1761	541.704	552.128
10.1819	518.438	550.854
10.1878	510.71	549.265
10.1936	500.488	546.417
10.1994	498.757	545.471
10.2052	481.211	549.9
10.211	471.853	548.948
10.2168	481.489	546.417
10.2226	473.491	545.471
10.2284	491.89	538.584
10.2342	512.187	536.101
10.24	533.629
10.2458	530.555
10.2516	521.14
10.2574	529.943
10.2632	522.044
10.269	512.483
10.2748	515.749
10.2806	508.355
10.2864	515.154
10.2922	511.595
10.298	514.559
10.3039	503.388
10.3097	499.911
10.3155	496.744
10.3213	494.454
10.3271	479.546
10.3329	464.283
10.3387	462.409
10.3445	473.218
10.3503	477.887
10.3561	482.324
10.3619	469.406
10.3677	488.211
10.3735	503.97
10.3793	508.355
10.3851	510.415
10.3909	524.461
10.3967	528.414
10.4025	515.452	437.213
10.4083	511.595	417.469
10.4141	508.649	418.919
10.42	519.937	414.107
10.4258	514.856	415.785
10.4316	516.942	425.749
10.4374	501.067	433.191
10.4432	504.844	440
10.449	513.372	429.206
10.4548	495.312	436.961
10.4606	495.026	430.945
10.4664	511.595	444.599
10.4722	495.884	456.57
10.478	485.679	437.213
10.4838	477.336	433.441
10.4896	482.603	431.692
10.4954	477.336	424.276
10.5012	470.764	416.265
10.507	470.764	395.864
10.5128	456.57
10.5186	457.098
10.5244	452.37
10.5302	458.685
10.5361	460.809
10.5419	449.765
10.5477	447.433
10.5535	452.893
10.5593	451.326
10.5651	452.631
10.5709	440.254
10.5767	434.444
10.5825	423.542
10.5883	432.191
10.5941	441.783
10.5999
10.6057
10.6115
10.6173
10.6231
10.6289
10.6347
10.6405
10.6463
10.6522
10.658
10.6638
10.6696
10.6754
10.6812
10.687
10.6928
10.6986
10.7044
10.7102
10.716
10.7218	368.076
10.7276	358.632
10.7334	350.643
10.7392	330.963
10.745	320.059
10.7508	317.298
10.7566	313.834
10.7624	312.388
10.7683	309.872
10.7741	305.605
10.7799	318.215
10.7857	303.845
10.7915	298.281
10.7973	291.805
10.8031	302.27
10.8089	301.921
10.8147	296.049
10.8205	292.987
10.8263	298.108
10.8321	306.844
10.8379	314.197
10.8437	308.443
10.8495	308.087
10.8553	304.021
10.8611	314.197
10.8669	312.568	552.447
10.8727	305.782	542.33
10.8785	299.662	546.417
10.8844	295.195	552.766
10.8902	308.978	558.221
10.896	310.768	560.159
10.9018	304.196	565.034
10.9076	303.319	565.687
10.9134	316.017	567.323
10.9192	319.136	566.341
10.925	327.729	562.104
10.9308	321.913	556.611
10.9366	326.973	554.365
10.9424	331.154	547.998
10.9482	339.679	542.957
10.954	337.137	528.72
10.9598	337.527	521.14
10.9656	345.217	522.044
10.9714	355.333	511.595
10.9772	359.877	513.668
10.983	360.085	512.483
10.9888	361.544	513.372
10.9946	361.126	505.719
11.0005	377.333	505.135
11.0063	371.065	498.181
11.0121	359.461	498.469
11.0179	348.624	497.606
11.0237	339.482	488.775
11.0295	330.199	490.189
11.0353	312.207	493.313
11.0411	312.207	494.74
11.0469	289.12	499.045
11.0527	497.319
11.0585	495.598
11.0643	493.313
11.0701	487.929
11.0759	482.603
11.0817	471.58	414.346
11.0875	456.043	414.586
11.0933	459.215	427.968
11.0991	458.42	428.71
11.1049	462.944	432.191
11.1107	452.631	411.722
11.1166	462.676	416.265
11.1224	457.362	416.506
11.1282	454.465	398.617
11.134	448.727	397.697
11.1398	448.209	400.695
11.1456	451.587	393.811
11.1514	459.746	399.078
11.1572	458.685	403.249
11.163	465.357	405.351
11.1688	468.864	404.649
11.1746	480.101	417.711
11.1804	487.084	424.767
11.1862	496.457	443.316
11.192	497.031	451.326
11.1978	507.182	436.961
11.2036	513.075	425.749
11.2094	496.457	426.734
11.2152	489.623	439.238
11.221	495.026	435.701
11.2268	491.606	444.342
11.2327	480.656	453.416
11.2385	475.959	447.433
11.2443	483.161	428.71	518.438
11.2501	487.084	425.503	536.101
11.2559	500.488	430.447	552.447
11.2617	502.516	435.952	544.842
11.2675	511.891	444.599	542.957
11.2733	504.552	442.038	538.895
11.2791	489.623	452.893	539.518
11.2849	485.679	446.142	531.783
11.2907	484.838	449.505	539.206
11.2965	491.039	443.829	528.109
11.3023	495.026	428.463	535.172
11.3081	492.459	421.589	538.584
11.3139	495.312	544.842
11.3197	491.606	549.583
11.3255	503.679	533.321
11.3313	495.884	537.341
11.3371	479.269	532.705
11.3429	487.084	540.453
11.3488	486.803	536.72
11.3546	484.838	534.246
11.3604	486.241	530.862
11.3662	496.457	532.397
11.372	489.34	539.829
11.3778	497.893	533.937
11.3836	497.319	534.863
11.3894	481.767	531.783
11.3952	486.521	525.978
11.401	495.598	532.09
11.4068	469.406	523.856
11.4126	469.406	523.856
11.4184	453.416	519.937
11.4242	539.206
11.43	544.842
11.4358	544.213
11.4416	538.273
11.4474	542.33
11.4532	535.172
11.459	529.025
11.4649	512.483
11.4707	521.14
11.4765	527.805
11.4823	535.172
11.4881	541.391
11.4939	566.014
11.4997	559.512
11.5055	555.648	498.469
11.5113	552.128	497.319
11.5171	557.255	497.319
11.5229	542.643	492.459
11.5287	543.27	491.039
11.5345	552.766	478.716
11.5403	560.483	469.406
11.5461	553.725	472.398
11.5519	545.471	474.312
11.5577	531.783	472.125
11.5635	552.447	477.611
11.5693	559.189	475.135
11.5751	543.584	478.163
11.581	540.453	481.767
11.5868	532.397	487.365
11.5926	530.862	485.399
11.5984	526.586	477.06
11.6042	528.72	479.269
11.61	521.441	482.324
11.6158	528.414	477.611
11.6216	506.011	478.44
11.6274	525.371	477.611
11.6332	541.391	481.211
11.639	530.862	486.241
11.6448	526.891	490.189
11.6506	533.013	497.319
11.6564	537.341	490.189
11.6622	543.898	488.775
11.668	540.141	473.218
11.6738	547.049	458.685
11.6796	543.27	441.018
11.6854	534.246	463.747
11.6912	533.013	464.015
11.6971	532.09	444.856
11.7029	539.518	457.362
11.7087	565.687	447.691
11.7145	573.583	439.238
11.7203	457.098	507.475
11.7261	442.038	533.321
11.7319	430.945	503.388
11.7377	437.719	497.031
11.7435	434.695	491.89
11.7493	429.95	489.905
11.7551	427.474	490.472
11.7609	427.227	480.933
11.7667	431.942	474.038
11.7725	441.528	472.398
11.7783	430.199	470.22
11.7841	427.227	464.819
11.7899	425.503	460.809
11.7957	425.258	461.875
11.8015	430.696	456.307
11.8073	429.454	460.809
11.8132	430.199	467.782
11.819	415.545	464.819
11.8248	414.825	461.875	504.552
11.8306	415.065	446.658	502.807
11.8364	409.114	461.342	533.937
11.8422	401.39	454.728	541.704
11.848	408.17	448.986	537.341
11.8538	405.351	438.731	551.491
11.8596	407.463	440.509	550.218
11.8654	420.373	421.589	550.854
11.8712	419.888	420.13	555.006
11.877	414.346	406.993	536.72
11.8828	407.699	406.054	545.156
11.8886	403.249	388.165	547.998
11.8944	419.161	377.769	550.218
11.9002	431.443	378.643	547.681
11.906	389.063	552.766
11.9118	384.15	536.41
11.9176	391.091	548.631
11.9234	547.998
11.9293	551.809
11.9351	531.476
11.9409	535.791
11.9467	535.791
11.9525	525.978
11.9583	523.553
11.9641	516.047
11.9699	510.12
11.9757	517.54
11.9815	513.965
11.9873	514.262
11.9931	503.388
11.9989	500.778
12.0047	497.031
12.0105	512.483
12.0163	515.154
12.0221	523.251
12.0279	502.226
12.0337	495.598
12.0395	494.454
12.0454	495.884
12.0512	497.319
12.057	504.844
12.0628	506.596
12.0686	502.807
12.0744	496.171
12.0802	475.959
12.086	471.036
12.0918	475.409
12.0976	476.509
12.1034	480.101
12.1092	498.181
12.115	501.357
12.1208	505.427
12.1266	501.357
12.1324	511.3
12.1382	498.469
12.144	499.622
12.1498	494.454
12.1556	508.943
12.1615	519.037
12.1673	525.978
12.1731	523.856
12.1789	502.516
12.1847	508.355
12.1905	500.488
12.1963	502.807
12.2021	512.483
12.2079	503.388
12.2137	496.744
12.2195	492.459
12.2253	491.89
12.2311	486.241
12.2369	470.764
12.2427	463.211
12.2485	462.142
12.2543	462.142
12.2601	462.409
12.2659	456.307
12.2717	436.204
12.2776	436.204
12.2834	455.517
12.2892	470.22
12.295	474.586
12.3008	459.215
12.3066	466.703
12.3124	469.406
12.3182	467.512
12.324	462.409
12.3298	459.48
12.3356	453.678
12.3414	461.076
12.3472	464.819
12.353	446.4
12.3588	440.763
12.3646	434.946
12.3704	443.829
12.3762	442.293
12.382	436.456
12.3878	449.505
12.3937	464.551
12.3995	459.746
12.4053	462.676
12.4111	464.819
12.4169	470.22
12.4227	477.336
12.4285	487.084
12.4343	502.807
12.4401	485.96	561.455
12.4459	497.031	568.635
12.4517	488.493	532.09
12.4575	475.409	537.962
12.4633	468.594	549.265
12.4691	469.949	541.391
12.4749	467.242	533.937
12.4807	481.211	536.101
12.4865	475.409	533.321
12.4923	467.512	530.555
12.4981	466.972	532.397
12.5039	455.517	534.246
12.5098	472.944	531.169
12.5156	470.492	534.554
12.5214	465.088	537.962
12.5272	475.684	535.791
12.533	486.521	537.651
12.5388	478.716	533.629
12.5446	481.489	533.629
12.5504	485.118	534.246
12.5562	477.887	537.962
12.562	471.853	533.629
12.5678	461.076	529.943
12.5736	469.135	544.213
12.5794	482.882	524.159
12.5852	471.853	522.044
12.591	472.398	515.749
12.5968	480.933	502.516
12.6026	476.784	508.062
12.6084	467.782	496.744
12.6142	468.864	504.261
12.62	450.545	496.744
12.6258	448.209	484.558
12.6317	436.204	475.409
12.6375	466.703
12.6433	458.95
12.6491	450.805
12.6549	433.942
12.6607	429.702
12.6665	418.677
12.6723	415.065
12.6781	413.868
12.6839	419.645
12.6897	432.191
12.6955	424.767
12.7013	434.193
12.7071	428.463
12.7129	422.564
12.7187	428.215
12.7245	433.692
12.7303	433.692
12.7361	430.199
12.742	427.227
12.7478	447.174
12.7536	465.088
12.7594
12.7652
12.771
12.7768
12.7826
12.7884
12.7942
12.8
12.8058
12.8116
12.8174
12.8232
12.829
12.8348
12.8406
12.8464
12.8522
12.858
12.8639
12.8697
12.8755
12.8813
12.8871
12.8929
12.8987
12.9045
12.9103
12.9161
12.9219
12.9277
12.9335
12.9393
12.9451
12.9509
12.9567
12.9625
12.9683
12.9741
12.98
12.9858
12.9916
12.9974
13.0032
13.009
13.0148
13.0206
13.0264
13.0322
13.038
13.0438
13.0496
13.0554
13.0612
13.067
13.0728
13.0786
13.0844
13.0902
13.0961
13.1019
13.1077
13.1135
13.1193
13.1251
13.1309
13.1367
13.1425
13.1483
13.1541
13.1599
13.1657
13.1715
13.1773
13.1831
13.1889
13.1947
13.2005
13.2063
13.2122
13.218
13.2238
13.2296
13.2354
13.2412
13.247
13.2528
13.2586
13.2644
13.2702
13.276
13.2818
13.2876
13.2934
13.2992
13.305
13.3108
13.3166
13.3224
13.3283
13.3341
13.3399
13.3457
13.3515
13.3573
13.3631
13.3689
13.3747
13.3805
13.3863
13.3921
13.3979
13.4037
13.4095
13.4153
13.4211
13.4269
13.4327
13.4385
13.4444
13.4502
13.456
13.4618
13.4676
13.4734
13.4792
13.485
13.4908
13.4966
13.5024
13.5082
13.514
13.5198
13.5256
13.5314
13.5372
13.543
13.5488
13.5546
13.5605
13.5663
13.5721
13.5779
13.5837
13.5895
13.5953
13.6011	531.169
13.6069	534.863
13.6127	535.482
13.6185	535.791
13.6243	536.101
13.6301	537.341
13.6359	533.321
13.6417	533.629
13.6475	535.791
13.6533	534.246
13.6591	537.962
13.6649	535.791
13.6707	535.172
13.6766	535.172
13.6824	535.482
13.6882	528.72
13.694	522.647
13.6998	512.779
13.7056	508.355
13.7114	504.552
13.7172	496.457
13.723	503.388
13.7288	521.742
13.7346	526.891
13.7404	528.414
13.7462	519.937
13.752	519.637
13.7578	518.138
13.7636	508.649
13.7694	509.826
13.7752	499.045
13.781	480.378
13.7868	478.163
13.7927	475.959
13.7985	474.86
13.8043	476.509
13.8101	466.164
13.8159	457.626
13.8217	448.209
13.8275	442.549
13.8333	446.916
13.8391	435.449
13.8449	424.767
13.8507	403.715
13.8565	396.321
13.8623	401.854
13.8681	403.948
13.8739	411.96
13.8797	417.952
13.8855	434.193
13.8913	431.942
13.8971	435.197
13.9029	419.403
13.9088	420.616	371.493
13.9146	405.585	356.36
13.9204	399.539	345.018
13.9262	393.811	338.895
13.932	393.356	355.949
13.9378	415.065	360.085
13.9436	414.586	355.333
13.9494	421.589	351.454	532.705
13.9552	437.213	353.286	501.646
13.961	448.727	357.391	501.936
13.9668	426.241	370.85	525.068
13.9726	425.995	376.679	519.337
13.9784	389.063	538.584
13.9842	393.129	540.141
13.99	390.414	543.584
13.9958	388.389	538.895
14.0016	383.707	535.172
14.0074	386.822	533.013
14.0132	393.584	538.895
14.019	387.493	537.962
14.0249	377.333	536.72
14.0307	377.333	533.937
14.0365	369.781	533.937
14.0423	388.165	529.943
14.0481	388.389	531.476
14.0539	391.995	527.195
14.0597	400.695	521.14
14.0655	408.406	519.637
14.0713	407.463	513.372
14.0771	418.677	522.949
14.0829	406.523	508.355
14.0887	419.403	503.388
14.0945	425.012	517.54
14.1003	430.696	497.893
14.1061	410.297	481.767
14.1119	400.695	466.433
14.1177	415.545	452.37
14.1235	411.246	452.37
14.1293	410.772	455.78
14.1351	411.484	459.746
14.141	426.981
14.1468	416.506
14.1526	414.107
14.1584	412.436
14.1642	397.697
14.17	393.811
14.1758	399.539
14.1816	400.463
14.1874	400.926
14.1932	419.161
14.199	426.981
14.2048	430.696
14.2106	421.102
14.2164	428.958
14.2222	415.545
14.228	417.228
14.2338	426.241
14.2396	419.403
14.2454	425.995
14.2512	416.987
14.2571	417.228
14.2629	436.708
14.2687	423.786
14.2745	426.981	538.273
14.2803	412.913	543.898
14.2861	423.053	559.189
14.2919	425.012	547.049
14.2977	421.345	546.417
14.3035	423.053	551.809
14.3093	414.586	548.315
14.3151	418.435	542.957
14.3209	423.542	537.03
14.3267	424.031	539.518
14.3325	428.463	540.766
14.3383	411.722	545.471
14.3441	413.868	537.03
14.3499	412.913	537.341
14.3557	410.061	531.783
14.3615	422.564	535.172
14.3673	425.749	536.41
14.3732	426.734	533.629
14.379	417.952	542.016
14.3848	425.749	526.586
14.3906	414.586	537.962
14.3964	417.711	531.476
14.4022	417.469	533.013
14.408	414.107	544.527
14.4138	404.415	529.331
14.4196	420.616	520.538
14.4254	428.215	507.475
14.4312	415.545	512.779
14.437	417.228	514.559
14.4428	416.987	513.075
14.4486	421.102	515.452
14.4544	412.436	520.538
14.4602	420.373	525.068
14.466	425.258	522.647
14.4718	430.945	520.237
14.4776	425.995	521.14
14.4834	441.018	523.251
14.4893	449.245	518.737
14.4951	436.961	514.559
14.5009	459.215	508.062
14.5067	466.433	508.943
14.5125	454.203	511.595
14.5183	453.678	506.889
14.5241	459.746	501.646
14.5299	453.155	496.171
14.5357	456.57	495.026
14.5415	439.746	482.046
14.5473	429.702	502.516
14.5531	441.783	519.037
14.5589	448.467	540.453
14.5647	455.254	549.583
14.5705	455.78
14.5763	445.627
14.5821	440.254
14.5879	436.456
14.5937	428.958
14.5995	434.193
14.6054	434.444
14.6112	448.727
14.617	444.085
14.6228	435.701
14.6286	439.746
14.6344	439.492
14.6402	424.276
14.646	433.191
14.6518	420.859
14.6576	416.987
14.6634	420.373
14.6692	415.065
14.675	422.32
14.6808	412.436
14.6866	400.001
14.6924	382.158
14.6982	380.616	533.937
14.704	377.551	549.9
14.7098	358.218	521.14
14.7156	349.834	529.331
14.7215	352.064	533.937
14.7273	354.308	533.013
14.7331	366.379	530.555
14.7389	378.205	532.397
14.7447	386.822	534.246
14.7505	374.077	532.397
14.7563	392.222	539.206
14.7621	534.863
14.7679	543.898
14.7737	542.957
14.7795	543.584
14.7853	540.766
14.7911	540.453
14.7969	540.766
14.8027	533.321
14.8085	525.675
14.8143	527.195
14.8201	513.965
14.8259	520.839
14.8317	512.187
14.8376	527.195
14.8434	527.195
14.8492	546.102
14.855	550.218
14.8608	557.255
14.8666	553.725
14.8724	555.969
14.8782	575.907
14.884	555.969
14.8898	533.013
14.8956	538.273
14.9014	523.251
14.9072	535.172
14.913	519.337
14.9188	383.485
14.9246	368.076
14.9304	392.222
14.9362	388.614
14.942	368.927
14.9478	381.717
14.9537	369.354
14.9595	351.251
14.9653	348.624
14.9711	355.949
14.9769	356.566
14.9827	360.709
14.9885	357.804
14.9943	352.878
15.0001	363.428
15.0059	360.918
15.0117	362.38
15.0175	363.218
15.0233	359.877
15.0291	345.616
15.0349	343.031
15.0407	344.221
15.0465	349.834
15.0523	350.036
15.0581	342.634
15.0639	342.437
15.0697	347.016
15.0756	335.971
15.0814	332.304
15.0872	326.784
15.093	326.784
15.0988	340.464
15.1046	342.239
15.1104	343.229
15.1162	341.449
15.122	340.661
15.1278	334.809
15.1336	334.809
15.1394	334.036
15.1452	328.867
15.151	330.39
15.1568	329.057
15.1626	326.595
15.1684	325.277
15.1742	325.089
15.18	323.03
15.1859	324.902
15.1917	313.834
15.1975	321.355
15.2033	323.591
15.2091	328.677
15.2149	320.429
15.2207	326.407
15.2265	333.458
15.2323	330.39
15.2381	320.799
15.2439	320.614
15.2497	327.729
15.2555	338.895
15.2613	340.464
15.2671	343.824
15.2729	350.643
15.2787	344.221
15.2845	340.661
15.2903	343.625
15.2961	341.646
15.3019	333.458
15.3078	331.537
15.3136	330.009
15.3194	336.165
15.3252	346.016
15.331	345.616
15.3368	346.016
15.3426	337.722
15.3484	334.036
15.3542	333.458
15.36	320.614
15.3658	308.443
15.3716	312.388
15.3774	312.027
15.3832	314.924	468.594
15.389	317.664	469.949
15.3948	324.714	485.399
15.4006	312.749	504.844
15.4064	312.388	531.476
15.4122	306.135	538.584
15.418	307.553	540.453
15.4239	310.588	545.786
15.4297	313.834	555.006
15.4355	303.845	561.131
15.4413	295.366	560.807
15.4471	288.453	552.128
15.4529	290.459	555.648
15.4587	292.987	551.172
15.4645	293.665	550.218
15.4703	291.3	556.611
15.4761	302.969	539.518
15.4819	301.572	533.629
15.4877	300.182	529.331
15.4935	292.48	535.791
15.4993	297.077	530.555
15.5051	295.878	521.14
15.5109	291.468	516.346
15.5167	301.921	507.182
15.5225	292.987	501.646
15.5283	303.845	498.181
15.5341	488.493
15.54	484.278
15.5458	479.546
15.5516	478.163
15.5574	480.101
15.5632	490.189
15.569	485.96
15.5748	477.611
15.5806	486.803
15.5864	486.803
15.5922	487.647
15.598	485.96	531.476
15.6038	489.057	531.476
15.6096	487.647	529.331
15.6154	494.454	531.783
15.6212	500.778	538.895
15.627	495.026	538.584
15.6328	498.469	548.315
15.6386	499.622	541.078
15.6444	484.278	544.842
15.6502	487.365	538.273
15.6561	492.459	539.518
15.6619	495.026	529.331
15.6677	508.355	519.037
15.6735	515.154	514.856
15.6793	502.226	504.261
15.6851	504.844	506.889
15.6909	503.679	503.679
15.6967	502.516	498.757
15.7025	496.457	496.457
15.7083	506.304	508.355
15.7141	491.322	494.74
15.7199	495.026	495.026
15.7257	493.883
15.7315	495.312
15.7373	509.237
15.7431	508.649
15.7489	514.856
15.7547	512.779
15.7605	512.483
15.7663	514.856
15.7722	516.644
15.778	512.779
15.7838	500.488
15.7896	496.744
15.7954	513.075
15.8012	497.031
15.807	488.211
15.8128	490.755
15.8186	503.679	545.786
15.8244	503.679	545.471
15.8302	510.415	545.471
15.836	512.483	546.102
15.8418	524.461	566.014
15.8476	518.737	544.213
15.8534	508.943	549.583
15.8592	498.757	537.651
15.865	509.531	539.829
15.8708	523.856	537.03
15.8766	526.891	527.805
15.8824	527.5	533.013
15.8883	531.783	526.282
15.8941	532.705	526.586
15.8999	521.742	521.14
15.9057	519.637	519.337
15.9115	507.475	506.011
15.9173	520.538	516.047
15.9231	523.251	518.138
15.9289	518.737
15.9347	497.031
15.9405	500.488
15.9463	503.097
15.9521	515.154
15.9579	497.893
15.9637	501.357
15.9695	490.189
15.9753	489.905
15.9811	486.241
15.9869	484.558
15.9927	485.118
15.9985	481.211
16.0044	481.489
16.0102	492.175
16.016	495.884
16.0218	494.74
16.0276	497.031
16.0334	499.622
16.0392	497.031
16.045	486.803
16.0508	484.278
16.0566	475.684
16.0624	482.324	526.282
16.0682	492.459	535.172
16.074	500.199	539.518
16.0798	491.322	504.844
16.0856	483.719	532.09
16.0914	471.036	523.856
16.0972	474.586	517.241
16.103	481.211	539.829
16.1088	486.803	538.895
16.1146	491.322	555.969
16.1205	511.3	568.635
16.1263	487.929	571.269
16.1321	482.603	569.621
16.1379	492.743	568.964
16.1437	497.031	564.055
16.1495	524.159	559.836
16.1553	499.622	545.471
16.1611	494.169	541.704
16.1669	479.823	533.629
16.1727	469.677	538.895
16.1785	462.676	530.862
16.1843	483.999	534.554
16.1901	537.651
16.1959	558.221
16.2017	549.583
16.2075	546.102
16.2133	561.455
16.2191	578.575
16.2249	568.307
16.2307	558.544
16.2366	575.242
16.2424	574.91
16.2482	584.622
16.254	592.44
16.2598	586.313
16.2656	604.54
16.2714	606.288
16.2772	602.448
16.283	598.632
16.2888	582.263
16.2946	580.919
16.3004	554.686
16.3062	550.854
16.312	553.725
16.3178	552.447
16.3236	556.611
16.3294	550.854
16.3352	555.648
16.341	544.213
16.3468	531.169
16.3527	536.101
16.3585	543.898
16.3643	556.611
16.3701	575.242
16.3759	564.381
16.3817	579.244
16.3875	556.29
16.3933	548.315
16.3991	555.327
16.4049	550.854
16.4107	558.221
16.4165	559.189
16.4223	557.577
16.4281	551.172
16.4339	542.957
16.4397	536.72
16.4455	535.172	470.764
16.4513	528.414	476.509
16.4571	527.805	475.135
16.4629	543.584	474.038
16.4688	547.365	498.181
16.4746	552.128	499.911
16.4804	538.895	498.469
16.4862	534.554	489.905
16.492	543.584	488.211
16.4978	537.651	482.882
16.5036	534.554	480.933
16.5094	537.341	478.44
16.5152	547.998	474.312
16.521	544.527	467.782
16.5268	547.998	465.088
16.5326	547.681	453.155
16.5384	547.365	452.37
16.5442	549.265	458.42
16.55	529.025	462.142
16.5558	537.651	483.161
16.5616	546.417	490.189
16.5674	559.512	497.031
16.5732	577.24	495.884
16.579	554.686	481.489
16.5849	535.172	473.218
16.5907	528.72	475.409	386.599
16.5965	531.783	478.716	384.594
16.6023	481.489	387.269
16.6081	497.606	383.485
16.6139	491.039	379.299
16.6197	479.823	369.567
16.6255	493.028	368.927
16.6313	490.755	378.861
16.6371	490.472	373.645
16.6429	482.882	375.376
16.6487	481.767	366.379
16.6545	490.472	374.294
16.6603	508.355	369.781
16.6661	491.606	369.781
16.6719	489.34	359.461
16.6777	494.74	358.218
16.6835	485.679	352.878
16.6893	493.028	364.269
16.6951	490.755	356.155
16.701	504.844	364.479
16.7068	512.483	369.781
16.7126	518.438	366.167
16.7184	544.842	373.43
16.7242	544.842	373.43
16.73	372.353
16.7358	380.396
16.7416	365.322
16.7474	356.978
16.7532	346.215
16.759	340.071
16.7648	340.071
16.7706	333.458
16.7764	344.023
16.7822	348.221
16.788	349.43
16.7938	340.268
16.7996	326.03
16.8054	318.951
16.8112	316.383
16.8171	325.089
16.8229	315.47
16.8287	328.677
16.8345	330.009
16.8403	330.009
16.8461	328.108
16.8519	335.002
16.8577	330.199
16.8635	325.841
16.8693	328.867
16.8751	324.714
16.8809	326.595
16.8867	334.036
16.8925	338.308
16.8983	352.064
16.9041	365.533
16.9099	365.533
16.9157	365.322
16.9215	365.533
16.9273	373.861
16.9332	375.376
16.939	364.901
16.9448	379.738
16.9506	389.288
16.9564	385.039
16.9622	374.077
16.968	374.726
16.9738	359.877
16.9796	367.227
16.9854	382.158	499.045
16.9912	386.599	533.629
16.997	383.707	532.09
17.0028	386.152	498.181
17.0086	395.407	481.489
17.0144	380.177	506.596
17.0202	369.994	506.011
17.026	368.714	503.679
17.0318	373.43	512.779
17.0376	373.43	501.067
17.0434	371.493	486.241
17.0493	370.85	491.039
17.0551	376.679	495.026
17.0609	373.645	487.365
17.0667	369.567	496.457
17.0725	364.269	502.516
17.0783	368.927	505.719
17.0841	355.949	502.516
17.0899	506.011
17.0957	505.427
17.1015	498.181
17.1073	497.319
17.1131	489.905
17.1189	481.211
17.1247	486.241
17.1305	483.719
17.1363	487.084
17.1421	487.084
17.1479	487.365
17.1537	487.929
17.1595	482.603
17.1654	477.887
17.1712	469.949
17.177	466.164
17.1828	461.342
17.1886	459.215
17.1944	445.627
17.2002	437.466
17.206	428.958
17.2118	413.39
17.2176	412.913
17.2234	404.182
17.2292	410.061
17.235	430.447
17.2408	443.316
17.2466	461.609
17.2524	467.512
17.2582	474.312
17.264	481.767
17.2698	483.44
17.2756	490.755
17.2815	476.784
17.2873	481.211
17.2931	478.993
17.2989	466.164
17.3047	455.254
17.3105	440.763
17.3163	458.685
17.3221
17.3279
17.3337
17.3395
17.3453
17.3511
17.3569
17.3627
17.3685
17.3743
17.3801
17.3859
17.3917
17.3976
17.4034
17.4092
17.415
17.4208
17.4266
17.4324
17.4382
17.444
17.4498
17.4556
17.4614
17.4672
17.473
17.4788
17.4846
17.4904
17.4962
17.502
17.5078
17.5137
17.5195
17.5253
17.5311
17.5369
17.5427
17.5485
17.5543
17.5601
17.5659
17.5717
17.5775
17.5833
17.5891
17.5949
17.6007
17.6065
17.6123
17.6181
17.6239
17.6297
17.6356
17.6414
17.6472
17.653
17.6588
17.6646
17.6704
17.6762
17.682
17.6878
17.6936
17.6994
17.7052
17.711
17.7168
17.7226
17.7284
17.7342
17.74
17.7458
17.7517
17.7575
17.7633
17.7691
17.7749
17.7807
17.7865
17.7923
17.7981
17.8039
17.8097
17.8155
17.8213
17.8271
17.8329
17.8387
17.8445
17.8503
17.8561
17.8619
17.8678
17.8736
17.8794
17.8852
17.891
17.8968
17.9026
17.9084
17.9142
17.92
17.9258
17.9316
17.9374
17.9432
17.949
17.9548
17.9606
17.9664
17.9722
17.9781
17.9839
17.9897
17.9955
18.0013
18.0071
18.0129
18.0187
18.0245
18.0303
18.0361
18.0419
18.0477
18.0535
18.0593
18.0651
18.0709
18.0767
18.0825
18.0883
18.0941
18.1
18.1058
18.1116
18.1174
18.1232
18.129
18.1348
18.1406
18.1464
18.1522
18.158
18.1638
18.1696
18.1754
18.1812
18.187
18.1928
18.1986
18.2044
18.2102
18.2161
18.2219
18.2277
18.2335
18.2393
18.2451
18.2509
18.2567
18.2625
18.2683
18.2741
18.2799
18.2857
18.2915
18.2973
18.3031
18.3089
18.3147
18.3205
18.3263
18.3322
18.338
18.3438
18.3496
18.3554
18.3612
18.367
18.3728
18.3786
18.3844
18.3902
18.396
18.4018
18.4076
18.4134
18.4192
18.425
18.4308
18.4366
18.4424
18.4483	541.704
18.4541	529.331
18.4599	538.273
18.4657	541.078
18.4715	534.863
18.4773	537.341
18.4831	540.141
18.4889	526.282
18.4947	523.856
18.5005	544.213
18.5063	537.341
18.5121	540.141
18.5179	541.078
18.5237	545.471
18.5295	534.554
18.5353	526.282
18.5411	519.337
18.5469	511.595
18.5527	511.3
18.5585	499.911
18.5644	494.74
18.5702	508.355
18.576	501.936
18.5818	495.884
18.5876	494.169
18.5934	499.622
18.5992	498.469
18.605	506.889
18.6108	510.415
18.6166	513.965
18.6224	537.341
18.6282	532.09
18.634	544.213
18.6398	531.476
18.6456	528.109
18.6514	534.554
18.6572	532.09
18.663	543.27
18.6688	534.863
18.6746	525.675
18.6805	552.128
18.6863	548.631
18.6921	531.169	591.415
18.6979	521.742	605.938
18.7037	518.737	613.333
18.7095	533.629	600.364
18.7153	529.025	598.978
18.7211	540.766	590.391
18.7269	542.643	586.651
18.7327	544.213	599.671
18.7385	545.786	615.107
18.7443	523.856	615.818
18.7501	507.768	615.818
18.7559	528.109	608.744
18.7617	535.791	596.561
18.7675	542.643	602.796
18.7733	532.397	591.073
18.7791	513.075	614.042
18.7849	510.415	631.67
18.7907	512.779	653.568
18.7966	507.182	652.436
18.8024	495.884	626.582
18.8082	485.96	623.693
18.814	493.313	614.042
18.8198	495.884	636.431
18.8256	639.748
18.8314	664.608
18.8372	660.398
18.843	653.19
18.8488	658.874
18.8546	664.608
18.8604	666.53
18.8662	670.391
18.872	670.391
18.8778	689.239
18.8836	666.53
18.8894	666.915
18.8952	668.458
18.901	671.554
18.9068	665.761
18.9127	689.239
18.9185	716.022
18.9243	693.632
18.9301	716.849
18.9359
18.9417
18.9475
18.9533
18.9591
18.9649
18.9707
18.9765
18.9823	414.346
18.9881	406.993
18.9939	383.042
18.9997	364.058
19.0055	366.803
19.0113	372.783
19.0171	392.902
19.0229	381.276
19.0288	377.333
19.0346	377.769
19.0404	376.027
19.0462	378.424
19.052	392.675
19.0578	399.539
19.0636	404.883
19.0694	414.107
19.0752	397.927
19.081	382.158
19.0868	370.85
19.0926	361.126
19.0984	361.544
19.1042	359.669
19.11	352.674
19.1158	351.454
19.1216	359.461
19.1274	363.428
19.1332	366.167
19.139	374.726
19.1449	359.461
19.1507	355.127
19.1565	356.978
19.1623	357.185
19.1681	355.538
19.1739	345.217
19.1797	360.293
19.1855	367.014
19.1913	373.43
19.1971	366.803
19.2029	377.987
19.2087	361.962
19.2145	358.839
19.2203	357.598
19.2261	373.861
19.2319	365.533
19.2377	372.783
19.2435	373.214
19.2493	367.014
19.2551	366.803
19.261	363.009	572.59
19.2668	369.994	558.866
19.2726	362.38	552.766
19.2784	366.591	538.895
19.2842	357.391	540.453
19.29	344.023	545.471
19.2958	343.031	531.783
19.3016	338.699	516.346
19.3074	340.464	501.067
19.3132	330.39	497.031
19.319	337.332	503.679
19.3248	334.809	519.937
19.3306	318.399	519.937
19.3364	331.537	510.12
19.3422	319.874	506.889
19.348	326.973	499.333
19.3538	488.211
19.3596	481.489
19.3654	483.161
19.3712	480.378
19.3771	484.278
19.3829	480.933
19.3887	470.492
19.3945	475.684
19.4003	475.409
19.4061	486.521
19.4119	472.944
19.4177	477.336
19.4235	497.031
19.4293	493.028
19.4351	487.929
19.4409	476.234
19.4467	467.512
19.4525	462.944
19.4583	472.398
19.4641	473.491
19.4699	458.42
19.4757	454.991
19.4815	460.277
19.4873	457.891
19.4932	440.254
19.499	438.478
19.5048	453.155
19.5106	460.012
19.5164	447.433
19.5222	437.719
19.528	424.031
19.5338	420.859
19.5396	421.345
19.5454	426.981
19.5512	412.436
19.557	416.747
19.5628	402.551
19.5686	403.482
19.5744	411.96
19.5802	413.868
19.586	421.833
19.5918	431.194
19.5976	429.95
19.6034	424.276
19.6093	414.825
19.6151	425.012
19.6209	408.17
19.6267	395.178
19.6325	392.902
19.6383	391.091
19.6441	410.297
19.6499	400.001
19.6557	408.878
19.6615	403.715
19.6673	401.158
19.6731	407.699
19.6789	397.467
19.6847	393.811
19.6905	389.513
19.6963	399.308
19.7021	399.308
19.7079	408.406
19.7137	399.77
19.7195	401.854
19.7254	397.238
19.7312	380.836
19.737	386.152
19.7428	387.493
19.7486	384.816
19.7544	383.485
19.7602	381.276
19.766	378.205
19.7718	387.493
19.7776	393.811
19.7834	411.722
19.7892	427.968
19.795	427.968
19.8008	440
19.8066	465.895	285.8
19.8124	471.036	288.12
19.8182	479.546	308.265
19.824	479.546	299.489
19.8298	477.611	301.224
19.8356	487.647	293.665
19.8415	480.378	291.468
19.8473	476.509	284.482
19.8531	493.028	289.622
19.8589	487.365	289.12
19.8647	499.622	295.025
19.8705	302.095
19.8763	300.529
19.8821	305.782
19.8879	313.472
19.8937	316.931
19.8995	306.312
19.9053	318.032
19.9111	321.541
19.9169	316.565
19.9227	305.253
19.9285	305.959
19.9343	312.207
19.9401	329.437
19.9459	311.487
19.9517	299.316
19.9576	291.3
19.9634	288.953
19.9692	298.798
19.975	292.48
19.9808	280.241
19.9866	282.68
19.9924	283.661
19.9982	284.975
20.004	281.865
20.0098	285.305
20.0156	282.517
20.0214	281.214
20.0272	284.482
20.033	287.123
20.0388	284.811
20.0446	295.195
20.0504	281.052
20.0562	276.383
20.062	276.863	455.517
20.0678	269.292	452.109
20.0737	268.981	449.765
20.0795	267.123	481.489
20.0853	264.971	493.883
20.0911	263.141	496.457
20.0969	266.506	495.884
20.1027	270.695	496.457
20.1085	267.277	493.313
20.1143	265.278	489.905
20.1201	274.95	493.883
20.1259	266.814	490.755
20.1317	270.383	491.322
20.1375	281.539	495.598
20.1433	280.241	492.743
20.1491	282.843	478.993
20.1549	271.635	478.993
20.1607	283.498	492.459
20.1665	281.865	490.755
20.1723	280.89	491.039
20.1781	281.052	496.171
20.1839	292.311	510.12
20.1898	283.825	520.538
20.1956	283.825	514.856
20.2014	278.466	513.075
20.2072	287.621	519.937
20.213	296.22	535.791
20.2188	294.174	539.206
20.2246	294.344	529.943
20.2304	295.366	525.371
20.2362	295.025	513.965
20.242	295.707	493.598
20.2478	293.665
20.2536	288.953
20.2594	294.174
20.2652	294.004
20.271	297.077
20.2768	292.649
20.2826	293.495
20.2884	291.468
20.2942	293.495	434.695
20.3	298.798	438.224
20.3058	295.707	437.719
20.3117	293.495	441.273
20.3175	298.108	438.985
20.3233	294.684	441.273
20.3291	296.905	438.731
20.3349	297.592	437.213
20.3407	305.253	440.763
20.3465	293.326	440.509
20.3523	295.366	441.273
20.3581	297.077	440
20.3639	300.009	440.254
20.3697	293.665	441.783
20.3755	288.287	447.691
20.3813	286.13	442.038
20.3871	275.109	435.197
20.3929	283.334	432.441
20.3987	282.028	424.767
20.4045	285.14	429.454
20.4103	288.453	422.808
20.4161	293.665	424.521
20.4219	299.489	418.193
20.4278	295.025	414.586
20.4336	292.48	428.463
20.4394	289.957	425.749
20.4452	293.326	440
20.451	292.142	447.174
20.4568	291.805	457.891
20.4626	293.156	477.887
20.4684	298.108	474.038
20.4742	302.27	460.012
20.48	296.391
20.4858	303.67
20.4916	288.787	347.217
20.4974	291.805	415.785	345.416
20.5032	294.174	438.224	340.661
20.509	289.287	427.227	346.415
20.5148	284.318	423.542	362.799
20.5206	291.131	424.276	361.753
20.5264	291.636	441.018	355.743
20.5322	294.855	439.492	339.286
20.538	289.622	439.238	338.699
20.5439	290.292	441.018	335.002
20.5497	289.287	437.719	332.688
20.5555	294.684	438.478	334.809
20.5613	293.156	439.238	328.867
20.5671	291.3	442.293	329.818
20.5729	285.305	441.528	328.108
20.5787	284.811	441.783	320.429
20.5845	286.792	436.708	314.379
20.5903	289.12	437.719	316.017
20.5961	291.805	437.466	317.114
20.6019	290.963	435.197	328.867
20.6077	293.156	429.454	333.265
20.6135	292.649	431.942	324.152
20.6193	291.3	422.808	339.09
20.6251	295.195	429.454	343.229
20.6309	295.025	425.503	344.818
20.6367	297.42	420.859	341.449
20.6425	285.14	422.076	352.878
20.6483	287.787	419.888	354.513
20.6542	287.455	418.677	344.42
20.66	287.621	428.215	344.42
20.6658	290.124	433.441	346.616
20.6716	287.455	438.478	345.416	249.234
20.6774	282.028	434.444	352.064	247.942
20.6832	289.455	432.691	350.441	249.09
20.689	292.142	437.719	364.901	247.513
20.6948	293.156	444.856	348.221	249.523
20.7006	283.17	446.658	361.126	248.372
20.7064	271.478	431.194	346.415	260.57
20.7122	267.895	415.785	348.422	248.085
20.718	269.447	410.772	347.217	248.659
20.7238	266.506	397.238	335.583	248.659
20.7296	281.539	403.016	328.108	248.516
20.7354	280.08	328.297	247.656
20.7412	279.595	321.913	244.529
20.747	270.539	326.595	243.823
20.7528	238.255
20.7586	232.947
20.7644	225.924
20.7702	224.882
20.7761	219.492
20.7819	211.893
20.7877	197.019
20.7935	194.307
20.7993	196.906
20.8051	196.906
20.8109	193.411
20.8167	193.411
20.8225
20.8283
20.8341
20.8399
20.8457
20.8515
20.8573
20.8631
20.8689
20.8747
20.8805
20.8863	277.984
20.8922	273.367
20.898	279.595
20.9038	278.306
20.9096	278.466
20.9154	279.111
20.9212	280.565
20.927	279.756
20.9328	279.111
20.9386	281.052
20.9444	278.788
20.9502	279.756
20.956	278.788
20.9618	278.306
20.9676	279.595
20.9734	280.89
20.9792	278.788
20.985	279.918
20.9908	280.565
20.9966	279.595
21.0024	275.745
21.0083	279.595
21.0141	277.984
21.0199	278.949
21.0257	280.08
21.0315	278.949
21.0373	280.241
21.0431	281.377
21.0489	280.08
21.0547	280.08
21.0605	278.306
21.0663	283.334
21.0721	279.595
21.0779	278.466
21.0837	278.466
21.0895	277.503
21.0953	280.403
21.1011	279.433
21.1069	278.466
21.1127	278.788
21.1185	279.272
21.1244	279.111
21.1302	278.466
21.136	279.272
21.1418	278.627
21.1476	277.343
21.1534	278.145
21.1592	280.241
21.165	267.586
21.1708	269.292
21.1766	268.36
21.1824	268.67
21.1882	274.316
21.194	283.498
21.1998	279.756
21.2056	280.89
21.2114	277.663
21.2172	277.984
21.223	289.957
21.2288	285.634
21.2346	279.595
21.2405	277.663	417.469
21.2463	280.727	417.711
21.2521	279.433	444.085
21.2579	277.503	413.629
21.2637	283.17	443.573
21.2695	281.052	442.805
21.2753	278.306	444.599
21.2811	278.306	442.293
21.2869	276.064	443.06
21.2927	279.111	443.829
21.2985	289.287	438.731
21.3043	305.782	434.946
21.3101	310.23	438.224
21.3159	319.136	447.691
21.3217	453.941
21.3275	440
21.3333	430.199
21.3391	421.345
21.3449	419.403
21.3507	433.441
21.3566	421.102
21.3624	419.403
21.3682	417.228
21.374	420.616
21.3798	437.213
21.3856	438.224
21.3914	442.293
21.3972	443.316
21.403	439.238
21.4088	434.193
21.4146	437.971
21.4204	441.018
21.4262	440.509
21.432	438.224
21.4378	443.829
21.4436	446.142
21.4494	443.06
21.4552	443.829
21.461	431.942
21.4668	424.276
21.4727	411.96
21.4785	417.228
21.4843	423.786
21.4901	434.444
21.4959	429.95
21.5017	446.658	511.595
21.5075	438.985	529.331
21.5133	422.076	541.391
21.5191	442.038	531.169
21.5249	425.258	535.172
21.5307	420.13	535.791
21.5365	425.503	538.273
21.5423	441.018	537.341
21.5481	441.018	539.829
21.5539	455.517	537.341
21.5597	453.155	536.101
21.5655	463.211	538.584
21.5713	464.551	539.206
21.5771	472.398	544.527
21.5829	464.819	545.156
21.5888	471.58	549.9
21.5946	472.125	530.249
21.6004	488.775	526.586
21.6062	498.757	511.891
21.612	514.856	523.251
21.6178	511.3	516.644
21.6236	522.949	523.856
21.6294	513.075	523.251
21.6352	525.068
21.641	535.172
21.6468	544.527
21.6526	542.016
21.6584	528.72
21.6642	524.159
21.67	511.891
21.6758	511.891
21.6816	517.54
21.6874	523.553
21.6932	527.195
21.699	538.895
21.7049	546.417
21.7107	519.937
21.7165	513.668
21.7223	516.047
21.7281	513.075
21.7339	513.075
21.7397	522.044
21.7455	514.262
21.7513	533.321
21.7571	555.969
21.7629	526.586
21.7687	526.282
21.7745	520.538
21.7803	520.839
21.7861	509.826
21.7919	493.883
21.7977	491.89	414.825
21.8035	501.357	411.722
21.8093	518.138	425.258
21.8151	516.346	424.031
21.821	525.675	442.293
21.8268	514.262	441.528
21.8326	495.598	442.549
21.8384	505.135	442.549
21.8442	497.893	433.942
21.85	483.719	441.273
21.8558	486.241	442.038
21.8616	482.324	441.528
21.8674	473.764	446.916
21.8732	483.44	443.316
21.879	492.459	439.238
21.8848	487.084	439.238
21.8906	479.269	442.293
21.8964	483.999	442.805
21.9022	496.171	443.573
21.908	477.611	445.113
21.9138	449.765
21.9196	436.708	291.468
21.9254	419.161	273.683
21.9312	435.197	279.756
21.9371	447.174	290.627
21.9429	447.691	297.764
21.9487	440	297.936
21.9545	442.805	293.326
21.9603	444.599	296.734
21.9661	439.238	296.22
21.9719	427.721	296.563
21.9777	423.786	293.326
21.9835	425.503	293.665
21.9893	435.449	297.42
21.9951	438.224	310.947
22.0009	433.942	312.207
22.0067	451.065	312.568
22.0125	443.06	311.127
22.0183	460.809	307.376
22.0241	442.293	301.921
22.0299	452.109	301.05
22.0357	436.961	288.12
22.0415	434.193	298.798
22.0473	299.489
22.0532	298.108
22.059	297.764
22.0648	295.025
22.0706	292.818
22.0764	290.795
22.0822	291.131
22.088	292.649
22.0938	294.514
22.0996	291.973
22.1054	286.461
22.1112	282.517
22.117	283.989
22.1228	297.249
22.1286	302.095
22.1344	305.959
22.1402	320.429
22.146	331.154
22.1518	352.064
22.1576	361.753
22.1634	361.753
22.1693	385.261
22.1751	400.926
22.1809	400.926
22.1867	400.926
22.1925	414.825
22.1983	434.695
22.2041	434.695
22.2099	434.695
22.2157	440.763
22.2215	435.701
22.2273	440.254	555.969
22.2331	451.326	548.631
22.2389	451.326	528.109
22.2447	455.254	507.768
22.2505	450.805	510.71
22.2563	456.043	532.397
22.2621	458.95	542.016
22.2679	458.95	540.453
22.2737	548.948
22.2795	546.102
22.2854	551.172
22.2912	554.045
22.297	555.327
22.3028	538.584
22.3086	545.786
22.3144	552.128
22.3202	554.686
22.326	554.365
22.3318	555.327
22.3376	555.327
22.3434	548.948
22.3492	557.255
22.355	556.29
22.3608	553.406
22.3666	556.29
22.3724	554.686
22.3782	555.969
22.384	547.365
22.3898	552.766
22.3956	548.631
22.4015	555.327	507.475
22.4073	537.962	511.891
22.4131	547.049	510.12
22.4189	556.29	497.606
22.4247	584.622	471.853
22.4305	597.596	459.215
22.4363	591.415	449.765
22.4421	575.575	448.986
22.4479	558.866	448.986
22.4537	556.611	447.433
22.4595	552.766	448.467
22.4653	554.365	450.024
22.4711	555.648	450.024
22.4769	554.365	447.174
22.4827	561.779	438.985
22.4885	556.611	444.085
22.4943	550.218	439.492
22.5001	556.29	438.224
22.5059	555.969	447.95
22.5117	555.969	446.658
22.5176	552.447	429.206
22.5234	558.866	432.691
22.5292	562.104	446.142
22.535	561.131	446.658
22.5408	561.131	454.203
22.5466	581.927	472.944
22.5524	567.979	466.703
22.5582	561.455	460.012
22.564	563.079	448.467
22.5698	560.483	443.316
22.5756	543.898	443.06
22.5814	538.895	441.528
22.5872	539.206	442.805
22.593	523.856	447.433
22.5988	524.461	445.113
22.6046	507.475	442.549
22.6104	528.109	442.293
22.6162	536.101	437.466
22.622	556.933	435.197
22.6278	444.599
22.6336	444.085
22.6395	444.342
22.6453	446.916
22.6511	446.142
22.6569	444.085
22.6627	446.4
22.6685	445.627
22.6743	438.985
22.6801	441.018
22.6859	442.805
22.6917	442.549
22.6975	440.509
22.7033	442.805
22.7091	442.038
22.7149	441.783
22.7207	440.763
22.7265	438.478
22.7323	429.454
22.7381	437.213
22.7439	433.191
22.7498	440.763
22.7556	443.06
22.7614	443.573
22.7672	444.342
22.773	441.528
22.7788	440
22.7846	444.085
22.7904	442.293
22.7962	442.293
22.802	442.549
22.8078	441.528
22.8136	443.316
22.8194	437.213
22.8252	444.342
22.831	450.805
22.8368	461.342
22.8426	454.991
22.8484	473.218
22.8542	475.684
22.86	473.491
22.8659	483.161
22.8717	491.606
22.8775	475.684
22.8833	465.626
22.8891	443.829
22.8949	440.509
22.9007	445.627	628.758
22.9065	442.549	619.028
22.9123	444.599	618.67
22.9181	443.829	624.054
22.9239	444.599	621.895
22.9297	443.06	621.177
22.9355	442.038	622.254
22.9413	443.573	622.254
22.9471	443.06	610.505
22.9529	445.37	617.599
22.9587	442.805	604.54
22.9645	442.805	619.743
22.9703	443.06	622.973
22.9761	433.942	612.625
22.9819	430.696	599.671
22.9878	415.545	589.369
22.9936	413.629	596.217
22.9994	418.919	622.613
23.0052	403.016
23.011	405.585
23.0168	420.859
23.0226	417.469
23.0284	429.206
23.0342	413.868
23.04	402.086
23.0458	397.927
23.0516	390.639
23.0574	390.188
23.0632	381.938
23.069	378.861
23.0748	376.897
23.0806	374.51
23.0864	379.738
23.0922	378.643
23.098	388.838
23.1039	386.375
23.1097	391.543
23.1155	382.6
23.1213	380.616
23.1271	384.816
23.1329	384.816
23.1387	369.994
23.1445	378.205
23.1503	366.167
23.1561	361.126
23.1619	380.177
23.1677	387.046
23.1735	393.129
23.1793	397.697
23.1851	402.318
23.1909	401.158
23.1967	412.198
23.2025	417.711
23.2083	416.506
23.2141	400.695
23.22	387.269
23.2258	400.463
23.2316	390.865
23.2374	394.722
23.2432	396.092
23.249	399.078
23.2548	412.198
23.2606	410.297
23.2664	398.617
23.2722	400.926
23.278	416.265
23.2838	410.535	290.124
23.2896	409.114	297.077
23.2954	409.824	294.174
23.3012	412.913	294.174
23.307	413.151	295.025
23.3128	412.436	295.537
23.3186	424.031	294.684
23.3244	414.346	293.495
23.3302	419.403	298.798
23.3361	413.868	298.971
23.3419	424.767	304.196
23.3477	423.053	296.563
23.3535	431.692	295.025
23.3593	423.297	293.665
23.3651	425.258	293.834
23.3709	420.13	292.48
23.3767	429.95	297.077
23.3825	302.969
23.3883	301.224
23.3941	303.67
23.3999	299.662
23.4057	297.764
23.4115	289.622
23.4173	292.987
23.4231	299.143
23.4289	302.444
23.4347	298.453
23.4405	295.707
23.4463	289.622
23.4522	286.461
23.458	285.47	328.108
23.4638	281.865	326.03
23.4696	293.156	328.867
23.4754	294.855	328.867
23.4812	287.123	321.17
23.487	295.537	335.002
23.4928	293.834	330.39
23.4986	288.787	330.009
23.5044	283.498	330.39
23.5102	283.661	331.92
23.516	284.482	329.437
23.5218	281.539	327.162
23.5276	286.13	327.918
23.5334	287.123	324.152
23.5392	280.08	334.422
23.545	282.843	330.009
23.5508	272.893	329.628
23.5566	279.756	336.165
23.5624	285.634	330.199
23.5683	289.622	332.496
23.5741	301.746	333.65
23.5799	295.366	334.036
23.5857	294.344	337.722
23.5915	342.437
23.5973	346.016
23.6031	342.832
23.6089	331.729
23.6147	335.583
23.6205	344.42
23.6263	357.185
23.6321	361.335
23.6379	371.279
23.6437	365.956
23.6495	373.645
23.6553	373.645
23.6611	359.461	295.878
23.6669	361.126	292.649
23.6727	377.987	292.142
23.6785	383.707	296.563
23.6844	380.836	296.391
23.6902	391.091	291.805
23.696	377.551	290.963
23.7018	286.626
23.7076	283.498
23.7134	287.455
23.7192	282.191
23.725	279.756
23.7308	280.565
23.7366	279.918
23.7424	280.727
23.7482	279.111
23.754	279.756
23.7598	279.756
23.7656	277.503
23.7714	281.377
23.7772	281.377
23.783	279.595
23.7888	287.455
23.7946	283.661
23.8005	280.565
23.8063	275.268
23.8121	277.023
23.8179	277.023
23.8237	270.383
23.8295	267.741
23.8353	263.598
23.8411	280.08
23.8469	280.727
23.8527	276.224
23.8585	281.214
23.8643	281.377	472.944
23.8701	283.498	469.406
23.8759	289.789	467.242
23.8817	281.539	472.125
23.8875	278.306	473.491
23.8933	277.663	471.036
23.8991	283.007	472.944
23.9049	273.525	472.671
23.9107	275.905	467.512
23.9166	277.663	465.626
23.9224	273.525	449.245
23.9282	269.759	446.916
23.934	275.905	440.509
23.9398	278.466	435.449
23.9456	271.949	432.691
23.9514	428.71
23.9572	421.589
23.963	424.031
23.9688	429.702
23.9746	445.113
23.9804	458.42
23.9862	465.088
23.992	470.764
23.9978	477.887
24.0036	472.125
24.0094	470.492
24.0152	463.747
24.021	453.155
24.0268	473.764
24.0327	450.545
24.0385	456.043
24.0443	470.492
24.0501	469.949
24.0559	458.685
24.0617	440.509
24.0675	457.098
24.0733	450.805
24.0791	457.891
24.0849	450.284
24.0907	444.599
24.0965	445.37
24.1023	445.627
24.1081	461.342
24.1139	452.109
24.1197	442.805
24.1255	425.503
24.1313	427.968
24.1371	427.968
24.1429	425.258
24.1488	426.734
24.1546	431.194
24.1604	432.191
24.1662	445.627
24.172	425.503
24.1778	411.009
24.1836	414.586	246.514
24.1894	418.435	251.549
24.1952	434.193	251.113
24.201	414.107	248.516
24.2068	405.117	250.823
24.2126	251.985
24.2184	250.678
24.2242	249.955
24.23	248.803
24.2358	245.803
24.2416	246.514
24.2474	248.229
24.2532	243.542
24.259	245.803
24.2649	247.37
24.2707	254.324
24.2765	250.823
24.2823	248.372
24.2881	241.023
24.2939	245.094
24.2997	249.955
24.3055	249.667
24.3113	245.094
24.3171	239.22
24.3229	232.007
24.3287	222.428
24.3345	224.234	342.041
24.3403	223.329	366.379
24.3461	223.071	382.158
24.3519	222.043	393.129
24.3577	222.428	397.009
24.3635	221.914	408.878
24.3693	220.509	425.995
24.3751	222.428	420.373
24.381	225.663	416.747
24.3868	221.019	415.065
24.3926	214.727	417.469
24.3984	207.532	420.616
24.4042	215.722	427.474
24.41	214.851	447.174
24.4158	210.551	436.708
24.4216	416.506
24.4274	420.859
24.4332	421.589
24.439	422.076	356.36
24.4448	434.444	340.661
24.4506	435.197	347.417
24.4564	446.142	354.103
24.4622	442.549	372.783	496.171
24.468	452.109	375.159	505.427
24.4738	447.174	395.864	526.282
24.4796	430.199	393.129	500.778
24.4854	428.215	382.158	498.757
24.4912	431.692	382.158	534.863
24.4971	440.763	400.232	533.321
24.5029	432.691	395.407	499.911
24.5087	444.342	384.816	517.839
24.5145	439.746	394.039	513.965
24.5203	434.695	398.157	501.067
24.5261	435.449	390.865	501.646
24.5319	452.37	393.584	496.171
24.5377	447.95	394.95	498.469
24.5435	434.193	398.847	495.312
24.5493	441.528	400.926	495.312
24.5551	449.505	388.614	499.045
24.5609	446.658	390.188	499.045
24.5667	443.573	390.414	496.457
24.5725	449.765	406.993	509.237
24.5783	438.478	400.926	508.355
24.5841	438.985	397.238	519.637
24.5899	443.06	387.493	499.045
24.5957	457.891	392.222	497.031
24.6015	458.95	391.543	495.598
24.6073	445.113	399.078	498.181
24.6132	441.783	499.045
24.619	438.478	493.598
24.6248	437.971	493.598
24.6306	432.691	495.884
24.6364	438.478	496.171
24.6422	435.952	499.333
24.648	442.805	494.74
24.6538	440.509	506.596
24.6596	443.829	509.826
24.6654	440	511.3
24.6712	422.32	506.889
24.677	440.254	497.893
24.6828	450.024	499.333
24.6886	432.691	493.313
24.6944	430.945	498.181
24.7002	438.224	517.241
24.706	430.696	513.965
24.7118	413.868	515.452
24.7176	420.859	523.856
24.7234	429.95	531.476
24.7293	417.952	520.839
24.7351	441.273	514.559
24.7409	457.891	500.778
24.7467	468.323	499.622
24.7525	486.521	499.911
24.7583	485.118	482.603
24.7641	484.838	480.656
24.7699	482.603	480.933
24.7757	489.34	475.135	440
24.7815	485.399	472.671	445.113
24.7873	479.823	459.48	438.224
24.7931	487.929	442.038	441.528
24.7989	481.767	441.273
24.8047	501.067	441.273
24.8105	441.273
24.8163	443.06
24.8221	445.627
24.8279	445.113
24.8337	440
24.8395	439.746
24.8454	441.273
24.8512	441.783
24.857	441.273
24.8628	443.573
24.8686	441.018
24.8744	443.316
24.8802	440
24.886	437.213
24.8918	426.487
24.8976	428.463
24.9034	439.238
24.9092	442.805
24.915	440.509
24.9208	431.942
24.9266	425.749
24.9324	433.692
24.9382	441.528
24.944	445.885
24.9498	445.113
24.9556	438.478
24.9615	422.808
24.9673	404.182
24.9731	402.086
24.9789	392.222
24.9847	397.009
24.9905	398.157
24.9963	396.55	437.719
25.0021	387.493	437.466
25.0079	387.493	443.829
25.0137	385.039	438.985
25.0195	391.091	443.829
25.0253	387.717	442.038
25.0311	377.987	442.805
25.0369	378.205	437.719
25.0427	363.638	444.342
25.0485	358.632	442.038
25.0543	361.753	441.783
25.0601	377.987	439.492
25.0659	441.273
25.0717	442.805
25.0776	441.273
25.0834	439.238
25.0892	442.293
25.095	438.985
25.1008	433.942
25.1066	434.946
25.1124	437.971
25.1182	437.466
25.124	438.478
25.1298	439.746
25.1356	441.783
25.1414	431.443
25.1472	442.805
25.153	444.599
25.1588	448.986
25.1646	441.783
25.1704	432.441
25.1762	437.466
25.182	448.467
25.1878	446.4	500.199
25.1937	449.505	497.893
25.1995	441.528	494.169
25.2053	433.942	497.319
25.2111	441.018	508.943
25.2169	448.209	504.844
25.2227	444.856	501.646
25.2285	440.509	496.744
25.2343	431.443	499.333
25.2401	425.258	488.493
25.2459	426.487	474.312
25.2517	423.786	474.586
25.2575	425.995	474.038
25.2633	425.995	477.336
25.2691	435.197	459.48	482.603
25.2749	440.763	455.254	493.883
25.2807	427.968	455.254	503.679
25.2865	424.031	457.362	505.135
25.2923	426.981	441.273	501.067
25.2981	414.107	456.834	483.999
25.3039	416.025	437.719	472.398
25.3097	421.589	424.276	472.398
25.3156	415.785	463.747
25.3214	417.952	470.492
25.3272	417.952	471.58
25.333	414.107	473.491
25.3388	417.711	467.242
25.3446	424.031	468.864
25.3504	436.708	465.088
25.3562	426.734	471.853
25.362	421.102	471.308
25.3678	412.198	456.57
25.3736	412.913	466.703
25.3794	420.373	458.155
25.3852	414.107	440.509
25.391	429.206	439.492
25.3968	406.054	454.991
25.4026	397.927	468.323
25.4084	474.86
25.4142	477.336
25.42	487.647	279.918
25.4258	493.313	279.756
25.4317	503.679	278.306
25.4375	502.226	280.241
25.4433	502.807	279.111
25.4491	500.488	279.272
25.4549	499.333	279.756
25.4607	498.469	280.08
25.4665	503.97	283.007
25.4723	512.779	279.756
25.4781	517.839	280.241
25.4839	514.559	278.949
25.4897	495.026	279.272
25.4955	499.911	282.843
25.5013	502.807	281.539
25.5071	506.304	279.595
25.5129	503.679	279.756
25.5187	508.062	280.08
25.5245	504.261	281.539
25.5303	502.807	278.306
25.5361	504.844	277.023
25.542	514.262	280.08
25.5478	533.629	281.865
25.5536	513.965	280.403
25.5594	511.891	280.08
25.5652	524.461	278.466
25.571	517.54	279.111
25.5768	495.312	278.145
25.5826	280.89
25.5884	278.788
25.5942	278.949
25.6	277.023
25.6058	279.595
25.6116	278.466
25.6174	278.949
25.6232	280.89
25.629	278.145
25.6348	279.595
25.6406	279.272
25.6464	279.111
25.6522	276.064
25.658	277.663
25.6639	275.905
25.6697	277.984
25.6755	285.634
25.6813	279.433
25.6871	276.383
25.6929	280.403
25.6987	276.703
25.7045	274.791
25.7103	276.703
25.7161	277.984
25.7219	279.111
25.7277	275.905
25.7335	279.272
25.7393	280.727
25.7451	275.427
25.7509	267.277
25.7567	278.145
25.7625	270.539
25.7683	273.683
25.7741	270.695
25.78	272.578
25.7858	271.008
25.7916	272.263
25.7974	269.447
25.8032	268.36
25.809	271.635
25.8148	267.277
25.8206	264.971
25.8264	272.421
25.8322	276.543
25.838	282.68
25.8438	281.865
25.8496	285.14
25.8554	282.354
25.8612	287.123
25.867	281.052
25.8728	283.334
25.8786	286.461
25.8844	290.963
25.8902	293.495
25.8961	295.195
25.9019	293.156
25.9077	291.131
25.9135	292.142
25.9193	297.42
25.9251	296.734
25.9309	297.077
25.9367	294.514
25.9425	297.764
25.9483	295.195
25.9541	294.514
25.9599	294.174
25.9657	295.025
25.9715	294.004
25.9773	297.936
25.9831	294.684
25.9889	291.3
25.9947	292.48
26.0005	293.326
26.0063	292.142
26.0122	293.834
26.018	296.905
26.0238	295.537
26.0296	293.495
26.0354	293.495
26.0412	294.344
26.047	292.142
26.0528	291.3
26.0586	297.592
26.0644	294.855
26.0702	293.156
26.076	292.649
26.0818	292.311
26.0876	292.311
26.0934	293.665
26.0992	293.326
26.105	297.42
26.1108	311.847
26.1166	323.965
26.1224	311.847
26.1283	312.027	506.011
26.1341	302.095	495.312
26.1399	298.798	492.459
26.1457	312.027	489.34
26.1515	321.17	485.96
26.1573	330.199	472.398
26.1631	325.089	475.684	304.548
26.1689	311.667	467.242	295.025
26.1747	310.768	466.433	294.004
26.1805	295.878	471.58	290.459
26.1863	295.537	488.493	285.634
26.1921	495.026	296.563
26.1979	490.755	294.684
26.2037	501.936	293.665
26.2095	525.675	296.049
26.2153	527.805	292.987
26.2211	511.891	295.537
26.2269	501.936	298.108
26.2327	495.026	295.707
26.2385	502.516	292.48
26.2444	494.169	288.62
26.2502	481.489	294.514
26.256	505.719	292.649
26.2618	508.649	291.805
26.2676	292.987
26.2734	292.649
26.2792	296.563
26.285	297.42
26.2908	294.344	443.573
26.2966	296.391	441.273
26.3024	309.156	436.708
26.3082	315.106	439.492
26.314	334.229	442.293
26.3198	352.471	440
26.3256	362.799	442.038
26.3314	362.799	439.238
26.3372	369.567	440.254
26.343	366.591	456.043
26.3488	366.591	463.211
26.3546	358.839	466.972
26.3605	471.308
26.3663	461.076
26.3721	453.941
26.3779	460.543
26.3837	469.135
26.3895	464.819
26.3953	467.782
26.4011	451.848
26.4069	471.308
26.4127	472.125
26.4185	477.06
26.4243	472.944
26.4301	478.993	293.326
26.4359	465.626	293.495
26.4417	468.323	288.12
26.4475	465.895	293.834
26.4533	457.362	292.649
26.4591	450.024	294.174
26.4649	444.599	297.592
26.4707	439.492	293.156
26.4766	445.113	292.649
26.4824	447.174	293.665
26.4882	458.685	293.326
26.494	450.805	289.622
26.4998	444.342	288.62
26.5056	441.273	291.131
26.5114	437.466	291.636
26.5172	436.708	299.143
26.523	437.719	308.621
26.5288	436.708	314.016
26.5346	434.193	310.947
26.5404	441.528	312.749
26.5462	440.763	313.653
26.552	437.466	310.588
26.5578	441.528	321.541
26.5636	440.763	320.244
26.5694	437.466	320.244
26.5752	428.71	306.312
26.581	427.227	307.909
26.5868	414.586	312.388
26.5927	421.833	318.032
26.5985	423.053	326.03
26.6043	420.859	318.767
26.6101	419.403	325.277
26.6159	422.808	320.429
26.6217	417.952	323.778
26.6275	416.506	324.902
26.6333	426.734	314.742
26.6391	425.012	312.027
26.6449	440.763	327.918
26.6507	442.293	334.615
26.6565	437.719	336.748
26.6623	427.721	335.196
26.6681	336.943
26.6739	334.229	552.447
26.6797	331.154	551.172
26.6855	330.009	538.584
26.6913	319.136	523.856
26.6971	329.057	544.842
26.7029	325.653	554.045
26.7088	332.688	555.969
26.7146	328.867	549.265
26.7204	328.867	553.086
26.7262	326.595	557.577
26.732	336.359	553.725
26.7378	334.422	549.9
26.7436	331.92	531.783
26.7494	333.073	517.241
26.7552	333.65	529.637
26.761	322.471	549.9
26.7668	320.614	549.583
26.7726	332.304	552.766
26.7784	336.165	548.948
26.7842	333.843	550.218
26.79	333.458	553.725
26.7958	329.247	552.766
26.8016	330.009	555.006
26.8074	332.304	555.006
26.8132	332.88	555.969
26.819	331.537	552.128
26.8249	332.304	554.686
26.8307	331.537	555.327
26.8365	331.154	553.725
26.8423	335.002	552.766
26.8481	329.057	556.933
26.8539	333.265	554.686
26.8597	329.247	552.128
26.8655	323.03	553.086
26.8713	319.505	551.491
26.8771	319.136	556.29
26.8829	330.772	536.41
26.8887	340.268	531.783
26.8945	343.229	521.14
26.9003	331.92	529.637
26.9061	323.965	543.27
26.9119	332.688	548.315
26.9177	328.108	551.809
26.9235	332.304	544.213
26.9293	317.848	536.72
26.9351	323.778	540.766
26.941	310.23	538.273
26.9468	323.03	532.705
26.9526	321.913	556.29
26.9584	317.664	554.045
26.9642	313.472	539.206
26.97	313.834	548.315
26.9758	317.481	555.648
26.9816	313.834	556.29
26.9874	308.087	557.577
26.9932	310.768	558.544
26.999	304.724	554.686
27.0048	306.312	555.969
27.0106	296.391	547.681
27.0164	288.787	554.365
27.0222	291.131	555.648	478.44
27.028	295.707	542.643	500.199
27.0338	295.366	530.249	503.679
27.0396	298.798	527.5	485.96
27.0454	296.563	541.704	482.046
27.0512	305.253	545.786	455.78
27.0571	304.021	549.583	446.142
27.0629	304.724	559.189	442.038
27.0687	307.909	557.577	440
27.0745	304.548	547.681	441.273
27.0803	300.702	539.206	442.038
27.0861	296.734	442.805
27.0919	286.461	447.174
27.0977	280.89	443.573
27.1035	263.902	444.085
27.1093	258.322	443.573
27.1151	258.322	446.142
27.1209	250.678	440.254
27.1267	235.246	442.805
27.1325	235.246	438.224
27.1383	443.06
27.1441	442.038
27.1499	441.528
27.1557	442.038
27.1615	443.573
27.1673	441.783
27.1732	442.293
27.179	440.254
27.1848	441.528
27.1906	431.443
27.1964	434.193
27.2022	444.342
27.208	442.038
27.2138	440.763
27.2196	440
27.2254	440.763
27.2312	436.961
27.237	443.316
27.2428	443.573
27.2486	442.805
27.2544	443.573
27.2602	443.829
27.266	443.06
27.2718	442.805
27.2776	444.856
27.2834	440.254
27.2893	433.191
27.2951	423.053
27.3009	439.238
27.3067	441.783
27.3125	434.946
27.3183	425.749
27.3241	439.238
27.3299	438.985
27.3357	450.024
27.3415	443.829
27.3473	440
27.3531	443.316
27.3589	444.599
27.3647	443.829
27.3705	439.746
27.3763	443.316
27.3821	441.018
27.3879	444.599
27.3937	443.06
27.3995	444.599
27.4054	443.573
27.4112	444.856
27.417	442.293
27.4228	439.746
27.4286	453.941
27.4344	451.587
27.4402	449.245
27.446	449.765
27.4518	458.155
27.4576	455.78
27.4634	446.916
27.4692	448.727
27.475	442.549
27.4808	443.573
27.4866	444.085
27.4924	439.746
27.4982	453.678
27.504	452.109
27.5098	443.316
27.5156	440.509
27.5215	437.213
27.5273	445.113
27.5331	437.466
27.5389	451.848
27.5447	452.37
27.5505	437.213
27.5563	427.721
27.5621	432.691
27.5679	418.919
27.5737	429.95
27.5795	424.767
27.5853	410.535
27.5911	419.888
27.5969	429.206	466.972
27.6027	446.4	470.22
27.6085	472.125
27.6143	483.999
27.6201	503.388
27.6259	500.778
27.6317	519.637
27.6376	522.647
27.6434	504.552
27.6492	494.74
27.655	496.457
27.6608	493.883
27.6666	492.743	598.978
27.6724	495.312	593.125
27.6782	495.312	589.709
27.684	501.067	586.313
27.6898	514.559	595.528
27.6956	526.282	589.028
27.7014	517.241	591.073
27.7072	535.172	597.596
27.713	522.044	597.596
27.7188	536.72	589.709
27.7246	516.047	601.405
27.7304	522.647	611.917
27.7362	501.646	605.588
27.742	487.365	595.184
27.7478	488.211	591.756
27.7537	490.755	577.907
27.7595	499.045	584.622
27.7653	488.493	594.497
27.7711	478.993	590.391
27.7769	592.44
27.7827	612.979
27.7885	601.752
27.7943	604.54
27.8001	588.348
27.8059	584.622
27.8117	601.405
27.8175	593.811
27.8233	586.99
27.8291	609.448
27.8349	599.324
27.8407	604.19
27.8465	622.973
27.8523	646.434
27.8581	641.969
27.8639	637.166
27.8698	647.181
27.8756	657.734
27.8814	658.494
27.8872	670.391
27.893	691.631
27.8988	676.616
27.9046	659.636
27.9104	658.494
27.9162	662.691
27.922	662.691
27.9278	672.719
27.9336	666.915
27.9394	663.841
27.9452	660.78
27.951	638.64
27.9568	632.035
27.9626	657.354
27.9684	645.315
27.9742	639.009
27.98	634.229
27.9858	617.242
27.9917	594.497
27.9975	580.919
28.0033	614.042
28.0091	619.028
28.0149	621.895
28.0207	602.448
28.0265	596.217
28.0323	591.415	292.311
28.0381	592.44	294.344
28.0439	588.688	294.684
28.0497	591.415	296.905
28.0555	589.709	295.707
28.0613	594.497	296.905
28.0671	583.273	298.625
28.0729	589.709	292.649
28.0787	589.709	284.318
28.0845	589.709	283.498
28.0903	589.709	278.949
28.0961	583.273	285.47
28.1019	285.634
28.1078	280.08
28.1136	284.153
28.1194	283.498
28.1252	280.08
28.131	273.841
28.1368	278.145
28.1426	281.377
28.1484	277.663
28.1542	268.36
28.16	268.826	528.109
28.1658	274.157	539.206
28.1716	270.695	560.807
28.1774	277.663	549.265
28.1832	279.111	541.704
28.189	281.214	546.102
28.1948	276.383	562.754
28.2006	277.023	547.681
28.2064	277.984	550.218
28.2122	275.586	542.016
28.2181	282.354	541.078
28.2239	287.289	525.371
28.2297	300.182	524.159
28.2355	305.429	523.553
28.2413	318.767	531.476
28.2471	301.224	533.321
28.2529	307.021	533.013
28.2587	304.724	527.805
28.2645	319.32	528.72
28.2703	327.918	524.159
28.2761	328.677	524.765	587.33
28.2819	337.332	523.251	592.098
28.2877	343.229	522.044	585.636
28.2935	340.268	527.195	603.842
28.2993	332.88	527.5	589.369
28.3051	344.023	521.742	585.298	292.649
28.3109	334.229	525.675	595.528	295.878
28.3167	338.699	528.109	589.709	295.537
28.3225	326.973	507.475	588.348	295.366
28.3283	329.247	492.459	593.468	296.734
28.3341	329.818	488.775	593.468	296.049
28.34	335.583	495.026	595.184	296.049
28.3458	343.031	503.679	590.391	297.249
28.3516	336.554	585.974	294.004
28.3574	341.844	588.348	296.734
28.3632	321.17	600.017	297.764
28.369	318.583	584.622	296.22
28.3748	591.415	304.196
28.3806	572.59	305.253
28.3864	586.313	312.749
28.3922	606.288	312.388
28.398	620.101	316.017
28.4038	633.863	316.565
28.4096	624.775	312.388	278.306
28.4154	634.595	313.11	278.466
28.4212	635.329	319.32	277.663
28.427	640.117	322.844	278.788
28.4328	632.765	318.399	280.241
28.4386	635.696	316.017	281.377
28.4444	633.497	307.376	280.565
28.4502	634.962	305.605	278.306
28.4561	630.576	316.565	278.627
28.4619	636.431	331.537	277.984
28.4677	629.121	328.297	270.071
28.4735	622.613	329.437	273.683
28.4793	595.872	326.407	265.891
28.4851	574.578	315.47	253.884
28.4909	593.125	314.016	249.378
28.4967	310.23	252.422
28.5025	324.527	255.06
28.5083	333.65	257.428
28.5141	326.407	247.799
28.5199	331.92	249.667
28.5257	316.017	246.942
28.5315	245.661
28.5373	250.389
28.5431	250.244
28.5489	250.968
28.5547	251.694
28.5605	258.024
28.5663	264.36
28.5722	261.173
28.578	249.667
28.5838	251.403
28.5896	252.13
28.5954	253.445
28.6012	247.942
28.607	248.659
28.6128	252.422
28.6186	249.955
28.6244	249.955
28.6302	249.811
28.636	249.811
28.6418	251.113
28.6476	242.699
28.6534	237.019
28.6592	236.609	499.911
28.665	229.475	500.488
28.6708	228.813	503.097
28.6766	220.254	503.679
28.6824	222.556	504.844
28.6883	223.846	499.045
28.6941	222.685	493.028
28.6999	224.623	480.656
28.7057	225.403	490.189
28.7115	222.814	489.057
28.7173	221.274	491.322
28.7231	222.685	506.889
28.7289	223.716	501.067
28.7347	221.147	490.472
28.7405	223.458	495.884
28.7463	220.127	495.884
28.7521	220.254	494.454
28.7579	221.658	494.169
28.7637	221.019	502.226
28.7695	215.971	522.647
28.7753	218.102	523.856
28.7811	214.231	528.414
28.7869	212.383	526.586
28.7927	216.721	535.791
28.7985	215.846	525.371
28.8044	216.721	534.246
28.8102	214.727	538.273
28.816	213.984	547.365
28.8218	219.112	562.754
28.8276	213.737	559.512
28.8334	222.685	550.854
28.8392	223.716
28.845	234.432
28.8508	223.329
28.8566	226.316
28.8624	225.924	495.884
28.8682	225.533	498.757
28.874	232.947	501.067
28.8798	226.185	500.199
28.8856	228.681	500.199
28.8914	234.297	500.778
28.8972	248.516	495.884
28.903	251.403	499.622	454.991
28.9088	250.244	499.333	439.492
28.9146	249.667	504.844	450.805
28.9205	248.516	500.488	451.326
28.9263	250.678	498.757	454.728
28.9321	249.811	504.261	455.517
28.9379	247.799	496.171	471.036
28.9437	249.667	490.472	465.088
28.9495	248.947	494.454	469.406
28.9553	250.823	491.606	475.135
28.9611	250.968	488.775	487.084
28.9669	246.514	484.558	481.211
28.9727	248.659	496.744	485.399
28.9785	249.667	500.488	483.161
28.9843	247.942	499.622	492.459
28.9901	249.09	497.319	496.457
28.9959	248.947	501.067	501.067
29.0017	248.372	500.199	500.488
29.0075	249.234	497.606	497.319
29.0133	252.422	496.171	496.457
29.0191	247.656	487.084	487.365
29.0249	248.659	496.457	496.744
29.0307	249.234	499.333	499.333
29.0366	248.085	499.333	499.333
29.0424	246.229	491.89	490.189
29.0482	246.942	485.96	482.046
29.054	248.947	477.611	466.972
29.0598	245.236	501.357	493.883
29.0656	246.799	487.365	486.803
29.0714	247.513	494.74	494.454
29.0772	249.667	481.211	480.933
29.083	249.523	494.74	494.169
29.0888	244.529	483.161
29.0946	239.22	488.211
29.1004	240.467	493.598
29.1062	235.246	508.355
29.112	227.89	523.856
29.1178	226.446	524.765
29.1236	223.587	525.675
29.1294	225.533	533.321
29.1352	230.272	523.856
29.141	233.891	508.649
29.1468	246.372	511.891
29.1527	243.823	494.454
29.1585	241.58	488.775
29.1643	243.401	496.457
29.1701	238.255	493.883
29.1759	242.98	507.475
29.1817	510.71
29.1875	521.441
29.1933	545.471
29.1991	538.895
29.2049	547.049
29.2107	533.013
29.2165	522.345
29.2223	530.555
29.2281	517.839
29.2339	522.949
29.2397	523.251
29.2455	530.862
29.2513	521.742
29.2571	537.962
29.2629	535.482
29.2688	530.862
29.2746	535.791
29.2804	542.957
29.2862	540.141
29.292	537.651
29.2978	525.675
29.3036	513.372
29.3094	511.595
29.3152	518.438
29.321	530.249
29.3268	506.011
29.3326	509.826
29.3384	500.778
29.3442	490.755
29.35	491.039
29.3558	496.744
29.3616	488.211
29.3674	498.181
29.3732	506.011
29.379	509.826
29.3849	504.261
29.3907	507.182
29.3965	516.346
29.4023	516.346
29.4081	519.937
29.4139	509.531
29.4197	500.778	457.626
29.4255	503.679	436.961
29.4313	501.936	439.238
29.4371	490.755	443.829
29.4429	481.211	433.441
29.4487	489.905	438.224
29.4545	477.06	442.293
29.4603	487.647	443.829
29.4661	476.234	443.829
29.4719	473.218	431.942
29.4777	486.241	436.961
29.4835	481.489	439.492
29.4893	490.472	443.829
29.4951	485.96	458.685
29.501	469.135	451.065
29.5068	459.746	451.587
29.5126	452.631	446.142	481.767
29.5184	469.135	458.42	507.475
29.5242	445.37	445.627	519.037
29.53	451.326	444.342	508.062
29.5358	441.273	438.731	499.045
29.5416	446.916	446.916	499.622
29.5474	442.293	443.573	498.469
29.5532	443.573	441.528	500.488
29.559	442.805	443.573	499.622
29.5648	444.085	440.254	501.067
29.5706	430.447	446.142	497.031
29.5764	443.06	443.316	496.744
29.5822	432.691	442.549	496.171
29.588	442.805	497.893
29.5938	450.284	498.181
29.5996	430.199	491.606
29.6054	443.829	499.045
29.6112	449.245	494.169
29.6171	453.155	494.454
29.6229	445.113	497.319
29.6287	466.164	497.893
29.6345	468.864	494.74
29.6403	453.155	502.516
29.6461	452.109	502.516
29.6519	446.142	500.778
29.6577	451.326	494.74
29.6635	453.155	495.884
29.6693	465.626	487.929
29.6751	460.809	471.308
29.6809	469.949	470.492
29.6867	469.406
29.6925	490.189
29.6983	487.084
29.7041	483.44	540.766
29.7099	477.887	535.482
29.7157	466.972	535.482
29.7215	463.479	506.596
29.7273	449.505	501.646
29.7332	443.316	499.622
29.739	434.444	533.013
29.7448	428.71	534.246
29.7506	445.113	525.675
29.7564	430.696	525.675
29.7622	420.13	520.839
29.768	418.919	506.304
29.7738	410.772	504.844
29.7796	411.722	499.045
29.7854	427.227	505.135
29.7912	431.942	507.768
29.797	429.702	511.595
29.8028	435.449	511.595	274.95
29.8086	444.856	507.475	279.595
29.8144	440.763	506.011	279.272
29.8202	503.097	278.466
29.826	496.457	280.08
29.8318	500.488	279.433
29.8376	499.045	279.433
29.8434	498.757	280.89
29.8493	493.313	280.565
29.8551	498.181	279.111
29.8609	505.427	280.565
29.8667	502.226	279.756
29.8725	505.135	279.756
29.8783	506.304	279.111
29.8841	502.516	277.984
29.8899	501.357	280.403
29.8957	500.778	279.272
29.9015	517.54	277.984
29.9073	505.427	280.241
29.9131	503.97	279.595
29.9189	502.516	279.433
29.9247	499.911	278.145
29.9305	503.388	282.517
29.9363	485.679	280.727
29.9421	487.929	278.145
29.9479	501.067	280.403
29.9537	499.333	279.433
29.9595	495.884	280.403
29.9654	280.08
29.9712	280.565
29.977	277.984
29.9828	279.595
29.9886	280.727
29.9944	272.421
30.0002	265.584
30.006
30.0118
30.0176
30.0234
30.0292
30.035
30.0408
30.0466
