2.45551	2.9141	2333.09	185.884
2.62385	2.76898	1149.82	168.406
2.81542	3.04762	2281.12	269.682
2.92571	4.69624	2611.25	230.97
3.73261	3.86032	3030.89	131.013
5.10258	5.25932	2501.99	178.841
5.17225	5.60181	2136.98	189.595
5.77596	6.57125	1949.46	300.196
5.99075	6.19973	4338.64	138.954
6.35646	7.14014	2153.09	199.291
6.68154	6.93696	1430.39	148.529
7.0937	7.34331	2181.89	255.737
7.26785	7.51166	4088.04	170.537
7.38395	7.66258	2849.24	192.15
7.49424	8.09796	2170.57	272.803
8.0283	8.39982	2180.63	177.478
8.20245	8.6088	3973.96	147.895
8.46367	8.74231	1885.23	176.028
8.62621	8.85841	2961.67	134.951
8.78295	9.81043	2148.12	207.683
8.99773	9.37506	4234.65	180.063
9.15447	9.36345	1051.96	200.952
9.52018	9.73497	2872.37	142.868
9.81043	10.0659	1350.89	129.584
9.89751	10.3271	2160.56	173.425
10.2342	11.3488	2153.09	274.19
10.4374	11.3546	4321.13	195.203
10.8321	11.1572	1442	145.861
11.2501	11.5171	1886.32	164.314
11.4474	11.8248	3695	209.695
11.4997	11.7667	1852.84	198.278
11.7145	11.9409	2429.36	131.262
11.9118	13.3283	2649.23	451.419
12.6026	12.98	4064.49	202.415
12.8	12.9451	2198.33	180.845
12.8522	13.0032	1807.39	197.992
12.9916	13.4269	3550.63	199.331
13.1773	13.3166	4085.68	159.328
13.3283	16.6371	2715.86	381.923
13.4037	13.7752	1861.43	234.943
13.7172	14.0945	2158.07	296.036
13.7636	14.0887	4293.76	189.39
14.2629	14.5067	3999.28	218.236
14.379	15.7489	3554.74	180.946
14.5357	14.9943	1775.32	226.666
15.2265	15.7025	1790.76	178.786
15.3948	15.7199	2170.57	297.761
15.5748	15.7373	4118.85	193.639
15.7199	16.1205	1811.57	247.115
15.7373	16.103	3661.01	178.009
15.8708	16.254	5350.75	184.767
16.1146	16.2656	1571.61	228.084
16.3178	16.6487	3665.24	191.534
16.3294	16.5558	1906.04	243.029
16.4571	16.939	3328.2	244.243
16.759	17.6007	2145.64	208.601
17.026	17.2408	3235.32	126.129
17.8387	19.2377	2647.7	420.758
18.1754	18.9359	1780.45	208.775
18.3089	18.8952	2158.07	275.415
18.338	18.8778	4303.69	160.197
18.8836	19.0868	3596.04	211.897
18.9359	19.1507	1790.76	236.719
19.1681	19.6093	2088.17	245.637
19.2377	19.4815	4232.2	201.236
19.2377	19.8356	2801.91	307.358
19.5106	19.7486	1407.44	234.725
19.6673	19.8821	5301.53	216.507
19.8124	20.1723	2076.15	258.005
20.004	20.2188	4092.76	154.594
20.1723	20.6367	1889.59	226.035
20.3813	20.7296	3554.74	309.61
20.6077	21.2869	2018.21	196.877
20.7354	21.7745	2626.38	380.023
21.3449	21.6004	1586.2	201.484
21.6816	21.9893	1449.52	152.659
21.9719	22.2563	1879.79	183.441
22.1576	22.9645	1790.76	382.113
22.2912	22.9239	3585.67	210.218
22.6162	22.7556	2726.86	119.396
22.9587	23.2606	1520.71	342.053
23.0864	23.3593	3018.66	153.544
23.2606	23.6844	3280.48	199.218
23.2722	23.4696	1667.95	257.248
23.4696	23.7772	1389.67	184.259
23.5566	24.0443	3128.73	217.156
24.9498	25.2981	1961.89	364.159
25.2169	25.5187	1452.03	169.873
25.4084	26.2792	2148.12	225.115
25.6174	26.018	1805.3	186.995
26.2211	26.6159	1863.58	254.241
26.3663	26.4707	2356.11	185.864
26.4766	27.0512	3216.69	218.418
26.6449	26.8655	1413.96	221.058
26.9584	27.2718	2978.82	139.645
26.9584	27.4634	1858.2	157.233
27.4982	27.8814	1906.04	206.667
27.6492	27.9162	2093	210.175
27.8814	28.2471	1880.88	399.722
28.0961	28.2239	1491.99	100.537
28.1019	28.2239	3261.59	117.626
28.3574	28.8044	2249.71	425.876
28.5141	28.7463	1132.03	299.381
28.7231	29.0307	2451.91	213.532
28.7637	28.9321	1212.58	260.18
28.9495	29.3849	2457.59	229.089
28.9611	29.3384	1219.6	192.23
29.2455	30.0176	2028.73	397.549
