0
0.00580499
0.01161
0.017415
0.02322
0.0290249
0.0348299
0.0406349
0.0464399
0.0522449
0.0580499
0.0638549
0.0696599
0.0754649
0.0812698
0.0870748
0.0928798
0.0986848
0.10449
0.110295
0.1161
0.121905
0.12771
0.133515
0.13932
0.145125
0.15093
0.156735
0.16254
0.168345
0.17415
0.179955
0.18576
0.191565
0.19737
0.203175
0.20898
0.214785
0.22059
0.226395
0.2322
0.238005
0.24381
0.249615
0.255419
0.261224	291.3
0.267029	297.764
0.272834	296.049
0.278639	300.355
0.284444	298.798
0.290249	302.619
0.296054	297.249
0.301859	295.025
0.307664	289.455
0.313469	280.403
0.319274	283.989
0.325079	285.14
0.330884	286.957
0.336689	295.707
0.342494	285.965
0.348299	280.565
0.354104	281.214
0.359909	280.08
0.365714	287.787
0.371519	285.305
0.377324	274.474
0.383129	271.792
0.388934	276.863
0.394739	282.191
0.400544	281.377
0.406349	283.989
0.412154	279.595
0.417959	285.14
0.423764	296.905
0.429569	283.17
0.435374	278.949
0.441179	270.539
0.446984	274.791
0.452789	271.008
0.458594	269.136
0.464399	261.173
0.470204	259.219
0.476009	253.445
0.481814	256.686
0.487619	250.244
0.493424	254.031
0.499229	258.919
0.505034	259.969
0.510839	269.447
0.516644	275.745
0.522449	277.023
0.528254	271.635
0.534059
0.539864
0.545669
0.551474
0.557279
0.563084
0.568889
0.574694
0.580499
0.586304
0.592109
0.597914
0.603719
0.609524
0.615329
0.621134
0.626939
0.632744
0.638549
0.644354
0.650159
0.655964	448.986
0.661769	437.719
0.667574	438.478
0.673379	430.447
0.679184	442.549
0.684989	432.441
0.690794	437.466
0.696599	435.952
0.702404	431.194
0.708209	427.474
0.714014	413.151
0.719819	409.351
0.725624	408.878
0.731429	409.114
0.737234	407.228
0.743039	408.17
0.748844	411.722
0.754649	399.308
0.760454	393.811
0.766258	398.847
0.772063	409.114
0.777868	405.585
0.783673	407.934
0.789478	416.747
0.795283	411.722
0.801088	429.702
0.806893	423.053
0.812698	422.32
0.818503	428.71
0.824308	436.961
0.830113	441.528
0.835918	447.433
0.841723	447.95	208.614
0.847528	437.719	209.217
0.853333	431.942	207.652
0.859138	435.952	207.772
0.864943	417.711	208.976
0.870748	412.913	207.293
0.876553	419.888	210.187
0.882358	424.521	210.065
0.888163	424.767	206.814
0.893968	430.945	207.053
0.899773	435.197	208.253
0.905578	437.719	212.506
0.911383	442.293	216.345
0.917188	441.528	218.354
0.922993	453.941	222.814
0.928798	452.893	223.975
0.934603	460.012	220.891
0.940408	452.37	222.043
0.946213	442.549	220.764
0.952018	433.441	220
0.957823	439.238	215.722
0.963628	453.416	214.975	219.746
0.969433	217.097	229.74
0.975238	214.479	233.621
0.981043	212.016	230.006
0.986848	212.383	237.43
0.992653	216.846	247.942
0.998458	224.752	242.279
1.00426	232.544	244.953
1.01007	234.974	248.947
1.01587	243.823	251.839
1.02168	238.806	249.667
1.02748	230.139	250.244
1.03329	231.338	241.58
1.03909	234.161	238.806
1.0449	241.58	237.705
1.0507	248.085	246.229
1.05651	247.656	247.37
1.06231	252.568	252.276
1.06812	253.884	254.031
1.07392	250.823	257.726
1.07973	258.621	263.598
1.08553	245.519	268.05
1.09134	243.261	256.982
1.09714	240.05	259.219
1.10295	231.606	254.766
1.10875	248.372
1.11456	246.942
1.12036	253.591
1.12617	252.276
1.13197	247.37
1.13778	242.419
1.14358	245.661
1.14939	251.113
1.15519	250.968
1.161	258.621
1.1668	255.946
1.17261	254.471
1.17841	252.13
1.18422	251.258
1.19002	253.298
1.19583	261.777
1.20163	266.969
1.20744	275.427
1.21324	268.36
1.21905	261.474
1.22485	262.686
1.23066	256.538
1.23646	269.603
1.24227	269.292
1.24807	279.918
1.25388	280.403
1.25968	275.586
1.26549	266.045
1.27129	263.75	430.696
1.2771	275.109	452.109
1.2829	275.905	451.326
1.28871	275.268	448.467
1.29451	285.8	460.543
1.30032	291.805	450.805
1.30612	286.295	453.416
1.31193	286.626	451.326
1.31773	292.649	450.805
1.32354	291.805	450.805
1.32934	299.489	449.765
1.33515	446.658
1.34095	435.701
1.34676	438.224
1.35256	437.971
1.35837	442.038
1.36417	440
1.36998	444.856
1.37578	430.945
1.38159	422.32
1.38739	420.373
1.3932	421.589
1.399	421.589
1.40481	440.254
1.41061	438.224
1.41642	432.941
1.42222	423.786
1.42803	438.985
1.43383	439.746
1.43964	437.213
1.44544	449.765
1.45125	464.819
1.45705	459.48
1.46286	477.06
1.46866	493.883
1.47447	473.764
1.48027	498.757
1.48608	508.355
1.49188	507.182
1.49769	481.767
1.50349	483.44
1.5093	482.603
1.5151	497.606
1.52091	499.045
1.52671	501.067
1.53252	502.516
1.53832	488.211	537.03
1.54413	498.469	548.631
1.54993	485.96	552.128
1.55574	475.135	517.241
1.56154	455.78	517.839
1.56735	450.545	516.047
1.57315	443.316	524.159
1.57896	432.441	507.475
1.58476	423.297	510.415
1.59057	428.215	510.415
1.59637	441.783	500.199
1.60218	435.952	511.595
1.60798	432.441	515.452
1.61379	431.942	526.586
1.61959	434.444	535.791
1.6254	437.719	528.414
1.6312	432.691	523.251
1.63701	420.859	531.783
1.64281	410.061	537.962
1.64862	402.086	534.554
1.65442	396.321	542.643
1.66023	381.276	528.109
1.66603	386.152	533.013
1.67184	519.637
1.67764	532.705
1.68345	514.856
1.68925	506.596
1.69506	515.749
1.70086	527.195
1.70667	534.554
1.71247	539.206
1.71828	527.805
1.72408	538.584
1.72989	548.315
1.73569	551.172
1.7415	541.704
1.7473	552.766
1.75311	550.218	432.941
1.75891	543.898	436.708
1.76472	542.33	441.528
1.77052	537.962	420.13
1.77633	544.842	407.228
1.78213	549.9	406.288
1.78794	557.899	420.616
1.79374	540.453	425.258
1.79955	528.72	424.767
1.80535	528.109	418.677
1.81116	529.331	424.521
1.81696	544.842	428.958
1.82277	552.128	415.305
1.82857	546.733	415.065
1.83438	548.948	417.711
1.84018	538.584	425.749
1.84599	526.891	442.805
1.85179	532.09	454.728
1.8576	527.5	459.746
1.8634	554.045	468.323
1.86921	546.102	462.944
1.87501	554.045	478.716
1.88082	553.725	482.882
1.88662	543.584	494.74
1.89243	536.41	496.744
1.89823	538.273	490.472
1.90404	555.006	491.606
1.90984	551.809	486.803
1.91565	538.273	497.319
1.92145	519.637	501.936
1.92726	547.998	488.211
1.93306	542.643	502.807
1.93887	540.453	514.262
1.94467	525.978	493.313
1.95048	527.805	517.839
1.95628	517.241	514.856
1.96209	527.805	529.331
1.96789	542.33	537.651
1.9737	548.315	545.786
1.9795	535.482	534.863
1.98531	520.538
1.99111	527.5
1.99692	513.372
2.00272	521.441
2.00853	522.044
2.01433	519.337
2.02014	526.586
2.02594	503.97
2.03175	486.241
2.03755	475.684
2.04336	475.959
2.04916	483.161
2.05497	491.322
2.06077	482.882	217.473
2.06658	475.135	221.914
2.07238	477.06	228.549
2.07819	454.991	215.597
2.08399	451.326	219.239
2.0898	434.946	223.587
2.0956	444.085	222.685
2.10141	436.708	220.764
2.10721	425.995	216.096
2.11302	422.076	218.48
2.11882	406.288	220.891
2.12463	406.288	219.366
2.13043	389.738	218.733
2.13624	387.717	222.043
2.14204	376.027	229.74
2.14785	375.376	227.758
2.15365	375.376	231.739
2.15946	226.708
2.16526	223.071
2.17107	219.873
2.17687	223.587
2.18268	231.873
2.18848	230.139
2.19429	229.608
2.20009	227.89
2.2059	228.022
2.2117	221.786
2.21751	223.071
2.22331	228.945
2.22912	224.234
2.23492	223.716
2.24073	218.859
2.24653	224.234
2.25234	223.975
2.25814	221.658
2.26395	219.112
2.26975	211.038
2.27556	202.792
2.28136	195.432
2.28717	194.981
2.29297	198.39
2.29878	201.624
2.30458
2.31039	325.277
2.31619	338.503
2.322	351.86
2.3278	377.551
2.33361	373.861
2.33941	387.941
2.34522	396.321
2.35102	389.738
2.35683	387.717
2.36263	388.389
2.36844	391.769
2.37424	391.091
2.38005	388.614
2.38585	386.152
2.39166	394.266
2.39746	403.715
2.40327	400.695
2.40907	400.001	412.198
2.41488	384.372	426.734
2.42068	379.08	428.215
2.42649	379.957	424.767
2.43229	367.014	411.246
2.4381	369.141	396.092
2.4439	361.753	392.222
2.44971	346.816	399.078
2.45551	349.228	394.266
2.46132	361.962	394.494
2.46712	345.616	400.463
2.47293	352.267	419.888
2.47873	343.824	419.161
2.48454	343.229	422.808
2.49034	346.415	426.981
2.49615	343.824	419.161
2.50195	355.949	423.786
2.50776	357.391	426.981
2.51356	351.251	415.065
2.51937	351.454	405.585
2.52517	350.238	412.198
2.53098	343.427	415.785
2.53678	341.252	424.276
2.54258	346.816	409.351
2.54839	334.422	407.934
2.55419	329.057	410.772
2.56	337.332	398.617
2.5658	410.297
2.57161	419.161
2.57741	422.564
2.58322	430.199
2.58902	444.342
2.59483	446.4
2.60063	427.968
2.60644	445.113
2.61224	429.206
2.61805	428.215
2.62385	443.829
2.62966	432.691
2.63546	422.32
2.64127	417.711
2.64707	418.919
2.65288	417.469
2.65868	413.39
2.66449	411.722
2.67029	413.868
2.6761	414.107
2.6819	414.107
2.68771	416.265
2.69351	423.786
2.69932	421.345
2.70512	423.786
2.71093	419.161
2.71673	425.749
2.72254	427.474
2.72834	437.466
2.73415	435.701
2.73995	418.677
2.74576	427.227
2.75156	412.674
2.75737	416.265
2.76317	422.564
2.76898	423.053
2.77478	435.197
2.78059	419.888
2.78639	416.987
2.7922	426.981
2.798	418.193
2.80381	429.702
2.80961	421.589
2.81542	415.545
2.82122	408.17
2.82703	411.484
2.83283	396.321
2.83864	383.264
2.84444	383.264
2.85025	377.769
2.85605	380.616
2.86186	386.599
2.86766	400.001
2.87347	403.482
2.87927	404.649
2.88508	387.269
2.89088	379.299
2.89669	382.6
2.90249	397.927
2.9083	387.717
2.9141	376.244
2.91991	357.804
2.92571	350.036
2.93152	367.014
2.93732	353.694
2.94313	354.717
2.94893	357.185
2.95474	346.215
2.96054	338.112
2.96635	344.619
2.97215	344.619
2.97796	336.359
2.98376	342.832
2.98957	342.832
2.99537	354.513
3.00118	371.493
3.00698	381.056
3.01279	395.635
3.01859	391.769
3.0244	384.15
3.0302	394.95
3.03601	395.178
3.04181	396.092
3.04762	383.707
3.05342	374.726
3.05923	366.379
3.06503	347.217
3.07084	350.238
3.07664	357.391
3.08245	349.43
3.08825	335.389
3.09406	320.799
3.09986	306.489
3.10567	297.764
3.11147	297.764
3.11728	286.957
3.12308	287.123
3.12889	285.14
3.13469	276.543
3.1405	280.08
3.1463	298.453
3.15211	294.174
3.15791	306.489
3.16372	297.764
3.16952	308.799
3.17533	310.409
3.18113	299.489
3.18694	293.156
3.19274	284.482
3.19855	282.68
3.20435	282.191
3.21016	279.433
3.21596	264.665
3.22177
3.22757
3.23338
3.23918
3.24499
3.25079
3.2566
3.2624
3.26821
3.27401
3.27982
3.28562
3.29143
3.29723
3.30304
3.30884
3.31465
3.32045
3.32626
3.33206
3.33787
3.34367
3.34948
3.35528
3.36109
3.36689
3.3727
3.3785
3.38431
3.39011
3.39592
3.40172	420.373
3.40753	430.945
3.41333	458.42
3.41914	465.895
3.42494	453.155
3.43075	450.284
3.43655	460.012
3.44236	437.719
3.44816	431.443
3.45397	432.441
3.45977	415.545
3.46558	409.114
3.47138	405.117
3.47719	400.001
3.48299	398.847
3.4888	392.675
3.4946	390.639
3.50041	389.063
3.50621	398.157
3.51202	384.816
3.51782	383.485
3.52363	381.938
3.52943	393.584
3.53524	392.449
3.54104	394.266
3.54685	389.063
3.55265	374.726
3.55846	371.493
3.56426	383.485
3.57007	389.513
3.57587	380.616
3.58168	395.407
3.58748	391.769
3.59329	379.518
3.59909	385.261
3.6049	382.379
3.6107	367.863
3.61651	351.657
3.62231	329.628
3.62812	326.973
3.63392	333.843
3.63973	330.581
3.64553	323.778	498.757
3.65134	323.778	534.554
3.65714	330.772	501.067
3.66295	327.729	501.646
3.66875	331.537	474.312
3.67456	329.437	491.322
3.68036	331.537	475.135
3.68617	327.351	480.933
3.69197	330.581	468.864
3.69778	336.748	460.543
3.70358	331.537	483.44
3.70939	331.154	488.211
3.71519	334.229	481.767
3.721	334.229	475.959
3.7268	346.816	470.764
3.73261	344.221	460.809
3.73841	360.085	461.342
3.74422	348.221	453.941
3.75002	338.503	451.587
3.75583	438.478
3.76163	438.224
3.76744	449.505
3.77324	444.085
3.77905	448.467
3.78485	447.691
3.79066	439.238
3.79646	436.456
3.80227	436.708
3.80807	437.719
3.81388	442.038
3.81968	440.763
3.82549	422.564
3.83129	440.763
3.8371	456.307
3.8429	441.273
3.84871	436.456
3.85451	432.691
3.86032	433.942
3.86612	441.273
3.87193	448.986
3.87773	460.809
3.88354	468.594
3.88934	468.052
3.89515	479.269
3.90095	457.362
3.90676	445.113
3.91256	440.763
3.91837	436.708
3.92417	437.719
3.92998	436.961
3.93578	422.564
3.94159	407.934
3.94739	404.415
3.9532	411.009
3.959	406.758
3.96481	399.539
3.97061	385.039
3.97642	368.927
3.98222	368.927
3.98803	367.651
3.99383	367.651
3.99964	371.923
4.00544	368.076
4.01125
4.01705
4.02286
4.02866
4.03447
4.04027
4.04608
4.05188
4.05769
4.06349
4.0693
4.0751
4.08091
4.08671
4.09252
4.09832
4.10413
4.10993
4.11574
4.12154
4.12735
4.13315
4.13896
4.14476
4.15057
4.15637
4.16218
4.16798
4.17379
4.17959
4.1854
4.1912
4.19701
4.20281
4.20862
4.21442
4.22023
4.22603
4.23184
4.23764
4.24345
4.24925
4.25506
4.26086
4.26667
4.27247
4.27828
4.28408
4.28989	410.535
4.29569	410.535
4.3015	433.692
4.3073	449.245
4.31311	455.254
4.31891	455.517
4.32472	461.609
4.33052	454.728
4.33633	449.765
4.34213	450.805
4.34794	436.961
4.35374	427.721
4.35955	420.373
4.36535	418.677
4.37116	414.586
4.37696	410.772
4.38277	411.246
4.38857	410.535
4.39438	407.228
4.40018	411.96
4.40599	429.454
4.41179	429.95
4.4176	425.995
4.4234	423.542
4.42921	431.692
4.43501	433.191
4.44082	445.113
4.44662	441.528
4.45243	434.946
4.45823	442.293
4.46404	444.599
4.46984	424.767
4.47565	425.503
4.48145	430.696	274.157
4.48726	419.888	274.316
4.49306	421.345	284.811
4.49887	422.32	297.936
4.50467	421.102	297.42
4.51048	420.13	294.344
4.51628	416.987	296.905
4.52209	421.102	289.957
4.52789	408.642	283.825
4.5337	413.151	281.214
4.5395	425.503	288.287
4.54531	418.919	288.287
4.55111	409.351	289.957
4.55692	399.539	288.787
4.56272	415.065	287.289
4.56853	412.913	283.825
4.57433	408.642	285.634
4.58014	408.17	283.007
4.58594	416.506	283.17
4.59175	426.981	282.354
4.59755	287.289
4.60336	281.214
4.60916	281.214
4.61497	272.106
4.62077	275.109
4.62658	283.989
4.63238	296.049
4.63819	290.124
4.64399	284.811
4.6498	284.811
4.6556	278.466
4.66141	283.989
4.66721	272.263
4.67302	274.633
4.67882	271.635
4.68463	279.111
4.69043	273.841
4.69624	271.635
4.70204	270.539
4.70785	263.598
4.71365	262.382
4.71946	263.445
4.72526	254.031
4.73107	258.173
4.73687	269.136
4.74268	282.191
4.74848	291.468
4.75429	288.287
4.76009	291.3
4.7659
4.7717
4.77751
4.78331
4.78912	460.012
4.79492	453.941
4.80073	450.284
4.80653	453.416
4.81234	445.885
4.81814	436.204
4.82395	438.224
4.82975	431.692
4.83556	434.193
4.84136	433.441
4.84717	434.946
4.85297	441.528
4.85878	435.449
4.86458	426.734
4.87039	420.13
4.87619	416.025
4.882	417.711
4.8878	403.948
4.89361	392.222
4.89941	386.822
4.90522	376.897
4.91102	374.294
4.91683	372.353
4.92263	372.353
4.92844	380.177
4.93424	374.294
4.94005	369.141
4.94585	357.804
4.95166	368.927
4.95746	368.927
4.96327	368.076
4.96907	382.821
4.97487	391.091
4.98068	397.697
4.98649	397.927
4.99229
4.9981
5.0039
5.00971
5.01551
5.02132
5.02712
5.03293
5.03873
5.04454
5.05034
5.05615
5.06195
5.06776
5.07356
5.07936
5.08517
5.09097
5.09678
5.10258
5.10839
5.11419
5.12
5.1258
5.13161
5.13741
5.14322
5.14902
5.15483
5.16063
5.16644
5.17225
5.17805
5.18385
5.18966	336.165
5.19546	320.984
5.20127	330.963
5.20707	333.65
5.21288	342.239
5.21868	344.023	479.269
5.22449	334.422	485.679
5.23029	326.973	479.823
5.2361	328.108	457.626
5.2419	322.844	443.829
5.24771	329.818	462.944
5.25351	326.595	460.277
5.25932	333.073	465.357
5.26512	335.777	470.22
5.27093	331.92	469.406
5.27673	316.383	471.036
5.28254	314.197	470.22
5.28834	306.844	469.406
5.29415	309.335	468.594
5.29995	313.472	465.895
5.30576	323.591	475.684
5.31156	322.658	475.959
5.31737	321.355	463.479
5.32317	327.54	458.42
5.32898	330.581	460.277
5.33478	336.554	471.036
5.34059	326.407	468.594
5.34639	325.277	468.594
5.3522	337.917	469.677
5.358	335.971	466.703
5.36381	335.389	475.959
5.36961	331.537	485.679
5.37542	331.346	484.278
5.38122	331.154	489.905
5.38703	337.527	495.598
5.39283	347.819	493.028
5.39864	357.598	492.175
5.40444	360.085	481.489
5.41025	379.738	465.626
5.41605	380.177	450.805
5.42186	385.707	432.441
5.42766	375.159	435.449
5.43347	376.027	435.701
5.43927	379.738	417.952	567.651
5.44508	381.276	417.952	529.025
5.45088	396.779	421.589	561.131
5.45669	387.046	559.189
5.46249	389.738	551.809
5.4683	374.077	547.049
5.4741	390.414	545.471
5.47991	392.902	542.957
5.48571	389.963	539.829
5.49152	374.51	533.013
5.49732	373.861	520.839
5.50313	382.6	511.891
5.50893	397.927	499.911
5.51474	386.822	481.767
5.52054	379.08	471.853
5.52635	373.645	466.164
5.53215	464.283
5.53796	466.972
5.54376	477.336
5.54957	468.323
5.55537	472.671
5.56118	471.308
5.56698	471.853	388.389
5.57279	458.155	385.484
5.57859	444.085	376.897
5.5844	428.958	376.244
5.5902	430.945	377.333
5.59601	430.199	378.205
5.60181	431.692	383.707
5.60762	446.4	392.449
5.61342	434.946	407.228
5.61923	438.478	424.767
5.62503	435.449	429.702
5.63084	449.765	444.856
5.63664	460.543	460.809
5.64245	460.809
5.64825	460.809
5.65406	471.853
5.65986	498.757	544.527
5.66567	498.757	531.783
5.67147	498.757	549.583
5.67728	495.312	533.013
5.68308	500.488	561.455
5.68889	501.646	579.913
5.69469	487.647	570.939
5.7005	484.838	554.365
5.7063	475.684	563.73
5.71211	456.307	569.951
5.71791	443.573	573.583
5.72372	454.728	565.36
5.72952	442.805	564.381
5.73533	427.721	552.128
5.74113	441.273	559.836	505.427
5.74694	412.198	553.725	508.649
5.75274	400.695	560.483	502.807
5.75855	401.854	570.939	489.623
5.76435	397.467	545.786	484.278
5.77016	403.948	541.078	480.656
5.77596	421.102	521.742	479.823
5.78177	417.952	476.509
5.78757	427.968	475.959
5.79338	433.692	467.242
5.79918	438.985	460.809
5.80499	430.447	465.895
5.81079	427.721	457.362
5.8166	437.971	452.893
5.8224	422.808	451.326
5.82821	411.722	455.517
5.83401	404.415	458.95
5.83982	416.747	450.024
5.84562	411.722	469.949
5.85143	457.891
5.85723	471.308
5.86304	476.784
5.86884	497.606
5.87465	513.965
5.88045	523.856
5.88626	517.54
5.89206	531.783
5.89787	513.075
5.90367	526.891
5.90948	557.255
5.91528	570.609
5.92109	564.707
5.92689	581.927
5.9327	578.241
5.9385	543.898
5.94431
5.95011
5.95592
5.96172
5.96753
5.97333
5.97914
5.98494
5.99075
5.99655
6.00236
6.00816
6.01397
6.01977
6.02558
6.03138
6.03719
6.04299
6.0488
6.0546
6.06041
6.06621
6.07202
6.07782
6.08363
6.08943
6.09524
6.10104
6.10685
6.11265
6.11846
6.12426
6.13007
6.13587
6.14168
6.14748
6.15329
6.15909
6.1649
6.1707
6.17651
6.18231
6.18812
6.19392
6.19973
6.20553
6.21134
6.21714
6.22295
6.22875
6.23456
6.24036	542.643
6.24617	512.483
6.25197	541.391
6.25778	514.856
6.26358	520.839
6.26939	518.737
6.27519	522.345
6.281	521.14
6.2868	510.12
6.29261	506.304
6.29841	510.71
6.30422	511.005
6.31002	512.779
6.31583	514.262
6.32163	513.075
6.32744	513.668	454.465
6.33324	506.304	454.728
6.33905	517.54	440.763
6.34485	520.538	439.238
6.35066	526.891	461.875
6.35646	533.937	479.546
6.36227	538.895	488.211
6.36807	536.72	482.324
6.37388	532.09	487.084
6.37968	523.251	477.611
6.38549	539.829	465.357
6.39129	519.937	463.211
6.3971	513.668	472.944
6.4029	504.552	470.492
6.40871	480.378	476.234
6.41451	480.378	481.767
6.42032	489.34	485.679
6.42612	478.44	480.378
6.43193	486.241	485.679
6.43773	489.057
6.44354	505.719
6.44934	498.469
6.45515	482.882
6.46095	497.893
6.46676	518.138
6.47256	522.647
6.47837	522.647
6.48417	518.737
6.48998	517.839
6.49578	535.482
6.50159	521.742
6.50739	525.675
6.5132	497.319
6.519	500.778
6.52481	516.644
6.53061	508.355
6.53642	497.606
6.54222	489.623
6.54803	506.011
6.55383	517.54
6.55964	516.942
6.56544	514.262
6.57125	500.199
6.57705	511.3
6.58286	519.037
6.58866	531.476	576.573
6.59447	549.9	594.154
6.60027	557.577	629.121
6.60608	545.471	593.811
6.61188	533.629	575.242
6.61769	536.72	588.348
6.62349	547.049	620.818
6.6293	560.483	634.229
6.6351	560.483	629.848
6.64091	572.921	619.028
6.64671	564.707	638.64
6.65252	560.159	659.255
6.65832	539.206	654.323
6.66413	546.102	626.582
6.66993	554.365	622.613
6.67574	564.707	639.009
6.68154	540.766	635.696
6.68735	545.471	631.67
6.69315	529.943	631.305
6.69896	536.72	630.94
6.70476	528.72	628.031
6.71057	524.159	634.229
6.71637	518.438	618.313
6.72218	522.345	620.101
6.72798	526.282	628.758
6.73379	528.72	650.179
6.73959	531.476	656.216
6.7454	549.265	673.886
6.7512	542.643	682.504
6.75701	541.391	677.007
6.76281	553.725	681.716
6.76862	551.172	682.11
6.77442	554.365	678.181
6.78023	571.929	676.616
6.78603	567.979	652.06
6.79184	565.687	656.595
6.79764	554.686	642.711
6.80345	547.365	626.22
6.80925	542.957	629.121
6.81506	559.512	637.166
6.82086	581.255	620.459
6.82667	556.611	633.863
6.83247	555.006	632.4
6.83828	572.59	622.254
6.84408	595.528	604.889
6.84989	606.989	599.671
6.85569	601.405	615.462
6.8615	604.889	610.858
6.8673	602.448	605.238
6.87311	602.1	599.671
6.87891	601.752	600.711
6.88472	608.393	607.691
6.89052	603.842	604.54
6.89633	596.217	594.154
6.90213	596.217	597.596
6.90794	602.796	602.448
6.91374	595.184	594.841
6.91955	579.578	567.651
6.92535	558.221	555.327
6.93116	545.471	542.957
6.93696	529.943	530.249
6.94277	535.791	522.345
6.94857	542.33	529.637
6.95438	539.829	533.937
6.96018	545.471	540.141
6.96599	527.5	540.141
6.97179	524.461	556.933
6.9776	535.172	567.323
6.9834	553.086	573.915
6.98921	553.406	568.964
6.99501	544.842	561.779
7.00082	560.483	571.599
7.00662	533.937	555.327
7.01243	536.101
7.01823	533.629
7.02404	533.937
7.02984	545.786
7.03565	525.675
7.04145	536.72
7.04726	525.371
7.05306	528.414
7.05887	544.842
7.06467	534.246
7.07048	538.584
7.07628	524.159
7.08209	514.856
7.08789	524.461
7.0937	532.09
7.0995	520.839
7.10531	514.262
7.11111	507.768
7.11692	525.068
7.12272	538.273
7.12853	546.733
7.13433	547.049
7.14014	553.086
7.14594	552.766
7.15175	555.648
7.15755	556.611
7.16336	552.766
7.16916	550.536
7.17497	560.159
7.18077	572.921
7.18658	587.669
7.19238	601.405
7.19819	576.573
7.20399	580.919
7.2098	580.919
7.2156	595.528
7.22141	606.638
7.22721	606.288
7.23302	601.405
7.23882	612.271
7.24463	604.54
7.25043	584.622
7.25624	610.858
7.26204	602.1
7.26785	593.811
7.27365	607.34
7.27946	621.535
7.28526	633.497
7.29107	632.4
7.29687	605.938
7.30268	600.711
7.30848	603.493
7.31429	608.042
7.32009	626.22
7.3259	629.121
7.3317	643.454
7.33751	631.67
7.34331	657.354
7.34912	655.837
7.35492	680.142
7.36073
7.36653
7.37234
7.37814
7.38395
7.38975
7.39556
7.40136
7.40717
7.41297
7.41878
7.42458
7.43039
7.43619
7.442
7.4478
7.45361
7.45941
7.46522
7.47102
7.47683
7.48263
7.48844
7.49424
7.50005
7.50585
7.51166
7.51746
7.52327
7.52907
7.53487
7.54068
7.54648
7.55229
7.55809
7.5639
7.56971
7.57551
7.58132
7.58712
7.59293
7.59873
7.60454
7.61034
7.61615
7.62195
7.62776
7.63356
7.63936
7.64517
7.65097
7.65678
7.66258
7.66839
7.67419
7.68
7.6858
7.69161
7.69741
7.70322
7.70902
7.71483
7.72063
7.72644
7.73224
7.73805
7.74385
7.74966
7.75546
7.76127
7.76707
7.77288
7.77868
7.78449
7.79029
7.7961
7.8019
7.80771
7.81351
7.81932
7.82512
7.83093
7.83673
7.84254	325.841
7.84834	334.615
7.85415	339.09
7.85995	346.016
7.86576	335.777
7.87156	355.127
7.87737	356.566
7.88317	359.254
7.88898	360.293
7.89478	366.379
7.90059	372.783
7.90639	385.484
7.9122	385.484
7.918	374.943
7.92381	368.714
7.92961	378.205
7.93542	373.861
7.94122	378.861
7.94703	379.957
7.95283	379.08
7.95864	380.177
7.96444	384.816
7.97025	376.679
7.97605	369.994
7.98186	387.941
7.98766	400.695
7.99347	401.854
7.99927	401.854
8.00508	403.249
8.01088	415.785
8.01669	414.825
8.02249	423.297
8.0283	414.346
8.0341	419.888
8.03991	440
8.04571	440.254
8.05152	450.545
8.05732	432.191
8.06313	435.701
8.06893	456.57
8.07474	437.466
8.08054	441.528
8.08635	448.209
8.09215	445.37
8.09796	446.4
8.10376	445.885
8.10957	449.505
8.11537	445.113
8.12118	446.142
8.12698	434.444
8.13279	453.941
8.13859	444.856
8.1444	457.891
8.1502	465.895
8.15601	487.647
8.16181	466.972
8.16762	448.986
8.17342	457.626
8.17923	461.076
8.18503	454.203
8.19084	455.517
8.19664	450.284
8.20245	461.076
8.20825	440.509
8.21406	446.658
8.21986	450.284
8.22567	450.284
8.23147	464.283
8.23728	463.479
8.24308	477.887
8.24889	468.864
8.25469	464.819
8.2605	478.163
8.2663	474.312
8.27211	484.278
8.27791	500.778
8.28372	496.744
8.28952
8.29533
8.30113
8.30694
8.31274
8.31855
8.32435
8.33016
8.33596
8.34177
8.34757
8.35338
8.35918
8.36499
8.37079
8.3766
8.3824
8.38821
8.39401
8.39982
8.40562
8.41143
8.41723
8.42304
8.42884	448.986
8.43465	450.805
8.44045	449.765
8.44626	419.645
8.45206	445.885
8.45787	428.71
8.46367	445.113
8.46948	448.209
8.47528	438.985
8.48109	438.985
8.48689	437.213
8.4927	442.549
8.4985	441.018
8.50431	444.599
8.51011	458.42
8.51592	468.864
8.52172	454.728
8.52753	447.174
8.53333	450.545
8.53914	429.454
8.54494	422.564
8.55075	409.351
8.55655	403.249
8.56236	415.065
8.56816	402.783
8.57397	389.063
8.57977	391.091
8.58558	389.738
8.59138	385.707
8.59719	371.708
8.60299	377.115
8.6088	380.396
8.6146	388.165
8.62041	404.883
8.62621	418.193
8.63202	429.702
8.63782	411.009
8.64363	414.346
8.64943	402.551
8.65524	411.96
8.66104	398.617
8.66685	406.758
8.67265	424.767
8.67846	434.193
8.68426	424.767
8.69007	427.227
8.69587	425.012
8.70168	421.589
8.70748	430.945
8.71329	447.691
8.71909	444.856
8.7249	462.676
8.7307	472.398
8.73651	478.163
8.74231	463.211
8.74812	453.941
8.75392	457.891
8.75973	460.809
8.76553	456.57
8.77134	452.37
8.77714	438.224
8.78295	436.708
8.78875	417.469
8.79456	409.351
8.80036	407.934
8.80617	409.114
8.81197	408.406
8.81778	400.232
8.82358	401.158
8.82939	404.415	315.288
8.83519	404.415	326.595
8.841	421.589	308.799
8.8468	417.469	307.198
8.85261	428.71	302.619
8.85841	448.209	310.23
8.86422	439.492	305.076
8.87002	440.509	306.844
8.87583	448.467	308.265
8.88163	448.209	315.835
8.88744	443.829	314.379
8.89324	462.409	307.376
8.89905	465.626	320.984
8.90485	455.517	316.017
8.91066	437.466	310.051
8.91646	441.018	314.016
8.92227	440.254	299.489
8.92807	426.981	297.936
8.93388	421.345	299.662
8.93968	426.981	295.366
8.94549	419.888	290.292
8.95129	424.276	296.905
8.9571	435.449	295.878
8.9629	423.786	301.921
8.96871	438.224	303.67
8.97451	302.619
8.98032	300.876
8.98612	297.592
8.99193	296.905
8.99773	293.834
9.00354	290.795
9.00934	297.936
9.01515	292.142
9.02095	292.649
9.02676	289.622
9.03256	290.963
9.03837	293.495
9.04417	290.795
9.04998	286.461
9.05578	300.529
9.06159	305.429
9.06739	296.22
9.0732	302.794
9.079	305.605
9.08481	305.605
9.09061	305.253
9.09642	300.876
9.10222	302.27
9.10803	295.707
9.11383	296.734
9.11964	297.249
9.12544	297.764
9.13125	297.592
9.13705	294.344
9.14286	300.529
9.14866	301.921
9.15447	297.764
9.16027	298.453
9.16608	286.792
9.17188	296.049
9.17769	297.42
9.18349	310.23
9.1893	303.845
9.1951	316.931
9.20091	306.844
9.20671	295.025
9.21252	286.792
9.21832	276.863
9.22413	273.367
9.22993
9.23574
9.24154
9.24735
9.25315
9.25896
9.26476
9.27057
9.27637
9.28218
9.28798
9.29379
9.29959
9.3054
9.3112
9.31701
9.32281
9.32862
9.33442
9.34023
9.34603
9.35184
9.35764
9.36345
9.36925
9.37506
9.38086
9.38667
9.39247
9.39828
9.40408
9.40989
9.41569
9.4215
9.4273
9.43311
9.43891
9.44472
9.45052
9.45633
9.46213
9.46794
9.47374
9.47955
9.48535
9.49116
9.49696
9.50277
9.50857
9.51438
9.52018
9.52599
9.53179
9.5376
9.5434
9.54921
9.55501
9.56082
9.56662
9.57243
9.57823
9.58404
9.58984
9.59565
9.60145
9.60726
9.61306
9.61887
9.62467
9.63048
9.63628
9.64209
9.64789
9.6537
9.6595
9.66531
9.67111
9.67692
9.68272
9.68853
9.69433
9.70014
9.70594
9.71175
9.71755
9.72336
9.72916
9.73497
9.74077
9.74658
9.75238
9.75819
9.76399
9.7698
9.7756
9.78141
9.78721
9.79302
9.79882
9.80463
9.81043
9.81624
9.82204
9.82785
9.83365
9.83946
9.84526
9.85107
9.85687
9.86268
9.86848
9.87429
9.88009
9.8859
9.8917
9.89751
9.90331
9.90912
9.91492
9.92073
9.92653
9.93234
9.93814
9.94394
9.94975
9.95555
9.96136
9.96716
9.97297
9.97878
9.98458
9.99039
9.99619
10.002
10.0078
10.0136
10.0194
10.0252
10.031
10.0368
10.0426
10.0484
10.0542
10.06
10.0659
10.0717
10.0775
10.0833
10.0891
10.0949
10.1007
10.1065
10.1123
10.1181
10.1239
10.1297
10.1355
10.1413
10.1471
10.1529
10.1587
10.1645
10.1703
10.1761
10.1819
10.1878
10.1936
10.1994
10.2052
10.211
10.2168
10.2226	387.941
10.2284	375.593	434.946
10.2342	384.372	466.703
10.24	381.276	472.944
10.2458	383.485	475.409
10.2516	374.726	444.856
10.2574	367.863	435.197
10.2632	366.591	435.952
10.269	370.636	450.545
10.2748	369.141	438.478
10.2806	380.836	441.018
10.2864	392.675	447.433
10.2922	385.039	445.885
10.298	387.046	456.043
10.3039	381.497	464.015
10.3097	393.356	462.676
10.3155	411.009	451.326
10.3213	416.506	455.254
10.3271	429.454	441.273
10.3329	447.691	445.627
10.3387	447.691	429.95
10.3445	447.691	431.692
10.3503	447.691	432.941
10.3561	445.885
10.3619	441.273
10.3677	435.952
10.3735	431.443
10.3793	451.065
10.3851	451.326
10.3909	444.085
10.3967	439.238	356.772
10.4025	421.345	341.449
10.4083	423.053	333.265
10.4141	427.968	337.527
10.42	413.629	339.679
10.4258	409.351	333.073
10.4316	423.786	323.03
10.4374	431.692	328.297
10.4432	438.985	331.729
10.449	438.731	344.818
10.4548	446.4	341.252
10.4606	430.447	344.619
10.4664	421.833	331.154
10.4722	411.96	339.286
10.478	413.151	338.308
10.4838	402.318	338.308
10.4896	335.583
10.4954	329.057
10.5012	327.162
10.507	325.089
10.5128	327.351
10.5186	328.487
10.5244	330.199
10.5302	321.727
10.5361	320.799
10.5419	331.154
10.5477	322.844
10.5535	324.339
10.5593	330.963
10.5651	337.722
10.5709	344.023
10.5767	343.427
10.5825	346.616
10.5883	353.899
10.5941	340.858
10.5999	350.036
10.6057	345.018
10.6115	347.819
10.6173	345.217
10.6231	334.615
10.6289	338.699
10.6347	344.023
10.6405	342.634
10.6463	335.971
10.6522	349.027
10.658	339.286
10.6638	341.449
10.6696	335.196
10.6754	326.218
10.6812	326.407
10.687	328.108
10.6928	315.835
10.6986	328.487
10.7044	327.918
10.7102	322.658
10.716	330.009
10.7218	326.973
10.7276	326.973
10.7334	329.437
10.7392	343.824
10.745	349.834
10.7508	355.127
10.7566	354.717
10.7624	356.978
10.7683	359.046
10.7741	359.461
10.7799	369.141
10.7857	378.205
10.7915	399.308
10.7973	393.356
10.8031	409.351	456.043
10.8089	406.758	452.631
10.8147	414.825	465.088
10.8205	432.941	471.308
10.8263	430.945	484.278
10.8321	430.945	456.834
10.8379	455.254
10.8437	447.95
10.8495	446.142
10.8553	441.273
10.8611	457.362
10.8669	448.209
10.8727	439.492
10.8785	430.696
10.8844	433.692
10.8902	446.658
10.896	432.691
10.9018	433.692
10.9076	434.193
10.9134	434.193
10.9192	425.503
10.925	425.995
10.9308	440.254
10.9366	442.038
10.9424	440
10.9482	441.528
10.954	443.829
10.9598	436.204
10.9656	423.786
10.9714	423.786
10.9772	419.403
10.983	401.158
10.9888	407.934
10.9946	405.585
11.0005	407.228
11.0063	406.054
11.0121	418.919
11.0179	420.859
11.0237	418.193
11.0295	424.276
11.0353	421.589
11.0411	412.674
11.0469	414.586
11.0527	414.346
11.0585	407.934
11.0643	403.016
11.0701	410.772
11.0759	405.585
11.0817	395.407
11.0875	395.635
11.0933	392.902
11.0991	396.55
11.1049	394.722
11.1107	400.463
11.1166	395.407
11.1224	389.513
11.1282	393.356
11.134	405.117
11.1398	406.523
11.1456	400.001
11.1514	406.054
11.1572	405.585
11.163	397.467
11.1688	391.317
11.1746	391.543
11.1804	392.675
11.1862	387.046
11.192	378.205
11.1978	394.95
11.2036	407.228
11.2094	390.865
11.2152	382.379
11.221	383.928
11.2268	384.594
11.2327	377.769
11.2385	378.861
11.2443	385.039
11.2501	377.987
11.2559	371.708
11.2617	386.822
11.2675	383.042
11.2733	373.645
11.2791	381.497
11.2849	383.485
11.2907	391.543
11.2965	387.269
11.3023	380.836
11.3081	392.449
11.3139	392.449
11.3197	387.941
11.3255	386.375
11.3313	383.707
11.3371	379.738
11.3429	393.584
11.3488	398.847
11.3546	392.222
11.3604	383.264
11.3662	384.594
11.372	386.375
11.3778	387.269
11.3836	390.414
11.3894	398.387
11.3952	384.594
11.401	379.738
11.4068	388.165
11.4126	390.865
11.4184	386.152
11.4242	386.375
11.43	390.188
11.4358	394.722
11.4416	387.269
11.4474	385.261
11.4532	396.092
11.459	392.675
11.4649	391.995
11.4707	393.129
11.4765	393.356
11.4823	391.769
11.4881	385.261
11.4939	382.379
11.4997	391.769
11.5055	406.523
11.5113	409.587
11.5171	417.952
11.5229	399.078
11.5287	391.543
11.5345	393.356
11.5403	386.375
11.5461	398.617
11.5519	383.928
11.5577	381.056
11.5635	389.738
11.5693	385.707
11.5751	386.599
11.581	393.584
11.5868	399.77
11.5926	413.39
11.5984	403.948
11.6042	398.847
11.61	387.717
11.6158	387.493
11.6216	390.414
11.6274	389.738
11.6332	388.614
11.639	395.178
11.6448	391.769
11.6506	388.389
11.6564	392.222
11.6622	393.584
11.668	399.078
11.6738	401.622
11.6796	419.161
11.6854	415.065
11.6912	407.228
11.6971	407.228
11.7029	398.157
11.7087	393.129
11.7145	403.482
11.7203	396.55
11.7261	396.55
11.7319	388.838
11.7377	387.493
11.7435	378.205
11.7493	377.333
11.7551	390.639
11.7609	391.317
11.7667	374.51
11.7725	367.014
11.7783	358.632
11.7841	381.056
11.7899	388.389
11.7957	394.494
11.8015	402.318
11.8073	389.513
11.8132	388.838
11.819	391.769
11.8248	400.695
11.8306	399.539
11.8364	392.675
11.8422	398.157
11.848	397.467
11.8538	391.317
11.8596	398.157
11.8654	396.321
11.8712	396.321
11.877	394.494
11.8828	394.722
11.8886	390.414
11.8944	389.963
11.9002	400.001
11.906	400.001
11.9118	406.523
11.9176	426.981
11.9234	436.961
11.9293	436.961
11.9351	436.204
11.9409	433.942
11.9467	430.447
11.9525	446.916
11.9583	451.326
11.9641	443.573
11.9699	442.549
11.9757	442.293
11.9815	439.746
11.9873	447.174
11.9931	440
11.9989	417.952
12.0047	416.987
12.0105	428.958
12.0163	448.209
12.0221	456.834
12.0279	448.727
12.0337	455.517
12.0395	469.949
12.0454	451.848
12.0512	445.627
12.057	455.517
12.0628	451.848
12.0686	442.549
12.0744	438.731
12.0802	441.018	295.878
12.086	451.326	300.355
12.0918	447.691	294.174
12.0976	434.946	301.398
12.1034	429.454	282.028
12.1092	436.708	295.707
12.115	444.856	291.468
12.1208	440	298.971
12.1266	437.719	302.444
12.1324	425.012	295.366
12.1382	427.227	286.792
12.144	427.721	287.123
12.1498	427.227	281.214
12.1556	445.885	280.727
12.1615	451.848	288.287
12.1673	462.944	293.156
12.1731	477.887	295.537
12.1789	500.488	292.987
12.1847	506.889	291.131
12.1905	280.89
12.1963	293.495
12.2021	301.224
12.2079	295.366
12.2137	297.249
12.2195	291.805
12.2253	288.953
12.2311	288.62
12.2369	286.626
12.2427	301.224
12.2485	301.572
12.2543	301.398
12.2601	298.625
12.2659	291.973
12.2717	289.622
12.2776	291.805
12.2834	290.292
12.2892	293.834
12.295	301.224
12.3008	301.05
12.3066	298.971
12.3124	298.971
12.3182	297.764
12.324	303.144
12.3298	305.959
12.3356	316.383
12.3414	316.748
12.3472	314.379
12.353	325.465
12.3588	322.658
12.3646	317.848
12.3704	303.67
12.3762	291.131
12.382	288.287
12.3878	282.517
12.3937	271.792
12.3995	262.231
12.4053	262.231
12.4111
12.4169
12.4227
12.4285
12.4343
12.4401
12.4459
12.4517
12.4575
12.4633
12.4691
12.4749
12.4807
12.4865
12.4923
12.4981
12.5039
12.5098
12.5156
12.5214
12.5272
12.533
12.5388
12.5446
12.5504
12.5562
12.562
12.5678
12.5736
12.5794
12.5852
12.591
12.5968
12.6026
12.6084
12.6142
12.62
12.6258
12.6317
12.6375
12.6433	431.942
12.6491	411.722
12.6549	419.645
12.6607	419.888
12.6665	427.721
12.6723	430.447
12.6781	432.941
12.6839	435.701
12.6897	437.719
12.6955	433.191
12.7013	429.702
12.7071	440
12.7129	451.587
12.7187	450.545
12.7245	455.517
12.7303	441.273
12.7361	433.191
12.742	432.441
12.7478	424.767
12.7536	431.692
12.7594	431.942
12.7652	437.213
12.771	438.731
12.7768	423.542
12.7826	411.484
12.7884	413.39
12.7942	412.674
12.8	412.674
12.8058	400.232
12.8116	394.95
12.8174	392.222
12.8232	387.717
12.829	389.513
12.8348	383.485
12.8406	387.269
12.8464	385.929
12.8522	397.238
12.858	395.407
12.8639	390.188
12.8697	389.963
12.8755	385.261
12.8813	370.208
12.8871	381.717
12.8929	387.269	352.471
12.8987	386.822	345.217
12.9045	389.513	335.196
12.9103	388.614	333.265
12.9161	401.39	316.748
12.9219	410.297	318.583
12.9277	400.232	319.32
12.9335	401.622	335.002
12.9393	409.824	329.437
12.9451	396.321	327.351
12.9509	382.821	323.965
12.9567	382.158	321.541
12.9625	386.599	320.614
12.9683	392.675	325.277
12.9741	381.056	335.777
12.98	396.092	329.437
12.9858	391.091	332.88
12.9916	410.061	326.407
12.9974	332.304
13.0032	331.729
13.009	335.971
13.0148	335.777
13.0206	338.503
13.0264	337.722
13.0322	347.217
13.038	348.422
13.0438	333.458
13.0496	331.154
13.0554	335.196
13.0612	340.268
13.067	340.268	420.13
13.0728	338.895	435.952
13.0786	342.239	441.783
13.0844	341.646	439.492
13.0902	338.308	434.193
13.0961	334.615	436.961
13.1019	324.527	435.701
13.1077	327.162	413.39
13.1135	330.199	419.645
13.1193	315.835	414.107
13.1251	315.835	409.824
13.1309	313.834	400.463
13.1367	323.217	393.129
13.1425	320.429	393.811
13.1483	327.162	389.513
13.1541	334.809	369.781
13.1599	324.152	383.485
13.1657	338.308	377.115
13.1715	336.748	377.333
13.1773	329.628	374.077
13.1831	321.541	377.115
13.1889	309.156	383.707
13.1947	383.042
13.2005	369.781
13.2063	360.293
13.2122	372.353
13.218	381.497
13.2238	376.462
13.2296	372.783
13.2354	363.009
13.2412	354.103
13.247	337.332
13.2528	333.458
13.2586	327.729
13.2644	334.229
13.2702	341.844
13.276	341.844
13.2818	342.832
13.2876	330.009
13.2934	323.591
13.2992	320.614
13.305	319.505
13.3108	314.742
13.3166	304.548
13.3224	296.22	558.221
13.3283	296.22	530.862
13.3341	283.007	535.791
13.3399	283.007	529.943
13.3457	266.045	528.414
13.3515	264.665	545.786
13.3573	512.187
13.3631	507.768
13.3689	493.598
13.3747	499.045
13.3805	482.046
13.3863	470.22
13.3921	454.465
13.3979	444.342
13.4037	435.701
13.4095	414.346
13.4153	404.415
13.4211	391.769
13.4269	394.039
13.4327	392.902
13.4385	385.039
13.4444	386.822
13.4502	387.717
13.456	381.056
13.4618	376.244
13.4676	392.902
13.4734	396.779
13.4792	397.467
13.485	398.617
13.4908	393.129
13.4966	388.614
13.5024	388.614
13.5082	389.963
13.514	384.372
13.5198	379.299	328.487
13.5256	372.999	329.437
13.5314	379.518	326.03
13.5372	369.354	327.729	435.701
13.543	363.428	330.009	442.293
13.5488	379.957	330.39	441.273
13.5546	374.077	334.809	431.692
13.5605	384.15	339.875	422.32
13.5663	395.635	350.643	430.945
13.5721	402.783	363.428	462.142
13.5779	407.934	363.428	454.728
13.5837	404.649	349.43	459.48
13.5895	390.865	343.229	448.727
13.5953	391.091	342.041	432.191
13.6011	393.356	332.304	449.505
13.6069	392.902	339.09	437.719
13.6127	388.389	333.65	441.528
13.6185	394.494	332.496	445.113
13.6243	401.622	331.537	433.942
13.6301	388.389	332.496	429.95
13.6359	378.643	340.071	418.193
13.6417	381.276	334.615	426.241
13.6475	376.244	335.196
13.6533	379.518	348.221
13.6591	383.042	349.43
13.6649	378.424	358.011
13.6707	388.614	346.215
13.6766	352.267
13.6824	348.02
13.6882	357.804
13.694	361.962
13.6998	352.064
13.7056	357.598
13.7114	350.238
13.7172	347.618
13.723	335.002
13.7288	342.437
13.7346	340.858
13.7404	335.002
13.7462	331.92
13.752	346.816
13.7578	336.943
13.7636	332.112
13.7694	336.748
13.7752	339.482
13.781	325.089
13.7868	325.277
13.7927	327.729
13.7985	332.688	308.799
13.8043	348.02	304.021
13.8101	333.65	300.182
13.8159	331.346	285.305
13.8217	327.351	287.455
13.8275	333.843	289.12
13.8333	339.286	277.503
13.8391	343.824	279.111
13.8449	346.616	281.865
13.8507	356.155	288.62
13.8565	337.917	292.48
13.8623	340.071	290.292
13.8681	341.844	291.805
13.8739	331.154	282.028
13.8797	334.615	277.984
13.8855	339.286	273.367
13.8913	330.199	285.14
13.8971	331.92	289.287
13.9029	326.407	282.843
13.9088	340.268	297.764
13.9146	326.973	301.398
13.9204	310.947
13.9262	298.625
13.932	291.3
13.9378	287.455
13.9436	285.965
13.9494	291.973
13.9552	293.495
13.961	293.834
13.9668	299.489
13.9726	295.195
13.9784	299.835
13.9842	302.619
13.99	296.22	262.382
13.9958	288.787	252.13
14.0016	296.22	249.523
14.0074	303.144	251.985
14.0132	305.253	247.942
14.019	300.009	259.518
14.0249	298.625	265.278
14.0307	301.224	277.663
14.0365	296.049	277.824
14.0423	298.625	273.999
14.0481	295.025	282.843
14.0539	305.076	277.343
14.0597	310.051	280.89
14.0655	318.215	273.367
14.0713	320.244	265.738
14.0771	314.924	272.893
14.0829	316.2	268.515
14.0887	326.407	271.635
14.0945	323.217	265.584
14.1003	320.614	269.915
14.1061	320.429	260.871
14.1119	320.244	256.538
14.1177	310.588	249.811
14.1235	301.398	245.661
14.1293	305.605	250.968
14.1351	311.307	250.1
14.141	246.942
14.1468	258.919
14.1526	264.665
14.1584	274.791
14.1642	283.17
14.17	290.124
14.1758
14.1816
14.1874
14.1932
14.199
14.2048
14.2106
14.2164
14.2222
14.228
14.2338
14.2396
14.2454
14.2512
14.2571
14.2629
14.2687
14.2745	333.843
14.2803	337.917
14.2861	353.899
14.2919	357.391
14.2977	334.229
14.3035	339.482
14.3093	326.595
14.3151	346.215
14.3209	334.229
14.3267	339.679
14.3325	344.619
14.3383	342.437
14.3441	341.449
14.3499	348.624
14.3557	348.422
14.3615	340.268
14.3673	336.943
14.3732	335.777
14.379	344.818
14.3848	341.646
14.3906	348.221
14.3964	351.454
14.4022	358.218
14.408	361.335
14.4138	352.674
14.4196	349.834
14.4254	351.454
14.4312	354.103
14.437	353.49
14.4428	360.709
14.4486	370.422
14.4544	360.085
14.4602	354.103
14.466	367.227
14.4718	375.159
14.4776	382.821
14.4834	372.783
14.4893	386.822
14.4951	379.957
14.5009	368.076
14.5067	361.126
14.5125	364.901	440.509
14.5183	376.027	435.701
14.5241	370.85	442.038
14.5299	362.171	449.245
14.5357	347.618	443.06
14.5415	343.229	438.731
14.5473	330.199	440
14.5531	330.199	439.238
14.5589	325.277	437.719
14.5647	333.458	446.916
14.5705	343.031	448.467
14.5763	335.777	451.587
14.5821	328.487	452.631
14.5879	326.595	445.37
14.5937	335.389	441.018
14.5995	329.437	441.273
14.6054	336.748	445.885
14.6112	337.722	446.142
14.617	345.416	440.509
14.6228	344.42	427.474
14.6286	331.537	430.945
14.6344	327.162	435.449
14.6402	337.917	431.194
14.646	341.844	432.941
14.6518	349.228	426.487
14.6576	347.417	429.702
14.6634	358.425	429.206
14.6692	364.901	451.326
14.675	346.816	443.573
14.6808	363.218	426.981
14.6866	367.014	421.589
14.6924	376.679	433.942
14.6982	360.085	439.238
14.704	350.846	454.465
14.7098	359.461	464.551
14.7156	368.076
14.7215	363.848
14.7273	367.863
14.7331	382.6
14.7389	379.957
14.7447	382.158
14.7505	382.158
14.7563	388.165
14.7621	403.249
14.7679	411.009
14.7737	405.585
14.7795	410.297
14.7853	419.161
14.7911	419.161
14.7969	405.351
14.8027	400.463	362.38
14.8085	411.96	380.616
14.8143	411.722	377.333
14.8201	425.749	381.497
14.8259	420.616	381.276
14.8317	427.474	385.929
14.8376	433.191	375.159
14.8434	431.443	394.494
14.8492	441.528	394.266
14.855	431.942	394.722
14.8608	441.018	383.928
14.8666	457.098	384.594
14.8724	465.626	378.861
14.8782	447.95	389.738
14.884	434.444	386.375
14.8898	425.749	381.938
14.8956	418.677	388.389
14.9014	387.493
14.9072	384.816
14.913	385.261
14.9188	382.6
14.9246	380.177
14.9304	372.138
14.9362	379.957
14.942	393.811
14.9478	392.675
14.9537	399.308
14.9595	391.091
14.9653	385.707
14.9711	371.708
14.9769	372.999
14.9827	371.279
14.9885	359.461
14.9943	353.694
15.0001	356.772
15.0059	349.228
15.0117	362.799
15.0175	353.49
15.0233	375.81
15.0291	377.551
15.0349	394.95
15.0407	394.95
15.0465	395.407
15.0523	393.356
15.0581	406.993
15.0639	394.95
15.0697	395.864
15.0756	393.356
15.0814	379.957
15.0872	387.493
15.093	380.616
15.0988	383.928
15.1046	376.679
15.1104	394.039
15.1162	395.407
15.122	383.042
15.1278	371.279
15.1336	383.264
15.1394	384.372
15.1452	386.599
15.151	390.414
15.1568	390.865
15.1626	388.838
15.1684	403.016
15.1742	400.463
15.18	400.463
15.1859	383.928
15.1917	399.539
15.1975	409.114
15.2033	399.77
15.2091	406.288
15.2149	395.635
15.2207	382.158
15.2265	387.046
15.2323	370.85
15.2381	376.244
15.2439	373.43
15.2497	371.493
15.2555	383.042
15.2613	389.963
15.2671	401.158
15.2729	384.594
15.2787	372.353
15.2845	365.956
15.2903	377.769
15.2961	381.717
15.3019	382.6
15.3078	379.299
15.3136	392.222
15.3194	389.288
15.3252	395.864
15.331	393.356
15.3368	408.406
15.3426	423.297
15.3484	411.722
15.3542	409.114
15.36	404.415
15.3658	384.816
15.3716	388.389
15.3774	383.264
15.3832	376.679
15.389	379.957
15.3948	381.938
15.4006	366.591
15.4064	369.994
15.4122	361.544
15.418	351.86
15.4239	341.449
15.4297	334.229
15.4355	336.943
15.4413	328.487
15.4471	327.351
15.4529	338.503
15.4587	333.265
15.4645	338.112
15.4703	341.055
15.4761	349.228
15.4819	352.267
15.4877	357.804
15.4935	379.299
15.4993	381.276
15.5051	393.811
15.5109	393.129
15.5167	381.938
15.5225	373.645
15.5283	380.836
15.5341	387.046
15.54	397.009
15.5458	378.643
15.5516	373.43
15.5574	385.929
15.5632	388.389
15.569	380.396
15.5748	390.865
15.5806	389.288
15.5864	384.372
15.5922	390.188
15.598	377.769
15.6038	387.493
15.6096	380.396
15.6154	390.865
15.6212	397.927
15.627	388.165
15.6328	394.039
15.6386	398.617
15.6444	403.715
15.6502	393.356
15.6561	392.449
15.6619	397.009
15.6677	395.635
15.6735	390.188
15.6793	382.821
15.6851	387.269
15.6909	378.861
15.6967	397.467
15.7025	379.957
15.7083	385.261
15.7141	387.941
15.7199	388.614
15.7257	387.269
15.7315	389.513
15.7373	388.614
15.7431	385.039
15.7489	383.928
15.7547	382.158
15.7605	383.707
15.7663	380.836
15.7722	374.726
15.778	374.294
15.7838	379.738
15.7896	372.568
15.7954	369.141
15.8012	366.803
15.807	376.027
15.8128	394.266
15.8186	395.864
15.8244	404.649
15.8302	382.821
15.836	379.518
15.8418	379.738
15.8476	377.115
15.8534	373.214
15.8592	372.353
15.865	376.244
15.8708	361.753
15.8766	369.567
15.8824	377.115
15.8883	385.039
15.8941	386.152
15.8999	390.188
15.9057	389.738
15.9115	386.375
15.9173	401.39
15.9231	401.158
15.9289	393.811
15.9347	385.039
15.9405	401.854
15.9463	410.061
15.9521	403.016
15.9579	399.308
15.9637	399.078
15.9695	409.587
15.9753	407.228
15.9811	424.521
15.9869	426.487
15.9927	413.39
15.9985	411.722
16.0044	415.305
16.0102	425.012
16.016	425.503
16.0218	421.345
16.0276	439.492
16.0334	449.505
16.0392
16.045
16.0508
16.0566
16.0624
16.0682
16.074
16.0798
16.0856
16.0914
16.0972
16.103
16.1088
16.1146
16.1205
16.1263
16.1321
16.1379
16.1437
16.1495
16.1553
16.1611
16.1669
16.1727
16.1785
16.1843
16.1901
16.1959
16.2017
16.2075
16.2133
16.2191
16.2249
16.2307
16.2366
16.2424
16.2482
16.254
16.2598
16.2656
16.2714
16.2772
16.283
16.2888
16.2946
16.3004
16.3062
16.312
16.3178
16.3236
16.3294
16.3352
16.341
16.3468
16.3527
16.3585
16.3643
16.3701
16.3759
16.3817
16.3875
16.3933
16.3991
16.4049
16.4107
16.4165
16.4223	387.269
16.4281	389.063
16.4339	391.769
16.4397	378.861
16.4455	381.717
16.4513	396.321
16.4571	389.063
16.4629	399.539
16.4688	409.587
16.4746	413.868
16.4804	409.114
16.4862	408.406
16.492	422.808
16.4978	406.054
16.5036	404.182
16.5094	405.585
16.5152	413.39
16.521	424.031
16.5268	440
16.5326	450.284
16.5384	453.155
16.5442	446.658
16.55	453.941
16.5558	460.012
16.5616	451.326
16.5674	432.691
16.5732	420.373
16.579	416.025
16.5849	406.054
16.5907	416.506
16.5965	423.297
16.6023	438.224
16.6081	432.191
16.6139	424.031
16.6197	418.193
16.6255	435.701
16.6313	430.696
16.6371	425.503
16.6429	418.193
16.6487	401.622
16.6545	414.107
16.6603	412.674
16.6661	413.39
16.6719	416.506
16.6777	414.107
16.6835	429.454	343.229
16.6893	409.351	355.743
16.6951	399.539	346.215
16.701	399.539	359.461
16.7068	393.584	379.08
16.7126	363.428
16.7184	370.85
16.7242	381.717
16.73	368.289
16.7358	370.422
16.7416	367.227
16.7474	369.567
16.7532	355.743
16.759	367.014
16.7648	371.065
16.7706	378.861
16.7764	398.847
16.7822	404.883
16.788	401.39
16.7938	390.865
16.7996	375.81
16.8054	369.141
16.8112	381.276
16.8171	372.783
16.8229	363.638
16.8287	366.379
16.8345	365.745
16.8403	349.43
16.8461	336.554
16.8519	341.252
16.8577	341.449
16.8635	333.843
16.8693	353.082
16.8751	357.185
16.8809	348.221
16.8867	349.228
16.8925	347.217
16.8983	332.88
16.9041	341.252
16.9099	350.238
16.9157	345.416
16.9215	351.251
16.9273	343.824
16.9332	329.628
16.939	325.089
16.9448	326.218
16.9506	327.729
16.9564	334.229
16.9622	336.554
16.968	325.465
16.9738	324.902
16.9796	339.482
16.9854	345.816
16.9912	336.165
16.997	339.286
17.0028	337.137
17.0086	327.351
17.0144	326.784
17.0202	330.772
17.026	337.332
17.0318	332.112
17.0376	344.221
17.0434	352.471
17.0493	345.416
17.0551	346.415
17.0609	339.875
17.0667	336.359
17.0725	340.661
17.0783	339.286
17.0841	347.417
17.0899	343.031
17.0957	343.229
17.1015	342.832
17.1073	346.016
17.1131	348.02
17.1189	332.88
17.1247	338.503
17.1305	348.221
17.1363	350.238
17.1421	352.674
17.1479	351.454
17.1537	339.679
17.1595	343.427
17.1654	327.918
17.1712	331.346
17.177	339.09
17.1828	342.239
17.1886	335.583
17.1944	323.778
17.2002	323.217
17.206	330.39
17.2118	322.471
17.2176	322.099
17.2234	320.614
17.2292	323.591
17.235	315.106
17.2408	323.965
17.2466	332.688
17.2524	344.42
17.2582	332.304
17.264	319.505
17.2698	319.505
17.2756	316.931
17.2815	328.867
17.2873	335.777
17.2931	335.389
17.2989	338.895
17.3047	337.332
17.3105	329.628
17.3163	336.943
17.3221	335.389
17.3279	339.09
17.3337	337.527
17.3395	334.036
17.3453	338.308
17.3511	339.09
17.3569	337.917
17.3627	339.679
17.3685	321.727
17.3743	336.359
17.3801	330.581
17.3859	334.615	375.593
17.3917	332.688	385.261
17.3976	341.844	392.675
17.4034	346.215	394.039
17.4092	345.416	390.865
17.415	336.165	382.821
17.4208	332.88	380.177
17.4266	324.527	369.781
17.4324	326.218	361.753
17.4382	374.51
17.444	365.322
17.4498	363.428
17.4556	371.279
17.4614	375.159
17.4672	374.294
17.473	384.816
17.4788	384.594
17.4846	377.987
17.4904	373.861
17.4962	378.205
17.502	379.957
17.5078	365.111
17.5137	363.428
17.5195	368.501
17.5253	380.177
17.5311	389.288
17.5369	373.43
17.5427	376.679
17.5485	373.861
17.5543	385.039
17.5601	380.616
17.5659	377.769
17.5717	379.957
17.5775	380.616
17.5833	379.299
17.5891	381.717
17.5949	372.783
17.6007	372.783
17.6065	371.923
17.6123	371.923
17.6181	371.493
17.6239	369.994
17.6297	368.714
17.6356	375.159
17.6414	371.279
17.6472	370.422
17.653	371.708
17.6588	366.379
17.6646	377.551
17.6704	373.645
17.6762	377.333
17.682	383.264
17.6878	400.463
17.6936	410.772
17.6994	423.542
17.7052	423.542
17.711	434.695
17.7168	438.478
17.7226	431.443
17.7284	436.961
17.7342	441.018
17.74	434.695
17.7458	432.691
17.7517	436.961	374.726
17.7575	442.805	373.645
17.7633	441.783	369.567
17.7691	427.474	370.85
17.7749	436.708	369.994
17.7807	435.197	379.957
17.7865	438.478	394.494
17.7923	430.945	384.15
17.7981	438.731	373.43
17.8039	441.018	367.863
17.8097	440.509	359.461
17.8155	437.719	352.064
17.8213	427.721	355.538
17.8271	425.503	358.011
17.8329	436.961	353.899
17.8387	456.834	349.027
17.8445	452.631	349.834
17.8503	437.466	359.669
17.8561	440.763	358.425
17.8619	423.786	356.155
17.8678	423.297	360.918
17.8736	419.888	354.922
17.8794	409.351	358.011
17.8852	416.747	345.018
17.891	347.016
17.8968	351.048
17.9026	350.846
17.9084	347.417
17.9142	349.027
17.92	345.616
17.9258	345.217
17.9316	361.962
17.9374	365.745
17.9432	362.38
17.949	351.454
17.9548	355.949
17.9606	350.643
17.9664	350.643
17.9722	345.416
17.9781	351.454
17.9839	354.103
17.9897	342.437
17.9955	341.844
18.0013	335.002
18.0071	346.616
18.0129	349.228
18.0187	356.155
18.0245	354.513
18.0303	353.899
18.0361	352.064
18.0419	353.082
18.0477	341.252
18.0535	342.437
18.0593	347.417
18.0651	343.625
18.0709	343.031
18.0767	344.619
18.0825	342.239
18.0883	345.816
18.0941	360.918
18.1	356.155
18.1058	352.471
18.1116	352.471
18.1174	356.566
18.1232	348.221
18.129	346.415
18.1348	355.333
18.1406	348.422
18.1464	349.632
18.1522	337.917
18.158	328.677
18.1638	338.112
18.1696	351.454
18.1754	360.709
18.1812	358.425
18.187	349.632
18.1928	338.308
18.1986	334.036
18.2044	331.537
18.2102	346.415
18.2161	345.816
18.2219	352.471
18.2277	350.643
18.2335	350.643
18.2393	352.674
18.2451	348.221
18.2509	350.441
18.2567	349.43
18.2625	347.217
18.2683	338.308
18.2741	337.527
18.2799	329.057
18.2857	324.339
18.2915	325.841
18.2973	315.652
18.3031	305.429
18.3089	294.855
18.3147	295.707
18.3205	283.498
18.3263	286.295
18.3322	287.954
18.338	287.455
18.3438	291.131
18.3496	289.789
18.3554	288.287
18.3612	295.878
18.367	300.182
18.3728	301.921
18.3786	302.794
18.3844	313.291
18.3902	311.847
18.396	298.625
18.4018	291.468
18.4076	289.455
18.4134	296.22
18.4192	283.989
18.425	286.626
18.4308	289.12
18.4366	300.182
18.4424	300.702
18.4483	295.707
18.4541	300.355
18.4599	291.636
18.4657	295.537
18.4715	300.355
18.4773	297.42
18.4831	298.108
18.4889	295.195
18.4947	297.592
18.5005	286.957
18.5063	295.878
18.5121	292.987
18.5179	304.372
18.5237	296.22
18.5295	295.195
18.5353	299.316
18.5411	297.936
18.5469	302.27
18.5527	297.764
18.5585	298.798
18.5644	304.724
18.5702	303.494
18.576	302.444
18.5818	303.845
18.5876	301.921
18.5934	290.627
18.5992	298.798
18.605	299.489
18.6108	300.529
18.6166	298.625
18.6224	299.316
18.6282	298.108
18.634	288.62
18.6398	280.08
18.6456	275.745
18.6514	261.022
18.6572	251.839
18.663	245.378
18.6688	246.942
18.6746	238.392
18.6805	240.328
18.6863	236.199
18.6921	234.974
18.6979	230.938
18.7037	235.11
18.7095	237.019
18.7153	246.657
18.7211	246.657
18.7269
18.7327
18.7385
18.7443
18.7501
18.7559
18.7617
18.7675
18.7733
18.7791
18.7849
18.7907
18.7966
18.8024
18.8082
18.814
18.8198
18.8256	371.065
18.8314	378.205
18.8372	378.205
18.843	382.158
18.8488	403.249
18.8546	426.487
18.8604	402.551
18.8662	391.543
18.872	380.396
18.8778	377.333
18.8836	378.205
18.8894	362.589
18.8952	373.645
18.901	360.293
18.9068	352.674
18.9127	357.804
18.9185	378.861
18.9243	375.376
18.9301	381.938
18.9359	394.266
18.9417	392.222
18.9475	389.063
18.9533	378.643
18.9591	388.614
18.9649	385.484
18.9707	379.518
18.9765	376.027
18.9823	379.518
18.9881	384.372
18.9939	391.317
18.9997	391.091
19.0055	379.957
19.0113	390.414
19.0171	386.822
19.0229	389.963
19.0288	388.165
19.0346	400.926
19.0404	385.484
19.0462	390.188
19.052	378.424
19.0578	382.158
19.0636	395.864
19.0694	388.165
19.0752	390.639
19.081	376.679
19.0868	393.129
19.0926	398.157
19.0984	387.046
19.1042	400.695
19.11	397.697
19.1158	398.387
19.1216	404.649
19.1274	401.622
19.1332	394.266
19.139	392.222
19.1449	383.928
19.1507	393.811
19.1565	393.584
19.1623	395.864
19.1681	392.449
19.1739	399.308
19.1797	390.865
19.1855	384.816
19.1913	378.643
19.1971	372.999
19.2029	392.222
19.2087	393.584
19.2145	389.063
19.2203	380.177
19.2261	375.81
19.2319	370.636
19.2377	391.995
19.2435	393.129
19.2493	392.449
19.2551	401.854
19.261	391.543
19.2668	382.821
19.2726	388.389
19.2784	383.485
19.2842	385.261
19.29	392.222
19.2958	385.039
19.3016	385.261
19.3074	391.995
19.3132	385.707
19.319	397.009
19.3248	375.376
19.3306	366.591
19.3364	354.717
19.3422	357.598
19.348	371.065
19.3538	373.861
19.3596	380.396
19.3654	370.422
19.3712	371.923
19.3771	372.353
19.3829	374.943
19.3887	393.129
19.3945	377.115
19.4003	375.376
19.4061	365.111
19.4119	365.111
19.4177	370.208
19.4235	368.076
19.4293	380.396
19.4351	376.462
19.4409	383.264
19.4467	379.08
19.4525	377.551
19.4583	376.462
19.4641	370.422
19.4699	360.293
19.4757	367.863
19.4815	375.593
19.4873	375.376
19.4932	376.027
19.499	380.177
19.5048	385.484
19.5106	385.484
19.5164	387.269
19.5222	369.567
19.528	370.208
19.5338	364.69
19.5396	373.861
19.5454	376.462
19.5512	380.616
19.557	374.726
19.5628	373.43
19.5686	372.568
19.5744	365.745
19.5802	369.994
19.586	369.567
19.5918	366.591
19.5976	371.065
19.6034	368.714
19.6093	367.651
19.6151	369.141
19.6209	370.422
19.6267	371.279
19.6325	359.254
19.6383	357.391
19.6441	351.048
19.6499	346.816
19.6557	341.252
19.6615	327.162
19.6673	327.162
19.6731	327.162
19.6789	328.108
19.6847	320.244
19.6905	333.073
19.6963	333.65
19.7021	346.215
19.7079	338.895
19.7137	358.632
19.7195	358.425
19.7254	357.185
19.7312	359.046
19.737	363.218
19.7428	369.994
19.7486	370.636
19.7544	358.218
19.7602	351.86
19.766	341.449
19.7718	351.048
19.7776	360.709
19.7834
19.7892
19.795
19.8008
19.8066
19.8124
19.8182
19.824
19.8298
19.8356
19.8415
19.8473
19.8531
19.8589
19.8647
19.8705
19.8763
19.8821
19.8879
19.8937
19.8995
19.9053	453.155
19.9111	422.808
19.9169	422.808
19.9227	424.276
19.9285	424.276
19.9343	423.053
19.9401	423.786
19.9459	424.276
19.9517	417.469
19.9576	425.012
19.9634	423.542
19.9692	417.228
19.975	422.32
19.9808	439.492	392.675
19.9866	448.986	387.717
19.9924	465.895	389.963
19.9982	471.853	393.129
20.004	458.155	387.941
20.0098	440.763	384.594
20.0156	440.509	381.276
20.0214	438.224	386.822
20.0272	434.193	377.987
20.033	443.316	371.279
20.0388	435.952	365.322
20.0446	445.113	367.014
20.0504	436.456	363.848
20.0562	439.238	383.928
20.062	430.696	381.938
20.0678	430.696	375.593
20.0737	421.345	380.836
20.0795	406.993	378.205
20.0853	399.078	385.929
20.0911	394.722	391.995
20.0969	382.158	385.929	472.671
20.1027	388.389	397.927	494.74
20.1085	392.222	396.092	496.171
20.1143	383.485	384.15	520.237
20.1201	388.838	387.493	495.598
20.1259	387.941	387.269	493.598
20.1317	386.152	380.396	493.883
20.1375	380.616	372.353	495.312
20.1433	384.15	374.51	489.34
20.1491	384.816	384.15	478.993
20.1549	390.188	390.865	486.241
20.1607	388.389	388.614	466.703
20.1665	386.152	378.643	450.545
20.1723	376.027	376.244	436.708
20.1781	357.804	382.158	435.449
20.1839	352.064	376.897	410.772
20.1898	337.137	385.929	411.484
20.1956	399.539	396.321
20.2014	391.317	389.063
20.2072	380.396	381.276	363.218
20.213	382.6	379.08	351.454
20.2188	390.414	387.493	356.36
20.2246	386.822	386.822	349.027
20.2304	386.375	385.707	342.041
20.2362	388.614	382.6	330.581
20.242	392.449	372.353	328.108
20.2478	398.617	365.111	325.841
20.2536	402.551	358.011	327.54
20.2594	404.182	360.085	324.527
20.2652	400.695	367.439	326.218
20.271	403.482	384.372	332.112
20.2768	418.919	378.861	324.902
20.2826	421.102	386.152	321.355
20.2884	410.772	381.717	321.17
20.2942	406.758	378.205	322.471
20.3	400.232	380.836	325.277
20.3058	394.722	393.356	327.351
20.3117	392.222	393.356	331.346
20.3175	410.061	393.129	328.677
20.3233	421.833	382.158	328.867
20.3291	423.297	384.816	343.031
20.3349	385.261	341.449
20.3407	389.738	351.657
20.3465	372.138	366.591
20.3523	368.927	369.781
20.3581	372.353	363.848
20.3639	372.999	353.286
20.3697	377.769	341.252
20.3755	381.938	340.661
20.3813	383.264	340.464
20.3871	390.414	341.252
20.3929	393.129	330.772
20.3987	402.318	342.832
20.4045	419.403	343.229
20.4103	427.474	350.643
20.4161	433.692	342.239
20.4219	433.191	349.228
20.4278	442.038	341.252
20.4336	445.37	332.688
20.4394	455.78	338.112
20.4452	468.052	343.625
20.451	445.113	337.722
20.4568	349.43
20.4626	343.031
20.4684	340.268
20.4742	342.041
20.48	338.895
20.4858	332.688
20.4916	323.217
20.4974	307.376
20.5032	323.217	440.509
20.509	334.036	446.658
20.5148	323.965	422.076
20.5206	336.943	420.13
20.5264	344.023	413.151
20.5322	335.389	412.198
20.538	324.527	397.238
20.5439	335.777	402.783
20.5497	343.427	402.551
20.5555	341.055	403.715
20.5613	340.268	406.993
20.5671	334.809	395.178
20.5729	335.777	382.821
20.5787	341.844	387.493
20.5845	340.071	387.717
20.5903	341.844	387.269
20.5961	334.809	383.928
20.6019	329.628	381.276
20.6077	317.114	371.923
20.6135	314.016	380.396
20.6193	317.664	381.276
20.6251	318.583	367.439
20.6309	326.218	361.753
20.6367	321.727	364.269
20.6425	328.677	368.076
20.6483	341.449	375.593
20.6542	344.818	368.289
20.66	355.127	385.261
20.6658	344.023	381.938
20.6716	359.046	385.484
20.6774	355.743	381.717
20.6832	345.816	390.865
20.689	397.927
20.6948	390.188
20.7006	391.995
20.7064	393.356
20.7122	391.091
20.718	399.77
20.7238	390.865	302.444
20.7296	403.715	303.845
20.7354	405.117	309.335
20.7412	399.078	327.729
20.747	396.55	323.591
20.7528	386.375	321.355
20.7586	393.811	322.099
20.7644	395.635	304.021
20.7702	389.063	307.731
20.7761	393.584	307.909
20.7819	396.092	308.087	487.365
20.7877	415.065	307.021	518.138
20.7935	404.649	308.443	527.195
20.7993	404.883	303.67	497.893
20.8051	401.854	296.734	500.778
20.8109	400.695	289.287	496.457
20.8167	407.228	285.634	491.322
20.8225	415.785	278.145	476.509
20.8283	417.711	264.36	470.22
20.8341	409.587	263.141	464.015
20.8399	404.649	247.799	459.746
20.8457	394.95	244.387	454.728
20.8515	394.722	244.387	448.209
20.8573	399.539	243.542	440
20.8631	403.948	242.279	445.627
20.8689	393.584	238.944	427.721
20.8747	389.963	239.912	417.228
20.8805	392.675	252.86	406.054
20.8863	259.518	401.39
20.8922	265.891	395.407
20.898	260.119	389.738
20.9038	261.474	381.717
20.9096	260.419	371.279
20.9154	264.055	370.636
20.9212	266.506	367.863
20.927	275.905	356.978
20.9328	358.839
20.9386	363.428
20.9444	349.632
20.9502	350.643
20.956	345.616
20.9618	344.023	309.156
20.9676	350.846	310.051
20.9734	343.031	310.768
20.9792	337.722	309.693
20.985	344.023	306.135
20.9908	345.018	307.909
20.9966	332.304	306.844
21.0024	332.112	297.42
21.0083	330.199	290.459
21.0141	321.541	290.124
21.0199	325.089	295.537
21.0257	324.339	295.707
21.0315	328.867	292.311
21.0373	331.154	288.62
21.0431	339.875	281.539
21.0489	329.818	292.987
21.0547	330.009	300.009
21.0605	333.458	303.494
21.0663	338.112	300.702
21.0721	336.943	307.198
21.0779	324.527	314.924
21.0837	313.653	313.834
21.0895	313.472	316.383
21.0953	306.666	309.693
21.1011	310.947
21.1069	326.03
21.1127	329.628
21.1185	325.465
21.1244	329.437
21.1302	331.154
21.136	341.055
21.1418	343.824
21.1476	342.041
21.1534	335.971
21.1592	332.688
21.165	338.112
21.1708	340.858
21.1766	342.239
21.1824	349.834
21.1882	342.041
21.194	337.137
21.1998	335.389
21.2056	332.304
21.2114	332.112
21.2172	336.554
21.223	333.843
21.2288	332.304
21.2346	335.971
21.2405	339.286
21.2463	347.618
21.2521	341.646
21.2579	352.878
21.2637	360.501
21.2695	343.427
21.2753	329.437
21.2811	343.625
21.2869	340.464
21.2927	329.628
21.2985	330.009
21.3043	332.688
21.3101	330.772
21.3159	326.218
21.3217	326.407
21.3275	334.422
21.3333	342.832
21.3391	343.031
21.3449	327.918
21.3507	324.152
21.3566	326.218
21.3624	335.002
21.3682	331.92
21.374	338.503
21.3798	348.422
21.3856	338.308
21.3914	340.464
21.3972	346.616
21.403	339.875
21.4088	335.196
21.4146	334.422
21.4204	338.895
21.4262	352.064
21.432	344.221
21.4378	334.809
21.4436	340.464
21.4494	333.843
21.4552	337.332
21.461	350.846
21.4668	354.308
21.4727	358.632
21.4785	358.425
21.4843	361.126
21.4901	355.127
21.4959	345.616
21.5017	335.389
21.5075	334.809
21.5133	326.595
21.5191	327.351
21.5249	335.002
21.5307	336.554
21.5365	335.002
21.5423	335.583
21.5481	339.286
21.5539	328.108
21.5597	332.688
21.5655	335.971
21.5713	329.437
21.5771	323.778
21.5829	331.154
21.5888	333.458
21.5946	339.09
21.6004	342.437
21.6062	338.308
21.612	335.196
21.6178	339.09
21.6236	337.332
21.6294	328.108
21.6352	335.389
21.641	350.846
21.6468	349.632
21.6526	345.416
21.6584	344.221
21.6642	343.427
21.67	336.748
21.6758	334.422
21.6816	338.895
21.6874	335.196
21.6932	345.416
21.699	349.834
21.7049	351.454
21.7107	350.036
21.7165	338.112
21.7223	331.154
21.7281	342.041
21.7339	342.041
21.7397	333.65
21.7455	332.688
21.7513	325.089
21.7571	322.658
21.7629	321.17
21.7687	321.913
21.7745	331.154
21.7803	324.714
21.7861	326.407
21.7919	317.848
21.7977	305.605
21.8035	298.453	277.503
21.8093	298.453	275.905
21.8151	302.27	277.663
21.821	310.409	267.277
21.8268	307.731	262.686
21.8326	308.265	270.539
21.8384	309.156	266.814
21.8442	317.664	266.814
21.85	317.114	266.814
21.8558	323.591	272.421
21.8616	311.667	271.322
21.8674	311.127	268.981
21.8732	314.56	268.981
21.879	306.844	262.686
21.8848	312.207	269.603
21.8906	314.924	270.539
21.8964	314.924	263.445
21.9022	310.947	254.324
21.908	296.22	248.516
21.9138	309.693	236.882
21.9196	314.016	234.026
21.9254	316.383	238.668
21.9312	315.288	241.441
21.9371	315.288	240.606
21.9429	312.207	234.839
21.9487	314.379
21.9545	320.059
21.9603	318.399
21.9661	317.664
21.9719	314.016
21.9777	310.768
21.9835	300.529
21.9893	305.253
21.9951	300.529	550.218
22.0009	296.905	532.705
22.0067	294.855	507.182
22.0125	288.12	495.884
22.0183	285.14	531.783
22.0241	291.468	530.249
22.0299	288.12	535.482
22.0357	277.023	542.643
22.0415	271.478	547.998
22.0473	258.024	531.169
22.0532	246.942	534.246
22.059	246.942	532.705
22.0648	246.942	526.586
22.0706	237.43	520.237
22.0764	238.53	525.371
22.0822	238.53	517.241
22.088	507.768
22.0938	526.282
22.0996	519.637
22.1054	541.391
22.1112	528.72
22.117	526.891
22.1228	541.391
22.1286	536.72
22.1344	547.049
22.1402	531.783
22.146	550.536
22.1518	544.213
22.1576	548.631
22.1634	555.969
22.1693	553.086
22.1751	522.949
22.1809	522.949
22.1867	519.637
22.1925	511.005
22.1983	520.538
22.2041	530.555
22.2099	533.629
22.2157	541.391
22.2215	545.156
22.2273	546.417
22.2331	560.159
22.2389	558.544
22.2447	547.998
22.2505	533.013
22.2563	548.315
22.2621	554.686
22.2679	544.213
22.2737	560.483
22.2795	551.172
22.2854	538.584
22.2912	552.447
22.297	557.899
22.3028	555.648
22.3086	553.406
22.3144	548.315
22.3202	543.898
22.326	535.482
22.3318	541.078
22.3376	532.705
22.3434	536.101
22.3492	525.675
22.355	537.962
22.3608	523.251
22.3666	534.246
22.3724	529.331
22.3782	541.391
22.384	546.102
22.3898	554.686
22.3956	578.909
22.4015	566.014
22.4073	552.447
22.4131	549.9
22.4189	546.102
22.4247	558.221
22.4305	550.218
22.4363	547.049
22.4421	547.365
22.4479	547.049
22.4537	528.109
22.4595	501.936
22.4653	502.807
22.4711	507.182
22.4769	491.322
22.4827	489.905
22.4885	494.169
22.4943	495.598
22.5001	485.679
22.5059	495.884
22.5117	511.891
22.5176	511.891
22.5234	491.322
22.5292	495.026
22.535	510.415
22.5408	519.637
22.5466	510.415
22.5524	515.154
22.5582	525.068
22.564	528.72
22.5698	534.554
22.5756	549.583
22.5814	554.686
22.5872	563.079
22.593	561.779
22.5988	570.609
22.6046	589.709
22.6104	581.927
22.6162	588.688
22.622	607.34
22.6278	615.818
22.6336	601.405
22.6395	604.54
22.6453	597.596
22.6511	610.858
22.6569	594.154
22.6627	596.561
22.6685	594.841
22.6743	584.96
22.6801	605.938
22.6859	594.497
22.6917	593.125
22.6975	585.636
22.7033	566.668
22.7091	549.9
22.7149	538.895
22.7207	538.273
22.7265	539.518
22.7323	542.33
22.7381	533.013
22.7439	530.249
22.7498	522.345
22.7556	522.345
22.7614	525.978
22.7672	518.438
22.773	517.241
22.7788	516.346
22.7846	519.037
22.7904	518.737
22.7962	525.675
22.802	544.527
22.8078	534.863
22.8136	550.218
22.8194	561.455
22.8252	572.59
22.831	572.59
22.8368	585.636
22.8426	582.936
22.8484	569.951
22.8542	551.172
22.86	532.705
22.8659	521.14
22.8717	518.438
22.8775	525.675
22.8833	513.965
22.8891	522.949
22.8949	527.805
22.9007	534.246
22.9065	528.72
22.9123	527.195
22.9181	535.791
22.9239	541.391
22.9297	548.948
22.9355	541.391
22.9413	547.681
22.9471	550.218
22.9529	550.536
22.9587	542.016
22.9645	541.078
22.9703	539.829
22.9761	537.03
22.9819	521.742
22.9878	534.246
22.9936	529.025
22.9994	523.553
23.0052	529.943
23.011	533.321
23.0168	524.159
23.0226	520.538
23.0284	514.856
23.0342	525.675
23.04	519.037
23.0458	499.622
23.0516	495.884
23.0574	488.211
23.0632	475.135
23.069	496.744
23.0748	501.936
23.0806	513.075
23.0864	518.438
23.0922	511.891
23.098	512.483
23.1039	515.452
23.1097	528.109
23.1155	522.647
23.1213	517.54
23.1271	533.629
23.1329	545.156
23.1387	551.809
23.1445	551.491
23.1503	554.365	316.383
23.1561	550.218	334.229
23.1619	523.856	329.247
23.1677	523.553	348.624
23.1735	541.704	343.824
23.1793	547.365	341.646
23.1851	558.866	365.745
23.1909	538.584	365.533
23.1967	545.471	365.533
23.2025	548.948	363.218
23.2083	540.766	365.533
23.2141	529.025	376.462
23.22	524.765	375.376
23.2258	516.047	374.943
23.2316	521.14	381.717
23.2374	519.337	375.159
23.2432	522.044	373.645
23.249	526.891	373.43
23.2548	545.156	375.376
23.2606	542.643	386.822
23.2664	538.584	389.963
23.2722	536.101	389.963
23.278	534.863	392.902
23.2838	525.371	388.838
23.2896	529.943	387.717
23.2954	523.856	384.816
23.3012	540.453	378.424
23.307	522.044	367.014
23.3128	510.71	378.861
23.3186	497.606	369.781
23.3244	482.882	363.638
23.3302	477.887	369.141
23.3361	460.543	372.999
23.3419	461.076	369.781
23.3477	455.517	375.376
23.3535	370.422
23.3593	362.38
23.3651	360.085
23.3709	348.825
23.3767	342.239
23.3825	344.42
23.3883	351.251
23.3941	356.36
23.3999	358.425
23.4057	363.638
23.4115	371.279
23.4173	359.254
23.4231	350.036
23.4289	340.661
23.4347	328.108
23.4405
23.4463
23.4522
23.458
23.4638
23.4696
23.4754
23.4812
23.487
23.4928
23.4986
23.5044
23.5102
23.516
23.5218
23.5276
23.5334
23.5392
23.545
23.5508
23.5566
23.5624
23.5683
23.5741
23.5799
23.5857
23.5915
23.5973
23.6031
23.6089
23.6147
23.6205
23.6263
23.6321
23.6379
23.6437
23.6495
23.6553
23.6611
23.6669
23.6727
23.6785
23.6844
23.6902
23.696
23.7018
23.7076
23.7134
23.7192
23.725
23.7308
23.7366
23.7424
23.7482
23.754
23.7598
23.7656
23.7714
23.7772
23.783
23.7888
23.7946
23.8005
23.8063
23.8121
23.8179
23.8237
23.8295
23.8353
23.8411
23.8469
23.8527
23.8585
23.8643
23.8701
23.8759
23.8817
23.8875
23.8933
23.8991
23.9049
23.9107
23.9166
23.9224
23.9282
23.934
23.9398
23.9456
23.9514
23.9572
23.963
23.9688
23.9746
23.9804
23.9862
23.992
23.9978
24.0036
24.0094
24.0152
24.021
24.0268
24.0327
24.0385
24.0443
24.0501
24.0559
24.0617
24.0675	386.599
24.0733	367.863
24.0791	343.625
24.0849	345.018
24.0907	350.441
24.0965	372.783
24.1023	373.861
24.1081	376.897
24.1139	387.046
24.1197	385.039
24.1255	383.042
24.1313	385.484
24.1371	378.861
24.1429	382.158
24.1488	378.643
24.1546	382.6
24.1604	381.497
24.1662	382.379
24.172	383.042
24.1778	389.288
24.1836	398.387
24.1894	403.016
24.1952	403.249
24.201	404.182
24.2068	418.435
24.2126	436.961
24.2184	437.213
24.2242	419.161
24.23	435.197
24.2358	432.191
24.2416	424.767
24.2474	437.213
24.2532	431.194
24.259	425.503
24.2649	429.206
24.2707	417.469
24.2765	415.305
24.2823	426.734
24.2881	407.934
24.2939	419.645
24.2997	429.454
24.3055	435.701
24.3113	436.456
24.3171	430.945
24.3229	435.449
24.3287	424.031
24.3345	425.995
24.3403	427.227
24.3461	432.941
24.3519	435.952
24.3577	443.06
24.3635	453.941
24.3693	457.098
24.3751	450.545
24.381	466.433
24.3868	480.933
24.3926	488.211	293.834
24.3984	478.993	281.377
24.4042	487.929	278.466
24.41	489.34	283.498
24.4158	479.823	280.565
24.4216	474.586	275.427
24.4274	452.893	286.13
24.4332	450.545	287.123
24.439	456.307	289.287
24.4448	467.242	289.622
24.4506	465.895	285.305
24.4564	468.323	286.626
24.4622	465.088	290.292
24.468	472.671	284.811
24.4738	463.747	282.028
24.4796	462.676	271.635
24.4854	468.323	287.787
24.4912	483.999	285.965
24.4971	491.039	288.787
24.5029	499.622	285.305
24.5087	497.031	295.195
24.5145	479.823	295.025
24.5203	461.875	300.355
24.5261	305.076
24.5319	297.249
24.5377	298.971
24.5435	308.087
24.5493	299.316
24.5551	296.734
24.5609	303.319
24.5667	297.936
24.5725	297.249
24.5783	295.537
24.5841	295.707
24.5899	298.108
24.5957	296.905
24.6015	298.453
24.6073	296.905
24.6132	297.936
24.619	299.316
24.6248	299.662
24.6306	303.845
24.6364	305.253
24.6422	311.307
24.648	313.834
24.6538	312.027
24.6596	302.444
24.6654	295.707
24.6712	295.878
24.677	303.67
24.6828	298.281
24.6886	298.453
24.6944	294.174
24.7002	290.459	220
24.706	293.495	218.228
24.7118	295.366	218.354
24.7176	297.42	218.102
24.7234	304.548	219.746
24.7293	306.666	208.855
24.7351	300.182	222.043
24.7409	302.27	221.147
24.7467	302.794	224.493
24.7525	305.782	223.329
24.7583	308.799	223.329
24.7641	304.021	219.239
24.7699	301.572	220
24.7757	306.135	223.2
24.7815	313.291	220.891
24.7873	324.152	220.382
24.7931	312.929	222.043
24.7989	324.714	222.556
24.8047	329.628	222.299
24.8105	321.913	219.239
24.8163	308.621	220.891
24.8221	297.42	218.607
24.8279	296.049	222.814
24.8337	301.398	222.428
24.8395	296.049	217.097
24.8454	298.108	217.724
24.8512	290.124	218.228
24.857	285.14	224.234
24.8628	228.417
24.8686	228.022
24.8744	234.297
24.8802	220.382
24.886	233.351
24.8918	235.79
24.8976	233.217
24.9034	237.293
24.9092	227.89
24.915	227.364
24.9208	224.882
24.9266	217.473
24.9324	225.272
24.9382	219.873	402.318
24.944	207.413	424.276
24.9498	443.316
24.9556	462.409
24.9615	438.224
24.9673	440.509
24.9731	435.701
24.9789	433.441
24.9847	435.952
24.9905	421.589
24.9963	422.808
25.0021	418.919
25.0079	419.161
25.0137	422.564
25.0195	420.859
25.0253	431.194
25.0311	437.719
25.0369	450.284
25.0427	446.916
25.0485	448.467
25.0543	452.631
25.0601	435.197
25.0659	445.37
25.0717	442.549
25.0776	442.805
25.0834	440.763
25.0892	452.37
25.095	450.805
25.1008	446.658
25.1066	450.024
25.1124	442.549
25.1182	445.37
25.124	440.254
25.1298	444.342
25.1356	437.971
25.1414	431.942
25.1472	430.945
25.153	432.941
25.1588	438.478
25.1646	443.829
25.1704	451.065
25.1762	447.433
25.182	439.492
25.1878	439.238
25.1937	431.194
25.1995	432.441
25.2053	434.695
25.2111	445.885
25.2169	426.734
25.2227	430.447
25.2285	430.447
25.2343
25.2401	559.836
25.2459	543.584
25.2517	555.327
25.2575	563.73
25.2633	557.255
25.2691	582.599
25.2749	567.651
25.2807	590.391	360.293
25.2865	614.397	335.389
25.2923	608.744	318.399
25.2981	624.775	325.653
25.3039	625.497	339.482
25.3097	641.598	339.09
25.3156	635.696	335.971
25.3214	619.028	339.875
25.3272	594.154	343.031
25.333	590.732	344.619
25.3388	597.941	341.055
25.3446	611.211	333.073
25.3504	614.042	331.154
25.3562	607.34	329.818
25.362	612.271	335.777
25.3678	608.744	334.036
25.3736	591.415	329.247
25.3794	597.251	335.583
25.3852	587.669	327.351
25.391	602.796	335.971
25.3968	612.979	339.679
25.4026	621.535	333.265
25.4084	630.212	328.108
25.4142	655.837	338.503
25.42	338.308
25.4258	332.304
25.4317	339.875
25.4375	332.496
25.4433	338.503
25.4491	326.407
25.4549	330.772
25.4607	329.818
25.4665	327.729
25.4723	317.481
25.4781	319.689
25.4839	332.496
25.4897	323.591
25.4955	320.984
25.5013	331.154
25.5071	330.963
25.5129	344.818
25.5187	345.416
25.5245	353.49
25.5303	358.839
25.5361	363.218
25.542	370.85
25.5478	365.745
25.5536	362.171
25.5594	366.803
25.5652	367.863
25.571	374.077
25.5768	369.141
25.5826	369.141
25.5884	386.599
25.5942	389.963
25.6	386.152
25.6058	387.717
25.6116	389.738
25.6174	394.95
25.6232	383.485
25.629	396.779
25.6348	389.963
25.6406	394.039
25.6464	381.056
25.6522	366.591
25.658	347.618
25.6639	355.743
25.6697	350.238
25.6755	341.844
25.6813	348.422
25.6871	344.023
25.6929	350.643
25.6987	350.643
25.7045	361.544
25.7103	360.085
25.7161	358.632
25.7219	367.651
25.7277	375.376
25.7335	371.923
25.7393	371.708
25.7451	368.927
25.7509	370.636
25.7567	374.943
25.7625	378.424
25.7683	376.679
25.7741	374.51
25.78	384.372
25.7858	376.897
25.7916	381.056
25.7974	386.375
25.8032	386.375
25.809	377.551
25.8148	372.353
25.8206	359.461
25.8264	355.743
25.8322	349.632
25.838	333.843
25.8438	335.196	568.307
25.8496	338.895	576.573
25.8554	338.112	547.365
25.8612	523.251	332.88
25.867	521.742	335.196
25.8728	555.006	333.265
25.8786	552.128	344.023
25.8844	549.583	337.137
25.8902	545.786	338.112
25.8961	530.862	343.031
25.9019	523.856	345.018
25.9077	525.371	353.286
25.9135	539.206	340.464
25.9193	530.862	336.165
25.9251	535.791	346.215
25.9309	541.704	339.482
25.9367	545.156	342.041
25.9425	534.863	333.458
25.9483	519.637	335.583
25.9541	523.856	336.943
25.9599	521.742	330.39
25.9657	530.555	328.487
25.9715	528.72	324.152
25.9773	523.251	325.841
25.9831	523.553	330.581
25.9889	515.154	320.799
25.9947	526.282	324.152
26.0005	543.584	324.902
26.0063	545.786	325.465
26.0122	546.733	334.422
26.018	555.006	331.537
26.0238	559.836	331.346
26.0296	555.327	328.297
26.0354	579.913	335.196
26.0412	553.725	347.618
26.047	333.65
26.0528	341.844
26.0586	331.537
26.0644	341.055
26.0702	333.458
26.076	336.359
26.0818	335.583
26.0876	350.238
26.0934	337.137
26.0992	335.777
26.105	331.729
26.1108	327.729
26.1166	337.137
26.1224	325.277
26.1283	329.437
26.1341	314.016
26.1399	322.099
26.1457	320.429
26.1515	327.162
26.1573	333.843
26.1631	335.583
26.1689	340.464
26.1747	335.389
26.1805	335.971
26.1863	331.537
26.1921	323.03
26.1979	331.154
26.2037	341.055
26.2095	343.625
26.2153	337.527
26.2211	338.699
26.2269	333.265
26.2327	328.108
26.2385	332.112
26.2444	339.875
26.2502	337.917
26.256	336.165
26.2618	343.824
26.2676	341.646
26.2734	333.458
26.2792	333.073
26.285	320.799
26.2908	326.03
26.2966	314.56
26.3024	315.288
26.3082	305.429
26.314	301.05
26.3198	296.905
26.3256	296.563
26.3314	289.12
26.3372	300.702
26.343	291.973
26.3488	302.619
26.3546	307.731
26.3605	311.667
26.3663	310.947
26.3721	310.947
26.3779	310.409
26.3837	316.383
26.3895	318.951
26.3953	309.872
26.4011	317.114
26.4069	304.372
26.4127	315.288
26.4185	319.689
26.4243	336.165
26.4301	336.554
26.4359	332.88
26.4417	345.217
26.4475	341.055
26.4533	339.286
26.4591	325.465
26.4649	323.03
26.4707	324.902
26.4766	336.359
26.4824	325.465
26.4882	333.265
26.494	337.722
26.4998	334.229
26.5056	341.844
26.5114	339.679
26.5172	339.482
26.523	342.437
26.5288	335.196
26.5346	341.646
26.5404	333.843
26.5462	333.65
26.552	348.422
26.5578	355.949
26.5636	343.625
26.5694	347.217
26.5752	349.027
26.581	344.619
26.5868	346.616
26.5927	348.02
26.5985	356.566
26.6043	355.743
26.6101	342.832
26.6159	335.002
26.6217	332.688
26.6275	339.679
26.6333	343.824
26.6391	335.971
26.6449	353.49
26.6507	389.288	345.616
26.6565	385.039	334.229
26.6623	385.707	351.657
26.6681	387.269	354.103
26.6739	381.717	345.416
26.6797	389.963	356.155
26.6855	393.129	357.804
26.6913	381.276	349.834
26.6971	399.308	358.839
26.7029	396.321	361.126
26.7088	391.317	358.839
26.7146	378.643	354.922
26.7204	376.897	348.422
26.7262	366.379	355.743
26.732	357.598	344.42
26.7378	346.215	345.816
26.7436	338.699	329.247
26.7494	343.824	335.196
26.7552	344.42	344.221
26.761	331.729	340.464
26.7668	317.664	336.943
26.7726	317.481	343.625
26.7784	312.027	350.643
26.7842	312.027	347.618
26.79	312.027	343.427
26.7958	320.429	335.583
26.8016	319.874	333.458
26.8074	331.729	346.415
26.8132	339.09
26.819	325.465
26.8249	342.239
26.8307	329.057
26.8365	332.304
26.8423	336.359
26.8481	337.917
26.8539	343.229
26.8597	359.046
26.8655	353.49
26.8713	363.638
26.8771	340.464
26.8829	330.39
26.8887	322.285	381.056
26.8945	312.207	374.726
26.9003	313.472	383.485
26.9061	393.811
26.9119	396.321
26.9177	373.861
26.9235	388.165
26.9293	371.923
26.9351	383.264
26.941	374.077
26.9468	373.214
26.9526	369.141
26.9584	376.897
26.9642	381.717
26.97	385.039
26.9758	387.717
26.9816	381.056
26.9874	374.726
26.9932	371.493
26.999	363.218
27.0048	365.111
27.0106	375.376
27.0164	377.333
27.0222	377.987
27.028	365.533
27.0338	372.783
27.0396	373.861
27.0454	382.821
27.0512	376.679
27.0571	388.614
27.0629	385.039
27.0687	379.518
27.0745	367.651
27.0803	351.454
27.0861	351.048
27.0919	370.636
27.0977	373.214
27.1035	371.923
27.1093	369.781
27.1151	376.462
27.1209	382.821
27.1267	394.266
27.1325	374.51
27.1383	369.994
27.1441	376.462
27.1499	389.513
27.1557	383.707
27.1615	379.518
27.1673	366.803
27.1732	350.441
27.179	359.046
27.1848	352.471
27.1906	351.251
27.1964	348.624
27.2022	333.265
27.208	344.818	553.086
27.2138	334.036	538.895
27.2196	322.844	547.365
27.2254	319.505	536.101
27.2312	553.406	306.312
27.237	517.241	306.844
27.2428	508.355	307.198
27.2486	489.905	308.443
27.2544	497.031	315.106
27.2602	489.623	316.2
27.266	497.893	315.652
27.2718	497.893	318.767
27.2776	488.211	317.848
27.2834	478.993	318.951
27.2893	483.719	322.658
27.2951	472.125	340.268
27.3009	491.89	344.619
27.3067	477.611	344.221
27.3125	464.283	339.09
27.3183	462.409	336.554
27.3241	474.586	323.404
27.3299	473.218	321.17
27.3357	455.517	330.39
27.3415	323.217
27.3473	330.199
27.3531	332.496
27.3589	349.43
27.3647	364.901
27.3705	383.264
27.3763	383.264
27.3821	397.927
27.3879	397.927
27.3937	397.927
27.3995	394.95
27.4054
27.4112
27.417
27.4228
27.4286
27.4344
27.4402
27.446
27.4518
27.4576
27.4634
27.4692
27.475
27.4808
27.4866
27.4924
27.4982
27.504
27.5098
27.5156
27.5215
27.5273
27.5331
27.5389
27.5447
27.5505
27.5563
27.5621
27.5679
27.5737
27.5795
27.5853
27.5911
27.5969
27.6027
27.6085
27.6143
27.6201
27.6259
27.6317
27.6376
27.6434
27.6492
27.655
27.6608
27.6666
27.6724
27.6782
27.684
27.6898
27.6956
27.7014
27.7072
27.713
27.7188
27.7246
27.7304
27.7362
27.742
27.7478
27.7537
27.7595
27.7653
27.7711
27.7769
27.7827
27.7885
27.7943
27.8001
27.8059
27.8117
27.8175
27.8233
27.8291
27.8349
27.8407
27.8465
27.8523
27.8581
27.8639
27.8698
27.8756
27.8814
27.8872
27.893
27.8988
27.9046
27.9104
27.9162
27.922
27.9278
27.9336
27.9394
27.9452
27.951
27.9568
27.9626
27.9684
27.9742
27.98
27.9858
27.9917
27.9975
28.0033
28.0091
28.0149
28.0207
28.0265
28.0323
28.0381
28.0439
28.0497
28.0555
28.0613
28.0671	536.101
28.0729	529.637
28.0787	534.246
28.0845	549.9	255.65
28.0903	539.829	242.139
28.0961	536.101	247.084
28.1019	532.705	245.803
28.1078	539.206	253.298
28.1136	543.584	236.472
28.1194	531.783	253.738
28.1252	524.461	264.055
28.131	542.33	264.36
28.1368	530.555	264.513
28.1426	533.013	264.971
28.1484	529.331	262.989
28.1542	532.397	262.382
28.16	538.584	261.777
28.1658	532.397	264.513
28.1716	531.476	261.173
28.1774	523.251	260.419
28.1832	523.856	263.141
28.189	539.518	263.445
28.1948	549.9	261.022
28.2006	546.733	263.293
28.2064	542.643	262.534
28.2122	525.068	263.141
28.2181	526.282	263.598
28.2239	531.169	265.738
28.2297	525.068	264.207
28.2355	526.891	262.989
28.2413	525.978	267.277
28.2471	525.371	275.745
28.2529	527.5	279.272
28.2587	530.249	273.051
28.2645	538.273	262.989
28.2703	544.527	268.05
28.2761	522.647	262.079
28.2819	520.538	262.989
28.2877	526.586	263.445
28.2935	531.169	262.534
28.2993	545.156	261.173
28.3051	548.631	269.292
28.3109	537.03	258.173
28.3167	520.538	262.079
28.3225	522.044	260.871
28.3283	524.461	252.714
28.3341	516.346	254.178
28.34	538.273	247.799
28.3458	242.699
28.3516	240.328
28.3574	245.378
28.3632	255.355
28.369	253.445
28.3748	256.834
28.3806	248.085
28.3864	244.246
28.3922	248.659
28.398	259.818
28.4038	266.969
28.4096	254.766
28.4154	253.152
28.4212	249.955
28.427	245.094
28.4328	233.891
28.4386	230.804
28.4444	241.86
28.4502	242.84
28.4561	246.514
28.4619	251.403
28.4677
28.4735
28.4793
28.4851
28.4909
28.4967
28.5025
28.5083
28.5141
28.5199
28.5257
28.5315
28.5373
28.5431
28.5489
28.5547
28.5605
28.5663
28.5722
28.578
28.5838
28.5896
28.5954
28.6012
28.607
28.6128
28.6186
28.6244
28.6302
28.636
28.6418
28.6476
28.6534
28.6592
28.665
28.6708
28.6766
28.6824
28.6883
28.6941
28.6999
28.7057
28.7115
28.7173
28.7231
28.7289
28.7347
28.7405
28.7463
28.7521
28.7579
28.7637
28.7695
28.7753
28.7811
28.7869
28.7927
28.7985
28.8044
28.8102
28.816
28.8218
28.8276
28.8334
28.8392
28.845
28.8508
28.8566
28.8624
28.8682
28.874
28.8798
28.8856
28.8914
28.8972
28.903
28.9088
28.9146
28.9205
28.9263
28.9321
28.9379
28.9437
28.9495
28.9553
28.9611
28.9669
28.9727
28.9785
28.9843
28.9901
28.9959
29.0017
29.0075
29.0133
29.0191
29.0249
29.0307
29.0366
29.0424
29.0482
29.054
29.0598
29.0656
29.0714
29.0772
29.083
29.0888
29.0946
29.1004
29.1062
29.112
29.1178
29.1236
29.1294
29.1352
29.141
29.1468
29.1527
29.1585
29.1643
29.1701
29.1759
29.1817
29.1875
29.1933
29.1991
29.2049
29.2107
29.2165
29.2223
29.2281
29.2339
29.2397
29.2455
29.2513
29.2571
29.2629
29.2688
29.2746
29.2804
29.2862
29.292
29.2978
29.3036
29.3094
29.3152
29.321
29.3268
29.3326
29.3384
29.3442
29.35
29.3558
29.3616
29.3674
29.3732
29.379
29.3849
29.3907
29.3965
29.4023
29.4081
29.4139
29.4197
29.4255
29.4313
29.4371
29.4429
29.4487
29.4545
29.4603
29.4661
29.4719
29.4777
29.4835
29.4893
29.4951
29.501
29.5068
29.5126
29.5184
29.5242
29.53
29.5358
29.5416
29.5474
29.5532
29.559
29.5648
29.5706
29.5764
29.5822
29.588
29.5938
29.5996
29.6054
29.6112
29.6171
29.6229
29.6287
29.6345
29.6403
29.6461
29.6519
29.6577
29.6635
29.6693
29.6751
29.6809
29.6867
29.6925
29.6983
29.7041
29.7099
29.7157
29.7215
29.7273
29.7332
29.739
29.7448
29.7506
29.7564
29.7622
29.768
29.7738
29.7796
29.7854
29.7912
29.797
29.8028
29.8086
29.8144
29.8202
29.826
29.8318
29.8376
29.8434
29.8493
29.8551
29.8609
29.8667
29.8725
29.8783
29.8841
29.8899
29.8957
29.9015
29.9073
29.9131
29.9189
29.9247
29.9305
29.9363
29.9421
29.9479
29.9537
29.9595
29.9654
29.9712
29.977
29.9828
29.9886
29.9944
30.0002
30.006
30.0118
30.0176
30.0234
30.0292
30.035
30.0408
30.0466
