0.145125	0.464399	1866.81	336.28
0.24381	0.476009	3737.94	176.285
0.464399	0.772063	1242.35	84.1256
0.522449	0.824308	1857.13	282.951
0.830113	1.02748	1837.92	212.787
0.864943	1.0449	1849.64	386.742
1.12036	1.2771	1542.83	755.662
1.34676	1.50349	2450.5	396.662
1.50349	1.77052	2074.95	535.152
1.60798	1.77633	4097.5	217.719
1.69506	2.22912	3744.42	222.234
1.78794	2.25234	1880.88	523.803
2.06658	2.29878	2113.66	125.093
2.24653	2.53678	1545.5	378.211
2.37424	2.55419	3103.53	215.285
2.44971	2.77478	2644.65	143.675
2.78639	3.16952	1851.77	673.812
3.05923	3.35528	3705.69	159.497
3.16952	3.46558	3132.34	124.165
3.19855	3.4888	1625.15	99.5862
3.36109	3.70939	1861.43	427.75
3.4888	3.7268	3772.64	279.025
3.73261	3.92417	677.398	98.8562
3.77905	4.06349	1662.18	640.15
4.05769	4.33633	1457.08	234.076
4.10993	4.28408	1683.44	106.458
4.27828	4.66141	1664.1	643.927
4.29569	4.68463	3309.03	320.215
4.40018	4.67882	4957.94	187.467
4.76009	4.94005	1415.6	366.879
4.94585	5.12	4064.49	356.424
4.9981	5.15483	2029.9	279.63
5.03293	5.15483	2035.77	139.417
5.22449	5.38122	1871.13	412.214
5.27673	5.42766	3823.1	139.053
5.46249	5.75855	3276.7	278.84
5.49152	5.65406	1668.91	489.362
5.49152	5.65406	1668.91	489.362
5.65406	5.88626	1410.7	333.463
5.78757	6.02558	1380.87	204.48
5.94431	6.13007	1402.57	489.669
6.02558	6.53061	2810.01	174.975
6.44354	6.84408	2080.95	688.14
6.80345	6.94857	1853.92	484.328
6.9776	7.27946	2055.86	838.046
7.02984	7.25624	4114.1	369.44
7.22141	7.51746	1248.11	115.678
7.3317	7.50005	1853.92	293.74
7.48844	7.72644	1860.35	703.899
7.54648	7.99347	3716.41	570.212
7.72644	8.06313	1577.06	307.499
7.86576	8.13279	3165.08	244.535
7.95864	8.31274	1879.79	359.761
8.17923	8.36499	3727.16	188.853
8.31274	8.63202	1572.52	331.353
8.33596	8.56816	3505.8	318.131
8.45206	8.62621	3163.25	185.721
8.45206	8.62621	3163.25	185.721
8.67265	8.93968	2290.36	382.304
8.8468	9.27057	2078.55	622.503
9.02095	9.28798	6235.8	217.799
9.02095	9.28798	6235.8	217.799
9.4273	9.76399	2203.42	177.04
9.57823	9.78721	1549.97	551.283
9.88009	10.1239	2369.76	84.6873
10.0891	10.4606	1876.54	617.047
10.1065	10.3851	3753.08	393.009
10.2516	10.4664	2133.28	182.794
10.5593	11.0527	1646.89	444.099
10.745	11.0469	1715.83	455.669
10.8844	12.5678	2100.27	561.227
11.1398	11.4416	3341.68	398.763
11.2036	11.6216	1670.84	449.003
11.2849	12.533	2497.66	440.176
11.5403	11.9467	3316.68	587.055
11.5693	12.0105	1659.3	665.263
11.8132	12.3008	4202.97	406.3
12.3008	12.5214	3382.47	212.723
12.5214	12.7245	2151.85	803.849
12.5968	12.7013	2550.14	433.594
12.6607	12.9103	2834.46	415.32
12.7245	12.9161	2204.69	703.76
12.7826	12.9916	2548.67	279.073
13.0148	14.2048	2096.63	499.361
13.1251	13.9029	2504.88	307.508
13.5256	14.0771	4195.69	382.465
13.9378	14.0771	3992.36	112.874
14.1235	14.3615	1910.44	290.014
14.2745	14.5299	1996.18	585.646
14.3093	14.5357	2072.55	504.054
14.5299	14.8259	2080.95	310.859
14.617	14.9014	2811.63	384.851
14.855	15.0814	1892.87	657.524
15.0814	16.1379	2102.7	498.561
15.1975	15.5922	1878.71	453.34
15.5225	16.4571	2826.29	597.925
16.0856	16.3759	4636.63	452.36
16.1205	16.5616	2397.3	678.305
16.3294	16.6603	3117.9	433.065
16.5152	17.7865	2808.39	535.296
16.6429	17.3395	2354.75	589.527
16.8867	17.3453	3712.12	254.558
16.9041	17.3395	1858.2	319.83
17.3221	17.7052	1867.89	775.028
17.8271	18.2102	1672.77	318.136
18.0071	18.3438	3735.78	358.994
18.0129	18.1986	1858.2	491.785
18.1986	18.6746	3339.75	434.995
18.2393	18.7559	1661.22	515.888
18.2973	18.901	2088.17	503.011
18.6282	18.9939	4217.56	200.071
18.843	19.0868	1666.02	853.309
18.9823	19.3306	3359.1	235.039
19.0229	19.3074	2364.29	247.768
19.0694	19.3306	2107.56	350.182
19.1274	19.348	1688.3	211.377
19.3248	19.6383	1418.87	479.496
19.5976	19.8589	2039.3	902.529
19.7834	19.9808	3725	413.489
19.8531	20.6948	2493.33	294.915
19.9517	20.538	2114.88	458.174
20.1201	20.538	1665.06	684.113
20.5148	20.8515	1407.44	352.718
20.6948	21.0837	2327.71	179.276
20.747	21.0373	2097.85	192.531
20.927	21.4436	2116.1	1038.51
21.3333	21.6874	1866.81	285.027
21.4727	22.0938	2079.75	656.247
21.7687	23.3999	2419.56	531.615
21.7803	22.4363	3148.67	358.194
22.1112	22.3028	1245.95	112.347
22.1576	22.4247	10025.3	187.786
22.1693	22.2563	3469.53	330.818
22.2563	22.8368	3699.27	330.818
22.3086	22.8717	1845.37	671.146
22.5872	25.0834	3145.03	321.373
22.7265	22.9761	3688.61	265.268
23.0284	23.4173	6300.98	149.888
23.0864	23.4812	1852.84	217.493
23.1967	23.2896	2523.76	173.653
23.3419	24.3113	2099.06	459.605
23.3883	23.8527	4145.1	380.209
23.5508	24.6364	1857.13	292.489
24.1313	24.4564	1572.52	400.612
24.3113	25.0543	2222.59	203.667
24.6596	24.8976	1834.74	280.095
25.1995	25.4549	1858.2	947.197
25.4084	25.6697	2078.55	354.422
25.4723	25.8786	1663.14	605.802
25.7625	25.9483	3349.41	281.502
25.8264	28.2471	2102.7	338.98
25.9425	26.1341	3176.07	164.782
26.105	26.4475	1653.56	651.854
26.4649	27.3415	3388.33	332.912
26.6391	27.0629	2811.63	191.554
26.6855	27.0106	2360.2	207.699
27.0106	27.9394	2464.69	266.153
27.1035	27.3415	1910.44	214.12
27.179	27.417	1695.15	260.67
27.266	27.7595	3347.48	299.837
27.2893	27.7014	1803.22	510.318
27.7246	28.0439	3404.03	238.132
27.7943	28.2122	2821.4	229.6
27.9394	28.2529	2356.11	229.104
28.0787	28.2181	3396.17	361.049
28.2181	28.5663	4149.9	361.049
28.2297	28.5547	2073.75	679.132
28.5663	28.9321	1874.37	339.749
28.8566	29.2107	2047.56	749.463
29.0191	29.9363	2500.54	438.533
29.1759	29.8609	3145.03	298.06
29.3326	30.0176	1867.89	315.267
29.4719	29.826	9961.82	186.06
29.5996	29.8202	1244.51	129.698
29.7157	30.0002	3712.12	179.184
