0.017415	0.476009	2166.81	695.903
0.0290249	0.481814	4328.62	347.323
0.476009	0.801088	1986.98	695.903
0.481814	0.801088	3978.55	347.323
0.481814	0.801088	3978.55	347.323
1.92726	2.13043	1733.77	516.423
2.13624	2.26395	1736.77	85.558
2.27556	2.57741	1732.76	453.963
2.51356	2.73415	3471.54	137.645
2.54839	2.73415	1732.76	335.897
2.81542	2.93732	1824.17	890.462
2.93732	3.21016	1933.76	890.462
3.53524	3.83129	1457.92	92.8141
3.63973	3.8371	2932.73	77.5314
4.87619	5.09097	4229.76	354.59
4.91102	5.2361	1457.92	483.175
5.22449	5.46249	7906.7	66.3968
5.30576	5.64245	1497.17	272.642
5.64825	5.92109	1752.9	879.949
5.9385	6.33324	3843.02	468.884
5.96753	6.08943	1788.7	881.609
6.08943	6.33324	1977.82	881.609
6.42032	6.76281	2055.86	134.303
6.8673	7.11111	2235.47	831.412
7.22721	7.34331	2084.56	788.507
7.34331	7.84834	1776.34	788.507
7.35492	8.01669	3530.18	307.444
7.99347	8.23728	1475.71	290.943
8.27211	8.58558	3589.81	80.4369
8.34177	8.52753	1796.98	133.242
8.44045	8.71909	1980.1	199.481
10.06	10.5767	2821.4	291.521
10.1819	10.4141	4455.46	405.215
10.2226	10.3851	1500.64	343.09
10.5825	10.8611	3558.84	425.027
10.5941	10.8321	1779.42	902.086
10.8379	11.4126	2001.95	635.008
10.983	11.4242	3971.66	358.354
11.7841	12.1034	4378.92	378.143
11.848	12.1324	2176.85	739.624
12.1324	12.3995	1997.33	351.293
12.3995	12.7187	1786.63	163.996
12.5214	12.6955	3569.14	80.1161
12.7826	12.9974	1775.32	76.984
13.0206	13.3457	1463.82	124.508
13.3283	13.932	2222.59	830.004
13.4444	13.6417	4121.23	127.151
15.1452	15.4877	4207.83	348.097
15.1742	15.5922	2122.22	299.673
15.2323	15.7257	1443.67	373.311
15.4529	15.6154	2839.38	176.633
15.6328	15.8708	1739.78	857.059
16.0044	16.2075	1791.8	492.05
16.0682	16.2598	1429.56	139.112
16.1321	16.3527	1967.56	914.162
16.8403	17.1479	2202.14	1016.47
17.2582	17.415	1977.82	564.63
17.3453	18.0825	3497.71	183.102
17.415	18.0767	1746.83	452.202
17.8794	18.3147	2919.2	102.272
17.92	18.1174	1454.55	189.748
18.0245	18.2741	1485.12	289.484
18.2799	18.4773	1754.92	260.598
18.367	18.6746	1890.68	336.475
18.4831	18.7501	3883.19	206.925
18.5411	18.7559	1942.72	318.809
20.213	20.4045	1517.2	579.415
20.5671	20.985	1702.01	695.779
20.9096	21.1011	1795.94	579.304
21.1011	21.403	1964.15	550.581
21.7571	22.0996	2231.6	798.531
22.0996	22.4073	1999.64	393.279
22.2795	22.5814	3548.58	99.5333
22.4073	22.9297	1762.03	275.398
22.9761	23.3012	1491.99	139.779
23.307	23.8179	2269.29	752.392
23.8875	24.0443	2008.9	60.3897
24.8744	25.0543	2870.71	94.5715
25.1182	25.4084	1509.33	239.76
25.2227	25.4839	2961.67	211.306
25.333	25.4839	1467.21	216.795
25.5187	25.8264	1781.48	446.936
25.7567	25.9367	3591.89	309.555
25.8206	26.0354	1837.92	178.491
25.9367	26.3488	4463.19	417.148
25.9483	26.4824	2231.6	574.808
26.494	26.6971	2599.21	82.1099
26.5636	26.7378	2197.06	66.9439
26.8829	27.1035	2615.78	117.419
26.97	27.2718	1975.53	891.608
27.0919	27.2718	3951.07	210.588
27.2718	27.8059	3501.75	288.915
27.2718	28.0381	1757.97	553.471
27.9568	28.3167	1716.82	477.897
28.4502	28.6941	4399.2	62.1426
28.4909	28.7463	1520.71	86.5002
28.6302	28.7579	3029.14	91.0438
