0
0.00580499
0.01161
0.017415
0.02322
0.0290249
0.0348299
0.0406349
0.0464399
0.0522449
0.0580499
0.0638549	242.419
0.0696599	242.699
0.0754649	245.094
0.0812698	244.67
0.0870748	249.811
0.0928798	249.811
0.0986848	251.985
0.10449	255.502
0.110295	256.093
0.1161	253.884
0.121905	252.568
0.12771	253.006
0.133515	250.823
0.13932	248.947
0.145125	248.947
0.15093	244.387
0.156735	240.328
0.16254	240.189
0.168345	240.884
0.17415	240.467
0.179955	239.496
0.18576	240.328
0.191565	243.261
0.19737	239.22
0.203175	240.606
0.20898	241.441
0.214785	238.668
0.22059	238.668
0.226395	240.606
0.2322	239.635
0.238005	238.668
0.24381	237.979
0.249615	239.358
0.255419	239.912
0.261224	240.189
0.267029	239.773	240.05
0.272834	240.328	240.328
0.278639	240.745	240.745
0.284444	240.467	240.884
0.290249	241.302	241.302
0.296054	241.72	241.58
0.301859	241.58	241.72
0.307664	242.559	242.699
0.313469	242.98	243.683
0.319274	244.105	243.683
0.325079	243.261	243.542
0.330884	245.803	245.378
0.336689	245.661	245.378
0.342494	244.387	244.67
0.348299	246.229	246.229
0.354104	246.799	246.657
0.359909	246.372
0.365714	245.661
0.371519	245.094
0.377324	245.803
0.383129	246.514
0.388934	246.942
0.394739	246.087
0.400544	239.22
0.406349	238.392
0.412154	237.979
0.417959	242.98
0.423764	242.139
0.429569	244.67
0.435374	238.944
0.441179	240.05
0.446984
0.452789
0.458594
0.464399
0.470204
0.476009
0.481814
0.487619
0.493424
0.499229
0.505034
0.510839
0.516644
0.522449
0.528254
0.534059
0.539864
0.545669
0.551474
0.557279
0.563084	378.205
0.568889	397.697
0.574694	378.424
0.580499	379.299
0.586304	383.485
0.592109	394.722
0.597914	384.816
0.603719	382.379
0.609524	385.261
0.615329	392.449
0.621134	376.897
0.626939	389.063
0.632744	387.941	315.106
0.638549	383.707	311.487
0.644354	368.501	305.076
0.650159	386.822	296.391
0.655964	397.467	297.249
0.661769	407.463	305.782
0.667574	308.978
0.673379	313.11
0.679184	319.505
0.684989	325.841
0.690794	331.729
0.696599	341.252
0.702404	343.031
0.708209	343.229
0.714014	342.634
0.719819	347.417
0.725624	346.415
0.731429	345.416
0.737234	345.816
0.743039	345.018
0.748844	345.816
0.754649	339.875
0.760454	340.661
0.766258	341.252
0.772063	335.389
0.777868	329.628
0.783673	323.03
0.789478	319.689
0.795283	315.106	307.731
0.801088	323.03	302.969
0.806893	334.036	293.326
0.812698	335.196	289.12
0.818503	336.748	283.825
0.824308	325.653	275.586
0.830113	320.799	270.539
0.835918	318.583	278.145
0.841723	312.568	270.383
0.847528	307.021	273.841
0.853333	295.878	278.788
0.859138	292.649	287.289
0.864943	292.649	276.703
0.870748	276.703
0.876553	274.95
0.882358	270.539
0.888163	267.277
0.893968	272.421
0.899773	271.165
0.905578	275.427
0.911383	276.383
0.917188	274.633
0.922993	271.165
0.928798	285.965
0.934603	282.517
0.940408	271.792
0.946213	273.525
0.952018	277.503
0.957823	279.111
0.963628	272.106
0.969433	270.695
0.975238	278.466
0.981043	279.272
0.986848	280.403
0.992653	282.028
0.998458	266.814
1.00426	265.431
1.01007	268.981
1.01587	271.949
1.02168	286.295
1.02748	289.287
1.03329	302.27
1.03909	313.653
1.0449
1.0507
1.05651
1.06231
1.06812
1.07392
1.07973
1.08553
1.09134	1260.42
1.09714	1254.61
1.10295	1235.2
1.10875	1238.77
1.11456	1233.77
1.12036	1213.28
1.12617	1206.29
1.13197	1202.12
1.13778	1212.58
1.14358	1200.73
1.14939	1182.15	296.049
1.15519	1181.46	294.514
1.161	1185.57	294.855
1.1668	1168.57	293.495
1.17261	1161.17	294.684
1.17841	1154.48	292.649
1.18422	1140.56	288.62
1.19002	1137.27	284.646
1.19583	1138.58	287.455
1.20163	1157.82	288.62
1.20744	1177.38	286.13
1.21324	1170.6	290.459
1.21905	1165.87	288.453
1.22485	1131.37	284.646
1.23066	1165.87	285.305
1.23646	1124.21	278.627
1.24227	1148.49	282.843
1.24807	1157.82	291.131
1.25388	1171.95	292.987
1.25968	1171.27	294.514
1.26549	1182.83	292.311
1.27129	286.461
1.2771	289.622
1.2829	288.953
1.28871	294.174
1.29451	293.156
1.30032	293.495
1.30612	296.391
1.31193	297.249
1.31773	295.025
1.32354	295.025
1.32934	294.684
1.33515	288.287
1.34095
1.34676
1.35256	343.824
1.35837	343.824
1.36417	342.041
1.36998	339.482
1.37578	336.359
1.38159	334.615
1.38739	335.583
1.3932	343.824
1.399	340.661
1.40481	330.199
1.41061	336.359
1.41642	325.089
1.42222	327.918
1.42803	327.54
1.43383	327.351
1.43964	325.653
1.44544	326.03
1.45125	327.54
1.45705	325.465
1.46286	323.965
1.46866	324.339
1.47447	323.965
1.48027	319.874
1.48608	318.767
1.49188	317.664
1.49769	316.565
1.50349	314.56
1.5093	315.288
1.5151	310.768
1.52091	311.127
1.52671	312.749
1.53252	303.845
1.53832	303.319
1.54413	300.355
1.54993	300.529
1.55574	301.921
1.56154	300.009
1.56735	300.702
1.57315	300.355
1.57896	300.529
1.58476	297.592
1.59057	294.684
1.59637	293.156
1.60218	296.049
1.60798	293.665
1.61379	291.131
1.61959	291.805
1.6254	292.818
1.6312	292.311
1.63701	291.3
1.64281	292.311
1.64862	289.957
1.65442	288.62
1.66023	286.957
1.66603	287.289
1.67184	287.123
1.67764	288.12
1.68345	287.621
1.68925	283.989
1.69506	282.517
1.70086	281.052
1.70667	282.517
1.71247	286.295
1.71828	283.825
1.72408	281.539
1.72989	295.025
1.73569	297.42
1.7415	294.514
1.7473	295.878
1.75311	288.62
1.75891	288.287
1.76472	277.663	329.057
1.77052	269.759	328.867
1.77633	269.447	329.628
1.78213	269.136	331.346
1.78794	268.05	329.628
1.79374	266.66	328.867
1.79955	266.045	327.729
1.80535	266.045	327.351
1.81116	266.969	325.089
1.81696	265.584	333.843
1.82277	266.045	324.152
1.82857	266.969	331.537
1.83438	264.665	334.229
1.84018	263.598	335.002
1.84599	262.534	329.247
1.85179	263.598	333.843	670.004
1.8576	262.231	344.023	671.942
1.8634	261.323	362.38	671.942
1.86921	263.293	380.836	679.357
1.87501	261.022	386.152	703.721
1.88082	260.72	382.6	693.632
1.88662	259.668	384.594	707.798
1.89243	257.577	368.289	711.898
1.89823	257.726	718.093
1.90404	259.518	717.264
1.90984	253.884	715.195
1.91565	256.834	713.545
1.92145	256.834	716.436
1.92726	256.834	719.754
1.93306	257.726	716.849
1.93887	253.298	718.508
1.94467	252.422	720.586
1.95048	248.372	725.598
1.95628	248.659	720.586
1.96209	251.985	723.505
1.96789	250.678	720.586
1.9737	250.389	721.419
1.9795	247.37	726.437
1.98531	245.945	723.923
1.99111	239.496	721.002
1.99692	238.806	727.697
2.00272	243.683	723.923
2.00853	245.378	714.369
2.01433	243.12	693.632
2.02014	239.082	704.942
2.02594	237.156	718.923
2.03175	240.606
2.03755	233.217
2.04336	226.839
2.04916	224.493
2.05497	219.873
2.06077	213.614
2.06658	212.506
2.07238	210.065	1706.94
2.07819	205.98	1705.95
2.08399	200.463	1712.86
2.0898	213.121	1701.03
2.0956	204.912	1686.36
2.10141	205.267	1693.19
2.10721	207.652	1691.23
2.11302	207.532	1690.26
2.11882	1686.36
2.12463	1687.33
2.13043	1692.21
2.13624	1690.26
2.14204	1690.26
2.14785	1690.26
2.15365	1702.01
2.15946	1694.17
2.16526	1688.3
2.17107	1691.23
2.17687	1686.36
2.18268	1686.36
2.18848	1685.38
2.19429	1680.52
2.20009	1673.74	371.493
2.2059	1636.46	363.218
2.2117	1646.89	369.141
2.21751	1666.02	368.289
2.22331	1697.1	375.593
2.22912	1665.06	377.333
2.23492	1703	375.159
2.24073	1684.41	378.424
2.24653	1666.02	377.551
2.25234	1641.19	369.994
2.25814	1658.34	363.848
2.26395	1676.64	362.171
2.26975	1667.95	359.877
2.27556	1678.58	358.839
2.28136	357.185
2.28717	356.978
2.29297	355.949
2.29878	355.949
2.30458	356.566
2.31039	356.155
2.31619	355.949
2.322	354.717
2.3278	355.333
2.33361	354.717
2.33941	354.922
2.34522	357.391
2.35102	357.804
2.35683	358.839
2.36263	357.185
2.36844	359.877	652.813
2.37424	354.308	675.444
2.38005	351.048	704.128
2.38585	347.417	701.692	349.834
2.39166	347.618	696.845	346.816
2.39746	340.071	704.534	346.016
2.40327	337.137	688.045	341.844
2.40907	336.554	672.33	336.943
2.41488	335.389	667.686	334.229
2.42068	336.359	664.992	333.265
2.42649	339.09	661.162	330.581
2.43229	329.628	658.114	329.818
2.4381	329.247	659.255	329.818
2.4439	327.918	658.114	328.867
2.44971	327.729	655.837	328.487
2.45551	327.162	653.945	327.351
2.46132	326.03	652.813	326.784	986.056
2.46712	327.162	652.813	327.918	988.337
2.47293	326.784	651.683	327.54	987.196
2.47873	326.218	650.555	327.162	984.349
2.48454	651.307	326.973	983.781
2.49034	651.683	326.784	984.349
2.49615	649.428	327.162	985.487
2.50195	651.683	327.729	986.626
2.50776	650.555	328.487	984.918
2.51356	649.804	330.39	986.626
2.51937	653.568	329.628	989.48
2.52517	651.683	332.112	991.196
2.53098	653.568	332.88	1002.13
2.53678	670.391	335.777	1012.61
2.54258	663.841	339.286	1000.4
2.54839	667.686	336.943	1010.85
2.55419	672.719	337.332	1007.94
2.56	673.886	337.917	1013.19
2.5658	671.942	337.137	1012.61
2.57161	672.33	336.554	1011.44
2.57741	671.942	335.971	1009.69
2.58322	672.33	335.971	1006.78
2.58902	672.33	335.971	1012.02
2.59483	668.072	335.196	1007.94
2.60063	664.992	334.615	1029.12
2.60644	668.072	334.809	1009.1
2.61224	669.231	333.265	990.052
2.61805	664.224	334.809	991.769
2.62385	681.322	337.137	1025.56
2.62966	674.664	338.503	1036.28
2.63546	668.072	336.943	1007.94
2.64127	661.544	332.88
2.64707	675.444
2.65288	673.886
2.65868	669.617
2.66449	663.841
2.67029	663.841
2.6761	668.072
2.6819
2.68771
2.69351
2.69932
2.70512
2.71093
2.71673
2.72254	335.777
2.72834	350.238
2.73415	352.471
2.73995	355.949
2.74576	353.082
2.75156	344.221
2.75737	336.748
2.76317	333.843
2.76898	330.199
2.77478	324.714
2.78059	320.429
2.78639	324.152
2.7922	322.658
2.798	324.714
2.80381	321.541	663.457
2.80961	323.778	663.074
2.81542	313.472	662.309
2.82122	321.17	663.074
2.82703	313.11	663.074
2.83283	312.207	660.78
2.83864	314.197	662.309
2.84444	314.379	661.926
2.85025	314.924	655.837
2.85605	315.288	659.636
2.86186	316.017	658.874
2.86766	316.017	656.595
2.87347	314.742	657.354
2.87927	314.016	658.114
2.88508	317.298	644.198
2.89088	318.951	637.535
2.89669	316.2	621.535
2.90249	314.924	626.944
2.9083	317.664	626.944
2.9141	319.136	612.625
2.91991	318.215	597.596
2.92571	319.505	588.348
2.93152	321.17	582.936	622.613
2.93732	320.614	584.622	638.271
2.94313	322.658	584.622	648.678
2.94893	323.03	583.947	649.053
2.95474	321.913	585.298	643.826
2.96054	322.099	585.298	647.93
2.96635	321.17	583.61	643.826
2.97215	322.471	581.927	632.4
2.97796	320.429	581.927	631.305
2.98376	321.727	579.244	646.434
2.98957	324.527	579.244	647.181
2.99537	326.407	586.651	650.93
3.00118	327.918	586.651	658.874
3.00698	328.108	586.651	649.804
3.01279	325.089	570.939	649.053
3.01859	324.339	577.907	647.93
3.0244	325.841	649.053
3.0302	325.465	668.072
3.03601	331.537	664.992
3.04181	334.422	670.004
3.04762	644.57
3.05342	675.444
3.05923	694.835
3.06503	716.022
3.07084	732.758
3.07664	729.38
3.08245	731.067
3.08825	729.38
3.09406	725.179
3.09986	707.389
3.10567	690.035
3.11147	686.457
3.11728	677.398
3.12308	694.434
3.12889	718.923
3.13469
3.1405	287.123
3.1463	287.289
3.15211	285.965
3.15791	285.8
3.16372	280.89
3.16952	280.241
3.17533	280.89
3.18113	280.565
3.18694	280.403
3.19274	283.334
3.19855	281.865
3.20435	282.517
3.21016	280.241
3.21596	283.661
3.22177	283.661
3.22757	282.843
3.23338	283.007
3.23918	283.825
3.24499	284.153
3.25079	284.646
3.2566	283.334
3.2624	282.517
3.26821	285.47
3.27401	283.334
3.27982	285.965
3.28562	286.295
3.29143	282.68
3.29723	288.787
3.30304	286.626
3.30884	284.318
3.31465	286.461
3.32045	290.292
3.32626	291.468
3.33206	282.028
3.33787	279.111
3.34367	281.214
3.34948	275.268
3.35528	279.272
3.36109	283.334
3.36689	284.153
3.3727	283.989
3.3785	285.14
3.38431	283.989
3.39011	282.191
3.39592	283.825
3.40172	283.661
3.40753	283.007
3.41333	279.756
3.41914	277.023
3.42494	277.824
3.43075	277.824
3.43655	278.145
3.44236	278.949	347.217
3.44816	277.984	345.616
3.45397	276.703	347.016
3.45977	278.466	346.816
3.46558	276.064	343.229
3.47138	277.663	336.554
3.47719	278.466	334.422
3.48299	279.918	325.277
3.4888	285.965	324.714
3.4946	278.949	320.244
3.50041	275.268	310.588
3.50621	274.791	301.572
3.51202	286.792	295.025
3.51782	293.495	292.649
3.52363	293.326
3.52943	294.174
3.53524	292.48
3.54104	288.953
3.54685	291.468
3.55265	293.326
3.55846	295.195
3.56426	295.195
3.57007	295.195
3.57587	290.292
3.58168	286.792
3.58748	287.787
3.59329	292.311
3.59909
3.6049
3.6107
3.61651
3.62231
3.62812
3.63392	505.719
3.63973	499.622
3.64553	492.743
3.65134	490.472
3.65714	493.313
3.66295	492.743
3.66875	493.598
3.67456	490.472
3.68036	491.322
3.68617	493.028
3.69197	495.026	123.899
3.69778	496.744	124.833
3.70358	492.175	124.33
3.70939	497.606	124.905
3.71519	492.743	124.545
3.721	492.459	120.79
3.7268	492.743	123.115
3.73261	490.755	122.973
3.73841	477.611	122.547
3.74422	487.929	121.56
3.75002	476.784	122.476
3.75583	483.719	117.013
3.76163	477.887	123.685
3.76744	475.959	118.921
3.77324	493.028	121.42
3.77905	497.319	123.044	170.134
3.78485	497.319	122.053	169.056
3.79066	491.322	119.127	168.471
3.79646	489.057	119.887	167.695
3.80227	489.057	119.887	165.1
3.80807	484.558	119.887	164.719
3.81388	485.679	119.472	164.909
3.81968	478.993	117.895	162.545
3.82549	479.546	119.472	159.845
3.83129	478.44	119.472	159.2
3.8371	497.893	115.069	159.476	320.799
3.8429	158.832	319.136
3.84871	160.492	316.931
3.85451	164.433	317.298
3.86032	167.018	318.032
3.86612	163.203	317.114
3.87193	157.644	316.2
3.87773	157.008	313.834
3.88354	152.538	318.767
3.88934	145.734	311.127
3.89515	153.954	315.106
3.90095	307.553
3.90676	310.23
3.91256	302.619
3.91837	301.746
3.92417	301.398
3.92998	307.731
3.93578	317.664
3.94159	300.702
3.94739	302.095
3.9532	312.749
3.959	318.951
3.96481	308.621
3.97061	319.136	350.238
3.97642	323.03	350.441
3.98222	326.407	347.217
3.98803	330.963	349.632
3.99383	317.664	348.02
3.99964	312.207	360.501
4.00544	311.847	350.643
4.01125	322.099	354.103
4.01705	324.339	355.333
4.02286	317.481	357.391
4.02866	322.285	365.111
4.03447	308.621	350.441
4.04027	319.32	348.825
4.04608	314.379	346.415
4.05188	306.135	343.031
4.05769	300.182	338.895
4.06349	314.924	337.527
4.0693	337.527
4.0751	338.895
4.08091	335.583
4.08671	333.458
4.09252	336.943
4.09832	335.196
4.10413	334.615
4.10993	332.688
4.11574	331.729
4.12154	332.112
4.12735	331.154
4.13315	330.009
4.13896	331.92
4.14476	331.537
4.15057	327.162
4.15637	327.729
4.16218	325.089
4.16798	320.799
4.17379	322.285
4.17959	319.505
4.1854	320.429
4.1912	321.541
4.19701	320.614
4.20281	323.03
4.20862	321.913
4.21442	319.32
4.22023	316.2
4.22603	316.931
4.23184	316.748
4.23764	315.106
4.24345	317.114	635.329
4.24925	314.742	601.752
4.25506	309.335	614.752
4.26086	308.978	617.599
4.26667	308.978	619.743
4.27247	309.335	615.107
4.27828	305.429	604.54
4.28408	303.845	607.691
4.28989	303.319	605.588
4.29569	306.135	610.505
4.3015	307.376	615.818
4.3073	305.429	607.691
4.31311	300.702	612.625
4.31891	302.27	603.842
4.32472	306.489	605.938
4.33052	305.782	612.625
4.33633	301.05	605.588
4.34213	301.572	597.251
4.34794	297.249	597.251
4.35374	297.249	597.596
4.35955	296.734	594.154
4.36535	292.311	586.651
4.37116	291.636	585.636
4.37696	291.805	585.636
4.38277	291.805	583.273
4.38857	291.468	583.273
4.39438	292.649	580.919
4.40018	294.514	572.26
4.40599	289.622	574.247
4.41179	284.646	571.929
4.4176	285.47	566.341
4.4234	283.661	567.651
4.42921	282.028	563.73
4.43501	281.377	568.964
4.44082	280.727	562.429
4.44662	281.865	563.079
4.45243	281.214	562.754
4.45823	283.17	569.951
4.46404	282.354	563.404
4.46984	279.111	555.969
4.47565	279.918	550.218
4.48145	278.306	551.172
4.48726	280.727	558.866
4.49306	280.241	556.29
4.49887	280.08	552.766
4.50467	278.466	557.577
4.51048	278.145	555.327
4.51628	279.111	556.933
4.52209	280.241	559.189
4.52789	279.111	556.611
4.5337	277.984	558.221
4.5395	275.109	558.866
4.54531	274.633	546.733
4.55111	272.736	545.471
4.55692	270.695	543.27
4.56272	269.603	544.213
4.56853	270.383	537.03
4.57433	271.008	537.651
4.58014	263.75	533.629
4.58594	263.75	528.109
4.59175	262.231	526.282
4.59755	263.293	523.553
4.60336	266.814	520.538
4.60916	281.539	534.863
4.61497	290.459	541.704
4.62077	291.3	571.269	320.984
4.62658	288.12	565.034	320.984
4.63238	282.68	567.651	322.658
4.63819	567.979	322.285
4.64399	574.247	323.03	244.67
4.6498	580.248	321.355	237.43
4.6556	584.622	325.277	235.518
4.66141	584.622	326.784	235.654
4.66721	590.05	325.653	234.161
4.67302	580.583	325.465	239.496
4.67882	598.632	323.591	230.938
4.68463	594.497	318.215	226.839
4.69043	597.941	304.724	227.101
4.69624	568.307	304.196	223.329
4.70204	563.079	316.017	215.472
4.70785	571.599	313.834	211.648
4.71365	571.599	313.653	206.934
4.71946	591.415	322.658	209.58
4.72526	330.009	220.636
4.73107	321.355	220.891
4.73687	219.873
4.74268	220.764
4.74848	212.875
4.75429	218.228
4.76009	209.459
4.7659	213.861
4.7717	209.338
4.77751	213.861
4.78331	211.648
4.78912	205.03
4.79492	203.144
4.80073	205.03
4.80653	210.065
4.81234	210.065
4.81814	210.065
4.82395	208.976
4.82975
4.83556
4.84136
4.84717
4.85297
4.85878
4.86458
4.87039
4.87619
4.882
4.8878
4.89361
4.89941
4.90522
4.91102
4.91683
4.92263
4.92844
4.93424
4.94005
4.94585	296.905
4.95166	308.799
4.95746	316.748
4.96327	317.664
4.96907	307.198
4.97487	305.429
4.98068	310.23
4.98649	322.099
4.99229	324.339
4.9981	325.465
5.0039	328.108
5.00971	324.527
5.01551	334.229
5.02132	343.625
5.02712	345.416
5.03293	337.722
5.03873	333.65
5.04454	332.88
5.05034	332.304
5.05615	332.304
5.06195	340.464
5.06776	342.041
5.07356	338.503
5.07936	339.286
5.08517	332.688
5.09097	333.073
5.09678	334.036
5.10258
5.10839
5.11419
5.12
5.1258
5.13161
5.13741
5.14322
5.14902
5.15483
5.16063
5.16644
5.17225
5.17805
5.18385
5.18966
5.19546
5.20127
5.20707
5.21288
5.21868
5.22449
5.23029
5.2361
5.2419
5.24771
5.25351
5.25932
5.26512
5.27093
5.27673
5.28254
5.28834
5.29415
5.29995
5.30576
5.31156
5.31737
5.32317
5.32898
5.33478
5.34059
5.34639
5.3522
5.358
5.36381
5.36961
5.37542
5.38122
5.38703
5.39283
5.39864
5.40444
5.41025
5.41605
5.42186
5.42766
5.43347
5.43927
5.44508
5.45088
5.45669
5.46249
5.4683
5.4741
5.47991
5.48571
5.49152
5.49732
5.50313
5.50893
5.51474
5.52054
5.52635
5.53215
5.53796
5.54376
5.54957
5.55537
5.56118
5.56698	406.288
5.57279	413.868
5.57859	401.158
5.5844	413.39
5.5902	395.864	334.036
5.59601	394.722	334.036
5.60181	393.356	336.165
5.60762	397.009	334.036
5.61342	405.351	332.688
5.61923	400.463	336.748
5.62503	398.617	333.65	552.447
5.63084	399.77	335.583	554.045
5.63664	411.246	333.65	554.045
5.64245	408.642	334.615	552.766
5.64825	409.824	330.581	551.491
5.65406	408.406	328.108	551.809
5.65986	409.587	334.615	550.218
5.66567	409.114	329.057	549.265
5.67147	411.722	330.39	549.9
5.67728	410.297	329.057	548.631
5.68308	411.246	329.057	547.681
5.68889	410.061	329.057	547.049
5.69469	409.114	338.699	546.102
5.7005	409.114	327.162	544.213
5.7063	407.228	325.841	542.643
5.71211	408.642	325.841	541.078
5.71791	404.649	537.341
5.72372	403.482	533.013
5.72952	397.927	529.331
5.73533	393.129	520.237
5.74113	390.865	510.415
5.74694	380.836	509.237
5.75274	380.177	495.312
5.75855	383.928	495.312
5.76435	379.08	495.312
5.77016	371.279	533.629
5.77596	353.082	537.03
5.78177	358.011	526.282
5.78757	360.293	515.452
5.79338	527.5
5.79918
5.80499
5.81079
5.8166
5.8224
5.82821
5.83401
5.83982
5.84562
5.85143
5.85723
5.86304
5.86884
5.87465
5.88045
5.88626
5.89206
5.89787
5.90367
5.90948
5.91528
5.92109
5.92689
5.9327
5.9385
5.94431
5.95011
5.95592
5.96172
5.96753
5.97333
5.97914
5.98494
5.99075
5.99655
6.00236
6.00816
6.01397
6.01977
6.02558
6.03138
6.03719
6.04299
6.0488
6.0546
6.06041
6.06621
6.07202
6.07782
6.08363
6.08943
6.09524
6.10104
6.10685
6.11265
6.11846
6.12426
6.13007
6.13587
6.14168
6.14748
6.15329
6.15909
6.1649
6.1707
6.17651
6.18231
6.18812
6.19392
6.19973
6.20553
6.21134
6.21714
6.22295
6.22875
6.23456
6.24036	316.931
6.24617	311.487
6.25197	305.253
6.25778	300.702
6.26358	295.707
6.26939	288.953
6.27519	282.517
6.281	274.95
6.2868	278.466
6.29261	272.421
6.29841	283.17
6.30422	285.305
6.31002	294.514
6.31583	284.646
6.32163	283.17
6.32744	283.17
6.33324	275.745
6.33905	284.811
6.34485	280.565
6.35066	281.702
6.35646	281.702
6.36227	277.984
6.36807	279.272
6.37388	271.322
6.37968	268.515
6.38549	276.224
6.39129	280.241
6.3971	282.191
6.4029	283.661
6.40871	288.287	253.298
6.41451	291.3	255.65
6.42032	278.627	252.714
6.42612	278.627	251.549
6.43193	281.539	251.113
6.43773	277.183	251.985
6.44354	274.474	251.694
6.44934	268.36	252.86
6.45515	271.635	256.686
6.46095	285.634	255.946
6.46676	284.482	255.355	1139.24
6.47256	259.518	1147.17
6.47837	254.324	1132.68
6.48417	253.738	1116.44
6.48998	254.471	1121.61
6.49578	256.093	1127.46
6.50159	253.006	1123.56
6.50739	261.474	1131.37
6.5132	257.131	1134.65
6.519	262.382	1119.67
6.52481	261.323	1101.71
6.53061	261.777	1097.26
6.53642	262.534	1087.8
6.54222	264.513	1075.92
6.54803	261.323	1061.72
6.55383	258.471	1068.49
6.55964	252.86	1067.26
6.56544	267.123	1044.09
6.57125	267.123	1034.48
6.57705	260.72	1056.83
6.58286	261.626	1052.56
6.58866	1050.14
6.59447	1061.72
6.60027	1076.55
6.60608	1079.66
6.61188	1124.21
6.61769	1132.03
6.62349	1106.81
6.6293	1069.11
6.6351	1019.65
6.64091	1070.96
6.64671	301.05
6.65252	298.798
6.65832	295.707
6.66413	290.292
6.66993	289.622
6.67574	284.975
6.68154	281.214
6.68735	283.661
6.69315	282.028
6.69896	281.702
6.70476	280.89
6.71057	277.824
6.71637	291.131
6.72218	284.153
6.72798	285.47
6.73379	281.377
6.73959	283.498
6.7454	296.391
6.7512	297.249
6.75701	280.403
6.76281	277.183
6.76862	277.183
6.77442
6.78023
6.78603
6.79184
6.79764
6.80345
6.80925
6.81506
6.82086	360.085
6.82667	351.657
6.83247	348.825
6.83828	351.657
6.84408	343.031
6.84989	343.625
6.85569	342.437
6.8615	344.619
6.8673	347.819
6.87311	341.449
6.87891	342.041
6.88472	337.917
6.89052	334.036
6.89633	331.537
6.90213	335.002
6.90794	334.422
6.91374	335.777
6.91955	329.247
6.92535	334.422
6.93116	331.92
6.93696	332.688
6.94277	331.346
6.94857	331.154
6.95438	331.92
6.96018	328.867
6.96599	327.918
6.97179	326.218
6.9776	328.297
6.9834	327.351
6.98921	322.099
6.99501	318.032
7.00082	318.032
7.00662	317.481
7.01243	318.399
7.01823	322.285
7.02404	319.505
7.02984	308.799
7.03565	307.376
7.04145	308.978
7.04726	315.288
7.05306	309.514
7.05887	317.114
7.06467	320.984
7.07048	316.748
7.07628	315.652
7.08209	314.197
7.08789	317.114
7.0937	313.11	326.218
7.0995	310.23	310.768
7.10531	310.588	329.628
7.11111	308.978	331.537
7.11692	306.666	331.346
7.12272	304.196	333.265
7.12853	300.355	333.073
7.13433	299.316	331.92
7.14014	300.355	334.036
7.14594	301.572	338.699
7.15175	301.224	336.748
7.15755	297.592	330.772
7.16336	293.156	332.112
7.16916	296.734	332.88
7.17497	289.789	320.799
7.18077	290.124	317.848
7.18658	292.142	316.017
7.19238	286.295	315.288
7.19819	281.702	314.56
7.20399	285.8	309.156
7.2098	288.953	326.03
7.2156	289.455	316.565
7.22141	285.8	320.799
7.22721	284.318	312.027
7.23302	280.89	309.156
7.23882	278.306	304.372
7.24463	276.703	304.196
7.25043	276.703	301.572
7.25624	276.863	290.459
7.26204	276.543	279.111
7.26785	275.427
7.27365	274.157
7.27946	273.999
7.28526	273.051
7.29107	271.008
7.29687	270.852
7.30268	269.292
7.30848	265.891
7.31429	260.72
7.32009	258.024
7.3259	257.131
7.3317	254.618
7.33751	252.13
7.34331	255.355
7.34912	257.131
7.35492	253.152
7.36073	252.276
7.36653	250.968
7.37234	250.389
7.37814	249.234
7.38395	248.659
7.38975	248.516
7.39556	248.803
7.40136	247.656
7.40717	243.964
7.41297	240.884
7.41878	238.668
7.42458	235.926
7.43039	233.621
7.43619	231.739
7.442	227.495
7.4478	221.914
7.45361	217.85
7.45941	211.282
7.46522	204.321
7.47102	198.619
7.47683	192.408
7.48263	191.632
7.48844	191.079
7.49424	190.528
7.50005	188.557
7.50585	182.872	552.766
7.51166	187.147	526.891
7.51746	187.905	518.737
7.52327	187.039	511.005
7.52907	503.097
7.53487	497.893
7.54068	497.319
7.54648	497.319
7.55229	499.622
7.55809	502.516	122.689
7.5639	502.226	123.685
7.56971	501.646	123.115
7.57551	499.333	122.902
7.58132	497.606	123.685
7.58712	498.181	122.902	214.355
7.59293	498.181	123.971	230.006
7.59873	499.333	123.828	236.609
7.60454	498.757	123.971	240.606
7.61034	498.469	123.4	249.378
7.61615	498.757	123.899	254.471
7.62195	497.893	125.05	260.72
7.62776	499.622	122.053	269.915
7.63356	504.844	122.053	269.447
7.63936	516.346	122.053	268.67
7.64517	493.313	123.828	269.292
7.65097	494.74	123.828	272.263
7.65678	495.312	124.833	275.745
7.66258	489.057	122.123	273.999
7.66839	485.118	122.123	270.695
7.67419	474.038	122.123	267.277
7.68	470.22	124.114	265.891
7.6858	475.135	121.14	261.022
7.69161	475.135	260.119
7.69741	489.905	261.928
7.70322	478.163	260.269
7.70902	481.211	266.66
7.71483	486.803	260.269
7.72063	477.611	260.419
7.72644	262.534
7.73224	270.071
7.73805	262.989
7.74385	260.269	440.509
7.74966	259.369	444.342
7.75546	258.621	446.658
7.76127	262.231	452.893
7.76707	262.686	452.37
7.77288	269.759	459.746
7.77868	270.227	442.038
7.78449	265.584	445.113
7.79029	266.199	444.085
7.7961	260.57	443.573
7.8019	255.207	451.065
7.80771	264.513	444.342
7.81351	264.971	458.685
7.81932	260.72	465.357
7.82512	257.726	460.543
7.83093	271.792	450.805
7.83673	277.984	457.626
7.84254	465.088
7.84834	467.782
7.85415	454.465
7.85995	454.465
7.86576
7.87156
7.87737
7.88317
7.88898
7.89478	183.295
7.90059	181.714
7.90639	182.767
7.9122	182.134
7.918	181.295
7.92381	181.19
7.92961	182.134
7.93542	184.677
7.94122	184.997
7.94703	190.638
7.95283	192.631
7.95864	183.719
7.96444	185.104
7.97025	184.89
7.97605	184.677
7.98186	184.677
7.98766	190.528
7.99347	185.532
7.99927	184.038
8.00508	189.979
8.01088	189.65
8.01669	188.122
8.02249
8.0283
8.0341
8.03991
8.04571
8.05152
8.05732
8.06313
8.06893
8.07474
8.08054
8.08635
8.09215
8.09796
8.10376
8.10957
8.11537
8.12118
8.12698
8.13279
8.13859
8.1444
8.1502
8.15601
8.16181
8.16762
8.17342
8.17923
8.18503
8.19084
8.19664
8.20245
8.20825
8.21406	242.419
8.21986	239.635
8.22567	238.668
8.23147	241.302
8.23728	241.72
8.24308	237.43
8.24889	232.678
8.25469	230.538
8.2605	227.101
8.2663	225.924
8.27211	225.142
8.27791	227.627
8.28372	230.671
8.28952	232.813
8.29533	231.071
8.30113	228.417
8.30694	229.475
8.31274	228.813
8.31855	230.272
8.32435	240.606
8.33016	235.382
8.33596	238.117
8.34177	240.189
8.34757	240.189
8.35338	244.105
8.35918	245.945
8.36499	244.811
8.37079	234.026
8.3766	234.026
8.3824	234.026
8.38821	234.026	330.009
8.39401	229.74	326.03
8.39982	324.339
8.40562	323.03
8.41143	324.527
8.41723	326.595
8.42304	324.339
8.42884	324.152
8.43465	321.541
8.44045	321.17
8.44626	323.404
8.45206	320.059
8.45787	322.099
8.46367	316.017
8.46948	308.621
8.47528	302.794
8.48109	300.876
8.48689	299.662	338.308
8.4927	301.572	333.265
8.4985	303.144	336.748
8.50431	301.05	342.634
8.51011	296.734	342.041
8.51592	298.108	339.875
8.52172	297.936	339.679
8.52753	297.592	337.332
8.53333	297.249	333.843
8.53914	294.174	335.196
8.54494	295.025	335.777
8.55075	298.625	335.971
8.55655	312.207	339.286
8.56236	311.847	337.137
8.56816	301.746	334.422
8.57397	308.087	334.809
8.57977	303.67	338.699
8.58558	307.909	335.389
8.59138	304.724	346.415
8.59719	308.978	348.02
8.60299	312.568	341.055
8.6088	302.619	343.031
8.6146	299.316	344.818
8.62041	295.366	342.437
8.62621	296.391	357.391
8.63202	295.025	353.899
8.63782	293.665	352.267
8.64363	292.649	353.082
8.64943	292.311	360.293
8.65524	289.287	345.217
8.66104	289.957	348.825
8.66685	289.455	351.86
8.67265	291.805	353.082
8.67846	290.459	351.657
8.68426	287.621	353.49
8.69007	289.287	346.816
8.69587	288.787	334.036
8.70168	286.792	341.646
8.70748	284.975	341.844
8.71329	282.68	344.42
8.71909	280.241	343.031
8.7249	277.824	340.661
8.7307	277.183	336.165
8.73651	281.377	331.537
8.74231	279.272	317.848
8.74812	277.663	333.65
8.75392	276.224	315.835
8.75973	275.427	321.355
8.76553	274.633
8.77134	274.474
8.77714	275.109
8.78295	273.209
8.78875	272.106
8.79456	271.008
8.80036	268.826
8.80617	266.353
8.81197	265.125
8.81778	264.36
8.82358	262.686
8.82939	262.686
8.83519	262.534
8.841	262.382
8.8468	261.626
8.85261	259.668
8.85841	255.946
8.86422	253.152
8.87002	253.298
8.87583	250.678
8.88163	248.229
8.88744	246.514
8.89324	246.942
8.89905	245.945
8.90485	244.811
8.91066	245.094
8.91646	244.953
8.92227	244.105
8.92807	243.964
8.93388	241.72
8.93968	238.806
8.94549	235.926
8.95129	235.654
8.9571	233.486
8.9629	229.078
8.96871	226.839
8.97451	225.533
8.98032	223.458
8.98612	220.764
8.99193	218.859
8.99773	217.473
9.00354	215.722
9.00934	212.998
9.01515	212.261
9.02095	214.603
9.02676	215.348
9.03256	213.244
9.03837	212.506
9.04417	212.752
9.04998	211.893
9.05578	208.735
9.06159	209.823
9.06739	210.065
9.0732	210.065
9.079	209.217
9.08481	209.097
9.09061	211.16
9.09642	211.648
9.10222	214.231
9.10803	219.873
9.11383	222.428
9.11964	224.104
9.12544	227.364
9.13125
9.13705
9.14286
9.14866
9.15447
9.16027
9.16608
9.17188
9.17769
9.18349
9.1893
9.1951
9.20091
9.20671
9.21252
9.21832
9.22413
9.22993
9.23574
9.24154
9.24735
9.25315
9.25896
9.26476
9.27057
9.27637
9.28218
9.28798
9.29379
9.29959
9.3054
9.3112
9.31701
9.32281
9.32862
9.33442
9.34023
9.34603
9.35184
9.35764
9.36345
9.36925
9.37506
9.38086
9.38667
9.39247
9.39828
9.40408
9.40989
9.41569
9.4215
9.4273
9.43311
9.43891
9.44472
9.45052
9.45633
9.46213
9.46794
9.47374	1651.65
9.47955	1612.06
9.48535	1614.86
9.49116	1618.59
9.49696	1615.79
9.50277	1616.73
9.50857	1622.34
9.51438	1656.43
9.52018	1647.84
9.52599	1625.15
9.53179	1608.34
9.5376	1616.73
9.5434	1706.94
9.54921	1724.78
9.55501	1704.97
9.56082	1698.09
9.56662	1699.07
9.57243	1701.03
9.57823	1696.12
9.58404	1607.41
9.58984	1606.49
9.59565	1611.13
9.60145	1644.99
9.60726	1635.51
9.61306	1686.36
9.61887	1613.93
9.62467
9.63048
9.63628
9.64209
9.64789
9.6537
9.6595
9.66531
9.67111
9.67692
9.68272
9.68853
9.69433
9.70014
9.70594
9.71175
9.71755
9.72336
9.72916
9.73497
9.74077
9.74658
9.75238
9.75819
9.76399
9.7698
9.7756
9.78141
9.78721
9.79302
9.79882
9.80463
9.81043
9.81624
9.82204
9.82785
9.83365
9.83946	293.495
9.84526	294.514
9.85107	307.909
9.85687	312.027
9.86268	312.929
9.86848	318.583
9.87429	324.527
9.88009	324.714
9.8859	323.778
9.8917	321.541
9.89751	325.465
9.90331	327.729
9.90912	329.628
9.91492	329.247
9.92073	325.465
9.92653	321.913
9.93234	327.54
9.93814	317.848
9.94394	323.217	682.11
9.94975	333.65	674.664
9.95555	339.679	674.664
9.96136	340.071	674.664
9.96716	338.699	677.007
9.97297	340.268	679.75
9.97878	343.427	669.617
9.98458	664.992
9.99039	664.992
9.99619	665.376	338.503
10.002	672.719	338.503
10.0078	669.617	338.503
10.0136	660.78	333.265
10.0194	669.231	310.768
10.0252	670.779	312.388
10.031	654.323	315.47
10.0368	645.688	320.799
10.0426	631.305	322.844
10.0484	626.22	331.154
10.0542	623.693	322.285
10.06	621.535	311.847
10.0659	625.859	312.027
10.0717	629.848	312.929
10.0775	630.576	314.016
10.0833	632.035	315.106
10.0891	631.67	315.288
10.0949	629.848	316.017
10.1007	634.229	318.399
10.1065	631.67	318.767
10.1123	648.678	322.658
10.1181	650.179	319.689	337.332
10.1239	666.915	324.152	317.848
10.1297	671.942	318.767	318.032
10.1355	672.33	320.059	337.527
10.1413	663.841	319.689	337.332
10.1471	668.844	334.036	320.059
10.1529	670.004	319.505	334.036
10.1587	680.535	317.664	337.332
10.1645	669.617	318.032	335.971
10.1703	677.398	316.2	337.332
10.1761	689.637	307.731	338.112
10.1819	678.181	315.106	336.748
10.1878	643.826	315.47	336.748	313.834
10.1936	620.459	312.568	348.624	307.731
10.1994	311.307	337.332	309.335
10.2052	310.947	332.304	307.731
10.211	307.376	330.581	305.782
10.2168	297.764	325.277	301.746	301.746
10.2226	294.684	325.841	302.619	302.619
10.2284	297.42	327.918	298.453	298.453
10.2342	295.707	321.355	305.429	293.326
10.24	295.707	322.658	315.47	290.292
10.2458	283.334	321.541	315.835	286.461
10.2516	272.106	316.2	315.106	285.634
10.2574	323.591	311.127	281.865
10.2632	325.841	307.909	274.157
10.269	321.727	316.565	268.826
10.2748	323.03	319.874	263.75
10.2806	321.727	321.727	259.518
10.2864	318.215	314.742	254.031
10.2922	317.664	315.652	245.236
10.298	310.409	309.872	247.227
10.3039	308.443	306.666	244.67
10.3097	307.376	308.443	237.156
10.3155	304.548	305.076	231.873
10.3213	305.253	226.708
10.3271	299.835	224.493
10.3329	296.049	221.786
10.3387	290.124	218.48
10.3445	297.42	216.846
10.3503	285.14	217.348
10.3561	289.12	219.112
10.3619	283.007	220.127
10.3677	285.47	220.636
10.3735	277.824	222.685
10.3793	274.316	222.299
10.3851	271.792	225.272
10.3909	262.989	215.971
10.3967	259.818	218.607
10.4025	275.427	220.382
10.4083	282.028	220.127
10.4141	222.428
10.42	221.274
10.4258	221.147
10.4316	226.054
10.4374	227.101
10.4432	231.873
10.449
10.4548
10.4606
10.4664
10.4722
10.478
10.4838
10.4896
10.4954
10.5012	285.14
10.507	285.14
10.5128	283.498
10.5186	282.354
10.5244	280.403
10.5302	279.272
10.5361	276.064
10.5419	276.224
10.5477	272.421
10.5535	270.852
10.5593	278.949
10.5651	279.756
10.5709	278.627	247.227
10.5767	278.466	239.912
10.5825	278.949	233.217
10.5883	290.124	229.475
10.5941	282.354	228.417
10.5999	285.965	229.873
10.6057	301.398	226.708
10.6115	306.135	229.342
10.6173	304.021	227.233
10.6231	302.969	226.839
10.6289	305.959	227.89
10.6347	308.978	223.071
10.6405	308.799	229.21
10.6463	305.782	231.071
10.6522	311.487	222.043
10.658	319.32	227.101
10.6638	310.588	237.705
10.6696	315.47	235.246
10.6754	317.298	234.432
10.6812	319.136	240.606
10.687	320.244	241.302
10.6928	325.089	242.699
10.6986	327.351	243.261
10.7044	340.268	244.105
10.7102	327.162	246.657
10.716	327.162	244.811
10.7218	326.407	255.798
10.7276	264.665
10.7334	267.123
10.7392	270.227
10.745	269.136
10.7508	269.447
10.7566	270.383
10.7624	270.695
10.7683	270.539
10.7741	274.791
10.7799	276.383
10.7857	279.918
10.7915	278.788
10.7973	276.383
10.8031	273.367
10.8089	274.95
10.8147	271.008
10.8205	270.383
10.8263	270.071
10.8321	277.183
10.8379	288.787
10.8437	296.734
10.8495	290.795
10.8553
10.8611
10.8669
10.8727
10.8785
10.8844
10.8902
10.896
10.9018
10.9076
10.9134
10.9192	262.382
10.925	270.383
10.9308	267.586
10.9366	251.839
10.9424	263.293
10.9482	262.686
10.954	256.834
10.9598	257.28
10.9656	263.902
10.9714	264.665
10.9772	256.982
10.983	255.798
10.9888	256.241
10.9946	263.293
11.0005	250.968
11.0063	250.968
11.0121	246.229
11.0179	248.659
11.0237	245.236
11.0295	254.031
11.0353	252.13
11.0411	250.823
11.0469	254.031
11.0527	251.839
11.0585	252.86
11.0643	252.422
11.0701	251.839
11.0759	252.422
11.0817	250.244
11.0875	249.667
11.0933	247.942
11.0991	253.445
11.1049	251.113
11.1107	252.276
11.1166	254.178
11.1224	250.533
11.1282	248.229
11.134	245.803
11.1398	250.1
11.1456	250.244
11.1514	248.372
11.1572	252.422
11.163	254.324
11.1688	242.98
11.1746	246.229
11.1804	246.514
11.1862	247.37
11.192	249.09
11.1978	246.657
11.2036	244.246
11.2094	244.529
11.2152	238.944	475.135
11.221	236.063	470.764
11.2268	235.246	467.782
11.2327	229.873	461.875
11.2385	227.364	453.678	905.786
11.2443	230.272	460.543	917.37
11.2501	232.275	465.357	931.789
11.2559	230.272	464.283	919.492
11.2617	227.89	468.323	907.881
11.2675	228.153	468.864	904.218
11.2733	226.577	475.684	904.218
11.2791	217.473	478.716	892.284
11.2849	226.054	478.716	891.254
11.2907	225.272	466.164	887.145
11.2965	229.74	460.543	854.948
11.3023	225.793	449.765	839.775
11.3081	228.285	452.631	827.258
11.3139	230.938	453.678	829.171
11.3197	244.246	451.848	827.258
11.3255	249.234	450.284	827.258
11.3313	251.839	451.326	836.387	1013.78
11.3371	244.387	453.416	834.939	1013.19
11.3429	240.884	471.308	828.214	991.196
11.3488	234.568	473.218	827.736	1047.71
11.3546	470.492	822.493	1010.27
11.3604	465.626	809.297	1009.1
11.3662	464.015	806.032	1014.36
11.372	465.088	808.83	1022.6	601.058
11.3778	466.164	805.101	1028.52	598.287
11.3836	468.864	802.316	1039.27	598.287
11.3894	473.764	794.017	1053.78	592.44
11.3952	461.076	774.091	1057.44	590.732
11.401	452.109	777.677	1052.56	595.184
11.4068	462.142	792.185	1034.48	595.184
11.4126	813.046	1041.68	593.125
11.4184	813.986	1020.83	582.263
11.4242	794.935	1018.47	581.255
11.43	790.813	1016.71	571.269
11.4358	809.765	1021.42	561.455
11.4416	792.642	980.377	559.189
11.4474	793.1	992.915	558.221
11.4532	794.935	992.915	558.221
11.459	992.915	536.41
11.4649	1035.68	539.206
11.4707	526.282
11.4765	522.949
11.4823	521.742
11.4881	521.742
11.4939	536.101
11.4997	539.206
11.5055	549.9
11.5113	549.9
11.5171	554.045
11.5229	559.512
11.5287	569.621	367.227
11.5345	543.584	384.816
11.5403	550.536	381.938
11.5461	537.962	372.999
11.5519	542.957	368.076
11.5577	540.141	365.322
11.5635	536.72	366.379
11.5693	550.218	369.567
11.5751	559.836	365.956
11.581	356.155
11.5868	348.624
11.5926	347.016
11.5984	341.646
11.6042	345.616
11.61	340.071
11.6158	354.922
11.6216	350.643
11.6274	348.825
11.6332	350.238
11.639	343.229
11.6448	343.625
11.6506	343.824
11.6564	342.437
11.6622	340.464
11.668	327.918
11.6738	330.772
11.6796	338.112
11.6854	336.748
11.6912	337.722
11.6971	342.239
11.7029
11.7087	341.646
11.7145	339.286	224.882
11.7203	336.748	226.316
11.7261	336.748	220.127
11.7319	339.09	220
11.7377	340.661	211.16
11.7435	339.09	208.253
11.7493	340.071	208.253
11.7551	334.422	210.065
11.7609	336.943	208.976
11.7667	341.844	205.505
11.7725	336.359	205.03
11.7783	342.041	209.217
11.7841	334.809	209.58
11.7899	341.449	205.03
11.7957	329.818	216.221
11.8015	323.03	214.975
11.8073	319.689	221.147
11.8132	328.677	231.739
11.819	335.777	240.606
11.8248	326.973
11.8306	332.88
11.8364	330.009
11.8422	314.56
11.848	314.56
11.8538	308.978
11.8596	305.605
11.8654	305.782
11.8712	306.312
11.877	306.844
11.8828	301.224
11.8886
11.8944
11.9002
11.906
11.9118
11.9176
11.9234
11.9293
11.9351
11.9409
11.9467
11.9525
11.9583
11.9641
11.9699
11.9757
11.9815
11.9873
11.9931
11.9989
12.0047
12.0105
12.0163
12.0221
12.0279
12.0337
12.0395
12.0454
12.0512
12.057
12.0628
12.0686
12.0744
12.0802
12.086
12.0918
12.0976
12.1034
12.1092
12.115
12.1208
12.1266
12.1324
12.1382
12.144
12.1498
12.1556
12.1615
12.1673
12.1731
12.1789
12.1847
12.1905
12.1963
12.2021
12.2079
12.2137
12.2195
12.2253	295.195
12.2311	298.108
12.2369	295.878
12.2427	277.984
12.2485	279.272
12.2543	278.788
12.2601	278.306
12.2659	276.224
12.2717	278.949
12.2776	274.157
12.2834	279.272
12.2892	274.474
12.295	276.543
12.3008	279.918
12.3066	272.263
12.3124	272.736
12.3182	271.635
12.324	273.683
12.3298	278.627
12.3356	278.627
12.3414	274.791
12.3472	274.316
12.353	279.111
12.3588	279.111
12.3646	279.918
12.3704	281.539
12.3762	294.514
12.382	284.975
12.3878	275.745
12.3937	272.263
12.3995	262.079
12.4053
12.4111
12.4169
12.4227
12.4285
12.4343
12.4401
12.4459
12.4517
12.4575
12.4633
12.4691
12.4749
12.4807
12.4865
12.4923
12.4981
12.5039
12.5098
12.5156
12.5214
12.5272
12.533	335.389
12.5388	336.943
12.5446	349.228
12.5504	346.415
12.5562	347.618
12.562	335.583
12.5678	333.65
12.5736	335.196
12.5794	341.646
12.5852	341.844
12.591	337.527
12.5968	339.679
12.6026	344.619
12.6084	335.002
12.6142	334.036
12.62	341.055
12.6258	346.415
12.6317	343.625
12.6375	349.43
12.6433	338.895
12.6491	338.895
12.6549
12.6607
12.6665
12.6723
12.6781
12.6839
12.6897
12.6955
12.7013
12.7071
12.7129
12.7187
12.7245
12.7303
12.7361
12.742
12.7478
12.7536
12.7594
12.7652
12.771
12.7768
12.7826
12.7884
12.7942
12.8
12.8058
12.8116
12.8174	251.839
12.8232	254.324
12.829	243.542
12.8348	251.694
12.8406	238.392
12.8464	238.806
12.8522	237.842
12.858	239.773
12.8639	241.302
12.8697	242.419
12.8755	244.811
12.8813	246.657
12.8871	246.514
12.8929	249.667
12.8987	249.378
12.9045	248.085
12.9103	252.422
12.9161	252.86
12.9219	252.422
12.9277	246.657
12.9335	248.803
12.9393	247.227
12.9451	248.085
12.9509	248.803
12.9567	248.659
12.9625	241.999
12.9683	231.472
12.9741	242.98
12.98	242.84
12.9858	241.023
12.9916
12.9974
13.0032
13.009
13.0148
13.0206
13.0264	323.778
13.0322	321.913
13.038	338.699
13.0438	318.767
13.0496	323.404
13.0554	321.355
13.0612	331.729
13.067	351.657
13.0728	352.267
13.0786	350.643
13.0844	336.748
13.0902	335.389
13.0961	329.247
13.1019	332.88
13.1077	330.199
13.1135	335.196
13.1193	340.661
13.1251	329.437
13.1309	326.784
13.1367	334.422
13.1425	324.714
13.1483	319.505
13.1541	317.298
13.1599	308.265
13.1657	304.548
13.1715	304.9
13.1773	304.196
13.1831
13.1889
13.1947
13.2005
13.2063
13.2122
13.218
13.2238
13.2296
13.2354
13.2412
13.247
13.2528
13.2586
13.2644
13.2702
13.276
13.2818
13.2876
13.2934
13.2992
13.305
13.3108
13.3166
13.3224
13.3283
13.3341
13.3399
13.3457
13.3515
13.3573
13.3631
13.3689
13.3747
13.3805
13.3863
13.3921
13.3979
13.4037
13.4095
13.4153
13.4211	615.462
13.4269	632.4
13.4327	647.181
13.4385	642.711	1325.38
13.4444	641.228	1337.69
13.4502	645.315	1326.91
13.456	660.398	1326.91
13.4618	670.779	1336.14
13.4676	661.926	1335.37
13.4734	661.926	1348.55
13.4792	662.309	1360.29
13.485	664.608	1359.5
13.4908	681.322	1373.71
13.4966	694.033	1391.28
13.5024	698.053	1405.82
13.5082	708.616	1459.6
13.514	713.545	1453.71
13.5198	716.849	1443.67
13.5256	727.697	1442
13.5314	718.923	1429.56
13.5372	717.264	1432.87
13.543	698.456	1396.11
13.5488	711.898	1400.95
13.5546	694.033	1391.28
13.5605	676.225	1372.12
13.5663	662.309	1314.71
13.5721	667.301	1324.62
13.5779	679.75	1345.44
13.5837	677.398
13.5895	677.789
13.5953	680.142
13.6011	667.301
13.6069	678.965
13.6127	696.845	319.32
13.6185	725.179	313.291
13.6243	693.632	307.198
13.6301	686.061	306.135
13.6359	307.021
13.6417	307.909
13.6475	307.553
13.6533	307.376
13.6591	306.489
13.6649	308.443
13.6707	309.335
13.6766	308.443
13.6824	315.47
13.6882	310.768
13.694	309.514
13.6998	309.693
13.7056	307.198
13.7114	312.207	647.93
13.7172	308.265	625.859
13.723	310.768	634.229
13.7288	305.605	629.484
13.7346	312.027	647.93
13.7404	314.56	643.454
13.7462	316.017	635.696
13.752	611.564
13.7578	628.031
13.7636	633.863
13.7694	648.304
13.7752	645.688
13.781	650.555
13.7868	619.028
13.7927	620.818	350.238
13.7985	618.67	350.036
13.8043	602.448	355.949
13.8101	615.107	361.126
13.8159	602.796	357.598
13.8217	575.575	351.86
13.8275	345.616
13.8333	338.112
13.8391	330.772
13.8449	324.714
13.8507	318.399
13.8565	322.658
13.8623	317.114
13.8681	324.339
13.8739	339.286
13.8797	336.165
13.8855	343.427
13.8913	342.239
13.8971	333.073
13.9029	335.583
13.9088	327.918
13.9146	326.218
13.9204	327.162
13.9262	328.487
13.932	326.218
13.9378	330.009
13.9436	333.65
13.9494	332.688
13.9552	329.247
13.961	339.09
13.9668	340.268
13.9726	342.437
13.9784	346.816
13.9842	356.36
13.99	355.333
13.9958	355.333
14.0016	338.308
14.0074	337.137
14.0132	334.036
14.019
14.0249
14.0307
14.0365
14.0423
14.0481
14.0539
14.0597
14.0655
14.0713
14.0771	326.407
14.0829	327.351
14.0887	335.002
14.0945	332.88
14.1003	332.304
14.1061	332.304
14.1119	334.809
14.1177	335.583
14.1235	341.055
14.1293	339.286
14.1351	335.583
14.141	332.88
14.1468	330.581
14.1526	329.057
14.1584	336.359
14.1642	351.251
14.17	352.471
14.1758	348.221
14.1816	340.268	283.825
14.1874	333.843	288.787
14.1932	331.92	284.318
14.199	334.229	281.702
14.2048	345.217	279.756
14.2106	348.624	279.756
14.2164	334.036	281.702
14.2222	332.88	280.241
14.228	283.007
14.2338	283.334
14.2396	282.68
14.2454	280.727
14.2512	286.957
14.2571	278.466
14.2629	273.683
14.2687	277.663
14.2745	283.825
14.2803	276.383
14.2861	280.241
14.2919	287.455
14.2977	280.89
14.3035	274.633
14.3093	270.227
14.3151	281.865
14.3209	269.136
14.3267	269.915
14.3325	258.322
14.3383
14.3441
14.3499
14.3557
14.3615
14.3673
14.3732
14.379
14.3848
14.3906
14.3964
14.4022
14.408
14.4138
14.4196	426.241
14.4254	418.193
14.4312	413.629
14.437	414.107
14.4428	411.009
14.4486	414.586
14.4544	406.993
14.4602	408.642
14.466	405.117
14.4718	410.297
14.4776	412.913
14.4834	414.107
14.4893	416.987
14.4951	425.995
14.5009	425.258
14.5067	414.825
14.5125	409.114
14.5183	406.054
14.5241	405.351
14.5299	404.649
14.5357	406.054
14.5415	404.883
14.5473	407.228
14.5531	414.107
14.5589	410.535
14.5647	399.539
14.5705	398.387
14.5763	397.927
14.5821	416.265
14.5879
14.5937
14.5995
14.6054
14.6112
14.617
14.6228
14.6286	720.17
14.6344	736.577
14.6402	731.912
14.646	710.665
14.6518	696.442
14.6576	704.128
14.6634	722.253
14.6692	712.721
14.675	731.912	262.534
14.6808	731.912	259.818
14.6866	707.798	260.871
14.6924	721.836	261.022
14.6982	704.128	261.928
14.704	709.025	262.837
14.7098	707.389	264.513
14.7156	725.179	270.539
14.7215	732.758	276.383
14.7273	733.605	277.183
14.7331	739.134	277.023
14.7389	768.3	280.241
14.7447	758.161	286.295
14.7505	768.744	287.289
14.7563	744.706	289.455
14.7621	745.566	296.563
14.7679	298.971
14.7737	301.746
14.7795	300.702
14.7853	300.529
14.7911	303.494
14.7969	305.429
14.8027	302.27
14.8085	295.707
14.8143	291.973
14.8201	288.62
14.8259	295.195
14.8317	285.965
14.8376	282.191
14.8434	281.865
14.8492	285.14
14.855	285.965
14.8608	285.305
14.8666	290.292
14.8724	293.495
14.8782	292.818	362.171
14.884	299.835	360.709
14.8898	300.529	365.956
14.8956	298.281	360.709
14.9014	298.281	358.425
14.9072	294.514	363.428
14.913	294.514	363.428
14.9188	294.344	371.279
14.9246	307.021	372.783
14.9304	319.874	379.08
14.9362	374.943
14.942	377.115
14.9478	367.014
14.9537	368.714
14.9595	361.126
14.9653	354.717	332.112
14.9711	355.743	329.818
14.9769	359.669	322.844
14.9827	365.533	324.902
14.9885	377.115	323.217
14.9943	383.928	316.383
15.0001	391.317	317.848
15.0059	380.177	322.844
15.0117	374.077	326.218
15.0175	363.218	326.03
15.0233	379.08	324.339
15.0291	379.08	317.664
15.0349	377.115	314.379
15.0407	379.738	314.56
15.0465	365.956	303.494
15.0523	358.011	309.514
15.0581	345.616	319.689
15.0639	371.923	320.059
15.0697	358.425	305.605
15.0756	317.298
15.0814	313.291
15.0872	317.664
15.093	316.748
15.0988	320.244
15.1046	321.541
15.1104	309.156
15.1162	311.307
15.122	314.742
15.1278	318.767
15.1336	322.099
15.1394	333.073
15.1452	322.844
15.151	321.355
15.1568	315.835
15.1626	303.67
15.1684	323.217
15.1742	314.924
15.18	309.335
15.1859	315.835
15.1917	314.016
15.1975	311.127
15.2033	319.136
15.2091	319.874
15.2149	311.847
15.2207	310.409
15.2265	317.298
15.2323	315.288
15.2381	313.472
15.2439	311.667
15.2497	310.768
15.2555	310.051
15.2613	308.265	359.254
15.2671	312.027	361.335
15.2729	319.505	362.589
15.2787	310.588	356.566
15.2845	310.051	358.218
15.2903	305.429	354.717
15.2961	305.429	356.36
15.3019	310.23	353.694
15.3078	305.605	355.538
15.3136	308.443	365.956
15.3194	310.947	365.745
15.3252	319.136	367.014
15.331	317.664	376.897
15.3368	366.379
15.3426	368.501
15.3484	373.43
15.3542	371.708	598.287
15.36	366.591	608.042
15.3658	369.141	581.255
15.3716	379.738	594.841
15.3774	380.396	601.058
15.3832	381.276	610.505
15.389	373.214	605.588
15.3948	373.43	605.938
15.4006	381.497	603.493
15.4064	374.726	589.369
15.4122	378.424	587.33
15.418	388.389	592.783
15.4239	389.513	594.841
15.4297	386.375	590.391
15.4355	385.039	583.947
15.4413	385.039	592.44
15.4471	388.614	577.907
15.4529	396.55	583.947
15.4587	387.941	586.99	310.768
15.4645	390.865	605.588	307.731
15.4703	392.449	587.669	305.253
15.4761	393.129	585.636	304.548
15.4819	387.046	591.415	304.9
15.4877	370.636	591.415	304.021
15.4935	386.599	591.073	303.494
15.4993	593.468	301.921
15.5051	605.588	300.529
15.5109	609.448	305.429	290.627
15.5167	621.177	306.666	285.14
15.5225	614.752	310.947	284.318
15.5283	617.599	309.156	284.646
15.5341	616.53	306.666	284.811
15.54	633.497	306.844	283.825
15.5458	626.944	313.11	281.702
15.5516	628.031	318.951	280.727
15.5574	648.304	319.505	276.703
15.5632	639.748	329.247	272.893
15.569	639.748	320.614	272.421
15.5748	637.535	313.834	270.539
15.5806	639.009	315.47	269.292
15.5864	650.93	265.891
15.5922	643.454	266.814
15.598	648.304	263.445	345.616
15.6038	643.454	264.055	348.02
15.6096	607.691	266.969	363.848
15.6154	635.329	283.498	364.901
15.6212	274.633	364.901
15.627	261.474	365.956
15.6328	261.323	364.269
15.6386	362.589
15.6444	356.772
15.6502	357.598
15.6561	351.251
15.6619	346.616	323.217
15.6677	353.49	319.689
15.6735	367.014	301.398
15.6793	383.485	298.281
15.6851	369.781	298.798
15.6909	357.598	296.049
15.6967	359.669	290.795
15.7025	354.717	279.433
15.7083	353.49	272.106
15.7141	363.218	264.818
15.7199	355.333	268.826
15.7257	354.103	271.165
15.7315	364.479	279.111
15.7373	364.69	291.131
15.7431	349.632	288.62
15.7489	354.717	290.963
15.7547	353.286	294.684
15.7605	361.962	302.444
15.7663	363.428	297.077
15.7722	356.36	307.553
15.778	359.046	290.795
15.7838	354.308	285.305
15.7896	352.471	284.318
15.7954	350.643	288.62
15.8012	347.819	291.805
15.807	336.359	293.156
15.8128	349.43
15.8186
15.8244
15.8302
15.836
15.8418
15.8476
15.8534
15.8592
15.865
15.8708
15.8766
15.8824
15.8883
15.8941
15.8999
15.9057
15.9115
15.9173
15.9231
15.9289
15.9347
15.9405
15.9463
15.9521
15.9579
15.9637
15.9695
15.9753
15.9811
15.9869
15.9927
15.9985
16.0044
16.0102
16.016
16.0218
16.0276
16.0334
16.0392
16.045	365.322
16.0508	363.638
16.0566	368.076
16.0624	374.51
16.0682	374.077
16.074	371.708
16.0798	373.43
16.0856	380.836
16.0914	380.396
16.0972	373.214
16.103	371.065
16.1088	370.208
16.1146	369.141
16.1205	363.638
16.1263	369.567
16.1321	362.171
16.1379	374.726
16.1437	377.551
16.1495	379.957
16.1553	368.927
16.1611	371.279
16.1669	357.598
16.1727	372.568
16.1785	362.171
16.1843	366.379
16.1901	364.901
16.1959	359.669
16.2017	367.863
16.2075	369.567
16.2133	371.065
16.2191	361.753
16.2249	371.923
16.2307	376.244
16.2366	374.51
16.2424	374.943
16.2482	374.943
16.254	374.943
16.2598	361.962
16.2656	347.819
16.2714	348.02
16.2772	352.267	406.523
16.283	339.875	397.238
16.2888	404.649
16.2946	377.115
16.3004	387.046
16.3062	384.816
16.312	385.484
16.3178	390.188
16.3236	393.584
16.3294	397.697
16.3352	393.356
16.341	390.414
16.3468	392.222
16.3527	387.717
16.3585	389.513
16.3643	395.635
16.3701	401.854
16.3759	389.513
16.3817	396.092
16.3875	398.847
16.3933	397.927
16.3991	392.675
16.4049	391.091
16.4107	379.957
16.4165	378.643
16.4223	388.838
16.4281	385.039
16.4339	393.356
16.4397	391.317
16.4455	391.317
16.4513	395.635
16.4571	407.228
16.4629	408.878
16.4688	395.864
16.4746	401.39	343.031
16.4804	402.086	344.023
16.4862	417.469	349.632
16.492	410.772	350.846
16.4978	402.783	347.016
16.5036	397.927	345.018
16.5094	394.039	356.36
16.5152	388.389	354.308
16.521	393.811	349.228
16.5268	394.039	350.036
16.5326	397.927	344.818
16.5384	393.356	353.286
16.5442	402.318	351.251
16.55	393.584	353.082
16.5558	382.158	362.799
16.5616	380.836	364.901
16.5674	383.928	367.651
16.5732	391.091	361.962
16.579	400.232	360.918
16.5849	407.934	370.422
16.5907	416.987	366.379
16.5965	412.913	367.014
16.6023	429.454	374.51
16.6081	426.734	380.616
16.6139	438.224	381.056
16.6197	422.564	378.424
16.6255	376.462
16.6313	387.493
16.6371	373.214
16.6429	372.999
16.6487	367.014
16.6545	353.899
16.6603	349.43
16.6661	349.632
16.6719	346.816
16.6777	333.073
16.6835	317.114
16.6893	318.951
16.6951	317.114
16.701	321.541
16.7068	333.073
16.7126	330.39
16.7184	327.918
16.7242	329.628
16.73	331.346
16.7358	325.277	490.472
16.7416	324.902	475.959
16.7474	317.481	492.459
16.7532	322.844	492.459
16.759	326.218	498.757
16.7648	326.218	497.893
16.7706	326.218	510.12
16.7764	335.583	491.039
16.7822	329.247	490.755
16.788	338.308	482.882
16.7938	339.286	478.993
16.7996	339.875	466.164
16.8054	335.389	479.546
16.8112	340.464	482.046
16.8171	346.816	481.211	367.014
16.8229	334.809	470.492	364.69
16.8287	331.729	473.218	364.479
16.8345	338.112	477.336	361.126
16.8403	467.512	371.065
16.8461	486.803	362.799
16.8519	498.757	367.014
16.8577	373.645
16.8635	374.51
16.8693	379.957
16.8751	375.81
16.8809	371.708
16.8867	363.428
16.8925	354.717
16.8983	365.322
16.9041	368.927
16.9099	365.533
16.9157	361.126
16.9215	368.501
16.9273	379.738
16.9332	383.042
16.939	389.738
16.9448	403.249
16.9506	398.387
16.9564	384.816
16.9622
16.968
16.9738
16.9796
16.9854
16.9912
16.997
17.0028
17.0086
17.0144
17.0202
17.026
17.0318
17.0376
17.0434
17.0493
17.0551	281.214
17.0609	281.702
17.0667	293.156
17.0725	287.621
17.0783	289.12
17.0841	275.109
17.0899	277.824
17.0957	278.949
17.1015	277.183
17.1073	274.316
17.1131	276.064
17.1189	275.109
17.1247	273.209
17.1305	271.949
17.1363	266.814
17.1421	273.367
17.1479	271.322
17.1537	271.792
17.1595	275.586
17.1654	276.224	301.05
17.1712	282.843
17.177	272.106
17.1828	273.051
17.1886	276.064
17.1944	276.863
17.2002	275.427
17.206	286.626
17.2118
17.2176	316.017
17.2234	302.444
17.2292	301.572
17.235	312.749
17.2408	312.568
17.2466	303.845
17.2524	301.921
17.2582	298.108
17.264	292.818
17.2698	296.22
17.2756	289.287
17.2815	293.495
17.2873	298.108
17.2931	292.311
17.2989	292.311
17.3047	297.764
17.3105	298.625
17.3163	297.936
17.3221	297.936
17.3279	292.48
17.3337	296.734
17.3395	297.077
17.3453	298.108
17.3511	298.798
17.3569	292.818
17.3627	298.281
17.3685	296.391
17.3743	297.249
17.3801	292.649
17.3859	291.636
17.3917	304.372
17.3976	296.734
17.4034	299.489
17.4092	297.249
17.415	298.281
17.4208	307.731
17.4266	312.568
17.4324	305.429
17.4382	303.319
17.444	302.095
17.4498	303.144
17.4556	301.05
17.4614	304.372
17.4672	308.443
17.473	311.307	368.714
17.4788	310.947	364.058
17.4846	311.487	364.269
17.4904	318.767	372.138
17.4962	329.437	382.158
17.502	323.217	372.783
17.5078	333.265	384.15
17.5137	342.634	389.288
17.5195	327.54	380.616
17.5253	374.51
17.5311	391.317	281.702
17.5369	398.617	264.36
17.5427	384.594	262.382
17.5485	383.707	275.905
17.5543	369.781	272.263
17.5601	379.299	271.165
17.5659	376.027	268.826
17.5717	374.726	261.173
17.5775	364.269	259.668
17.5833	372.568	259.219
17.5891	378.205	271.949
17.5949	378.424	273.999
17.6007	380.177	272.421
17.6065	378.424	270.695
17.6123	369.141	268.515
17.6181	383.485	277.023
17.6239	383.042	279.272
17.6297	379.08	276.224
17.6356	375.159	265.584	414.346
17.6414	275.268	427.227
17.6472	273.525	435.701
17.653	264.513	434.444
17.6588	273.051	445.37
17.6646	273.999	427.721
17.6704	275.109	423.542
17.6762	268.826	422.564
17.682	270.227	428.215
17.6878	278.466	424.767
17.6936	283.007	428.215
17.6994	283.825	445.37
17.7052	282.028	426.241
17.711	295.025	416.747
17.7168	310.051
17.7226	307.021
17.7284	291.468
17.7342	296.049
17.74	284.975
17.7458	273.051
17.7517
17.7575
17.7633
17.7691
17.7749
17.7807
17.7865
17.7923
17.7981
17.8039
17.8097
17.8155
17.8213
17.8271	441.273
17.8329	441.273
17.8387	427.721
17.8445	434.444	290.459
17.8503	429.95	292.987
17.8561	435.701	291.131
17.8619	435.701	280.241
17.8678	435.701	287.787
17.8736	423.053	294.004
17.8794	422.32	303.494
17.8852	421.589	320.799
17.891	419.888	322.285	291.131
17.8968	415.305	323.217	291.131
17.9026	406.523	317.298	290.963
17.9084	408.642	323.404	287.787
17.9142	399.77	322.658	281.702
17.92	376.244	311.487	278.145
17.9258	374.726	319.505	264.665
17.9316	378.205	320.429	260.119
17.9374	330.39	261.173
17.9432	333.458	257.28
17.949	335.583	242.419
17.9548	351.454	241.162
17.9606	357.598	233.756
17.9664	353.49	230.405
17.9722	361.544	230.405
17.9781	358.425	230.405
17.9839	369.994	230.405	308.087
17.9897	376.462	308.443
17.9955	388.614	301.398
18.0013	393.811	296.391
18.0071	417.469	276.863
18.0129	445.37	274.791
18.0187	445.37	276.224
18.0245	445.37	276.064
18.0303	280.241
18.0361	282.354
18.0419	279.433
18.0477	276.703
18.0535	286.957
18.0593	273.525
18.0651	279.756
18.0709	270.071
18.0767	268.205
18.0825	277.503
18.0883	268.05
18.0941	278.145
18.1	276.703
18.1058	276.543
18.1116	274.474
18.1174	267.277
18.1232	274.474
18.129	274.474
18.1348	283.989
18.1406
18.1464
18.1522
18.158
18.1638
18.1696
18.1754
18.1812
18.187
18.1928
18.1986
18.2044
18.2102
18.2161
18.2219
18.2277
18.2335
18.2393
18.2451
18.2509
18.2567
18.2625
18.2683
18.2741
18.2799
18.2857
18.2915
18.2973
18.3031
18.3089
18.3147
18.3205
18.3263
18.3322
18.338
18.3438
18.3496
18.3554
18.3612
18.367
18.3728
18.3786
18.3844
18.3902
18.396
18.4018
18.4076
18.4134
18.4192
18.425
18.4308
18.4366
18.4424
18.4483
18.4541
18.4599
18.4657
18.4715
18.4773
18.4831
18.4889
18.4947
18.5005	278.949
18.5063	276.863
18.5121	277.503
18.5179	278.306
18.5237	279.595
18.5295	278.466
18.5353	277.023
18.5411	278.788
18.5469	278.145
18.5527	277.183
18.5585	277.343
18.5644	279.433
18.5702	283.661
18.576	282.68
18.5818	278.145
18.5876	281.377
18.5934	287.123
18.5992	267.895
18.605	283.498
18.6108	282.028
18.6166	290.963
18.6224	300.702
18.6282	305.253
18.634	315.652
18.6398	320.799
18.6456	324.339
18.6514	332.688
18.6572	326.595
18.663	334.229
18.6688	333.073
18.6746	340.464
18.6805	353.694
18.6863
18.6921
18.6979
18.7037
18.7095
18.7153
18.7211	750.319
18.7269	738.708
18.7327	734.877
18.7385	739.134
18.7443	746.428
18.7501	753.794
18.7559	749.02
18.7617	740.844
18.7675	741.701
18.7733	736.577
18.7791	740.416
18.7849	742.987
18.7907	745.566
18.7966	745.566
18.8024	762.993
18.8082	748.587	368.289
18.814	738.281	369.141
18.8198	744.276	364.901
18.8256	752.489	356.36
18.8314	776.33	343.427
18.8372	754.229	336.748
18.843	743.416	330.581
18.8488	722.253	326.973
18.8546	323.03
18.8604	327.54
18.8662	320.799
18.872	317.114
18.8778	310.23
18.8836	309.514
18.8894	302.969
18.8952	305.782
18.901	306.666
18.9068	303.144
18.9127	299.662
18.9185	302.619
18.9243	301.746
18.9301	307.021
18.9359	312.207
18.9417	308.265
18.9475	325.089
18.9533	320.799
18.9591	326.973
18.9649	317.298
18.9707	331.92
18.9765	316.2
18.9823	314.56
18.9881
18.9939	588.688
18.9997	589.369
19.0055	592.098
19.0113	595.872
19.0171	588.688
19.0229	575.575
19.0288	569.621
19.0346	577.24
19.0404	586.99
19.0462	559.512
19.052	559.512
19.0578	545.156
19.0636	547.681
19.0694	547.365
19.0752	536.72
19.081	531.169
19.0868	529.637
19.0926	530.555
19.0984	533.321
19.1042	536.41
19.11	527.195
19.1158	548.315
19.1216	556.611
19.1274	545.786
19.1332	547.681
19.139	541.704
19.1449	542.643
19.1507	533.013
19.1565	523.553
19.1623	509.826
19.1681	513.965
19.1739
19.1797
19.1855
19.1913
19.1971
19.2029
19.2087
19.2145
19.2203
19.2261
19.2319
19.2377
19.2435
19.2493
19.2551
19.261
19.2668
19.2726
19.2784	343.824
19.2842	339.09
19.29	333.073
19.2958	336.943
19.3016	323.778
19.3074	336.359
19.3132	341.646
19.319	347.217
19.3248	350.036
19.3306	351.454
19.3364	339.679
19.3422	334.229
19.348	330.39
19.3538	321.541
19.3596	323.03
19.3654	314.379
19.3712	318.215
19.3771	323.778
19.3829	316.017
19.3887	309.872
19.3945	305.076
19.4003	288.62
19.4061	283.989
19.4119	282.191
19.4177	279.918
19.4235	274.316
19.4293	261.777
19.4351	265.431
19.4409	265.431
19.4467	252.422
19.4525
19.4583
19.4641
19.4699
19.4757	360.293
19.4815	361.126
19.4873	360.709
19.4932	359.046
19.499	346.616
19.5048	326.595
19.5106	347.016
19.5164	345.816
19.5222	349.228
19.528	358.218
19.5338	359.254
19.5396	367.227
19.5454	373.861
19.5512	371.065	156.827
19.557	372.999	159.108
19.5628	374.943	158.466	630.212
19.5686	375.159	157.917	626.944
19.5744	372.999	158.649	624.054
19.5802	373.43	158.557	624.054
19.586	374.077	158.283	629.484
19.5918	358.011	157.735	634.595
19.5976	361.335	156.465	637.903
19.6034	361.335	163.015	641.969
19.6093	357.185	161.049	644.198
19.6151	350.036	158.74	639.748
19.6209	345.217	156.555	637.166
19.6267	355.127	156.194	633.863
19.6325	342.634	153.866	621.177
19.6383	327.54	153.245	616.174
19.6441	324.902	153.156	622.973
19.6499	321.17	158.649	633.497
19.6557	320.799	160.771	641.228
19.6615	333.843	155.294	641.598
19.6673	333.843	155.294	629.484
19.6731	155.294	634.962
19.6789	153.156	613.333
19.6847	153.156	604.54
19.6905	150.091	601.058	334.809
19.6963	152.45	595.872	339.679
19.7021	594.497	343.031
19.7079	595.872	358.632
19.7137	345.616
19.7195	340.071
19.7254	340.858
19.7312	346.415
19.737	346.415
19.7428	346.616
19.7486	344.42
19.7544	345.217
19.7602	345.217
19.766	348.422
19.7718	349.027
19.7776	347.417
19.7834	346.016
19.7892	346.016
19.795	346.816
19.8008	347.016
19.8066	347.417
19.8124	347.819
19.8182	350.036
19.824	350.238
19.8298	349.43
19.8356	348.221
19.8415	341.252
19.8473	342.634
19.8531	344.221
19.8589	346.415
19.8647	347.217
19.8705	348.825
19.8763	343.031
19.8821	341.449
19.8879
19.8937
19.8995
19.9053
19.9111
19.9169
19.9227	276.863
19.9285	278.788
19.9343	281.865
19.9401	278.306
19.9459	279.111
19.9517	275.745
19.9576	262.686
19.9634	259.668
19.9692	266.353
19.975	269.447
19.9808	261.626
19.9866	258.322
19.9924	259.069
19.9982	259.069
20.004	257.28
20.0098	254.618
20.0156	253.738
20.0214	251.258
20.0272	247.37
20.033	240.05
20.0388	240.05
20.0446	246.942
20.0504	232.947
20.0562	245.094
20.062
20.0678	174.413
20.0737	170.725
20.0795	167.018
20.0853	165.864
20.0911	166.536
20.0969	167.501
20.1027	168.764
20.1085	168.861
20.1143	168.18
20.1201	167.598
20.1259	167.889
20.1317	168.277
20.1375	168.471
20.1433	168.471
20.1491	168.374
20.1549	168.374
20.1607	169.447
20.1665	171.317
20.1723	172.708
20.1781	168.471
20.1839	168.471
20.1898	170.036
20.1956	171.614
20.2014
20.2072
20.213
20.2188
20.2246
20.2304
20.2362
20.242
20.2478
20.2536	339.679
20.2594	342.239
20.2652	342.437
20.271	341.055	673.107
20.2768	337.527	660.78
20.2826	334.036	663.841
20.2884	336.748	673.496
20.2942	340.268	682.504
20.3	340.661	677.789
20.3058	339.09	668.072
20.3117	338.503	662.309
20.3175	336.554	667.301
20.3233	336.359	678.965
20.3291	336.554	679.75
20.3349	337.917	666.915
20.3407	339.286	675.054
20.3465	330.772	683.687
20.3523	336.554	660.398
20.3581	328.297	642.34
20.3639	335.971	631.67
20.3697	331.154	614.397
20.3755	328.297
20.3813	336.554
20.3871	337.137
20.3929	338.112
20.3987	336.359
20.4045	337.332
20.4103	333.843
20.4161	333.843
20.4219	328.677
20.4278	332.304
20.4336	333.65
20.4394	336.359
20.4452	326.595
20.451	322.658
20.4568	310.947
20.4626	327.54
20.4684	318.583
20.4742	318.399
20.48
20.4858
20.4916
20.4974
20.5032
20.509
20.5148
20.5206
20.5264
20.5322
20.538
20.5439
20.5497
20.5555	302.619
20.5613	303.144
20.5671	304.196
20.5729	300.009
20.5787	301.921
20.5845	302.794
20.5903	299.662
20.5961	298.625
20.6019	298.971
20.6077	302.444
20.6135	296.734
20.6193	294.684
20.6251	300.009
20.6309	294.684
20.6367	294.004
20.6425	293.326
20.6483	287.455
20.6542	281.702
20.66	272.263
20.6658	261.173
20.6716	260.269
20.6774	260.269
20.6832	254.766
20.689	253.152
20.6948	247.799
20.7006	247.799
20.7064	246.372
20.7122	246.942
20.718	240.467
20.7238	241.023
20.7296	245.661
20.7354
20.7412
20.747
20.7528
20.7586
20.7644
20.7702
20.7761
20.7819
20.7877
20.7935
20.7993
20.8051
20.8109
20.8167
20.8225
20.8283
20.8341
20.8399
20.8457
20.8515
20.8573
20.8631
20.8689
20.8747
20.8805
20.8863
20.8922
20.898
20.9038
20.9096
20.9154
20.9212
20.927
20.9328
20.9386
20.9444
20.9502
20.956
20.9618
20.9676
20.9734
20.9792
20.985
20.9908
20.9966
21.0024
21.0083
21.0141	330.39
21.0199	326.03
21.0257	319.32
21.0315	316.748
21.0373	313.834
21.0431	307.376
21.0489	302.619
21.0547	303.144
21.0605	300.702
21.0663	301.224
21.0721	300.355
21.0779	306.844
21.0837	304.9
21.0895	303.494
21.0953	306.666
21.1011	312.388
21.1069	304.372
21.1127	300.009
21.1185	301.05
21.1244	300.702
21.1302	317.481
21.136	307.198
21.1418	300.529
21.1476	311.847
21.1534	309.335
21.1592	306.666
21.165	313.11
21.1708	312.929
21.1766	313.291
21.1824	315.652
21.1882	306.666
21.194	309.514
21.1998	313.291
21.2056	313.291
21.2114	318.399
21.2172	317.848
21.223	315.835
21.2288	314.016
21.2346	324.152
21.2405	316.383
21.2463	327.918
21.2521	326.03
21.2579	328.677
21.2637	323.03
21.2695	315.288
21.2753	318.951
21.2811	326.03
21.2869	340.464
21.2927	338.895
21.2985	340.661
21.3043	327.54
21.3101	333.65
21.3159	337.137
21.3217	335.777
21.3275	334.229
21.3333	317.664
21.3391	325.653
21.3449	335.971
21.3507	347.819
21.3566
21.3624
21.3682
21.374
21.3798
21.3856
21.3914
21.3972
21.403
21.4088
21.4146
21.4204
21.4262
21.432
21.4378
21.4436
21.4494	259.069
21.4552	241.58
21.461	244.105
21.4668	249.667
21.4727	251.839
21.4785	258.322
21.4843	270.227
21.4901	268.981
21.4959	263.293
21.5017	264.36
21.5075	261.474
21.5133	262.989
21.5191	259.969
21.5249	258.471
21.5307	263.445
21.5365	258.471
21.5423	257.131
21.5481	260.72
21.5539	261.173
21.5597	263.293
21.5655	264.513
21.5713	264.513
21.5771	260.419
21.5829	268.826
21.5888	257.131
21.5946	258.621
21.6004	260.119
21.6062	254.618
21.612	253.738
21.6178	253.298
21.6236	254.324
21.6294	249.667	362.171
21.6352	257.131	361.544
21.641	262.079	367.863
21.6468	252.568	360.293
21.6526	248.229	358.218
21.6584	257.875	359.046
21.6642	354.308
21.67	351.048
21.6758	350.846
21.6816	348.02
21.6874	343.625
21.6932	340.071
21.699	335.971
21.7049	335.583
21.7107	335.389
21.7165	326.218
21.7223	335.196
21.7281	339.286
21.7339	335.777
21.7397	337.332
21.7455	338.308
21.7513	344.42
21.7571	345.217
21.7629	346.616
21.7687	349.43
21.7745	351.657
21.7803	353.49
21.7861	351.454
21.7919	349.632
21.7977	353.694
21.8035	354.103
21.8093	353.899
21.8151	355.743
21.821	356.978
21.8268	358.011
21.8326	358.425
21.8384	356.978
21.8442	350.441
21.85	350.846
21.8558	350.643
21.8616	352.064
21.8674	350.643
21.8732	352.471
21.879	353.899	943.706
21.8848	354.922	948.077
21.8906	354.922	948.624
21.8964	348.221	946.982
21.9022	348.422	945.342
21.908	353.082	946.982
21.9138	359.669	968.557
21.9196	356.36	958.539
21.9254	350.238	946.435
21.9312	351.86	944.796
21.9371	351.86	944.796
21.9429	351.454	946.982
21.9487	349.228	938.27
21.9545	347.618	962.422
21.9603	344.023	950.819
21.9661	350.643	953.018
21.9719	356.978	943.706
21.9777	353.49	939.897
21.9835	357.598	912.086
21.9893	361.544	952.468
21.9951	368.714	943.706
22.0009	369.994	947.529
22.0067	372.138	947.529
22.0125	367.863	931.789
22.0183	363.848	938.27
22.0241	356.566	940.984
22.0299	355.538	951.368
22.0357	353.286	948.077
22.0415	360.501	956.327
22.0473	362.799	948.624
22.0532	368.927	946.982
22.059	361.753	924.819
22.0648	370.636	949.172
22.0706	377.551	939.355
22.0764	385.484	969.676
22.0822	387.941
22.088	383.707
22.0938	392.449
22.0996	396.55
22.1054	415.065
22.1112	394.95
22.117	393.811
22.1228
22.1286
22.1344
22.1402
22.146
22.1518
22.1576
22.1634
22.1693
22.1751
22.1809
22.1867	257.577
22.1925	255.355
22.1983	258.77
22.2041	257.875
22.2099	258.322
22.2157	259.668
22.2215	259.369
22.2273	255.502
22.2331	255.502
22.2389	256.241
22.2447	257.428
22.2505	258.77
22.2563	254.766
22.2621	253.298
22.2679	254.913
22.2737	253.445
22.2795	250.968
22.2854	248.229
22.2912	245.094
22.297	252.714
22.3028	254.178
22.3086	254.324
22.3144	256.093
22.3202	255.946
22.326	255.502
22.3318	255.502
22.3376	256.538
22.3434	257.131
22.3492	255.355
22.355	254.031
22.3608	258.471
22.3666	252.13
22.3724	249.811
22.3782	247.227
22.384	257.726
22.3898	260.269
22.3956	262.079
22.4015	258.77
22.4073	259.668
22.4131	255.06
22.4189	249.09	501.936
22.4247	246.229	498.757
22.4305	245.661	486.521
22.4363	240.189	489.34
22.4421	238.668	482.324
22.4479	238.944	474.586
22.4537	239.635	481.211
22.4595	237.293	476.784
22.4653	235.926	472.398
22.4711	234.432	470.22
22.4769	235.79	473.218
22.4827	237.842	472.671
22.4885	239.22	478.716
22.4943	238.806	479.823
22.5001	240.467	483.719
22.5059	244.246	485.118
22.5117	245.378	488.775
22.5176	242.699	475.409
22.5234	241.302	488.493
22.5292	241.441	480.656
22.535	241.162	488.493
22.5408	240.884	478.993
22.5466	244.387	481.767
22.5524	238.806	480.933
22.5582	235.382	480.101
22.564	233.351	480.101
22.5698	224.752	484.278
22.5756	221.274	482.882
22.5814	225.272	484.558
22.5872	232.678	487.929
22.593	236.336	486.241
22.5988	232.813	491.039
22.6046	235.518	508.649
22.6104	232.544	529.025
22.6162	233.621	511.3
22.622	234.839	532.09
22.6278	237.43	528.72
22.6336	231.205	538.273
22.6395	238.944	533.013
22.6453	246.514	506.889	326.218
22.6511	241.86	502.807	349.632
22.6569	235.926	506.011	338.503
22.6627	233.756	512.779	362.589
22.6685	237.567	519.037	388.389
22.6743	235.11	539.206	362.171
22.6801	240.745	566.995	360.085
22.6859	246.229	346.215
22.6917	243.964	359.669
22.6975	241.999	364.479
22.7033	241.999	370.208
22.7091	247.084	367.863
22.7149	358.632
22.7207	355.127
22.7265	356.566
22.7323	360.918
22.7381	368.289
22.7439	368.927
22.7498	369.354
22.7556	364.69
22.7614	355.538
22.7672	351.657
22.773	358.632	323.591
22.7788	369.141	332.112
22.7846	371.279	325.653
22.7904	388.389	333.265
22.7962	384.594	337.137
22.802	396.779	336.748
22.8078	385.929	342.437
22.8136	388.389	333.458
22.8194	376.679	329.057
22.8252	375.593	328.487
22.831	387.269	322.471
22.8368	384.816	325.653
22.8426	392.902	333.458
22.8484	388.165	342.437
22.8542	385.929	348.825
22.86	387.941	354.717
22.8659	385.039	341.252
22.8717	384.372	329.818
22.8775	384.594	322.285
22.8833	395.407	307.731
22.8891	393.811	300.876
22.8949	398.387	299.662
22.9007	401.158	308.265
22.9065	393.356	309.693
22.9123	396.779	301.921
22.9181	396.092	302.095
22.9239	386.599	295.707
22.9297	403.016	294.344
22.9355	394.95	294.344
22.9413	394.95	291.468
22.9471	379.957	298.798
22.9529	373.645	297.764
22.9587	369.781	296.22
22.9645	359.254	293.834
22.9703	368.714	295.878
22.9761	369.994	293.156
22.9819	291.131
22.9878	295.025
22.9936	292.48
22.9994	302.27
23.0052	298.625	668.458
23.011	304.372	651.307
23.0168	310.588	637.535
23.0226	323.404	642.711
23.0284	325.841	645.688
23.0342	328.108	653.19
23.04	324.152	663.074
23.0458	324.152	664.224
23.0516	316.2	662.309
23.0574	315.47	664.224
23.0632	322.285	669.231
23.069	322.285	668.844
23.0748	327.729	672.33
23.0806	313.291	666.53
23.0864	312.027	664.224
23.0922	314.016	666.145
23.098	313.653	682.11
23.1039	322.844	675.054
23.1097	324.152	662.691
23.1155	319.689	662.691
23.1213	320.059	663.457
23.1271	325.653	660.017
23.1329	321.913	656.974
23.1387	329.057	665.761
23.1445	325.841	670.391
23.1503	324.152	671.554
23.1561	319.136	664.608
23.1619	335.389	669.231
23.1677	339.286	654.323
23.1735	331.154	680.929
23.1793	326.03	676.616	330.39
23.1851	326.03	645.688	325.653
23.1909	313.653	643.082	323.778
23.1967	658.114	336.165
23.2025	667.301	332.688
23.2083	673.886	334.036
23.2141	677.789	330.39
23.22	673.886	328.108
23.2258	678.573	325.277
23.2316	676.616	322.285
23.2374	668.844	323.591
23.2432	666.915	326.218
23.249	662.691	328.677	762.112
23.2548	695.236	332.112	765.2
23.2606	685.665	324.152	780.827
23.2664	682.11	331.92	790.357
23.2722	679.75	331.729	796.314
23.278	668.072	334.615	825.825
23.2838	678.573	335.002	835.421
23.2896	682.898	343.031	843.178
23.2954	710.665	340.661	850.024
23.3012	336.748	822.018
23.307	330.199	827.258
23.3128	329.247	823.444
23.3186	330.772	835.421
23.3244	328.297	835.904
23.3302	328.297	801.389
23.3361	327.351	821.543
23.3419	326.407	841.718
23.3477	311.847	835.904
23.3535	310.588	851.006
23.3593	301.05	851.006
23.3651	302.969
23.3709	297.077
23.3767	287.787
23.3825	281.214
23.3883	284.975
23.3941	289.12
23.3999	290.292
23.4057	291.468
23.4115	288.62
23.4173	284.153
23.4231	294.684
23.4289	300.182
23.4347	300.876
23.4405	301.921
23.4463	303.67
23.4522	307.021	250.533
23.458	315.47	246.657	132.333
23.4638	319.874	260.871	131.191
23.4696	326.407	261.323	130.511
23.4754	305.782	260.419	131.115
23.4812	315.47	260.57	130.436
23.487	314.924	261.022	130.586
23.4928	302.095	261.928	131.267
23.4986	262.079	131.343
23.5044	258.621	131.04	644.942
23.5102	260.871	130.21	647.181
23.516	258.322	129.385	647.93
23.5218	258.77	129.759	644.942
23.5276	259.969	129.46	647.555
23.5334	258.322	129.236	646.808
23.5392	258.322	129.236	647.93
23.545	259.818	128.937	646.808
23.5508	258.919	129.31	646.061
23.5566	259.369	128.121	643.082
23.5624	254.031	127.309	635.696
23.5683	251.985	127.236	640.487
23.5741	253.591	127.236	635.329
23.5799	253.006	126.211	637.166
23.5857	257.131	124.258	627.669
23.5915	253.006	124.545	623.693
23.5973	262.686	125.702	627.669
23.6031	256.389	127.089	632.765
23.6089	256.389	125.267	658.874
23.6147	259.219	124.33	657.734
23.6205	267.895	124.043	622.613
23.6263	281.865	123.257	622.613
23.6321	122.689	628.758
23.6379	121.21	632.4
23.6437	116.811	614.397
23.6495	121.841	614.042
23.6553	123.542	606.989
23.6611	121	605.238
23.6669	121.63	611.564
23.6727	121.28	600.711
23.6785	121	608.744
23.6844	120.93	608.042
23.6902	121.07	603.493
23.696	121.14	602.1
23.7018	120.372	600.711
23.7076	119.61	596.906
23.7134	120.86	602.796
23.7192	121.56	602.796
23.725	121.982	607.34
23.7308	121.63	606.288
23.7366	121.63	605.238
23.7424	121.49	604.19
23.7482	607.691
23.754	604.54
23.7598	602.448
23.7656	608.744
23.7714	604.54
23.7772	602.448
23.783	599.324
23.7888	599.324
23.7946	594.841
23.8005	593.811
23.8063	593.811
23.8121	588.008
23.8179	585.636
23.8237	585.298
23.8295	595.184
23.8353
23.8411
23.8469
23.8527
23.8585
23.8643
23.8701
23.8759	624.775
23.8817	623.333
23.8875	618.67
23.8933	616.53
23.8991	611.917
23.9049	611.917
23.9107	603.493
23.9166	601.058
23.9224	616.53
23.9282	609.8
23.934	605.588
23.9398	606.989
23.9456	608.393
23.9514	624.775
23.9572	601.752
23.963	603.493
23.9688	594.154
23.9746	612.625
23.9804	611.211
23.9862	620.459
23.992	615.818
23.9978	624.054
24.0036	617.956
24.0094	605.588
24.0152	596.217
24.021	595.184
24.0268	600.017
24.0327	619.743
24.0385	591.756
24.0443	596.906
24.0501	611.564
24.0559	614.397
24.0617	612.625
24.0675	588.348
24.0733	590.391	283.989
24.0791	569.951	294.684
24.0849	301.398
24.0907	307.198
24.0965	325.841	619.385
24.1023	328.677	624.775
24.1081	318.399	635.696
24.1139	324.714	650.179
24.1197	330.963	663.074
24.1255	339.09	675.444
24.1313	343.031	684.082
24.1371	346.215	694.434
24.1429	347.819	697.65
24.1488	349.228	699.668
24.1546	353.49	710.255
24.1604	352.064	709.435
24.1662	335.777	705.756
24.172	352.878	707.798
24.1778	351.454	704.128
24.1836	350.643	700.072
24.1894	349.027	697.65
24.1952	350.238	698.86
24.201	347.819	695.638
24.2068	346.415	692.831
24.2126	345.616	690.833
24.2184	344.42	687.648
24.2242	344.619	685.665
24.23	345.816	690.434
24.2358	344.42	692.431
24.2416	342.041	682.504
24.2474	344.42	683.293
24.2532	347.217	695.638
24.259	348.02	696.845
24.2649	345.416	690.434
24.2707	342.437	684.082
24.2765	341.252	682.898
24.2823	342.041	689.239
24.2881	343.824	690.035
24.2939	342.634	682.11
24.2997	340.661	687.251
24.3055	340.858	670.391
24.3113	339.875	691.631
24.3171	341.449	688.443
24.3229	343.427	688.443
24.3287	343.031	689.637
24.3345	344.818	686.061
24.3403	340.858	680.535
24.3461	339.875	681.322
24.3519	338.699
24.3577	339.09
24.3635	340.071
24.3693	341.844
24.3751	340.464
24.381	340.858
24.3868	343.229
24.3926	345.217
24.3984	345.616
24.4042	349.632
24.41	348.422
24.4158	348.624
24.4216	348.02
24.4274	348.825
24.4332	349.43
24.439	350.238
24.4448	345.416
24.4506	346.816
24.4564	342.832
24.4622	340.858
24.468	339.09
24.4738	344.619
24.4796	339.286
24.4854	330.772
24.4912	336.748
24.4971	332.88
24.5029	341.646
24.5087	350.643
24.5145	341.449
24.5203	340.464
24.5261
24.5319
24.5377
24.5435
24.5493
24.5551
24.5609
24.5667
24.5725
24.5783
24.5841
24.5899
24.5957
24.6015
24.6073
24.6132
24.619	276.703
24.6248	271.478
24.6306	270.227
24.6364	267.741
24.6422	265.891
24.648	262.989
24.6538	273.051
24.6596	272.736
24.6654	270.071
24.6712	270.539
24.677	267.432
24.6828	265.584
24.6886	266.045
24.6944	256.538
24.7002	245.519
24.706	241.72
24.7118	243.261
24.7176	244.105
24.7234	248.516
24.7293	250.1
24.7351	248.085
24.7409	247.513
24.7467	247.942
24.7525	245.236
24.7583	244.105
24.7641	243.823
24.7699	243.12
24.7757	240.189
24.7815	240.745
24.7873	241.72
24.7931	241.162
24.7989	240.884
24.8047	240.884
24.8105	242.419
24.8163	247.37
24.8221	241.58
24.8279	241.72
24.8337	241.023
24.8395	240.189	360.085
24.8454	237.293	384.594
24.8512	235.654	384.372
24.857	234.839	385.484
24.8628	233.756	388.614
24.8686	228.417	407.934
24.8744	233.891	423.297
24.8802	232.947	425.012
24.886	232.007	425.503
24.8918	235.382	423.297
24.8976	236.745	411.722
24.9034	238.53	408.17
24.9092	248.659	417.711
24.915	256.093	431.942
24.9208	245.236	427.968
24.9266	245.094	431.692
24.9324	444.599
24.9382	443.06
24.944	443.06
24.9498
24.9556
24.9615
24.9673
24.9731
24.9789
24.9847
24.9905
24.9963	480.933
25.0021	480.933
25.0079	478.993
25.0137	479.546
25.0195	481.489
25.0253	482.882
25.0311	484.558
25.0369	486.241
25.0427	496.744
25.0485	496.744
25.0543	489.623
25.0601	501.357
25.0659	485.118
25.0717	483.719
25.0776	480.378
25.0834	465.088
25.0892	449.245
25.095	444.342
25.1008	453.416
25.1066	461.609
25.1124	465.357
25.1182	465.357
25.124	465.357
25.1298	482.046	333.843
25.1356	472.398	333.843
25.1414	473.764	334.229
25.1472	477.611	332.88
25.153	477.06	332.304
25.1588	468.052	331.729
25.1646	465.088	331.154
25.1704	460.012	331.729
25.1762	473.491	331.537
25.182	485.399	329.437
25.1878	472.944	330.581
25.1937	483.719	332.688
25.1995	474.86	332.688
25.2053	480.101	330.009
25.2111	476.509	330.772
25.2169	473.218	331.92
25.2227	475.684	337.332
25.2285	474.86	333.073
25.2343	471.308	330.963
25.2401	474.86	324.902
25.2459	484.278	322.471
25.2517	494.454	325.277
25.2575	518.138	321.355
25.2633	522.044	325.841
25.2691	506.011	316.748
25.2749	328.487
25.2807	328.487
25.2865	315.652
25.2923	309.335
25.2981	299.489
25.3039	304.9	360.918
25.3097	318.215	351.454
25.3156	305.253	356.566
25.3214	306.666	360.293
25.3272	302.27	361.335
25.333	304.9	358.425
25.3388	304.372	357.598
25.3446	304.548	357.598
25.3504	304.021	358.011
25.3562	305.782	354.717
25.362	308.978	359.461	395.407
25.3678	306.312	357.185	372.568
25.3736	308.799	361.962	372.353
25.3794	308.087	361.962	368.076
25.3852	321.727	358.425	367.014
25.391	307.909	365.956	366.591
25.3968	366.591	366.167
25.4026	367.863	366.591
25.4084	367.439	366.167
25.4142	363.638	363.428
25.42	361.544	361.753
25.4258	358.839	359.461
25.4317	351.86	352.471
25.4375	347.417	347.217
25.4433	342.239	342.832
25.4491	328.297
25.4549	313.653
25.4607	312.929
25.4665	312.929
25.4723	313.834
25.4781	315.288
25.4839	325.653
25.4897	320.984	623.333
25.4955	331.729	628.031
25.5013	637.535
25.5071	646.808
25.5129	658.874
25.5187	664.224
25.5245	670.779
25.5303	656.216
25.5361	648.678
25.542	638.64
25.5478	648.304
25.5536	661.162
25.5594	680.535
25.5652	687.648
25.571	686.061
25.5768	685.665
25.5826	693.231
25.5884	683.293
25.5942	695.236
25.6	666.53
25.6058	656.595
25.6116	658.874
25.6174	672.33
25.6232	698.053	324.152
25.629	321.541
25.6348	325.277
25.6406	324.152
25.6464	322.844
25.6522	321.355
25.658	320.984
25.6639	322.099
25.6697	315.835
25.6755	312.568
25.6813	311.307
25.6871	317.298
25.6929	307.376
25.6987	300.355
25.7045	301.921
25.7103	304.021	353.286
25.7161	305.429	351.251
25.7219	307.731	350.238
25.7277	317.298	347.819
25.7335	314.742	346.415
25.7393	308.087	345.816
25.7451	314.197	342.832
25.7509	319.32	335.971
25.7567	339.482	341.055
25.7625	340.268	342.832
25.7683	338.699	335.583
25.7741	329.247	329.057
25.78	343.625
25.7858	344.221
25.7916	340.858
25.7974	339.875
25.8032	332.496
25.809	334.229
25.8148	331.729
25.8206	327.162
25.8264	329.247
25.8322	332.496
25.838	329.057
25.8438	337.137
25.8496	333.458
25.8554
25.8612
25.867
25.8728
25.8786
25.8844	334.809
25.8902	334.809
25.8961	335.583
25.9019	337.917
25.9077	336.748
25.9135	334.036
25.9193	335.196
25.9251	332.88
25.9309	330.199
25.9367	328.108
25.9425	326.03
25.9483	321.913
25.9541	318.032
25.9599	317.481
25.9657	316.2
25.9715	314.016
25.9773	312.027
25.9831	310.588
25.9889	308.087
25.9947	307.553
26.0005	303.144
26.0063	302.444
26.0122	300.529
26.018	300.355
26.0238	299.489
26.0296	299.316
26.0354	301.05
26.0412	301.398
26.047	301.398
26.0528	300.529
26.0586	299.316	602.1
26.0644	298.625	598.632
26.0702	297.764	598.287
26.076	299.489	602.796
26.0818	299.835	602.448
26.0876	299.662	602.448
26.0934	299.489	597.251
26.0992	295.366	594.497
26.105	297.42	595.184
26.1108	300.529	600.017
26.1166	298.971	597.596
26.1224	298.971	599.324
26.1283	296.563	593.811
26.1341	295.366	585.636
26.1399	295.707	588.688
26.1457	292.649	585.636
26.1515	292.311	584.284
26.1573	293.156	584.284
26.1631	290.627	584.622
26.1689	292.142	584.284
26.1747	290.963	584.96
26.1805	290.795	580.919
26.1863	289.789	579.244
26.1921	288.953	576.573
26.1979	285.8	574.91
26.2037	288.787	576.906
26.2095	289.287	575.907
26.2153	288.453	578.575
26.2211	287.954	573.915
26.2269	288.453	575.242
26.2327	286.792	575.907
26.2385	286.461	575.907
26.2444	285.965	575.242
26.2502	284.153	566.995
26.256	283.007	563.73
26.2618	284.646	566.995
26.2676	283.007	566.014
26.2734	282.028	566.014
26.2792	281.214	564.707
26.285	283.498	564.707
26.2908	282.843	564.055
26.2966	280.727	557.255
26.3024	279.111	554.365
26.3082	278.145	557.255
26.314	279.595	558.221
26.3198	280.89	558.544
26.3256	282.191	562.104
26.3314	283.007	565.36
26.3372	283.825	564.381
26.343	283.498	566.341
26.3488	282.517	566.668
26.3546	280.89	560.807
26.3605	280.727	563.73
26.3663	280.89	563.73
26.3721	278.466	557.899
26.3779	277.503	551.491
26.3837	277.663	551.172
26.3895	278.466	550.854
26.3953	275.905	552.128
26.4011	275.745	553.086
26.4069	273.525	552.447
26.4127	273.525	544.842
26.4185	267.432	539.829
26.4243	265.278	532.397
26.4301	263.75	529.943
26.4359	262.989	522.949
26.4417	263.445	526.586
26.4475	264.207	527.5
26.4533	264.665	529.025
26.4591	263.75	529.025
26.4649	262.382	525.978
26.4707	262.534	523.856
26.4766	264.513	529.637
26.4824	261.173	521.441
26.4882	257.131	515.749
26.494	260.72	517.54
26.4998	265.891	526.891
26.5056	262.079	525.675
26.5114	261.626	520.237
26.5172	256.538	516.644
26.523	255.798	503.388
26.5288	250.389
26.5346	250.533
26.5404	248.229
26.5462	239.773
26.552	229.873
26.5578	235.518
26.5636
26.5694
26.5752
26.581
26.5868
26.5927
26.5985
26.6043
26.6101
26.6159
26.6217
26.6275
26.6333
26.6391
26.6449
26.6507	293.495
26.6565	298.798
26.6623	302.444
26.6681	315.288
26.6739	322.658
26.6797	329.628
26.6855	333.073
26.6913	333.65
26.6971	335.196
26.7029	337.527
26.7088	342.832
26.7146	348.422
26.7204	353.899
26.7262	356.772
26.732	357.391
26.7378	358.632
26.7436	361.335
26.7494	360.918
26.7552	357.391
26.761	355.127
26.7668	355.538
26.7726	355.538
26.7784	351.86
26.7842	348.624
26.79	348.422
26.7958	349.834
26.8016	350.441
26.8074	346.415
26.8132	348.02
26.819	346.616
26.8249	347.217
26.8307	346.616
26.8365	348.422
26.8423	348.02
26.8481	346.215
26.8539	362.799
26.8597	356.566
26.8655	352.267	349.834
26.8713	351.048	341.646
26.8771	351.251	348.02
26.8829	349.228	348.825
26.8887	349.027	351.86
26.8945	348.221	347.618
26.9003	348.221	348.825
26.9061	348.825	348.221
26.9119	348.422	348.02
26.9177	350.036	350.036
26.9235	346.816	346.816
26.9293	346.415	346.016
26.9351	347.217	348.02
26.941	346.616	346.415
26.9468	346.816	346.016
26.9526	345.416
26.9584	345.416
26.9642	346.016
26.97	344.619
26.9758	346.616
26.9816	348.02
26.9874	347.417
26.9932	350.846
26.999	357.804
27.0048	352.878
27.0106	350.643
27.0164	350.238
27.0222	352.674
27.028	344.619
27.0338	341.646
27.0396	337.527
27.0454	341.844
27.0512	335.777
27.0571	333.65
27.0629	331.729
27.0687	322.844
27.0745	334.809
27.0803	334.809
27.0861	340.268
27.0919	353.899
27.0977	345.816	388.389
27.1035	347.417	395.407
27.1093	352.064	392.449
27.1151	389.963
27.1209	364.901
27.1267	365.111
27.1325	363.009
27.1383	363.848
27.1441	362.38
27.1499	359.254
27.1557	362.38
27.1615	366.803
27.1673	358.632
27.1732	354.717
27.179	369.781
27.1848	368.927
27.1906	372.568
27.1964	379.08
27.2022	388.838
27.208	395.864
27.2138	402.318
27.2196	407.699
27.2254	399.539
27.2312	394.494
27.237	391.543
27.2428	385.707
27.2486	380.177
27.2544	378.643
27.2602	375.593
27.266	372.568
27.2718	372.783
27.2776	371.923
27.2834	371.923
27.2893	372.999
27.2951	373.861
27.3009	374.294	261.777
27.3067	374.294	260.871
27.3125	374.51	263.598
27.3183	375.81	258.471
27.3241	371.708	256.834
27.3299	381.717	253.884
27.3357	382.6	251.549
27.3415	399.308	246.087
27.3473	400.695	245.236
27.3531	400.926	245.803
27.3589	403.482	245.519
27.3647	409.351	247.942
27.3705	395.635	251.113
27.3763	391.543	252.568
27.3821	396.55	250.533
27.3879	397.697	249.234
27.3937	412.436	249.667
27.3995	414.346	248.085
27.4054	401.158	247.37
27.4112	397.009	248.659
27.417	401.39	247.942
27.4228	409.587	245.236
27.4286	410.535	246.372
27.4344	409.824	248.372
27.4402	406.054	248.085
27.446	414.346	248.947
27.4518	415.305	249.523
27.4576	413.151	249.811
27.4634	414.107	247.942
27.4692	404.415	244.67
27.475	401.854	243.401
27.4808	404.649	248.372
27.4866	411.009	249.523
27.4924	406.758	251.694	504.552
27.4982	406.758	245.378	509.826
27.504	242.699	505.719
27.5098	250.389	504.261
27.5156	249.811	502.226
27.5215	253.591	503.097
27.5273	250.389	501.936
27.5331	250.533	501.936
27.5389	251.258	501.936
27.5447	250.389	502.226
27.5505	247.513	500.199
27.5563	250.968	499.622
27.5621	255.65	504.552	321.727
27.5679	258.919	505.719	328.487
27.5737	256.389	509.237	339.679
27.5795	253.298	525.371	347.217
27.5853	260.871	543.27	349.43
27.5911	260.57	554.045	360.918
27.5969	245.803	557.255	368.076
27.6027	247.37	565.36	371.923
27.6085	562.754	372.783
27.6143	556.933	364.901
27.6201	552.766	364.058
27.6259	549.9	359.046
27.6317	562.104	361.544
27.6376	551.491	365.111
27.6434	546.417	355.538
27.6492	556.611	368.289
27.655	558.544	368.714
27.6608	540.453	367.439
27.6666	554.365	367.439
27.6724	366.167
27.6782	369.994
27.684	361.753
27.6898	352.267
27.6956	345.217
27.7014	346.215
27.7072	350.441
27.713	345.816
27.7188	351.251
27.7246	370.422
27.7304	371.065
27.7362	370.208
27.742	383.928
27.7478	399.308
27.7537	398.847
27.7595	383.485
27.7653	395.635
27.7711	399.308
27.7769	406.288
27.7827	408.406
27.7885	388.614
27.7943	371.923
27.8001	370.85
27.8059	358.839
27.8117	363.009
27.8175	369.354
27.8233	363.218
27.8291	379.299
27.8349	386.599
27.8407	388.614
27.8465	393.811
27.8523	395.864
27.8581	392.222
27.8639	392.222
27.8698	388.165
27.8756	387.269
27.8814
27.8872
27.893
27.8988
27.9046
27.9104
27.9162
27.922
27.9278
27.9336
27.9394
27.9452
27.951
27.9568
27.9626
27.9684
27.9742
27.98
27.9858
27.9917
27.9975
28.0033
28.0091
28.0149
28.0207
28.0265
28.0323
28.0381
28.0439
28.0497
28.0555
28.0613
28.0671
28.0729
28.0787	805.101
28.0845	806.498
28.0903	814.927
28.0961	809.297
28.1019	817.756
28.1078	807.896
28.1136	805.566
28.1194	802.779
28.1252	810.701
28.131	844.64
28.1368	854.948
28.1426	887.145
28.1484	911.559
28.1542	921.087
28.16	885.609
28.1658	850.024
28.1716	873.417
28.1774	893.316
28.1832	877.462
28.189	858.412
28.1948	847.573
28.2006	852.482
28.2064	878.984
28.2122	888.684
28.2181	862.886
28.2239	870.898
28.2297	881.017
28.2355	883.565
28.2413	872.408
28.2471	881.017
28.2529	885.098
28.2587	888.684
28.2645	849.533
28.2703	875.437
28.2761	886.633
28.2819	914.196
28.2877	904.74
28.2935	893.832
28.2993	913.668
28.3051	935.024	345.217
28.3109	948.624	343.427
28.3167	982.645	360.085
28.3225	964.649	357.804
28.3283	334.036
28.3341	340.661
28.34	340.268
28.3458	340.071
28.3516	342.239
28.3574	336.165
28.3632	329.247
28.369	329.057
28.3748	331.537
28.3806	332.88
28.3864	337.137
28.3922	328.677
28.398	345.816
28.4038	329.628
28.4096	322.471
28.4154	322.658
28.4212	319.874
28.427	323.404
28.4328	329.628
28.4386	331.92
28.4444	336.554
28.4502	331.346
28.4561	331.346
28.4619	331.537
28.4677	329.057
28.4735	326.407
28.4793	327.54
28.4851	324.902
28.4909	326.595
28.4967	329.247
28.5025	318.399
28.5083	325.653
28.5141	329.818
28.5199	341.055
28.5257	323.778
28.5315	316.017
28.5373	310.588
28.5431	312.568
28.5489	314.379
28.5547	307.909
28.5605	312.207
28.5663	310.588
28.5722	302.619	601.058
28.578	306.312	615.462
28.5838	305.076	611.917
28.5896	304.9	612.979
28.5954	306.489	610.858
28.6012	304.196	608.744
28.607	303.144	607.34
28.6128	306.489	610.153
28.6186	312.207	608.393
28.6244	308.443	603.493
28.6302	306.135	613.333
28.636	304.196	611.564
28.6418	303.144	607.34
28.6476	302.27	602.1
28.6534	299.835	602.796
28.6592	300.182	600.017
28.665	301.398	603.144	400.463
28.6708	305.429	606.989	405.351
28.6766	304.196	606.989	415.545
28.6824	301.398	597.251	413.151
28.6883	302.095	602.448	404.883
28.6941	299.316	604.19	413.151
28.6999	299.835	597.596	410.772
28.7057	299.143	601.058	411.246
28.7115	297.936	597.251	409.114
28.7173	296.905	586.99	409.114
28.7231	296.391	589.709	414.825
28.7289	290.795	580.583	399.539
28.7347	289.622	586.651	398.157
28.7405	293.156	584.96	403.249
28.7463	294.684	592.783	402.551
28.7521	293.665	588.688	402.318
28.7579	291.3	580.248	405.585
28.7637	291.131	581.927	405.585
28.7695	293.156	582.263	405.585
28.7753	294.004	580.919	403.016
28.7811	293.665	573.252	384.816
28.7869	296.22	584.622	470.492
28.7927	293.834	582.599	475.684
28.7985	295.537	594.154	468.864
28.8044	296.563	599.324	478.716
28.8102	303.67	601.058	494.454
28.816	299.835	601.752	497.031
28.8218	298.281	594.497	498.757
28.8276	301.921	602.448	495.884
28.8334	303.319	602.1	496.171
28.8392	298.108	600.017	497.893
28.845	294.004	594.497	489.057
28.8508	293.665	592.098	497.893
28.8566	295.537	592.44	494.454
28.8624	295.537	583.61	494.454
28.8682	291.468	596.906	494.454
28.874	304.372	620.459	501.357
28.8798	304.372	630.576	501.357
28.8856	302.444	641.598	512.483
28.8914	506.889
28.8972	506.889
28.903	489.34
28.9088	498.469
28.9146
28.9205
28.9263
28.9321
28.9379
28.9437
28.9495
28.9553
28.9611
28.9669
28.9727
28.9785
28.9843
28.9901
28.9959
29.0017
29.0075
29.0133
29.0191
29.0249
29.0307
29.0366
29.0424
29.0482
29.054
29.0598
29.0656
29.0714
29.0772	820.121
29.083	830.609
29.0888	828.693
29.0946	843.665
29.1004	876.955
29.1062	905.263
29.112	960.756
29.1178	987.766
29.1236	1028.52
29.1294	1038.67
29.1352	1073.44
29.141	1065.41
29.1468	1090.31
29.1527	1095.36
29.1585	1039.87
29.1643	1023.19
29.1701	1010.27
29.1759	991.769
29.1817	1011.44
29.1875	1011.44
29.1933	1019.06
29.1991	1047.71
29.2049	1062.34
29.2107	1045.29
29.2165	1064.18
29.2223	1058.66
29.2281	1050.74
29.2339	1047.11
29.2397	1027.34
29.2455	1013.78
29.2513	1005.61
29.2571	1024.97
29.2629	1023.78
29.2688	1039.87
29.2746	1076.55
29.2804	1059.89
29.2862
29.292
29.2978
29.3036	339.875
29.3094	348.221
29.3152	345.018
29.321	343.427	169.741
29.3268	342.239	170.331
29.3326	341.252	170.331
29.3384	342.437	169.643
29.3442	342.239	170.527
29.35	344.221	171.614
29.3558	344.221	171.021
29.3616	343.824	172.111
29.3674	353.286	171.614
29.3732	341.449	171.515
29.379	341.646	172.609
29.3849	340.071	171.119
29.3907	339.875	175.93
29.3965	336.943	175.93
29.4023	337.527	175.524
29.4081	340.071	177.872
29.4139	341.252	175.524
29.4197	338.112	176.032
29.4255	338.503	168.861
29.4313	339.482	179.005
29.4371	340.268
29.4429	339.875
29.4487	339.875
29.4545	347.016
29.4603	354.513
29.4661	355.127
29.4719	339.679
29.4777	340.661
29.4835	341.646
29.4893	335.002
29.4951	338.699
29.501	327.162	367.014
29.5068	328.108	347.417
29.5126	323.217	345.018
29.5184	315.835	344.023
29.5242	314.016	340.268
29.53	299.143	340.464
29.5358	344.42
29.5416	338.895
29.5474	343.031
29.5532	344.221
29.559	344.619
29.5648	331.537
29.5706	338.699
29.5764	339.286
29.5822	339.482
29.588	345.217
29.5938	335.389
29.5996	339.286
29.6054	350.441
29.6112	331.729
29.6171	330.963
29.6229	330.772
29.6287	332.496
29.6345	323.217
29.6403	320.799
29.6461	319.874
29.6519	320.059
29.6577	318.215
29.6635	321.355
29.6693	323.778
29.6751	321.727
29.6809	323.778
29.6867	333.265
29.6925	340.071
29.6983	340.268
29.7041	340.268
29.7099	336.359
29.7157	345.416
29.7215	349.834
29.7273	352.471
29.7332	357.804
29.739	366.803
29.7448	358.011
29.7506	366.591
29.7564	369.781
29.7622	360.085
29.768	368.076
29.7738	389.963
29.7796	389.963
29.7854	398.847
29.7912
29.797
29.8028
29.8086
29.8144
29.8202
29.826
29.8318
29.8376
29.8434
29.8493
29.8551
29.8609
29.8667
29.8725
29.8783
29.8841
29.8899
29.8957
29.9015
29.9073
29.9131
29.9189
29.9247
29.9305
29.9363
29.9421
29.9479
29.9537
29.9595
29.9654
29.9712
29.977
29.9828
29.9886
29.9944
30.0002
30.006
30.0118
30.0176
30.0234
30.0292
30.035
30.0408
30.0466
