0
0.00580499
0.01161
0.017415
0.02322
0.0290249
0.0348299
0.0406349
0.0464399
0.0522449
0.0580499
0.0638549
0.0696599
0.0754649
0.0812698
0.0870748
0.0928798
0.0986848
0.10449
0.110295
0.1161
0.121905
0.12771
0.133515
0.13932
0.145125
0.15093
0.156735
0.16254
0.168345
0.17415
0.179955
0.18576
0.191565
0.19737
0.203175
0.20898
0.214785
0.22059
0.226395
0.2322
0.238005
0.24381
0.249615
0.255419
0.261224
0.267029
0.272834
0.278639
0.284444
0.290249
0.296054
0.301859
0.307664
0.313469
0.319274
0.325079
0.330884
0.336689
0.342494
0.348299
0.354104
0.359909
0.365714
0.371519
0.377324
0.383129
0.388934
0.394739
0.400544
0.406349
0.412154
0.417959
0.423764
0.429569
0.435374
0.441179
0.446984
0.452789
0.458594
0.464399
0.470204
0.476009
0.481814
0.487619
0.493424
0.499229
0.505034
0.510839
0.516644
0.522449
0.528254
0.534059
0.539864
0.545669
0.551474
0.557279
0.563084
0.568889
0.574694
0.580499
0.586304
0.592109
0.597914
0.603719
0.609524
0.615329
0.621134
0.626939
0.632744
0.638549
0.644354
0.650159
0.655964
0.661769
0.667574
0.673379
0.679184
0.684989
0.690794
0.696599
0.702404
0.708209
0.714014
0.719819
0.725624
0.731429
0.737234
0.743039
0.748844
0.754649
0.760454
0.766258
0.772063
0.777868
0.783673
0.789478
0.795283
0.801088
0.806893
0.812698
0.818503
0.824308
0.830113
0.835918
0.841723
0.847528
0.853333
0.859138
0.864943
0.870748
0.876553
0.882358
0.888163
0.893968
0.899773
0.905578
0.911383
0.917188
0.922993
0.928798
0.934603
0.940408
0.946213	105.093
0.952018	104.488
0.957823	103.407
0.963628	101.807
0.969433	100.638
0.975238	99.8271
0.981043	99.3095
0.986848	98.3959
0.992653	97.9423
0.998458	96.8173
1.00426	97.4344
1.01007	97.5471
1.01587	96.5381
1.02168	96.8173
1.02748	96.8732
1.03329	95.5396
1.03909	95.65
1.0449	94.4422	391.091
1.0507	94.4968	364.901
1.05651	94.0068	354.513
1.06231	93.3574	355.743
1.06812	91.7536	363.218
1.07392	91.9128	366.591
1.07973	92.1786	367.227
1.08553	92.3385	365.745
1.09134	92.0722	364.058
1.09714	92.8734	360.085
1.10295	92.9807	353.694
1.10875	93.4114	350.846
1.11456	95.4844	352.267
1.12036	99.9425	359.461
1.12617	102.634	363.638
1.13197	106.56	365.111
1.13778	358.425
1.14358	355.333
1.14939	359.877
1.15519	361.335
1.161	366.591
1.1668	363.428
1.17261	363.009
1.17841	366.379
1.18422	375.593
1.19002	374.077
1.19583	369.994
1.20163	371.708
1.20744	358.839
1.21324	357.804
1.21905	357.804
1.22485
1.23066
1.23646
1.24227
1.24807
1.25388
1.25968
1.26549
1.27129
1.2771
1.2829
1.28871
1.29451
1.30032
1.30612
1.31193
1.31773
1.32354	154.132
1.32934	154.221	476.234
1.33515	154.4	476.509
1.34095	153.777	471.036
1.34676	152.891	494.454
1.35256	152.45	487.365
1.35837	153.422	482.603
1.36417	154.668	475.684
1.36998	156.917	473.491
1.37578	157.917	474.038
1.38159	161.702	491.039
1.38739	161.889	490.755
1.3932	162.639	485.118
1.399	162.921	484.278
1.40481	162.921	481.211
1.41061	163.298	480.933
1.41642	163.77	488.493
1.42222	164.338	482.046
1.42803	164.624	490.755	747.723
1.43383	164.624	493.313	786.258
1.43964	164.719	494.74	788.988
1.44544	165.29	492.743	786.713
1.45125	163.675	490.755	793.1
1.45705	163.298	493.598	790.357
1.46286	163.109	492.743	793.559	239.22
1.46866	163.77	490.189	793.1	243.261
1.47447	164.814	483.999	783.991	258.024
1.48027	166.825	488.775	780.376	245.661
1.48608	170.036	490.755	782.634	245.094
1.49188	168.666	491.606	776.779	245.378
1.49769	169.056	494.169	760.793	245.803
1.50349	169.741	491.89	742.129	246.087
1.5093	169.252	492.459	735.302	245.661
1.5151	170.134	495.598	743.416	247.656
1.52091	172.111	497.606	745.997	248.516
1.52671	172.409	498.181	748.587	250.1
1.53252	173.208	500.488	754.665	250.823
1.53832	174.816	502.226	751.186	250.678
1.54413	177.564	501.936	750.319	251.113	176.541
1.54993	182.345	505.135	749.452	251.113	180.667
1.55574	182.872	506.596	751.62	252.276	184.038
1.56154	185.425	508.649	757.285	252.714	185.532
1.56735	187.363	507.475	766.084	253.884	186.715
1.57315	187.797	508.355	770.077	255.502	188.666
1.57896	188.34	506.596	771.859	253.884	189.869
1.58476	189.212	511.005	760.353	254.031	190.308
1.59057	190.308	510.71	761.672	254.471	190.859
1.59637	191.079	511.005	762.112	254.324	190.969
1.60218	191.411	512.483	759.914	255.06	190.859
1.60798	190.859	513.075	767.413	255.946	190.418
1.61379	190.088	512.779	775.882	256.834	190.528
1.61959	188.994	511.891	775.882	257.131	190.198
1.6254	511.595	773.197	257.428	188.231
1.6312	510.71	772.305	256.538	190.308
1.63701	508.943	773.197	256.093	192.519
1.64281	515.749	770.522	257.28	193.97
1.64862	518.438	757.723	256.834	190.308
1.65442	519.937	773.644	259.069	194.195
1.66023	519.037	778.126	259.969	192.519
1.66603	519.037	783.086	259.969	192.408
1.67184	517.839	780.376	258.471	197.589
1.67764	518.438	775.882	258.77	191.853
1.68345	517.839	775.882	258.77	191.853
1.68925	517.241	779.475	259.369	196.565	182.556
1.69506	518.138	779.025	259.069	184.784
1.70086	518.138	259.069	196.338
1.70667	514.856	257.131	198.39
1.71247	516.644	248.947	201.857
1.71828	505.719	242.559	202.675
1.72408	499.045	257.577	200.347
1.72989	499.333	258.024	200
1.73569	498.469	257.875	198.963
1.7415	502.807	265.431	198.275
1.7473	513.668	262.231	198.275
1.75311	504.552	196.451
1.75891	491.606	194.981
1.76472	484.278	194.756
1.77052	490.189	195.32
1.77633	494.74	194.869
1.78213	489.34	194.195
1.78794	482.046	193.188
1.79374	486.803	192.742
1.79955	193.188
1.80535	193.188
1.81116	193.411
1.81696	192.742
1.82277	193.188
1.82857	193.635
1.83438	193.523
1.84018	192.853
1.84599	192.186
1.85179	192.631	191.521
1.8576	191.079	189.65
1.8634	192.408	188.122
1.86921	189.212	193.635
1.87501	190.859	184.038
1.88082	187.905	194.419
1.88662	190.088	184.357
1.89243	190.088	184.357
1.89823	186.823	186.607
1.90404	185.961	186.823
1.90984	185.211	187.039
1.91565	189.869	191.632
1.92145	191.079	191.079
1.92726	192.965	193.076
1.93306	189.103	189.103
1.93887	189.65	189.759
1.94467	187.363	186.284
1.95048	186.069
1.95628	184.57
1.96209	179.212
1.96789	175.626
1.9737	174.312
1.9795	170.036
1.98531	164.814
1.99111	165.004
1.99692	159.937
2.00272	155.384
2.00853	154.936
2.01433	152.714
2.02014	156.465
2.02594	157.735
2.03175	159.568
2.03755	162.357
2.04336	164.433
2.04916	166.056
2.05497	167.404
2.06077
2.06658
2.07238
2.07819
2.08399
2.0898
2.0956	571.929
2.10141	574.91
2.10721	579.913
2.11302	582.599
2.11882	583.273
2.12463	582.936
2.13043	582.263
2.13624	581.927
2.14204	582.936
2.14785	581.59	220.127
2.15365	579.578	222.428
2.15946	578.575	225.142
2.16526	576.906	223.587
2.17107	577.573	224.752	444.342
2.17687	578.575	221.786	444.599
2.18268	579.244	220.636	446.4
2.18848	580.919	220.509	445.885
2.19429	578.575	219.619	443.06
2.20009	584.96	227.495	435.952
2.2059	585.636	222.299	430.447
2.2117	587.33	217.473	427.227
2.21751	580.919	211.893	425.258
2.22331	582.599	208.133	417.711
2.22912	583.947	203.967	417.952
2.23492	584.284	203.967	417.469
2.24073	583.947	198.849	415.305
2.24653	601.405	199.885	409.587
2.25234	566.014	196.224	392.902
2.25814	194.869	389.513
2.26395	193.076	386.152
2.26975	191.3	381.717
2.27556	188.557	374.294
2.28136	186.823	371.923
2.28717	184.57	369.567
2.29297	182.345	367.014
2.29878	180.563	365.745
2.30458	179.42	363.428
2.31039	177.769	362.171
2.31619	176.134	362.171
2.322	174.413	362.171
2.3278	172.509	362.171
2.33361	172.708	362.171
2.33941	170.036
2.34522	172.011
2.35102	165.864
2.35683	171.813
2.36263	165.1
2.36844	159.845
2.37424	154.668
2.38005	153.068
2.38585	155.384
2.39166	153.599
2.39746	148.367
2.40327	148.281
2.40907	148.882
2.41488	151.747
2.42068	159.016	162.076
2.42649	153.954	161.236
2.43229	161.609	161.329
2.4381	165.195	164.719
2.4439	166.344	167.889
2.44971	167.598	168.569
2.45551	165.96	168.569
2.46132	166.633	166.922
2.46712	166.825	165.96
2.47293	165.96	165.482
2.47873	165.195	164.909
2.48454	164.624	164.528
2.49034	163.581	163.77
2.49615	163.581	163.486
2.50195	163.203	161.422
2.50776	163.109	160.771
2.51356	162.733
2.51937	159.292
2.52517	160.029
2.53098	158.649
2.53678	165.1
2.54258	157.826
2.54839	156.104
2.55419	156.013
2.56	160.4
2.5658	160.492
2.57161	154.578
2.57741	155.923
2.58322	160.956
2.58902	159.937
2.59483
2.60063
2.60644
2.61224
2.61805
2.62385
2.62966
2.63546
2.64127
2.64707
2.65288
2.65868
2.66449
2.67029
2.6761
2.6819
2.68771
2.69351
2.69932
2.70512
2.71093
2.71673
2.72254
2.72834
2.73415
2.73995
2.74576
2.75156
2.75737
2.76317
2.76898
2.77478
2.78059
2.78639
2.7922
2.798
2.80381
2.80961	170.725
2.81542	170.036
2.82122	169.349
2.82703	163.959
2.83283	164.149
2.83864	164.528
2.84444	165.004
2.85025	165.004
2.85605	164.433
2.86186	165.482
2.86766	166.056
2.87347	165.577
2.87927	165.482
2.88508	161.702
2.89088	161.236
2.89669	163.486
2.90249	163.298
2.9083	163.298
2.9141	164.528
2.91991	165.29
2.92571	165.769
2.93152	165.96
2.93732	166.152
2.94313	166.633
2.94893	167.501
2.95474	167.501
2.96054	167.695
2.96635	167.889
2.97215	166.536
2.97796	165.864
2.98376	165.386
2.98957	167.695
2.99537	170.331
3.00118	170.626
3.00698	170.922	172.409
3.01279	173.208	173.91
3.01859	171.515	174.413
3.0244	174.816	174.312
3.0302	176.235	174.312
3.03601	175.119
3.04181	177.564
3.04762	177.872
3.05342	178.696
3.05923	179.42
3.06503	179.835
3.07084	183.084
3.07664	183.189
3.08245	183.189
3.08825	182.978
3.09406	183.719
3.09986	184.038
3.10567	184.357
3.11147	184.89
3.11728	185.532
3.12308	186.392
3.12889	187.58
3.13469	187.905	381.056
3.1405	188.448	403.249
3.1463	189.54	391.091
3.15211	190.859	383.928
3.15791	191.632	380.836
3.16372	192.853	381.938
3.16952	192.965	381.717
3.17533	193.858	383.264
3.18113	194.644	383.707
3.18694	195.207	382.6
3.19274	195.207	386.152
3.19855	387.046
3.20435	390.865	196.111
3.21016	392.675	195.545
3.21596	403.482	197.019
3.22177	403.482	197.818
3.22757	402.551	198.963
3.23338	402.551	205.03
3.23918	401.39	205.03
3.24499	403.016	201.857
3.25079	402.086	201.043
3.2566	400.695	200.695
3.2624	400.926	201.043
3.26821	400.001	200.463
3.27401	396.092	199.424
3.27982	392.902	198.161
3.28562	388.614	197.475
3.29143	384.15	194.419	199.539
3.29723	380.177	197.589	192.186
3.30304	390.188	195.432	190.969
3.30884	387.493	198.619	185.318
3.31465	378.643	199.309	184.997
3.32045	384.594	194.083	184.57
3.32626	367.439	194.531	184.997
3.33206	364.269	202.208	182.24
3.33787	381.056	200.811	186.392
3.34367	386.822	198.734	186.392
3.34948	387.046	186.392
3.35528	387.269
3.36109
3.36689
3.3727
3.3785
3.38431
3.39011
3.39592
3.40172
3.40753
3.41333
3.41914
3.42494
3.43075	184.464
3.43655	174.816
3.44236	173.308
3.44816	173.208
3.45397	173.408
3.45977	174.211
3.46558	174.211
3.47138	172.609
3.47719	169.741
3.48299	168.569
3.4888	168.569
3.4946	177.769
3.50041	176.847
3.50621	177.564
3.51202	173.91
3.51782	177.052
3.52363	181.714
3.52943	188.014
3.53524	185.854
3.54104
3.54685
3.55265
3.55846
3.56426	197.703
3.57007	204.912
3.57587	203.614
3.58168	197.475
3.58748	190.088
3.59329	188.231
3.59909	188.884
3.6049	191.411
3.6107	195.207
3.61651	199.654
3.62231	205.149
3.62812	209.58
3.63392	212.998
3.63973	214.479
3.64553	216.345
3.65134	213.614
3.65714	213.861
3.66295	215.971
3.66875	215.472
3.67456	215.099	394.95
3.68036	213.737	420.13
3.68617	210.551	413.151
3.69197	207.652	410.061
3.69778	204.085	406.523
3.70358	201.741	402.783
3.70939	198.39	394.494
3.71519	195.432	390.639
3.721	193.299	387.046
3.7268	191.411	384.816
3.73261	189.212	380.396
3.73841	187.471	376.244
3.74422	185.854	372.353
3.75002	183.189	369.141
3.75583	181.19	365.745
3.76163	179.005	360.918
3.76744	176.643	353.694
3.77324	175.727	354.922
3.77905	176.745	358.839
3.78485	177.461	360.709
3.79066	176.134	350.643
3.79646	175.829	350.238
3.80227	175.119	339.875
3.80807	173.809	334.229
3.81388	183.613	329.818
3.81968	170.429	332.496
3.82549	166.248	322.658
3.83129	165.577
3.8371
3.8429
3.84871
3.85451
3.86032
3.86612
3.87193
3.87773
3.88354
3.88934
3.89515
3.90095
3.90676
3.91256
3.91837
3.92417
3.92998
3.93578
3.94159
3.94739
3.9532
3.959
3.96481
3.97061
3.97642
3.98222
3.98803
3.99383
3.99964
4.00544
4.01125	178.902
4.01705	167.598
4.02286	167.115
4.02866	167.889
4.03447	168.471
4.04027	168.374
4.04608	167.598
4.05188	166.729
4.05769	165.769
4.06349	164.814
4.0693	163.77
4.0751	161.795
4.08091	160.029
4.08671	158.832
4.09252	156.284
4.09832	155.653
4.10413	153.333
4.10993	149.226
4.11574	148.196
4.12154	145.818
4.12735	140.932
4.13315	134.18
4.13896	148.453
4.14476	148.453
4.15057	148.453
4.15637
4.16218
4.16798
4.17379
4.17959	581.59
4.1854	580.248
4.1912	580.248
4.19701	572.26
4.20281	568.307
4.20862	569.621
4.21442	571.929
4.22023	574.91
4.22603	565.687
4.23184	563.73
4.23764	566.995	161.889
4.24345	563.404	162.17
4.24925	571.929	159.2
4.25506	584.284	156.917
4.26086	583.947	156.465
4.26667	583.947	156.284
4.27247	574.578	155.743
4.27828	581.927	156.917
4.28408	565.687	159.292
4.28989	573.583	158.466
4.29569	573.583	160.492
4.3015	573.583	161.329
4.3073	574.91	161.795
4.31311	594.154	164.244
4.31891	583.947	164.624
4.32472	586.313	165.1
4.33052	578.909	165.1
4.33633	583.947	163.959	328.677
4.34213	597.251	165.195	326.03
4.34794	614.042	164.433	326.218
4.35374	163.959	325.277
4.35955	164.149	327.162
4.36535	163.77	326.595
4.37116	163.203	325.841
4.37696	163.486	325.089
4.38277	163.581	326.973
4.38857	163.298	326.784
4.39438	163.109	326.03
4.40018	163.203	324.152
4.40599	163.392	324.339
4.41179	163.675	326.03
4.4176	163.581	325.465
4.4234	164.433	326.973
4.42921	163.865	325.841
4.43501	163.77	326.03
4.44082	162.357	325.841
4.44662	164.244	324.339
4.45243	161.795	325.089	176.643
4.45823	161.142	325.089	179.109
4.46404	164.054	323.965	178.592
4.46984	163.675	329.818	177.872
4.47565	164.624	326.407	169.741
4.48145	164.054	326.973	172.509
4.48726	164.149	328.297	174.715
4.49306	328.108	176.745
4.49887	330.772	180.146
4.50467	329.057	184.677
4.51048	327.162	186.176
4.51628	325.465	187.905
4.52209	325.653	189.321
4.52789	330.963	190.528
4.5337	333.458	191.742
4.5395	193.188
4.54531	194.981
4.55111	197.019
4.55692	199.309
4.56272	199.309
4.56853	200.232
4.57433	200.695
4.58014	200.232
4.58594	199.77
4.59175	199.309
4.59755	197.475
4.60336	196.792
4.60916	194.644
4.61497	193.411
4.62077	190.528
4.62658	185.854
4.63238	189.54
4.63819	192.965
4.64399	192.965
4.6498	196.565
4.6556	184.464
4.66141
4.66721
4.67302
4.67882
4.68463
4.69043
4.69624
4.70204
4.70785
4.71365
4.71946
4.72526
4.73107
4.73687
4.74268
4.74848
4.75429
4.76009
4.7659
4.7717
4.77751
4.78331
4.78912
4.79492
4.80073
4.80653
4.81234
4.81814
4.82395
4.82975
4.83556
4.84136
4.84717
4.85297
4.85878
4.86458
4.87039
4.87619
4.882
4.8878
4.89361
4.89941
4.90522
4.91102	210.916
4.91683	222.814
4.92263	209.459
4.92844	217.85	444.856
4.93424	221.658	447.174
4.94005	222.171	444.342
4.94585	222.299	444.085
4.95166	221.786	445.37
4.95746	221.147	444.599
4.96327	220.509	442.549
4.96907	219.492	437.719
4.97487	218.48	434.695
4.98068	214.975	431.194
4.98649	212.383	426.241
4.99229	210.673	421.589
4.9981	207.173	413.868
5.0039	203.379	406.993
5.00971	201.275	400.001
5.01551	196.906	392.902
5.02132	193.523	387.493
5.02712	189.431	380.177
5.03293	185.961	372.568
5.03873	182.24	369.354
5.04454	180.667	361.126
5.05034	177.564	356.36
5.05615	177.154	356.772
5.06195	177.564	371.708
5.06776	177.974	386.375
5.07356	177.052	383.264
5.07936	181.609	383.707
5.08517	386.599
5.09097
5.09678
5.10258
5.10839
5.11419
5.12
5.1258
5.13161
5.13741
5.14322
5.14902
5.15483
5.16063
5.16644
5.17225
5.17805
5.18385
5.18966
5.19546
5.20127
5.20707
5.21288
5.21868
5.22449
5.23029
5.2361
5.2419
5.24771
5.25351
5.25932	162.921
5.26512	163.486
5.27093	165.004
5.27673	170.823
5.28254	169.056
5.28834	169.154
5.29415	169.937
5.29995	169.937
5.30576	169.643
5.31156	169.154
5.31737	167.792	504.844
5.32317	167.211	504.552
5.32898	166.344	503.679
5.33478	166.44	503.388
5.34059	166.922	503.679
5.34639	167.211	501.646
5.3522	165.864	496.171
5.358	164.624	493.883
5.36381	163.959	490.755
5.36961	163.486	488.775
5.37542	163.109	487.647
5.38122	162.827	486.803
5.38703	162.545	486.521
5.39283	162.263	484.558
5.39864	161.609	482.603
5.40444	160.863	481.211
5.41025	160.492	483.161
5.41605	160.863	483.999
5.42186	160.863	484.278
5.42766	161.142	482.046	314.016
5.43347	159.384	481.767	315.835
5.43927	159.568	479.269	317.664
5.44508	159.845	479.269	320.429
5.45088	160.307	481.211	322.844
5.45669	161.236	483.44	324.339
5.46249	162.357	485.679	324.527
5.4683	162.17	484.838	325.841
5.4741	161.609	482.882	326.03
5.47991	162.451	482.603	326.784
5.48571	162.921	485.399	328.867	169.056
5.49152	162.827	489.34	330.009	169.937
5.49732	163.109	490.189	331.537	170.036
5.50313	164.528	495.312	329.818	169.349
5.50893	165.1	495.598	328.867	168.374
5.51474	165.195	496.171	330.199	166.729
5.52054	166.922	497.319	336.748	165.96
5.52635	166.633	497.319	335.196	164.814
5.53215	166.536	502.516	333.265	164.814
5.53796	161.515	497.606	336.165	162.639
5.54376	159.845	472.125	331.537	161.702
5.54957	169.741	491.606	339.286	161.236
5.55537	493.313	336.359	160.585
5.56118	334.809	160.029
5.56698	321.727	159.476
5.57279	320.614	158.374
5.57859	317.848	157.917
5.5844	321.913	157.189
5.5902	312.207	156.374
5.59601	309.693	156.104
5.60181	311.667	155.833
5.60762	312.027	156.013
5.61342	315.47	157.28
5.61923	317.114	157.826
5.62503	320.059	159.108
5.63084	321.541	159.384
5.63664	320.244	160.214
5.64245	319.689	161.795
5.64825	319.505	162.357	169.447
5.65406	326.218	166.633	168.18
5.65986	340.071	169.154	168.277
5.66567	339.482	169.349	169.154
5.67147	169.545	170.134
5.67728	169.056	169.252
5.68308	167.115	167.115
5.68889	165.864	165.673
5.69469	164.719	164.338
5.7005	163.486	163.392
5.7063	162.545	162.639
5.71211	161.889	162.076
5.71791	162.076
5.72372	161.515
5.72952	160.585
5.73533	158.74
5.74113	158.374
5.74694	157.099
5.75274	155.115
5.75855	154.757
5.76435	153.954
5.77016	153.333
5.77596	152.362
5.78177	152.01
5.78757	152.274
5.79338	152.714
5.79918	152.362
5.80499	154.132
5.81079	152.803
5.8166	150.873
5.8224	149.658
5.82821	150.699
5.83401	143.313
5.83982	142.077
5.84562	140.851
5.85143	142.323
5.85723	142.241
5.86304	141.258
5.86884	142.405
5.87465	142.982
5.88045	143.148
5.88626	143.645
5.89206	142.735
5.89787	142.323
5.90367	142.9
5.90948	141.667
5.91528	141.913
5.92109	141.749
5.92689	141.014
5.9327	140.932
5.9385	140.202
5.94431	138.992
5.95011	137.158
5.95592	137.079
5.96172
5.96753
5.97333
5.97914
5.98494
5.99075
5.99655
6.00236
6.00816
6.01397
6.01977
6.02558
6.03138
6.03719
6.04299
6.0488
6.0546
6.06041
6.06621
6.07202
6.07782
6.08363
6.08943
6.09524
6.10104
6.10685
6.11265
6.11846
6.12426
6.13007
6.13587
6.14168
6.14748
6.15329
6.15909
6.1649
6.1707
6.17651
6.18231
6.18812
6.19392
6.19973
6.20553
6.21134
6.21714
6.22295
6.22875
6.23456
6.24036
6.24617
6.25197
6.25778
6.26358
6.26939
6.27519
6.281
6.2868
6.29261
6.29841
6.30422
6.31002
6.31583
6.32163
6.32744
6.33324
6.33905
6.34485
6.35066
6.35646
6.36227
6.36807	384.816
6.37388	381.056
6.37968	400.463
6.38549	419.161
6.39129	411.96
6.3971	427.721
6.4029	432.941
6.40871	434.444
6.41451	434.444	200
6.42032	425.995	205.742
6.42612	413.868	206.456
6.43193	417.469	209.459
6.43773	426.734	209.338
6.44354	428.958	214.355
6.44934	430.447	218.228	111.214
6.45515	434.695	220.254	114.011
6.46095	436.708	211.404	108.298
6.46676	439.746	203.379	106.807
6.47256	438.731	210.551	106.622
6.47837	432.191	213.367	107.178
6.48417	429.702	214.355	108.988
6.48998	418.677	213.121	110.893
6.49578	409.824	215.348	110.064
6.50159	403.016	217.097	109.873
6.50739	402.318	222.043	111.987
6.5132	396.779	230.006	115.402	554.686
6.519	399.77	237.842	118.51	554.686
6.52481	241.999	119.472	533.629
6.53061	241.302	120.095	548.315
6.53642	238.806	119.058	546.102
6.54222	234.568	118.51	546.102
6.54803	117.419	542.33
6.55383	110.957	543.584
6.55964	116.205	549.9
6.56544	116.205	543.27
6.57125	116.205	544.527
6.57705	542.957
6.58286	542.016
6.58866	542.643
6.59447	540.766
6.60027	542.643
6.60608	545.156
6.61188	557.255
6.61769	539.518
6.62349	543.584
6.6293	537.651
6.6351	538.273
6.64091	529.331
6.64671	522.949
6.65252	521.742
6.65832	523.251
6.66413
6.66993	260.119
6.67574	261.626
6.68154	264.055
6.68735	262.686
6.69315	260.269
6.69896	259.219
6.70476	258.77
6.71057	258.471
6.71637	258.621
6.72218	259.219
6.72798	258.621
6.73379	258.919
6.73959	259.518
6.7454	261.022
6.7512	261.474
6.75701	260.871
6.76281	260.57
6.76862	258.621
6.77442	261.173
6.78023	249.523
6.78603	253.884
6.79184	253.152
6.79764	251.113
6.80345	254.618
6.80925	254.766
6.81506	251.258
6.82086	249.234
6.82667	248.372
6.83247	252.568
6.83828	253.006
6.84408	250.244
6.84989	248.803
6.85569	254.618
6.8615	257.131
6.8673	258.471
6.87311	259.969
6.87891	259.369
6.88472	257.577	206.099
6.89052	255.65	207.293
6.89633	251.694	209.217
6.90213	245.519	209.944
6.90794	248.372	209.58
6.91374	254.324	210.308
6.91955	254.324	210.916
6.92535	254.324	211.404
6.93116	254.324	212.629
6.93696	214.231
6.94277	216.221
6.94857	216.345
6.95438	215.971
6.96018	216.971
6.96599	217.85
6.97179	217.473
6.9776	216.221
6.9834	215.224
6.98921	220.891
6.99501	209.944
7.00082	213.861
7.00662	212.383
7.01243
7.01823
7.02404
7.02984
7.03565
7.04145
7.04726
7.05306
7.05887
7.06467
7.07048
7.07628
7.08209
7.08789
7.0937
7.0995
7.10531
7.11111
7.11692
7.12272
7.12853
7.13433
7.14014
7.14594
7.15175
7.15755
7.16336
7.16916
7.17497	355.127
7.18077	357.598
7.18658	362.799
7.19238	366.803
7.19819	365.533
7.20399	362.171
7.2098	353.286
7.2156	351.251
7.22141	336.359
7.22721	338.503
7.23302	340.661
7.23882	332.688
7.24463
7.25043
7.25624
7.26204
7.26785
7.27365
7.27946
7.28526
7.29107
7.29687	843.178
7.30268	840.261
7.30848	842.204
7.31429	850.515
7.32009	853.468
7.3259	848.552
7.3317	851.498
7.33751	866.883	217.473
7.34331	851.498	212.629
7.34912	855.442	214.727
7.35492	873.921	217.348
7.36073	870.898	217.599
7.36653	866.883	218.733
7.37234	867.384	218.986
7.37814	875.943	220.509
7.38395	881.017	219.112
7.38975	882.036	219.492
7.39556	881.526	220
7.40136	872.408	220.636
7.40717	891.769	222.428	164.054
7.41297	916.311	222.685	164.528
7.41878	913.668	222.942	160.678
7.42458	907.357	225.403	163.865
7.43039	903.174	223.587	161.702
7.43619	906.309	225.533	163.015
7.442	909.981	225.924	160.585
7.4478	911.559	229.21	163.392
7.45361	911.559	226.316	164.433
7.45941	909.981	227.101	165.1
7.46522	924.284	233.756	163.865
7.47102	925.353	233.621	163.77
7.47683	903.696	229.21	157.826
7.48263	912.086	233.756	165.195
7.48844	942.616	241.023	167.308
7.49424	904.74	238.392	167.308
7.50005	907.881	236.882	167.986
7.50585	922.151	235.79	167.695
7.51166	903.174	243.823	168.083	486.241
7.51746	921.619	248.372	168.959	508.355
7.52327	915.781	249.523	169.056	503.097
7.52907	931.789	241.302	173.208	506.304
7.53487	925.887	241.58	178.592	503.97
7.54068	916.311	253.006	168.764	501.357
7.54648	918.961	253.006	162.451	506.889
7.55229	932.866	254.324	509.531
7.55809	935.024	253.591	508.649
7.5639	940.984	254.031	509.237
7.56971	936.646	253.152	508.649
7.57551	936.105	257.131	511.891
7.58132	933.405	258.919	508.355
7.58712	954.671	254.178	509.237
7.59293	953.569	255.946	509.531
7.59873	956.879	255.65	510.71	392.449
7.60454	955.775	255.946	516.942	392.222
7.61034	971.358	257.131	522.044	394.039
7.61615	936.646	258.173	521.441	392.675
7.62195	899.529	258.322	521.14	392.675
7.62776	256.834	515.452	389.288
7.63356	258.024	519.337	391.769
7.63936	258.024	519.037	390.865
7.64517	259.069	519.037	390.865
7.65097	259.668	518.438	391.995
7.65678	259.518	519.337	392.222
7.66258	258.77	520.538	390.639
7.66839	258.621	523.553	389.063
7.67419	261.777	515.452	389.513
7.68	264.36	514.559	395.635
7.6858	260.57	520.839	392.902
7.69161	261.928	539.206	400.695
7.69741	263.445	523.251	391.769
7.70322	259.518	385.484
7.70902	257.726	389.288	257.577
7.71483	390.639	257.428
7.72063	392.675	257.726
7.72644	386.599	257.28
7.73224	379.518	255.355
7.73805	386.152	253.884
7.74385	390.188	251.113
7.74966	387.269	249.234
7.75546	377.769	251.258
7.76127	377.769	252.86
7.76707	258.621
7.77288	252.86
7.77868	257.131
7.78449	254.178
7.79029	256.686
7.7961	257.875
7.8019	256.982
7.80771	259.668
7.81351	257.726
7.81932	258.322
7.82512	257.577
7.83093	261.474
7.83673	261.022
7.84254	259.518
7.84834	255.207
7.85415	255.502
7.85995	257.28
7.86576	252.568
7.87156	252.86
7.87737	253.298
7.88317	253.738
7.88898	256.389
7.89478	256.982
7.90059	259.069
7.90639	251.258
7.9122	261.173
7.918	254.178
7.92381	254.324
7.92961	246.799
7.93542	244.246
7.94122	242.699
7.94703	241.86	255.946
7.95283	233.351	258.919
7.95864	223.716	257.577
7.96444	223.716	259.069
7.97025	230.272	259.518
7.97605	240.05	258.919
7.98186	258.024
7.98766	257.875
7.99347	259.219
7.99927	261.474
8.00508	261.777
8.01088	262.079
8.01669	261.928
8.02249	264.513
8.0283	266.506
8.0341	264.055
8.03991	261.626
8.04571	267.895
8.05152	259.969
8.05732	254.178
8.06313	253.738
8.06893	255.502
8.07474	251.985
8.08054	249.523
8.08635	248.947
8.09215	250.968
8.09796	252.568
8.10376	254.178
8.10957	254.766
8.11537	255.355
8.12118	255.355
8.12698	256.389
8.13279	254.618
8.13859	258.621
8.1444	257.428
8.1502	258.77
8.15601	258.621
8.16181	259.069
8.16762	257.875
8.17342	258.024
8.17923	259.818
8.18503	261.474
8.19084	261.928
8.19664	260.871
8.20245	260.871
8.20825	263.598
8.21406	264.055
8.21986	261.777
8.22567	261.928
8.23147	262.079
8.23728	261.626
8.24308	261.323
8.24889	260.269
8.25469	255.798
8.2605	256.686
8.2663	256.686
8.27211	256.686
8.27791	253.298
8.28372	252.276
8.28952	254.178
8.29533	252.276
8.30113	253.298
8.30694	248.947
8.31274	247.799
8.31855	249.234
8.32435	249.667
8.33016	249.234
8.33596	246.942
8.34177	245.945
8.34757	244.105
8.35338	247.227
8.35918	245.803
8.36499	243.261
8.37079	241.023
8.3766	239.358
8.3824	239.358
8.38821	239.22
8.39401	236.882
8.39982	232.947
8.40562	231.071
8.41143	229.873
8.41723	228.681
8.42304	228.285
8.42884	228.285
8.43465	227.364
8.44045	224.882
8.44626	224.234
8.45206	223.071
8.45787	221.914
8.46367	222.043
8.46948	223.716
8.47528	223.587
8.48109	222.171
8.48689	221.53
8.4927	222.685
8.4985	221.914
8.50431	222.299
8.51011	223.071
8.51592	222.428
8.52172	221.786
8.52753	221.147
8.53333	221.53
8.53914	221.274
8.54494	221.402
8.55075	221.786
8.55655	221.786
8.56236	221.914
8.56816	221.914
8.57397	222.171
8.57977	222.556
8.58558	222.171
8.59138	223.329
8.59719	224.104
8.60299	223.2
8.6088	225.012
8.6146	221.914
8.62041	221.402
8.62621	221.658
8.63202	222.171
8.63782	223.975
8.64363	225.793
8.64943	222.814
8.65524	221.274
8.66104	219.366
8.66685	218.48
8.67265	216.971
8.67846	216.47
8.68426	218.228
8.69007	217.599
8.69587	216.971
8.70168	219.366	218.733
8.70748	217.599	219.112
8.71329	218.986	218.986
8.71909	218.733	218.48
8.7249	218.733	218.607
8.7307	218.859
8.73651	218.986
8.74231	219.239
8.74812	219.112
8.75392	219.366
8.75973	218.733
8.76553	218.228
8.77134	217.473
8.77714	217.599
8.78295	218.48
8.78875	220.254
8.79456	219.746
8.80036	220.636	457.891
8.80617	223.975	457.362
8.81197	224.752	455.517
8.81778	224.234	454.203
8.82358	225.272	454.465
8.82939	225.142	452.631
8.83519	221.658	454.728
8.841	220.509	451.065
8.8468	224.234	450.024
8.85261	224.623	447.95
8.85841	224.363	447.174
8.86422	223.2	445.37
8.87002	221.914	445.113
8.87583	222.299	444.342
8.88163	222.043	443.573
8.88744	222.685	444.599
8.89324	220.127	441.783
8.89905	219.746	439.238
8.90485	220.764	440
8.91066	220	439.746
8.91646	219.873	437.466
8.92227	219.112	439.492
8.92807	218.859	439.746
8.93388	220.509	440.254
8.93968	220.254	440.254
8.94549	218.607	441.018
8.95129	218.102	439.746
8.9571	217.599	440.509
8.9629	218.48	440
8.96871	219.873	438.985
8.97451	217.599	437.466
8.98032	216.971	434.695
8.98612	217.724	433.942	220.127
8.99193	217.976	437.466	220.382
8.99773	215.099	437.466	220.382
9.00354	216.47	440	220.764
9.00934	217.599	437.719	221.658
9.01515	219.746	436.204	221.786
9.02095	221.402	445.37	221.402
9.02676	221.658	443.316	220.382
9.03256	215.846	424.767	218.354
9.03837	216.221	429.702	217.724
9.04417	217.348	434.695	217.85
9.04998	218.733	437.213	218.859
9.05578	218.48	436.708	218.733
9.06159	216.721	437.719	217.473
9.06739	218.228	440.254	218.48
9.0732	218.228	445.113	218.228
9.079	452.631	220.382
9.08481	458.155	218.607
9.09061	456.57	218.986
9.09642	461.875	219.746
9.10222	444.856	218.102
9.10803	438.478	217.976
9.11383	446.142	219.873
9.11964	453.416	220.636
9.12544	455.517	222.171
9.13125	466.433	220
9.13705	473.218	220.509
9.14286	447.174	217.85
9.14866	445.113	212.383
9.15447	444.599	215.472
9.16027	441.018	215.472
9.16608	433.191	221.658
9.17188	440.509	221.658
9.17769	440	220.254
9.18349	445.627	219.873
9.1893	445.885	220.764
9.1951	446.658	219.492
9.20091	446.916
9.20671	441.018
9.21252	442.293	220.254
9.21832	445.37	219.619
9.22413	445.885	218.48
9.22993	464.819	216.221
9.23574	473.218	210.794
9.24154	471.308	204.439
9.24735	446.142	208.855
9.25315	441.783	219.112
9.25896	440.763	219.746
9.26476	442.293	220.764
9.27057	437.466	219.873
9.27637	443.573	220.636
9.28218	446.142	221.658
9.28798	444.599	221.274
9.29379	443.06	222.171
9.29959	440	221.53
9.3054	445.113	221.914
9.3112	444.342	221.658
9.31701	444.856	222.171
9.32281	444.342	222.685
9.32862	443.829	223.071
9.33442	444.342	225.142
9.34023	448.986	223.587
9.34603	445.627	223.071
9.35184	445.885	222.942
9.35764	440.509	223.458
9.36345	447.691	223.071
9.36925	443.573	221.786
9.37506	441.528	223.716
9.38086	446.4	223.716
9.38667	444.085	225.533
9.39247	444.085	219.239
9.39828	438.731	221.274
9.40408	438.731	220.127
9.40989	440	219.492
9.41569	438.731	219.619
9.4215	437.719	216.721
9.4273	440.763	213.614
9.43311	441.018
9.43891	443.829
9.44472	449.245	223.846
9.45052	460.277	224.234
9.45633	223.716
9.46213	222.556
9.46794	220.127
9.47374	221.53
9.47955	225.403
9.48535	231.205
9.49116	234.297
9.49696	239.773
9.50277	244.529
9.50857	248.229
9.51438	246.514
9.52018	247.942
9.52599	248.085
9.53179	244.105
9.5376	249.667
9.5434	261.474
9.54921	264.513
9.55501	262.989
9.56082	265.738
9.56662	263.598
9.57243	265.584
9.57823	263.141
9.58404	263.902
9.58984	261.928
9.59565	260.871
9.60145	261.928
9.60726	260.871
9.61306	260.72	521.14
9.61887	260.119	520.839
9.62467	260.57	524.159
9.63048	261.173	522.044
9.63628	260.269	521.441
9.64209	261.626	520.538
9.64789	260.269	523.553
9.6537	260.72	522.949
9.6595	261.777	522.044
9.66531	261.474	521.742
9.67111	261.323	522.647
9.67692	260.72	523.553
9.68272	259.969	520.538
9.68853	259.518	521.14
9.69433	259.219	521.742
9.70014	259.668	522.647	1802.18
9.70594	260.419	523.251	1812.62
9.71175	260.419	523.251	1813.67
9.71755	261.474	523.553	1810.53
9.72336	263.598	525.068	1807.39
9.72916	262.686	525.675	1808.44
9.73497	263.141	525.371	1809.48
9.74077	261.777	524.765	1809.48
9.74658	260.57	521.742	1802.18
9.75238	259.219	522.345	1801.14
9.75819	254.324	518.138	1798.02
9.76399	254.766	516.047	1813.67
9.7698	259.219	528.414	1803.22
9.7756	270.071	522.647	1816.81
9.78141	261.323	520.237	1809.48
9.78721	265.584	526.586	1846.43
9.79302	265.738	522.345	1889.59
9.79882	259.069	520.839	1860.35
9.80463	260.269	523.856	1885.23
9.81043	1883.06
9.81624	1851.77
9.82204	1842.17
9.82785	1841.11
9.83365	1835.8
9.83946	1823.12
9.84526	1824.17
9.85107	1798.02
9.85687	1853.92
9.86268	1849.64
9.86848	1848.57
9.87429	1844.3
9.88009	1835.8
9.8859	1823.12
9.8917	1790.76
9.89751
9.90331
9.90912
9.91492
9.92073
9.92653
9.93234
9.93814
9.94394
9.94975
9.95555
9.96136
9.96716
9.97297
9.97878
9.98458
9.99039
9.99619
10.002	367.014
10.0078	354.922
10.0136	354.717
10.0194	346.816
10.0252	331.537
10.031	331.729
10.0368	329.437
10.0426	326.03
10.0484	319.689
10.0542	324.902
10.06	318.399
10.0659	321.17
10.0717	322.471
10.0775	321.913
10.0833	325.653
10.0891	323.217
10.0949	320.614
10.1007	330.199
10.1065	328.677
10.1123	312.027
10.1181	315.47
10.1239	318.767
10.1297	323.217
10.1355	323.778
10.1413	326.973
10.1471	332.112
10.1529	340.268
10.1587	357.598
10.1645	356.772
10.1703	366.379
10.1761	376.027
10.1819	379.08
10.1878	389.063
10.1936	389.513
10.1994	389.513
10.2052	379.738
10.211	367.863
10.2168	360.085
10.2226	359.877
10.2284	368.714
10.2342	376.027
10.24	373.43
10.2458	373.861
10.2516	368.076
10.2574	363.218
10.2632	365.322
10.269	369.781
10.2748	372.138
10.2806	369.994
10.2864
10.2922
10.298
10.3039
10.3097
10.3155
10.3213
10.3271
10.3329
10.3387
10.3445
10.3503
10.3561
10.3619
10.3677
10.3735
10.3793
10.3851
10.3909
10.3967
10.4025
10.4083
10.4141
10.42
10.4258
10.4316
10.4374
10.4432
10.449
10.4548
10.4606
10.4664
10.4722
10.478
10.4838
10.4896
10.4954
10.5012
10.507
10.5128
10.5186
10.5244
10.5302
10.5361
10.5419
10.5477
10.5535
10.5593
10.5651
10.5709
10.5767
10.5825
10.5883	556.29
10.5941	555.006
10.5999	571.599
10.6057	574.91
10.6115	558.866
10.6173	568.964
10.6231	538.895
10.6289	539.518
10.6347	542.643	253.738
10.6405	542.33	252.714	511.891
10.6463	555.006	255.798	511.595
10.6522	563.079	254.913	510.415
10.658	554.045	256.093	512.187
10.6638	563.079	257.131	514.856
10.6696	564.707	257.875	516.942
10.6754	565.687	257.726	517.54
10.6812	568.964	258.77	518.438	1035.08
10.687	579.244	259.668	520.839	1038.67
10.6928	584.284	260.57	521.14	1040.47
10.6986	580.248	260.871	521.742	1041.08
10.7044	592.783	261.173	523.553	1044.09
10.7102	585.636	261.323	523.553	1047.11
10.716	589.369	261.777	523.251	1048.92
10.7218	567.651	261.323	523.251	1047.71
10.7276	584.96	261.173	522.949	1047.11
10.7334	583.947	261.474	522.949	1046.5
10.7392	584.622	261.474	522.949	1046.5
10.745	580.583	260.871	522.044	1043.48
10.7508	577.907	260.871	521.742	1043.48
10.7566	601.752	260.871	520.538	1042.28
10.7624	577.24	260.871	521.14	1042.88
10.7683	579.244	261.323	522.345	1045.29
10.7741	588.688	261.626	522.949	1044.69
10.7799	581.927	261.777	523.251	1045.9
10.7857	576.573	262.231	524.765	1046.5
10.7915	577.24	262.534	525.371	1051.35
10.7973	262.837	525.675	1052.56
10.8031	262.989	525.978	1056.22
10.8089	262.989	525.675	1054.39
10.8147	262.382	524.461	1051.35
10.8205	261.777	523.856	1050.14
10.8263	261.173	523.251	1049.53
10.8321	260.72	521.441	1043.48
10.8379	260.269	520.538	1040.47
10.8437	260.871	520.839	1042.88
10.8495	262.079	523.553	1049.53
10.8553	262.382	528.109	1066.64
10.8611	259.818	526.282	1101.07
10.8669	257.577	525.371	1055.61
10.8727	260.57	519.637	1049.53
10.8785	261.173	519.637
10.8844	260.871	520.839
10.8902	261.173	522.044
10.896	259.518	521.14
10.9018	260.269	518.138
10.9076	261.022	519.637
10.9134	262.382	526.282
10.9192	263.141	527.195
10.925	263.445	530.249
10.9308	261.777	529.025
10.9366	259.969	520.237
10.9424	260.72
10.9482	260.419
10.954	256.241
10.9598
10.9656
10.9714
10.9772
10.983
10.9888
10.9946
11.0005
11.0063
11.0121
11.0179
11.0237
11.0295
11.0353
11.0411
11.0469
11.0527
11.0585
11.0643
11.0701
11.0759
11.0817
11.0875
11.0933
11.0991
11.1049	217.599
11.1107	218.228
11.1166	216.221
11.1224	217.473
11.1282	216.096
11.134	217.348
11.1398	217.473
11.1456	217.599
11.1514	217.724
11.1572	217.85
11.163	218.733
11.1688	218.986
11.1746	219.746
11.1804	220.254
11.1862	220
11.192	220
11.1978	220.127
11.2036	220.509
11.2094	220.636
11.2152	220.636
11.221	220.509
11.2268	220.127
11.2327	219.492
11.2385	218.986	441.528
11.2443	219.366	444.085
11.2501	218.607	441.783
11.2559	219.873	443.06
11.2617	219.873	446.142
11.2675	219.746	444.085
11.2733	220	441.273
11.2791	220.382	444.599
11.2849	220.764	437.971
11.2907	221.147	444.856
11.2965	221.914	434.946
11.3023	223.587	435.701
11.3081	224.493	438.224
11.3139	222.171	439.492
11.3197	220.127	439.238
11.3255	218.48	429.454
11.3313	217.097	440
11.3371	216.971	443.316
11.3429	217.976	439.492
11.3488	439.238
11.3546	434.193
11.3604	450.805
11.3662	456.043
11.372	435.952
11.3778	435.197
11.3836	440.509
11.3894	436.204
11.3952	437.971
11.401	436.961
11.4068	440.254
11.4126	442.293
11.4184	441.273
11.4242
11.43
11.4358
11.4416
11.4474
11.4532
11.459
11.4649
11.4707
11.4765
11.4823
11.4881
11.4939
11.4997
11.5055
11.5113
11.5171
11.5229
11.5287
11.5345
11.5403
11.5461
11.5519
11.5577
11.5635
11.5693
11.5751
11.581
11.5868
11.5926
11.5984
11.6042
11.61
11.6158
11.6216	215.722
11.6274	216.47
11.6332	217.222
11.639	217.85
11.6448	218.859
11.6506	221.019
11.6564	221.658
11.6622	221.147
11.668	219.619
11.6738	219.239
11.6796	219.492
11.6854	219.619
11.6912	218.607
11.6971	219.746
11.7029	218.48
11.7087	218.102
11.7145	218.102
11.7203	219.239
11.7261	220.127
11.7319	220.509
11.7377	219.619
11.7435	219.112
11.7493	217.473	276.543
11.7551	215.846	279.918
11.7609	215.099	282.191
11.7667	214.975	280.89
11.7725	214.479	277.343
11.7783	217.85	276.064
11.7841	225.793	271.322	531.783
11.7899	225.403	265.125	527.5
11.7957	224.752	263.293	526.586
11.8015	230.405	262.534	529.025
11.8073	229.475	262.989	533.013
11.8132	229.342	262.231	529.943
11.819	225.533	264.36	529.943
11.8248	213.367	265.125	529.943
11.8306	226.446	264.207	531.169
11.8364	218.228	264.055	529.331
11.8422	218.228	266.969	533.013
11.848	269.447	539.518
11.8538	268.36	537.962
11.8596	269.759	536.101
11.8654	270.227	537.341
11.8712	269.136	538.273
11.877	270.539	539.829
11.8828	272.578	543.898
11.8886	274.95	547.681
11.8944	280.08	560.159
11.9002	287.455	568.307
11.906	288.62	577.573
11.9118	288.12	575.575
11.9176	288.953	577.573
11.9234	289.622	580.583
11.9293	290.292	580.919
11.9351	290.627	582.263
11.9409	290.963	583.947
11.9467	291.805	585.298
11.9525	292.649	585.298
11.9583	293.495	586.99
11.9641	296.049	590.391
11.9699	297.077	592.783
11.9757	297.42	594.497
11.9815	297.249	593.468
11.9873	594.841	297.42
11.9931	594.841	297.249
11.9989	593.125	296.905
12.0047	591.073	296.049
12.0105	591.415	295.537
12.0163	590.391	294.514
12.0221	589.369	293.834
12.0279	589.028	294.174
12.0337	589.028	294.004
12.0395	589.028	294.684
12.0454	590.05	294.684
12.0512	590.732	295.025
12.057	590.391	294.855
12.0628	590.732	295.025
12.0686	590.05	294.855
12.0744	588.348	294.855
12.0802	589.028	294.684
12.086	589.369	294.344
12.0918	590.732	294.514
12.0976	591.073	295.195
12.1034	590.732	295.366
12.1092	591.415	295.878
12.115	592.44	295.878
12.1208	592.098	296.049
12.1266	590.732	296.391
12.1324	591.756	296.22
12.1382	592.44	296.049
12.144	591.415	295.878
12.1498	592.783	296.049
12.1556	592.44	296.22
12.1615	590.732	295.878
12.1673	592.44	295.707
12.1731	590.391	294.855
12.1789	588.688	294.004
12.1847	589.369	294.004
12.1905	590.732	293.665
12.1963	591.073	294.004
12.2021	589.028	293.834
12.2079	584.96	292.48
12.2137	589.369	294.684
12.2195	586.99	294.344
12.2253	583.273	292.649
12.2311	585.298	292.987
12.2369	583.61	292.649
12.2427	580.248	290.795
12.2485	583.61	288.953
12.2543	581.255	293.326
12.2601	590.391	292.987
12.2659	584.96	291.973
12.2717	588.688	289.622
12.2776	285.47
12.2834
12.2892
12.295
12.3008
12.3066
12.3124
12.3182
12.324
12.3298
12.3356
12.3414
12.3472
12.353
12.3588
12.3646
12.3704
12.3762
12.382
12.3878
12.3937
12.3995
12.4053
12.4111
12.4169
12.4227
12.4285
12.4343
12.4401
12.4459
12.4517	479.823
12.4575	513.075
12.4633	544.842
12.4691	510.12
12.4749	525.371
12.4807	521.742
12.4865	519.337
12.4923	521.441
12.4981	521.441
12.5039	514.856
12.5098	510.415
12.5156	506.889
12.5214	506.011	254.031
12.5272	503.679	253.152
12.533	496.457	254.913
12.5388	513.372	253.445
12.5446	512.187	252.568
12.5504	507.182	256.982
12.5562	501.357	255.946
12.562	501.357	256.538
12.5678	502.516	256.834
12.5736	505.719	252.422
12.5794	502.807	252.568	253.152
12.5852	502.516	249.378	244.67
12.591	497.893	247.227	247.513
12.5968	495.312	248.516	234.297
12.6026	494.74	249.811	229.608
12.6084	493.028	249.811	234.161
12.6142	487.084	242.139	230.804
12.62	489.905	242.84	225.663
12.6258	488.493	239.22	225.142
12.6317	497.893	231.606	225.924
12.6375	498.181	228.813	226.446
12.6433	495.598	226.316	226.185
12.6491	495.598	224.882	225.012
12.6549	502.226	223.716	224.104
12.6607	527.195	222.556	222.685
12.6665	533.321	221.658	221.786
12.6723	528.414	221.019	221.019
12.6781	519.037	220.764	220.764
12.6839	219.619	218.733
12.6897	217.85
12.6955	219.239
12.7013	218.228
12.7071	217.976
12.7129	219.112
12.7187	218.733
12.7245	217.097
12.7303	213.614
12.7361	216.846
12.742	213.121
12.7478	213.984
12.7536
12.7594
12.7652
12.771
12.7768
12.7826
12.7884
12.7942
12.8
12.8058
12.8116	180.876
12.8174	180.876
12.8232	180.772
12.829	181.085
12.8348	181.399
12.8406	184.144
12.8464	190.198
12.8522	195.545
12.858	194.531
12.8639	195.207
12.8697	195.658
12.8755	195.771
12.8813	199.424
12.8871	199.424
12.8929	198.734
12.8987	198.504
12.9045	197.703
12.9103	197.019
12.9161	196.111
12.9219	195.32
12.9277	194.756
12.9335	194.307
12.9393	193.746
12.9451	193.523
12.9509	193.523
12.9567	193.746
12.9625	194.195
12.9683	194.756
12.9741	195.32
12.98	195.771
12.9858	195.771
12.9916	195.32
12.9974	195.207
13.0032	194.419
13.009	194.981
13.0148	193.97
13.0206	196.111
13.0264	195.885
13.0322	192.853
13.038	193.858
13.0438	193.523
13.0496	193.97
13.0554	192.742
13.0612	192.742
13.067	192.519
13.0728	192.519
13.0786	192.075
13.0844	191.742
13.0902	191.964
13.0961	191.521
13.1019	192.408
13.1077	192.965
13.1135	192.965
13.1193	193.076
13.1251	193.523
13.1309	193.523
13.1367	193.411
13.1425	193.188
13.1483	192.519
13.1541	191.853
13.1599	191.411
13.1657	192.186
13.1715	192.742
13.1773	193.188
13.1831	193.299
13.1889	193.411
13.1947	193.523
13.2005	193.746
13.2063	194.756
13.2122	195.658
13.218	196.224
13.2238	196.338
13.2296	196.451
13.2354	196.338
13.2412	193.635
13.247	193.076
13.2528	192.742
13.2586	193.299
13.2644	194.756
13.2702	193.746
13.276	193.635
13.2818	193.97
13.2876	195.771
13.2934	195.545
13.2992	195.771
13.305	196.451
13.3108	195.658
13.3166	196.565
13.3224
13.3283
13.3341
13.3399	129.609
13.3457	129.834
13.3515	130.059
13.3573	130.888
13.3631	130.511
13.3689	130.586
13.3747	131.343
13.3805	132.639
13.3863	132.104
13.3921	131.343
13.3979	131.875	259.668
13.4037	131.571	245.519
13.4095	132.18	245.519
13.4153	131.951	250.678
13.4211	130.285	249.234
13.4269	131.875	245.803
13.4327	131.799	247.656
13.4385	131.419	249.667
13.4444	129.909	250.389
13.4502	132.027	250.1
13.456	131.647	251.258
13.4618	132.256	252.13
13.4676	131.343	252.13
13.4734	131.115	252.86
13.4792	131.647	252.86
13.485	132.104	253.591
13.4908	131.115	254.324
13.4966	131.115	254.766
13.5024	130.662	254.618
13.5082	129.759	254.766
13.514	130.737	254.766
13.5198	130.285	255.06
13.5256	130.436	255.798
13.5314	130.586	256.241
13.5372	130.285	256.834
13.543	256.389
13.5488	256.389
13.5546	256.982
13.5605	257.726
13.5663	258.173
13.5721	259.219
13.5779	259.219
13.5837	259.518
13.5895	258.621
13.5953	259.969
13.6011	259.818
13.6069	259.969
13.6127	259.668
13.6185	259.369
13.6243	259.518
13.6301	259.818
13.6359	259.969
13.6417	258.024
13.6475	256.834
13.6533	258.173
13.6591	258.024
13.6649	258.471
13.6707	255.502
13.6766	256.538
13.6824	256.241
13.6882	255.798
13.694	254.031
13.6998
13.7056
13.7114
13.7172
13.723
13.7288
13.7346
13.7404
13.7462
13.752
13.7578
13.7636
13.7694
13.7752
13.781
13.7868
13.7927
13.7985
13.8043
13.8101
13.8159
13.8217
13.8275
13.8333
13.8391
13.8449
13.8507
13.8565
13.8623
13.8681
13.8739
13.8797
13.8855
13.8913
13.8971
13.9029
13.9088
13.9146
13.9204
13.9262
13.932
13.9378
13.9436
13.9494	561.131
13.9552	559.512
13.961	537.962
13.9668	513.965
13.9726	510.71
13.9784	510.415
13.9842	513.075
13.99	516.942
13.9958	516.942
14.0016	516.644
14.0074	529.637
14.0132	513.075
14.019	508.062
14.0249	505.719
14.0307	512.779
14.0365	516.346
14.0423	521.742
14.0481	523.553	262.534
14.0539	526.282	263.902
14.0597	529.025	246.372
14.0655	532.09	264.055
14.0713	529.943	263.75
14.0771	533.321	263.902
14.0829	529.331	265.891
14.0887	534.246	264.971
14.0945	532.705	266.66
14.1003	533.629	266.506
14.1061	533.629	266.199
14.1119	534.246	267.586
14.1177	533.937	267.123
14.1235	532.09	265.431
14.1293	531.169	265.125
14.1351	529.943	265.125
14.141	530.862	264.971
14.1468	531.476	264.971
14.1526	531.169	265.278
14.1584	530.249	264.971
14.1642	529.637	264.971
14.17	529.331	264.665
14.1758	528.109	264.055
14.1816	527.805	263.598
14.1874	527.195	263.141
14.1932	526.586	263.293
14.199	525.675	262.989
14.2048	524.765	262.686
14.2106	524.765	262.686
14.2164	523.251	261.474
14.2222	522.345	261.022
14.228	522.345	261.022
14.2338	521.742	260.72
14.2396	522.949	261.173
14.2454	523.856	261.626
14.2512	522.949	261.022	1051.96
14.2571	522.044	261.474	1041.08
14.2629	522.647	260.72	1036.28
14.2687	521.14	260.57	1034.48
14.2745	519.937	260.72	1036.28
14.2803	519.637	258.919	1006.78
14.2861	517.839	258.471	1048.92
14.2919	513.372	257.875	1024.37
14.2977	512.187	257.28	1020.24
14.3035	512.483	256.834	1028.52
14.3093	513.965	255.946	1033.29
14.3151	513.075	256.389	1024.37
14.3209	510.71	254.913	1012.61
14.3267	255.355	1016.71	510.71
14.3325	1017.3	503.679	252.13
14.3383	1009.1	499.911	248.372
14.3441	1004.45	499.911	249.667
14.3499	999.821	498.469	249.811
14.3557	983.213	494.454	248.229
14.3615	978.115	493.313	246.657
14.3673	983.781	492.459	242.279
14.3732	972.481	484.558	242.419
14.379	975.294	483.161	243.12
14.3848	973.043	485.399	240.884
14.3906	952.468	479.269	239.496
14.3964	946.982	478.993	238.944
14.4022	950.819	473.764	237.019
14.408	940.441	464.551	232.41
14.4138	928.029	461.342	230.272
14.4196	925.353	459.746	230.405
14.4254	932.866	465.895	233.217
14.4312	930.176	466.164	233.217
14.437	911.033	460.543	230.139
14.4428	911.033	461.076	229.608
14.4486	915.253	457.362	228.153
14.4544	920.555	455.517	228.813
14.4602	904.218	450.024	225.142
14.466	906.833	449.765	226.185
14.4718	924.819	455.517	226.316
14.4776	916.311	454.465	226.185
14.4834	898.491	452.37	225.663
14.4893	889.711	451.848	226.054
14.4951	896.935	455.254	227.495
14.5009	927.493	450.545	223.716
14.5067	877.969	444.085	222.043
14.5125	891.769	445.37	222.814
14.5183	890.739	445.627	222.556
14.5241	889.711	445.113	223.071
14.5299	895.899	446.4	223.587
14.5357	901.61	447.433	224.104
14.5415	906.309	449.245	224.752
14.5473	906.309	450.024	225.012
14.5531	903.174	450.284	225.142
14.5589	894.865	449.765	225.142
14.5647	892.284	450.545	225.012
14.5705	899.01	451.326	225.142
14.5763	903.174	452.631	226.446
14.5821	905.263	452.37	226.446
14.5879	909.456	453.155	226.708
14.5937	909.981	454.203	226.839
14.5995	904.74	449.765	223.716
14.6054	904.218	444.342	222.428
14.6112	902.131	438.731	221.147
14.617	920.555	234.568
14.6228	920.555
14.6286
14.6344
14.6402
14.646
14.6518
14.6576
14.6634
14.6692
14.675
14.6808
14.6866
14.6924
14.6982
14.704
14.7098	249.811
14.7156	241.023
14.7215	244.67
14.7273	240.05
14.7331	235.11
14.7389	220.891
14.7447	219.873
14.7505	223.2
14.7563	223.2	446.142
14.7621	235.246	445.113
14.7679	241.86	442.549
14.7737	244.953	450.024
14.7795	239.082	450.024
14.7853	235.654	453.941
14.7911	236.336	452.109
14.7969	229.475	453.941
14.8027	228.549	452.893
14.8085	226.054	447.691
14.8143	224.752	451.065
14.8201	225.272	449.505
14.8259	225.793	449.765
14.8317	226.054	446.4
14.8376	225.403	445.113
14.8434	223.2	446.142
14.8492	222.428	443.06
14.855	222.685	441.273
14.8608	220.891	441.528
14.8666	222.171	442.038
14.8724	226.054	442.038
14.8782	225.012	446.4
14.884	226.185	450.545
14.8898	225.403	449.765
14.8956	224.882	451.326
14.9014	225.663	454.203
14.9072	225.012	451.326
14.913	225.663	452.893
14.9188	225.533	450.284
14.9246	225.924	447.433
14.9304	224.623	447.691
14.9362	223.329	445.37
14.942	222.043	444.599
14.9478	220.509	443.06
14.9537	220.382	440
14.9595	221.274	439.746
14.9653	220.636	440.763
14.9711	220.382	440.509
14.9769	219.112	440.254
14.9827	218.986	440.254
14.9885	220.891	441.018
14.9943	221.402	442.038
15.0001	224.104	443.316
15.0059	222.043	445.113
15.0117	222.942	446.142
15.0175	222.942	447.691
15.0233	223.2	447.691
15.0291	225.924	447.691
15.0349	225.793	447.433
15.0407	226.577	447.691
15.0465	223.458	446.4
15.0523	222.942	445.885
15.0581	221.914	444.856
15.0639	221.274	445.37
15.0697	221.786	444.342
15.0756	222.171	443.06
15.0814	222.428	442.805
15.0872	221.402	444.085
15.093	222.171	442.549
15.0988	222.685	443.06
15.1046	219.619	443.829
15.1104	218.48	443.829
15.1162	221.786	443.573
15.122	222.299	444.085
15.1278	222.685	444.342
15.1336	223.071	445.885
15.1394	224.363	446.142
15.1452	223.071	446.4
15.151	223.587	447.691
15.1568	223.716	447.691
15.1626	223.846	450.024
15.1684	221.914	446.4
15.1742	222.942	446.142
15.18	223.587	446.4
15.1859	222.814	446.916
15.1917	222.685	445.627
15.1975	222.428	444.856
15.2033	222.171	444.599
15.2091	222.814	444.342
15.2149	222.814	444.085
15.2207	222.428	445.113
15.2265	222.171	445.885
15.2323	221.786	445.37
15.2381	222.428	445.885
15.2439	223.2	446.658
15.2497	223.716	446.142
15.2555	223.458	447.691
15.2613	223.587	446.916
15.2671	222.428	446.4
15.2729	221.53	444.599
15.2787	220.382	444.599
15.2845	220	446.142
15.2903	219.746	443.829
15.2961	220.254	442.549
15.3019	218.986	438.224
15.3078	218.986	441.273
15.3136	220.127	440.763
15.3194	220.764	443.573
15.3252	221.147	440.254
15.331	221.53	440
15.3368	224.363	441.528
15.3426	222.685	447.691
15.3484	224.234	448.986
15.3542	227.89	449.505
15.36
15.3658
15.3716
15.3774
15.3832
15.389
15.3948
15.4006
15.4064
15.4122
15.418
15.4239
15.4297
15.4355
15.4413
15.4471
15.4529
15.4587
15.4645
15.4703
15.4761
15.4819
15.4877	276.064
15.4935	279.433
15.4993	281.539
15.5051	281.865	563.404
15.5109	281.052	564.381
15.5167	287.123	561.455
15.5225	283.825	567.651
15.5283	276.863	568.307
15.5341	270.383	559.836
15.54	268.05	553.406
15.5458	267.586	545.471
15.5516	269.759	541.078
15.5574	272.263	543.584
15.5632	270.695	543.584
15.569	271.322	540.766
15.5748	269.292	541.391
15.5806	268.67	539.518
15.5864	268.67	538.584
15.5922	268.205	536.72
15.598	268.05	537.03
15.6038	268.36	538.895
15.6096	268.515	538.895
15.6154	267.123	535.482
15.6212	267.741	536.72
15.627	266.969	533.013
15.6328	266.353	530.555
15.6386	264.513	529.025
15.6444	263.445	527.805
15.6502	261.777	525.371
15.6561	260.871	523.251
15.6619	260.419	522.345
15.6677	259.518	520.538
15.6735	258.173	518.438
15.6793	257.428	517.54
15.6851	257.28	515.154
15.6909	256.241	511.3
15.6967	255.06	509.531
15.7025	253.884	508.062
15.7083	252.276	505.135
15.7141	250.678	501.067
15.7199	249.523	500.199
15.7257	248.516	498.181
15.7315	247.942	494.454
15.7373	246.799	491.89
15.7431	245.803	491.039
15.7489	244.811	489.623
15.7547	244.105	488.211
15.7605	242.559	484.558
15.7663	241.86	482.046
15.7722	240.606	480.378
15.778	239.773	477.887
15.7838	238.255	475.959
15.7896	237.019	473.764
15.7954	235.654	471.853
15.8012	235.246	469.949
15.807	233.891	466.703
15.8128	232.947	464.819
15.8186	230.804	461.875
15.8244	228.945	459.746
15.8302	228.945	458.42
15.836	228.022	456.57
15.8418	227.758	454.728
15.8476	227.233	452.631
15.8534	224.752	450.545
15.8592	223.458	449.505
15.865	222.685	447.95
15.8708	222.556	448.986
15.8766	222.299	447.174
15.8824	221.786	443.06
15.8883	221.274	440.254
15.8941	221.274	441.018
15.8999	220.254	439.492
15.9057	219.239	438.985
15.9115	218.48	438.478
15.9173	217.599	436.456
15.9231	216.846	435.449
15.9289	216.47	433.942
15.9347	215.971	432.691
15.9405	215.472	432.191
15.9463	215.099	432.191
15.9521	214.231	427.968
15.9579	214.355	428.463
15.9637	214.108	430.199
15.9695	213.367	428.958
15.9753	212.261	426.487
15.9811	213.737	426.734
15.9869	427.474
15.9927	427.968
15.9985	427.227
16.0044
16.0102
16.016
16.0218
16.0276
16.0334
16.0392
16.045
16.0508
16.0566
16.0624
16.0682
16.074
16.0798
16.0856
16.0914
16.0972
16.103
16.1088
16.1146
16.1205
16.1263
16.1321
16.1379
16.1437
16.1495
16.1553
16.1611
16.1669
16.1727
16.1785
16.1843
16.1901
16.1959
16.2017
16.2075
16.2133
16.2191
16.2249
16.2307
16.2366
16.2424
16.2482
16.254
16.2598
16.2656
16.2714
16.2772
16.283
16.2888
16.2946
16.3004
16.3062
16.312
16.3178
16.3236
16.3294
16.3352
16.341
16.3468
16.3527
16.3585
16.3643
16.3701
16.3759
16.3817
16.3875
16.3933
16.3991
16.4049
16.4107
16.4165
16.4223
16.4281
16.4339
16.4397	527.195
16.4455	495.884
16.4513	496.171
16.4571	497.031
16.4629	497.606
16.4688	495.026
16.4746	530.555
16.4804	530.862	385.484
16.4862	526.891	387.269
16.492	535.791	363.009
16.4978	531.169	365.111
16.5036	526.282	376.679
16.5094	518.438	373.645
16.5152	521.742	370.208
16.521	538.895	364.269
16.5268	539.829	357.598
16.5326	541.391	349.834
16.5384	533.321	346.016
16.5442	536.41	341.646
16.55	531.169	338.895
16.5558	531.476	355.743
16.5616	531.783	361.335
16.5674	546.102	362.38
16.5732	541.078	368.714
16.579	521.441	368.714
16.5849	530.862	374.077
16.5907	543.898	379.518
16.5965	569.293	363.218
16.6023	356.772
16.6081	352.674
16.6139	355.333	523.553
16.6197	350.643	520.237
16.6255	367.227	517.839
16.6313	354.513	534.246
16.6371	359.877	533.937	267.432
16.6429	367.439	534.554	267.741
16.6487	365.322	536.41	267.895
16.6545	373.214	533.629	266.814
16.6603	531.783	265.125
16.6661	530.862	264.818
16.6719	530.555	264.665
16.6777	530.862	265.125
16.6835	531.476	265.584
16.6893	530.249	264.513
16.6951	529.637	264.513
16.701	531.169	265.278
16.7068	532.397	265.891
16.7126	533.937	266.199
16.7184	533.937	267.123
16.7242	531.783	265.738
16.73	534.554	267.277
16.7358	532.397	267.741
16.7416	536.101	267.586
16.7474	537.03	268.205
16.7532	538.584	269.292
16.759	539.206	270.227
16.7648	539.206	269.603	502.807
16.7706	539.206	269.292	503.097
16.7764	538.584	269.292	518.737
16.7822	535.172	267.586	525.068
16.788	521.742	257.428	517.839
16.7938	522.044	254.913	521.441
16.7996	501.357	257.577	510.71
16.8054	496.171	254.031	530.862
16.8112	521.14	537.03
16.8171
16.8229
16.8287
16.8345
16.8403
16.8461
16.8519
16.8577
16.8635
16.8693
16.8751
16.8809
16.8867
16.8925
16.8983
16.9041
16.9099
16.9157
16.9215
16.9273
16.9332
16.939
16.9448
16.9506
16.9564
16.9622
16.968
16.9738
16.9796
16.9854
16.9912
16.997
17.0028
17.0086
17.0144
17.0202
17.026
17.0318
17.0376
17.0434
17.0493
17.0551
17.0609
17.0667
17.0725
17.0783
17.0841
17.0899
17.0957	223.716
17.1015	224.234
17.1073	223.2
17.1131	223.458
17.1189	223.716
17.1247	223.846
17.1305	223.846
17.1363	223.846
17.1421	223.716
17.1479	223.329
17.1537	223.846
17.1595	224.623
17.1654	225.272
17.1712	225.663
17.177	225.793
17.1828	225.142
17.1886	225.663
17.1944	224.104
17.2002	225.012
17.206	224.623
17.2118	222.428
17.2176	216.596
17.2234	219.746
17.2292	215.971
17.235	218.48
17.2408	211.648
17.2466
17.2524
17.2582
17.264
17.2698
17.2756
17.2815
17.2873
17.2931
17.2989
17.3047
17.3105
17.3163
17.3221
17.3279
17.3337
17.3395
17.3453
17.3511
17.3569
17.3627
17.3685
17.3743	188.231
17.3801	188.666
17.3859	191.079
17.3917	192.631
17.3976	195.998
17.4034	199.539
17.4092	198.734
17.415	197.932
17.4208	197.475
17.4266	197.133
17.4324	196.678
17.4382	196.451
17.444	195.094
17.4498	194.981
17.4556	195.207
17.4614	194.644
17.4672	195.545
17.473	194.419
17.4788	196.792
17.4846	195.998
17.4904	196.906
17.4962	197.475
17.502	198.504
17.5078	199.078
17.5137	199.424
17.5195	199.309
17.5253	198.734
17.5311	197.589
17.5369	201.857
17.5427	195.998
17.5485	197.247
17.5543
17.5601
17.5659
17.5717
17.5775
17.5833
17.5891
17.5949
17.6007
17.6065
17.6123
17.6181
17.6239
17.6297
17.6356
17.6414
17.6472
17.653
17.6588
17.6646
17.6704
17.6762
17.682
17.6878
17.6936
17.6994
17.7052
17.711
17.7168
17.7226
17.7284
17.7342
17.74	542.33
17.7458	544.527	273.841
17.7517	543.27	274.157
17.7575	541.704	273.367
17.7633	537.03	270.227
17.7691	533.013	267.277
17.7749	531.783	265.584
17.7807	531.476	264.055
17.7865	529.025	265.278
17.7923	530.555	264.818
17.7981	533.013	265.738
17.8039	534.554	266.969
17.8097	534.863	267.895
17.8155	535.791	268.36
17.8213	538.895	269.136
17.8271	539.206	269.292
17.8329	538.895	269.915
17.8387	539.829	269.915
17.8445	540.453	270.383
17.8503	543.27	271.478
17.8561	545.156	272.893
17.8619	547.998	275.427
17.8678	549.265	275.586
17.8736	553.086	277.023
17.8794	556.611	278.306
17.8852	560.159	280.241
17.891	563.73	282.028
17.8968	566.341	283.498
17.9026	568.307	283.825
17.9084	569.951	285.634
17.9142	571.269	286.626
17.92	572.26	287.123
17.9258	576.906	288.787
17.9316	579.578	289.957
17.9374	581.255	290.459
17.9432	580.919	290.627
17.949	580.919	290.795
17.9548	581.255	290.963
17.9606	581.255	290.963
17.9664	581.59	290.963
17.9722	582.936	290.963
17.9781	583.61	291.468
17.9839	583.947	291.636
17.9897	584.622	291.636
17.9955	583.273	291.805
18.0013	582.599	292.142
18.0071	583.61	292.48
18.0129	585.298	293.156
18.0187	585.974	293.495
18.0245	587.669	294.174
18.0303	589.028	294.344
18.0361	590.05	294.684
18.0419	294.514
18.0477	294.855
18.0535	294.855
18.0593	294.514
18.0651	294.855
18.0709	295.195
18.0767	294.855
18.0825	295.195
18.0883	295.537
18.0941	295.537
18.1	295.537
18.1058	295.195
18.1116	294.684
18.1174	294.514
18.1232	294.514
18.129	294.514
18.1348	294.174
18.1406	294.004
18.1464	294.174
18.1522	294.004
18.158	294.004
18.1638	293.665
18.1696	293.495
18.1754	293.156
18.1812	292.818
18.187	292.987
18.1928	292.818
18.1986	292.987
18.2044	292.987
18.2102	293.326
18.2161	293.665
18.2219	294.004
18.2277	293.834
18.2335	294.004
18.2393	294.514
18.2451	295.537
18.2509	296.049
18.2567	295.366
18.2625	292.987
18.2683	295.366
18.2741	294.344
18.2799	296.734
18.2857	309.335
18.2915	294.174
18.2973
18.3031
18.3089
18.3147
18.3205
18.3263
18.3322
18.338
18.3438
18.3496
18.3554
18.3612
18.367
18.3728
18.3786
18.3844
18.3902
18.396
18.4018
18.4076
18.4134
18.4192
18.425
18.4308
18.4366
18.4424
18.4483
18.4541
18.4599
18.4657
18.4715
18.4773
18.4831
18.4889
18.4947
18.5005
18.5063	261.474
18.5121	256.241
18.5179	255.65
18.5237	256.834
18.5295	256.538
18.5353	252.276
18.5411	251.403
18.5469	248.659
18.5527	243.12
18.5585	243.261
18.5644	246.229
18.5702	244.105
18.576	243.401
18.5818	244.67
18.5876	239.912
18.5934	230.405
18.5992	229.873
18.605	229.342
18.6108	228.022
18.6166	226.97
18.6224	223.458
18.6282	222.171
18.634	222.171
18.6398	222.556
18.6456	222.942
18.6514	221.147
18.6572	221.914
18.663	220.636
18.6688	220
18.6746	220.891
18.6805	222.556
18.6863	225.403
18.6921	224.493
18.6979	221.019	228.813
18.7037	223.587	217.976
18.7095	220.254	217.599
18.7153	219.239	215.472
18.7211	216.47	214.603
18.7269	215.597	213.244
18.7327	212.752	209.701
18.7385	209.338	203.614
18.7443	201.741	200.347	198.504
18.7501	197.133	196.451	194.083
18.7559	195.094	193.188	182.24
18.7617	193.411	190.859	180.772
18.7675	190.418	188.34	179.212
18.7733	185.747
18.7791	180.981
18.7849	179.835
18.7907	178.18
18.7966	177.154
18.8024	176.847
18.8082	177.769
18.814	179.42
18.8198	184.038
18.8256	184.997
18.8314	186.607
18.8372	188.122
18.843	189.431
18.8488	191.411
18.8546	193.076
18.8604	193.858
18.8662	195.207
18.872	195.998
18.8778	196.792
18.8836	196.565
18.8894	196.451
18.8952	196.678
18.901	196.451
18.9068	196.906
18.9127	194.756
18.9185	194.644
18.9243	195.658
18.9301	195.885
18.9359	195.885
18.9417	195.658
18.9475	194.756
18.9533	197.019
18.9591	196.111
18.9649	196.906
18.9707	197.247
18.9765	196.906
18.9823	197.019
18.9881	196.906
18.9939	196.678
18.9997	195.885
19.0055	195.32
19.0113	194.981
19.0171	194.756
19.0229	194.756
19.0288	194.644
19.0346	194.195
19.0404	193.746
19.0462	193.97
19.052	193.858
19.0578	194.644
19.0636	194.981
19.0694	195.545
19.0752	196.111
19.081	196.111
19.0868	195.998
19.0926	196.224
19.0984	196.565
19.1042	196.338
19.11	194.195
19.1158	195.998
19.1216	194.419
19.1274	196.338
19.1332	196.906
19.139	196.451
19.1449	196.111
19.1507	195.432
19.1565	196.451
19.1623	195.658
19.1681	197.475
19.1739	196.678
19.1797	199.193
19.1855	199.424
19.1913	196.224
19.1971	194.083
19.2029	191.853
19.2087	190.198
19.2145	188.557
19.2203
19.2261
19.2319
19.2377
19.2435
19.2493
19.2551
19.261
19.2668
19.2726
19.2784
19.2842
19.29
19.2958
19.3016
19.3074
19.3132
19.319
19.3248
19.3306
19.3364
19.3422
19.348	259.069
19.3538	259.369
19.3596	261.323
19.3654	245.661
19.3712	261.323
19.3771	248.947
19.3829	246.657
19.3887	246.657
19.3945	249.667
19.4003	250.533
19.4061	249.523
19.4119	249.378
19.4177	250.389
19.4235	251.839
19.4293	251.839
19.4351	252.13
19.4409	252.568
19.4467	254.178
19.4525	254.913
19.4583	254.766
19.4641	254.471
19.4699	254.913
19.4757	255.207
19.4815	255.207
19.4873	256.389
19.4932	256.241
19.499	256.834
19.5048	256.538
19.5106	255.798
19.5164	256.241
19.5222	257.28
19.528	258.77
19.5338	259.369
19.5396	259.668
19.5454	259.518
19.5512	258.471
19.557	258.77
19.5628	257.726
19.5686	258.919
19.5744	258.919
19.5802	259.369
19.586	260.419
19.5918	260.871
19.5976	260.269
19.6034	258.77
19.6093	258.471
19.6151	258.77
19.6209	258.919
19.6267	258.173
19.6325	258.322
19.6383	259.069
19.6441	258.621
19.6499	258.322
19.6557	257.428
19.6615	257.726
19.6673	259.369
19.6731	257.577
19.6789	258.322	510.71
19.6847	255.502	508.943
19.6905	506.304
19.6963	504.844
19.7021	504.844
19.7079	505.135
19.7137	505.135
19.7195	506.596
19.7254	508.355
19.7312	508.062
19.737	512.779
19.7428	523.856
19.7486	528.414
19.7544	532.397
19.7602	535.791
19.766	539.206
19.7718	540.766
19.7776	542.957
19.7834	541.704
19.7892	539.518
19.795	539.518
19.8008	536.101
19.8066	536.41
19.8124	537.341
19.8182	534.554
19.824	529.331
19.8298	524.765
19.8356	518.737
19.8415	510.71
19.8473	508.062
19.8531	506.596
19.8589	508.062
19.8647	506.889
19.8705	506.889
19.8763	506.596
19.8821	511.891
19.8879	515.749
19.8937	518.138	252.13
19.8995	522.647	260.119
19.9053	526.891	261.928
19.9111	531.476	263.75
19.9169	537.341	250.533
19.9227	539.206	262.079
19.9285	540.453	262.382
19.9343	542.016	266.814
19.9401	541.391	264.207
19.9459	540.766	273.209
19.9517	536.41	264.36
19.9576	532.09	264.665
19.9634	535.482	276.064
19.9692	527.195	277.503
19.975	523.856	277.503
19.9808	536.41	277.343	258.919
19.9866	564.707	275.586	244.529
19.9924	537.651	275.586	246.229
19.9982	529.331	275.586	248.229
20.004	535.482	253.445
20.0098	534.246	256.686
20.0156	520.839	256.538
20.0214	517.54	257.428
20.0272	516.644	259.069
20.033	518.138	259.668
20.0388	514.856	259.518
20.0446	517.54	258.024
20.0504	517.241	258.024
20.0562	516.942	257.875
20.062	515.749	257.28
20.0678	516.644	258.024
20.0737	520.237	258.919
20.0795	519.937	259.369
20.0853	519.637	259.969
20.0911	520.237	259.969
20.0969	521.14	260.871
20.1027	522.044	261.626
20.1085	261.626
20.1143	262.231
20.1201	262.231
20.1259	261.626
20.1317	261.626
20.1375	262.231
20.1433	262.534
20.1491	262.231
20.1549	261.626
20.1607	259.969
20.1665	258.471
20.1723	258.024
20.1781	258.173
20.1839	258.919
20.1898	259.818
20.1956	259.668
20.2014	259.219
20.2072	259.668
20.213	258.621
20.2188	258.919
20.2246	259.069
20.2304	257.428
20.2362	258.173
20.242	259.518
20.2478	259.069
20.2536	258.77
20.2594	256.093
20.2652	256.093
20.271	255.207
20.2768	251.985
20.2826	253.006
20.2884	251.403
20.2942	254.324
20.3	250.678
20.3058	247.799
20.3117	246.942
20.3175	248.372
20.3233	243.542
20.3291	243.964
20.3349	240.328
20.3407	240.606
20.3465	239.496
20.3523	235.382
20.3581	234.432
20.3639	233.891
20.3697	235.654
20.3755	231.071
20.3813	232.813
20.3871	457.891	232.678
20.3929	448.467	231.205
20.3987	467.782	228.153
20.4045	463.479	231.606
20.4103	452.109	228.153
20.4161	455.254	226.316
20.4219	455.517	226.316
20.4278	457.626	225.403
20.4336	453.678	227.364
20.4394	452.37	225.663
20.4452	453.941	225.533
20.451	449.245	224.623
20.4568	447.95	224.623
20.4626	448.467	223.071
20.4684	446.142	222.428
20.4742	450.284	221.019
20.48	446.142	220.636
20.4858	445.37	219.746
20.4916	447.433	223.846
20.4974	444.342	221.019
20.5032	445.627	221.402
20.509	442.293	221.274
20.5148	441.783	221.147
20.5206	442.805	221.019
20.5264	441.273	220.764
20.5322	444.085	219.112
20.538	440	220
20.5439	442.549	221.274	540.141
20.5497	443.573	221.274	541.078
20.5555	448.467	217.097	512.779
20.5613	448.727	219.239	538.273
20.5671	447.174	220	539.206
20.5729	445.885	221.274	537.03
20.5787	451.065	222.942	534.863
20.5845	451.587	223.975	532.705
20.5903	448.986	225.012	529.943
20.5961	452.109	226.054	530.555
20.6019	443.573	221.019	529.331
20.6077	442.293	220.636	529.637
20.6135	443.06	222.171	525.068
20.6193	440.763	221.019	519.037
20.6251	436.961	222.685	517.839
20.6309	432.691	225.403	514.559
20.6367	227.495	508.943
20.6425	232.813	505.135	227.89
20.6483	227.495	507.768	225.533
20.6542	220.636	508.943	225.272
20.66	224.363	510.12	222.814
20.6658	222.814	512.187	220.636
20.6716	220.254	515.452	220.509
20.6774	219.873	521.14	220.127
20.6832	221.019	527.805	220.254
20.689	220.509	532.397	220.636
20.6948	218.48	538.584	219.366	456.57
20.7006	214.603	529.637	214.851	454.728
20.7064	212.261	535.791	210.187	455.254
20.7122	208.976	538.273	206.934	455.78
20.718	211.038	539.829	205.386	459.48
20.7238	207.293	517.241	207.652	454.203
20.7296	212.752	537.341	208.494	451.848
20.7354	216.47	529.331	209.701	449.765
20.7412	523.553	447.433
20.747	515.749	451.587
20.7528	523.251	450.805
20.7586	523.856	449.765
20.7644	521.441	449.765
20.7702	502.516	451.065
20.7761	496.457	448.209
20.7819	508.355	448.467
20.7877	484.558	446.916
20.7935	446.658
20.7993	447.95
20.8051	447.691
20.8109	444.856	220.127
20.8167	448.467	220.764
20.8225	444.342	219.239
20.8283	436.708	216.096
20.8341	447.95	205.267
20.8399	447.691	219.112
20.8457	437.719	221.019
20.8515	446.142	220.509
20.8573	443.573	222.043
20.8631	450.284	220.764
20.8689	448.986	221.658
20.8747	444.856	222.428
20.8805	450.024	221.914
20.8863	448.467	223.071
20.8922	447.174	222.942
20.898	448.209	222.556
20.9038	447.174	221.402
20.9096	447.95	220.636
20.9154	446.658	220.509
20.9212	448.209	220.382
20.927	454.991	220.382	525.675
20.9328	446.658	219.746	517.839
20.9386	445.627	219.619	518.737
20.9444	444.085	219.366	520.237
20.9502	445.113	220.509	509.826
20.956	443.573	220.764	510.415
20.9618	444.342	221.402	507.768
20.9676	445.113	221.786	508.062
20.9734	448.467	220.764	511.595
20.9792	447.691	221.402	520.839
20.985	446.142	222.171	522.949
20.9908	445.885	222.299	526.891
20.9966	449.505	221.786	523.856
21.0024	451.065	222.942	529.331
21.0083	445.627	221.914	525.371
21.0141	446.4	221.658	534.246
21.0199	449.505	222.428	540.766
21.0257	447.433	222.171	536.101
21.0315	446.658	221.402	540.141
21.0373	447.433	222.942	537.962
21.0431	450.805	222.043	536.72
21.0489	453.416	221.274	543.27
21.0547	450.805	221.53	533.629
21.0605	452.109	221.147	530.555
21.0663	449.765	217.222	534.246
21.0721	450.284	225.403	533.321
21.0779	450.545	221.019	532.705
21.0837	447.691	219.873	533.937
21.0895	442.038	217.348	531.169
21.0953	443.06	531.169
21.1011	442.293	531.476	217.348
21.1069	442.805	535.482	217.85
21.1127	442.293	534.246	219.112
21.1185	444.085	532.705	220.636
21.1244	445.113	537.341	222.685
21.1302	445.627	536.101	222.171
21.136	443.829	529.943	221.402
21.1418	443.829	527.195	220.509
21.1476	446.658	219.492
21.1534	444.856	220.891	532.09
21.1592	444.856	222.043	533.629
21.165	445.627	227.89	540.453
21.1708	445.885	226.97	539.829
21.1766	446.142	222.942	538.895
21.1824	444.342	221.147	538.895
21.1882	445.113	220.636	537.962
21.194	444.856	220.254	536.101
21.1998	443.316	221.274	534.554
21.2056	442.293	221.786	532.09
21.2114	442.038	224.104	531.169
21.2172	444.599	222.171	531.169
21.223	443.573	221.402	531.476
21.2288	445.113	221.658	529.025
21.2346	443.573	221.53	528.109
21.2405	444.599	222.556	526.586
21.2463	443.573	221.402	522.647
21.2521	443.316	221.274	520.237
21.2579	444.342	225.533	513.965
21.2637	444.856	222.299	523.553
21.2695	445.627	221.274	506.011
21.2753	445.885	221.274	506.304
21.2811	445.885	222.685	507.182
21.2869	446.4	228.022	513.075
21.2927	458.155	228.417	517.241
21.2985	450.805	225.012	522.044
21.3043	451.065	229.74	522.949
21.3101	460.277	230.671	529.331
21.3159	460.809	230.804	536.101
21.3217	462.409	229.342	537.651
21.3275	460.809	230.006	538.584
21.3333	453.155	228.285	541.078
21.3391	449.765	225.924	539.518
21.3449	437.719	219.619	538.584
21.3507	437.466	221.274	536.41
21.3566	437.719	221.402	534.554
21.3624	437.719	221.402	533.321	263.75
21.3682	533.013	263.75
21.374	530.862	246.657
21.3798	528.72	246.657
21.3856	527.195	246.657
21.3914	526.282	245.094
21.3972	523.856	261.323	1298.11
21.403	518.737	248.659	1298.86
21.4088	512.483	252.86	1300.36
21.4146	512.187	253.591	1303.37
21.4204	510.71	250.389	1303.37
21.4262	507.768	245.519	1303.37
21.432	505.427	244.953	1304.12
21.4378	503.97	245.519	1304.12
21.4436	506.304	247.227	1307.89
21.4494	507.768	248.803	1310.16
21.4552	521.742	256.686	1316.23
21.461	533.629	263.141	1318.51
21.4668	530.862	265.431	1326.15
21.4727	532.705	267.277	1332.29
21.4785	536.101	268.05	1333.83
21.4843	528.414	269.759	1334.6
21.4901	534.863	270.539	1329.98
21.4959	533.013	270.071	1320.03
21.5017	529.331	267.277	1326.15
21.5075	530.249	266.969	1326.15
21.5133	530.249	267.895	1326.15
21.5191	531.169	266.199	1332.29
21.5249	531.169	266.199	1328.45
21.5307	531.169	266.199	1326.91
21.5365	531.169	266.199	1328.45
21.5423	529.943	265.431	1323.09
21.5481	529.637	264.36	1317.75
21.5539	529.025	263.902	1314.71
21.5597	529.331	264.513	1313.19
21.5655	529.637	264.665	1320.03
21.5713	529.943	264.818	1320.8
21.5771	530.555	265.278	1318.51
21.5829	530.249	264.971	1316.99
21.5888	529.943	264.36	1314.71
21.5946	529.025	263.902	1316.23
21.6004	528.72	263.598	1317.75
21.6062	528.72	263.598	1319.27
21.612	528.109	263.598	1318.51
21.6178	528.109	263.75	1320.03
21.6236	528.414	264.055	1321.56
21.6294	528.414	264.36	1325.38
21.6352	527.805	264.36
21.641	527.5	264.207
21.6468	526.891	263.75
21.6526	527.5	264.055
21.6584	527.195	264.055
21.6642	528.414	264.207
21.67	528.72	264.665
21.6758	530.862	265.125
21.6816	534.246	265.738
21.6874	534.863	265.431
21.6932	532.705	264.207
21.699	532.397	264.513
21.7049	529.943	263.293
21.7107	533.629	263.445
21.7165	537.03	262.079
21.7223	543.898	264.055
21.7281	541.704	266.506
21.7339
21.7397
21.7455
21.7513
21.7571
21.7629
21.7687
21.7745
21.7803
21.7861
21.7919
21.7977
21.8035
21.8093
21.8151
21.821
21.8268
21.8326
21.8384
21.8442
21.85
21.8558
21.8616
21.8674
21.8732
21.879
21.8848
21.8906
21.8964
21.9022	366.591
21.908	343.031
21.9138	333.265
21.9196	332.112
21.9254	340.071
21.9312	340.858	515.154
21.9371	341.055	513.965
21.9429	340.071	512.779
21.9487	339.679	512.187
21.9545	337.137	511.595
21.9603	335.389	513.372
21.9661	332.688	512.779
21.9719	332.88	511.3
21.9777	341.055	511.595
21.9835	323.03	513.075
21.9893	322.844	514.856
21.9951	323.404	517.54
22.0009	324.339	521.441
22.0067	326.218	521.742
22.0125	322.471	522.345
22.0183	326.03	523.251
22.0241	326.595	524.159
22.0299	319.505	520.538
22.0357	320.799	533.629
22.0415	326.784	530.249
22.0473	332.496	528.72
22.0532	342.041	528.72
22.059	342.239	525.978
22.0648	330.772	527.805
22.0706	330.772	533.937
22.0764	331.346	539.518
22.0822	335.196	547.049
22.088	344.818	560.807
22.0938	342.437	556.29
22.0996	343.229	536.41
22.1054	343.824	525.371
22.1112	346.415	522.044
22.117	350.238	515.452
22.1228	340.464	518.737
22.1286	341.646	525.675
22.1344	346.215	525.675
22.1402	352.674	513.668
22.146	354.717	514.262
22.1518	350.643	513.965
22.1576	348.221	523.856
22.1634	347.417	510.415
22.1693	344.023	542.33
22.1751	344.023
22.1809	336.359
22.1867	336.359
22.1925	339.679
22.1983	337.722
22.2041
22.2099
22.2157
22.2215
22.2273
22.2331
22.2389
22.2447
22.2505
22.2563
22.2621
22.2679
22.2737
22.2795
22.2854
22.2912
22.297
22.3028
22.3086
22.3144
22.3202
22.326
22.3318
22.3376	1026.74	516.942
22.3434	1043.48	521.14
22.3492	1048.32	522.949
22.355	1055	527.805
22.3608	1057.44	528.72
22.3666	1059.27	530.249
22.3724	1063.57	532.705
22.3782	1072.2	536.101
22.384	1078.41	537.651
22.3898	1082.16	539.518
22.3956	1080.28	539.206
22.4015	1077.17	536.72
22.4073	1077.17	538.273
22.4131	1075.3	537.651
22.4189	1070.34	535.172
22.4247	1062.34	531.783
22.4305	1055.61	528.109
22.4363	1043.48	520.839
22.4421	1031.5	516.346
22.4479	1019.65	510.71
22.4537	1014.36	506.011
22.4595	1010.85	502.807
22.4653	1002.13	499.333
22.4711	1000.98	498.757
22.4769	994.063	497.893
22.4827	999.244	499.911
22.4885	1002.13	502.226
22.4943	1012.02	506.304
22.5001	1032.09	511.005
22.5059	1027.93	514.856
22.5117	1038.67	519.337
22.5176	1051.96	527.195
22.5234	1062.34	530.249
22.5292	1070.96	537.341
22.535	1067.87	553.725
22.5408	1064.18	571.599	1062.34
22.5466	1084.03	579.913	1059.27
22.5524	1066.03	582.936	1066.03
22.5582	1081.53	580.248	1084.03
22.564	1131.37	578.909	1076.55
22.5698	1182.83	577.573	1045.9
22.5756	584.622	1063.57
22.5814	560.159	1075.92	537.962
22.5872	548.948	1069.73	503.388
22.593	541.078	1061.72	506.889	265.278
22.5988	530.555	1055.61	519.637	258.77
22.6046	529.637	1056.22	521.742	260.72
22.6104	528.414	1057.44	529.637	263.902
22.6162	529.331	1056.83	531.476	265.584
22.622	531.783	1060.5	533.321	266.969
22.6278	533.321	1067.26	533.629	268.36
22.6336	535.791	1072.82	535.482	269.447
22.6395	535.172	1072.82	535.172	269.292
22.6453	533.937	1069.73	533.629	268.205
22.6511	532.397	1065.41	532.09	267.123
22.6569	531.476	1064.18	531.476	266.045
22.6627	531.169	1061.72	530.862	265.584
22.6685	529.331	1059.27	529.331	264.513
22.6743	1057.44	528.72	263.902
22.6801	1056.83	529.025	264.055
22.6859	1051.96	527.5	263.141
22.6917	1040.47	523.553	262.382
22.6975	1049.53	527.5	263.445
22.7033	1049.53	528.72	263.445
22.7091	1054.39	530.249	264.36
22.7149	1048.92	528.72	264.513
22.7207	1044.09	526.282	264.055
22.7265	1046.5	527.5	263.902
22.7323	1052.56	528.414	264.513
22.7381	1054.39	529.943	263.598
22.7439	1054.39	528.72	263.141
22.7498	1053.78	526.282	262.837
22.7556	1051.35	523.856	262.231
22.7614	1048.32	522.647	261.474
22.7672	1042.28	522.949	260.871
22.773	1042.88	521.14	261.323
22.7788	1042.88	520.839	261.173
22.7846	1042.88	521.742	261.173
22.7904	1043.48	522.044	260.871
22.7962	1034.48	518.438	259.818
22.802	1027.93	523.856	261.323
22.8078	1048.32	530.249	262.382
22.8136	1038.07	524.461	261.928
22.8194	1042.88	523.553	261.474
22.8252	1052.56	525.371	261.022
22.831	1053.17	527.195	262.837	529.943
22.8368	1057.44	524.765	259.668	535.482
22.8426	1069.11	528.72	259.518	538.584
22.8484	1076.55	262.989	541.704
22.8542	1077.79	263.445	541.078
22.86	1082.16	265.278	537.962
22.8659	1069.11	263.445	538.584
22.8717	1072.2	537.03
22.8775	535.172
22.8833	534.246
22.8891	533.321
22.8949	530.555
22.9007	529.637
22.9065	525.978
22.9123	526.586
22.9181	526.282
22.9239	518.737
22.9297	519.337
22.9355	518.737
22.9413	519.337
22.9471	522.345
22.9529	533.013
22.9587	545.156
22.9645	536.41
22.9703	536.72
22.9761	533.937
22.9819	532.397
22.9878	532.397
22.9936	530.862
22.9994	537.03
23.0052	527.805
23.011	519.337
23.0168	533.937
23.0226	529.025	224.623
23.0284	529.025	224.234
23.0342	533.937	224.363
23.04	516.942	224.104
23.0458	508.943	223.458
23.0516	513.965	223.071
23.0574	508.062	223.587
23.0632	501.067	223.846
23.069	503.097	224.104
23.0748	502.807	224.104
23.0806	511.891	224.493
23.0864	514.559	224.752
23.0922	510.71	224.882
23.098	499.622	225.012
23.1039	499.911	224.493
23.1097	508.355	224.623
23.1155	511.005	223.975
23.1213	508.943	223.587
23.1271	520.237	223.716
23.1329	526.586	223.2
23.1387	530.555	223.2
23.1445	532.397	222.814
23.1503	538.584	224.363
23.1561	535.791	226.97
23.1619	539.518	223.975
23.1677	538.895	224.363
23.1735	542.957	223.846
23.1793	538.895	223.2
23.1851	538.273	223.329
23.1909	535.482	222.942	1067.26
23.1967	532.09	223.329	1067.26
23.2025	528.72	223.975	1067.87
23.2083	529.637	224.882	1060.5
23.2141	530.555	219.366	1062.95
23.22	529.025	222.299	1059.89
23.2258	525.068	220	1053.17
23.2316	523.553	218.986	1051.96
23.2374	516.644	218.48	1035.68
23.2432	512.779	218.102	1023.78
23.249	512.187	218.607	1026.15
23.2548	508.649	219.746	1018.47
23.2606	508.943	220.764	1019.06
23.2664	507.475	220.254	1018.47
23.2722	509.531	219.619	1022.6
23.278	509.826	220.636	1023.19
23.2838	517.54	1032.09
23.2896	520.237	1039.27
23.2954	524.461	1048.32
23.3012	513.965	1046.5
23.307	537.651	1061.72
23.3128	529.943	1076.55
23.3186	530.862	1077.17
23.3244	540.766	1084.03
23.3302	543.27	1072.82
23.3361	538.584	1070.96
23.3419	538.273	1070.34
23.3477	535.482	1069.11
23.3535	1066.03
23.3593	1065.41
23.3651	1062.34
23.3709	1062.34
23.3767	1058.66
23.3825	1055.61
23.3883	1050.14
23.3941	1026.15
23.3999	1032.09
23.4057	1049.53
23.4115	1043.48	200.232
23.4173	1047.11	197.475
23.4231	1051.96	194.981
23.4289	1061.72	193.858
23.4347	1039.87	197.475
23.4405	1040.47	198.161
23.4463	1045.29	199.309
23.4522	1035.08	200	529.025
23.458	1040.47	199.654	533.321
23.4638	1070.34	197.361	536.72
23.4696	1073.44	195.658	539.829
23.4754	1082.16	192.742	541.078
23.4812	1082.78	194.307	540.766	1081.53
23.487	1077.79	196.906	539.518	1078.41
23.4928	1088.43	198.39	537.651	1075.3
23.4986	1070.34	200	535.482	1070.96
23.5044	1069.73	210.065	535.172	1070.34
23.5102	1068.49	215.099	534.554	1069.11
23.516	1066.64	220.127	531.476	1064.18
23.5218	1062.34	219.112	529.637	1061.72
23.5276	1059.89	223.716	530.249	1060.5
23.5334	1059.27	219.239	526.891	1056.83
23.5392	1054.39	218.607	524.159	1050.74
23.545	1041.68	519.937	1041.08
23.5508	1029.71	516.942	1032.69
23.5566	1025.56	512.779	1026.15
23.5624	1023.78	509.826	1020.24
23.5683	1022.01	506.889	1019.65
23.5741	507.475	1016.71
23.5799	508.062	1016.12
23.5857	508.943	1016.12
23.5915	513.668	1027.34
23.5973	517.241	1034.48
23.6031	523.553	1046.5
23.6089	526.891	1053.78
23.6147	533.937	1069.73
23.6205	537.651	1077.17
23.6263	537.651	1082.16
23.6321	540.766	1081.53
23.6379	541.391	1079.66
23.6437	538.584	1078.41
23.6495	537.962	1075.92
23.6553	536.101	1073.44
23.6611	533.629	1069.73
23.6669	534.246	1067.87
23.6727	531.783	1067.26
23.6785	531.169	1064.79	263.75
23.6844	530.249	1063.57	268.67
23.6902	528.72	1059.27	270.383
23.696	525.068	1056.83	270.383
23.7018	526.586	1056.22	270.539
23.7076	529.331	1016.12	268.05
23.7134	544.527	1000.4	264.055
23.7192	546.733	1044.09	262.989
23.725	536.101	1051.96	263.141
23.7308	511.005	1033.88	261.777
23.7366	523.251	1050.14	262.079
23.7424	533.013	1045.9	262.079
23.7482	506.889	1031.5	261.173
23.754	499.333	1015.54	260.57	533.321
23.7598	1055	259.818	533.013
23.7656	1013.78	261.173	529.025
23.7714	1017.89	262.231	531.783
23.7772	995.212	263.598	528.414
23.783	263.445	533.013
23.7888	265.738	530.249
23.7946	265.431	533.937
23.8005	266.66	532.09
23.8063	266.969	533.321
23.8121	267.741	539.206
23.8179	271.165	538.273
23.8237	273.209	537.962
23.8295	278.466	539.829
23.8353	282.191	563.079	525.675
23.8411	283.17	566.995	525.371
23.8469	285.14	571.269	527.195
23.8527	287.289	574.578	528.72
23.8585	288.287	576.573	527.5
23.8643	288.287	576.906	516.942
23.8701	288.787	577.573	517.241
23.8759	288.953	577.24	513.075
23.8817	288.787	578.909	511.3
23.8875	289.12	578.575	524.159
23.8933	290.124	578.575	515.154
23.8991	290.124	578.241	515.749
23.9049	290.795	579.913	516.644
23.9107	289.455	576.906	524.765
23.9166	289.12	577.24	526.282
23.9224	289.287	577.573	528.72
23.9282	289.12	572.59	521.441
23.934	289.622	584.284	524.765
23.9398	291.805	579.244	522.345
23.9456	288.453	570.939	535.791
23.9514	286.13	581.59	530.555
23.9572	288.453	574.247	524.461
23.963	287.621	577.907	527.805
23.9688	292.311	576.573	531.169
23.9746	289.287	575.242	534.246
23.9804	289.789	579.578	532.09
23.9862	289.957	584.96	528.109
23.992	292.142	586.99	527.5
23.9978	290.459	587.33	526.586
24.0036	292.311	586.99	523.553
24.0094	294.004	588.348	527.195
24.0152	295.025	591.073	522.949
24.021	296.22	592.783	521.742
24.0268	294.514	590.05	523.553
24.0327	295.025	589.028	521.742
24.0385	295.366	588.348	532.705
24.0443	294.684	588.688	533.013
24.0501	294.344	588.688	517.839
24.0559	294.855	589.028	528.72
24.0617	295.195	586.651	525.068
24.0675	295.195	590.05	529.943
24.0733	295.025	587.669	522.949
24.0791	295.195	590.732	522.647
24.0849	292.818	590.05	520.237
24.0907	293.156	589.369	520.237
24.0965	294.004	581.59	521.441
24.1023	294.684	589.369	526.891
24.1081	293.834	590.05	537.03
24.1139	292.311	588.688	536.72
24.1197	293.326	586.313	529.025
24.1255	293.326	586.651	517.241
24.1313	292.649	586.651	525.978
24.1371	292.987	588.008	524.765
24.1429	293.156	587.669	528.414
24.1488	292.818	586.313	529.331
24.1546	292.987	588.688	521.742
24.1604	294.174	590.391	523.856
24.1662	294.004	589.369	522.044
24.172	293.326	587.669	522.647
24.1778	292.649	579.244	517.839
24.1836	289.957	580.919	514.559
24.1894	279.272	586.99	511.3
24.1952	290.795	594.841	510.12
24.201	290.627	593.468	510.12
24.2068	293.665	588.348	509.237
24.2126	573.915	511.595
24.2184	513.372	514.559
24.2242	519.937	518.138
24.23	522.949	516.942
24.2358	530.862	528.109
24.2416	533.937
24.2474	538.584
24.2532	539.206
24.259	539.829
24.2649	539.206
24.2707	537.651
24.2765	537.03
24.2823	535.172
24.2881	533.321
24.2939	532.09
24.2997	529.943
24.3055	529.637
24.3113	528.414
24.3171	525.371
24.3229	523.251
24.3287	520.538
24.3345	514.559
24.3403	510.415
24.3461	510.71
24.3519	507.182
24.3577	508.062
24.3635	509.531
24.3693	512.779
24.3751	517.54
24.381	521.742
24.3868	523.251
24.3926	528.414
24.3984	533.321
24.4042	536.72
24.41	538.584
24.4158	540.453
24.4216	541.391
24.4274	532.397
24.4332	537.962	250.968
24.439	543.898	251.694
24.4448	251.985
24.4506	250.968
24.4564	252.568
24.4622	253.591
24.468	252.86
24.4738	252.13
24.4796	251.694
24.4854	250.823
24.4912	248.947
24.4971	247.227
24.5029	246.229
24.5087	244.953
24.5145	242.279
24.5203	236.472
24.5261	234.026
24.5319	233.082
24.5377	229.342
24.5435	225.924
24.5493	225.012
24.5551	224.234
24.5609	222.428
24.5667	221.53
24.5725	221.402
24.5783	219.366
24.5841	219.239
24.5899	218.607
24.5957	220.636
24.6015	220.254
24.6073	221.53
24.6132	221.658
24.619	222.043
24.6248	221.786
24.6306	221.274
24.6364	220.509
24.6422	220.254
24.648	219.492
24.6538	218.607
24.6596	213.984
24.6654	216.221
24.6712	210.429
24.677	209.459
24.6828	213.121	197.361
24.6886	207.652	198.619
24.6944	202.558	198.849
24.7002	192.297	202.208
24.706	204.203
24.7118	200
24.7176	194.083
24.7234	188.994
24.7293	184.89
24.7351	180.251
24.7409	179.316
24.7467	178.592
24.7525	178.902
24.7583	178.592
24.7641	177.974
24.7699	179.731
24.7757	182.345
24.7815	185.854
24.7873	188.448
24.7931	190.308
24.7989	192.075
24.8047	194.083
24.8105	193.188
24.8163	193.635
24.8221	193.858
24.8279	194.083
24.8337	193.411
24.8395	192.297	194.644
24.8454	190.638	197.703
24.8512	189.431	198.39
24.857	192.297	185.747
24.8628	194.869	186.392
24.8686	194.756	187.797
24.8744	192.186	185.639
24.8802	194.869	188.775
24.886	195.998	188.557
24.8918	192.075	192.297
24.8976	188.775	189.54
24.9034	193.188	192.075
24.9092	192.186	191.853
24.915	191.742	191.521
24.9208	192.631	192.297
24.9266	192.186	192.519
24.9324	192.631	192.408
24.9382	192.965	193.076
24.944	192.965
24.9498	193.188
24.9556	193.411
24.9615	193.299
24.9673	193.635
24.9731	194.083
24.9789	194.419
24.9847	194.531
24.9905	194.307
24.9963	193.97
25.0021	193.523
25.0079	193.523
25.0137	192.965
25.0195	193.076
25.0253	193.635
25.0311	193.97
25.0369	194.195
25.0427	194.419
25.0485	195.094
25.0543	195.885
25.0601	196.678
25.0659	197.475
25.0717	197.932
25.0776	197.932
25.0834	197.475
25.0892	197.589
25.095	197.475
25.1008	197.818
25.1066	197.818
25.1124	198.39
25.1182	198.963
25.124	197.361
25.1298	196.678
25.1356	196.111
25.1414	195.32
25.1472	195.32
25.153	194.869
25.1588	193.635
25.1646	191.079
25.1704	191.742
25.1762	191.411
25.182	189.979
25.1878	191.742
25.1937	191.3
25.1995	190.859
25.2053	190.418
25.2111	190.969
25.2169	190.859
25.2227	189.869
25.2285
25.2343
25.2401
25.2459
25.2517
25.2575
25.2633
25.2691
25.2749
25.2807
25.2865
25.2923
25.2981
25.3039
25.3097
25.3156
25.3214
25.3272
25.333
25.3388
25.3446
25.3504
25.3562
25.362
25.3678
25.3736
25.3794
25.3852
25.391
25.3968
25.4026
25.4084
25.4142
25.42
25.4258
25.4317
25.4375
25.4433
25.4491
25.4549
25.4607
25.4665
25.4723
25.4781
25.4839
25.4897
25.4955
25.5013
25.5071
25.5129
25.5187
25.5245
25.5303
25.5361
25.542
25.5478
25.5536
25.5594
25.5652
25.571
25.5768
25.5826
25.5884
25.5942
25.6
25.6058
25.6116
25.6174
25.6232
25.629
25.6348
25.6406
25.6464
25.6522
25.658
25.6639
25.6697
25.6755
25.6813
25.6871
25.6929
25.6987
25.7045
25.7103
25.7161
25.7219
25.7277
25.7335
25.7393
25.7451
25.7509
25.7567
25.7625
25.7683
25.7741
25.78
25.7858
25.7916
25.7974
25.8032
25.809
25.8148
25.8206
25.8264
25.8322
25.838
25.8438
25.8496
25.8554
25.8612
25.867
25.8728
25.8786
25.8844
25.8902
25.8961
25.9019
25.9077
25.9135
25.9193
25.9251
25.9309
25.9367
25.9425
25.9483
25.9541
25.9599
25.9657
25.9715
25.9773
25.9831
25.9889
25.9947
26.0005
26.0063
26.0122
26.018
26.0238
26.0296
26.0354
26.0412
26.047
26.0528
26.0586
26.0644
26.0702
26.076
26.0818
26.0876
26.0934
26.0992
26.105
26.1108
26.1166
26.1224
26.1283
26.1341
26.1399
26.1457
26.1515
26.1573
26.1631
26.1689
26.1747
26.1805
26.1863
26.1921
26.1979
26.2037
26.2095
26.2153
26.2211
26.2269
26.2327
26.2385
26.2444
26.2502
26.256
26.2618
26.2676
26.2734
26.2792
26.285
26.2908
26.2966
26.3024
26.3082
26.314
26.3198
26.3256
26.3314
26.3372
26.343
26.3488
26.3546
26.3605
26.3663
26.3721
26.3779
26.3837
26.3895
26.3953
26.4011
26.4069
26.4127
26.4185
26.4243
26.4301
26.4359
26.4417
26.4475
26.4533
26.4591
26.4649
26.4707
26.4766
26.4824
26.4882
26.494
26.4998
26.5056
26.5114
26.5172
26.523
26.5288
26.5346
26.5404
26.5462
26.552
26.5578
26.5636
26.5694
26.5752
26.581
26.5868
26.5927
26.5985
26.6043
26.6101
26.6159
26.6217
26.6275
26.6333
26.6391
26.6449
26.6507
26.6565
26.6623
26.6681
26.6739
26.6797
26.6855
26.6913
26.6971
26.7029
26.7088
26.7146
26.7204
26.7262
26.732
26.7378
26.7436
26.7494
26.7552
26.761
26.7668
26.7726
26.7784
26.7842
26.79
26.7958
26.8016
26.8074
26.8132
26.819
26.8249
26.8307
26.8365
26.8423
26.8481
26.8539
26.8597
26.8655
26.8713
26.8771
26.8829
26.8887
26.8945
26.9003
26.9061
26.9119
26.9177
26.9235
26.9293
26.9351
26.941
26.9468
26.9526
26.9584
26.9642
26.97
26.9758
26.9816
26.9874
26.9932
26.999
27.0048
27.0106
27.0164
27.0222
27.028
27.0338
27.0396
27.0454
27.0512
27.0571
27.0629
27.0687
27.0745
27.0803
27.0861
27.0919
27.0977
27.1035
27.1093
27.1151
27.1209
27.1267
27.1325
27.1383
27.1441
27.1499
27.1557
27.1615
27.1673
27.1732
27.179
27.1848
27.1906
27.1964
27.2022
27.208
27.2138
27.2196
27.2254
27.2312
27.237
27.2428
27.2486
27.2544
27.2602
27.266
27.2718
27.2776
27.2834
27.2893
27.2951
27.3009
27.3067
27.3125
27.3183
27.3241
27.3299
27.3357
27.3415
27.3473
27.3531
27.3589
27.3647
27.3705
27.3763
27.3821
27.3879
27.3937
27.3995
27.4054
27.4112
27.417
27.4228
27.4286
27.4344
27.4402
27.446
27.4518
27.4576
27.4634
27.4692
27.475
27.4808
27.4866
27.4924
27.4982
27.504
27.5098
27.5156
27.5215
27.5273
27.5331
27.5389
27.5447
27.5505
27.5563
27.5621
27.5679
27.5737
27.5795
27.5853
27.5911
27.5969
27.6027
27.6085
27.6143
27.6201
27.6259
27.6317
27.6376
27.6434
27.6492
27.655
27.6608
27.6666
27.6724
27.6782
27.684
27.6898
27.6956
27.7014
27.7072
27.713
27.7188
27.7246
27.7304
27.7362
27.742
27.7478
27.7537
27.7595
27.7653
27.7711
27.7769
27.7827
27.7885
27.7943
27.8001
27.8059
27.8117
27.8175
27.8233
27.8291
27.8349
27.8407
27.8465
27.8523
27.8581
27.8639
27.8698
27.8756
27.8814
27.8872
27.893
27.8988
27.9046
27.9104
27.9162
27.922
27.9278
27.9336
27.9394
27.9452
27.951
27.9568
27.9626
27.9684
27.9742
27.98
27.9858
27.9917
27.9975
28.0033
28.0091
28.0149
28.0207
28.0265
28.0323
28.0381
28.0439
28.0497
28.0555
28.0613
28.0671
28.0729
28.0787
28.0845
28.0903
28.0961
28.1019
28.1078
28.1136
28.1194
28.1252
28.131
28.1368
28.1426
28.1484
28.1542
28.16
28.1658
28.1716
28.1774
28.1832
28.189
28.1948
28.2006
28.2064
28.2122
28.2181
28.2239
28.2297
28.2355
28.2413
28.2471
28.2529
28.2587
28.2645
28.2703
28.2761
28.2819
28.2877
28.2935
28.2993
28.3051
28.3109
28.3167
28.3225
28.3283
28.3341
28.34
28.3458
28.3516
28.3574
28.3632
28.369
28.3748
28.3806
28.3864
28.3922
28.398
28.4038
28.4096
28.4154
28.4212
28.427
28.4328
28.4386
28.4444
28.4502
28.4561
28.4619
28.4677
28.4735
28.4793
28.4851
28.4909
28.4967
28.5025
28.5083
28.5141
28.5199
28.5257
28.5315
28.5373
28.5431
28.5489
28.5547
28.5605
28.5663
28.5722
28.578
28.5838
28.5896
28.5954
28.6012
28.607
28.6128
28.6186
28.6244
28.6302
28.636
28.6418
28.6476
28.6534
28.6592
28.665
28.6708
28.6766
28.6824
28.6883
28.6941
28.6999
28.7057
28.7115
28.7173
28.7231
28.7289
28.7347
28.7405
28.7463
28.7521
28.7579
28.7637
28.7695
28.7753
28.7811
28.7869
28.7927
28.7985
28.8044
28.8102
28.816
28.8218
28.8276
28.8334
28.8392
28.845
28.8508
28.8566
28.8624
28.8682
28.874
28.8798
28.8856
28.8914
28.8972
28.903
28.9088
28.9146
28.9205
28.9263
28.9321
28.9379
28.9437
28.9495
28.9553
28.9611
28.9669
28.9727
28.9785
28.9843
28.9901
28.9959
29.0017
29.0075
29.0133
29.0191
29.0249
29.0307
29.0366
29.0424
29.0482
29.054
29.0598
29.0656
29.0714
29.0772
29.083
29.0888
29.0946
29.1004
29.1062
29.112
29.1178
29.1236
29.1294
29.1352
29.141
29.1468
29.1527
29.1585
29.1643
29.1701
29.1759
29.1817
29.1875
29.1933
29.1991
29.2049
29.2107
29.2165
29.2223
29.2281
29.2339
29.2397
29.2455
29.2513
29.2571
29.2629
29.2688
29.2746
29.2804
29.2862
29.292
29.2978
29.3036
29.3094
29.3152
29.321
29.3268
29.3326
29.3384
29.3442
29.35
29.3558
29.3616
29.3674
29.3732
29.379
29.3849
29.3907
29.3965
29.4023
29.4081
29.4139
29.4197
29.4255
29.4313
29.4371
29.4429
29.4487
29.4545
29.4603
29.4661
29.4719
29.4777
29.4835
29.4893
29.4951
29.501
29.5068
29.5126
29.5184
29.5242
29.53
29.5358
29.5416
29.5474
29.5532
29.559
29.5648
29.5706
29.5764
29.5822
29.588
29.5938
29.5996
29.6054
29.6112
29.6171
29.6229
29.6287
29.6345
29.6403
29.6461
29.6519
29.6577
29.6635
29.6693
29.6751
29.6809
29.6867
29.6925
29.6983
29.7041
29.7099
29.7157
29.7215
29.7273
29.7332
29.739
29.7448
29.7506
29.7564
29.7622
29.768
29.7738
29.7796
29.7854
29.7912
29.797
29.8028
29.8086
29.8144
29.8202
29.826
29.8318
29.8376
29.8434
29.8493
29.8551
29.8609
29.8667
29.8725
29.8783
29.8841
29.8899
29.8957
29.9015
29.9073
29.9131
29.9189
29.9247
29.9305
29.9363
29.9421
29.9479
29.9537
29.9595
29.9654
29.9712
29.977
29.9828
29.9886
29.9944
30.0002
30.006
30.0118
30.0176
30.0234
30.0292
30.035
30.0408
30.0466
