2.63546	2.81542	2879.02	237.425
2.77478	2.98957	1931.53	234.524
2.99537	4.37116	1866.81	541.362
4.0693	4.47565	5646.05	115.835
4.37116	4.6498	1653.56	214.565
4.57433	4.77751	1704.97	425.912
4.89941	5.20707	1429.56	654.597
5.28254	5.95592	1096.63	396.807
5.4741	5.88045	2220.02	239.758
5.96172	6.19392	1499.77	748.855
6.27519	6.55383	1557.15	656.353
6.47837	6.70476	4975.16	132.624
6.55383	6.71057	1658.34	636.069
6.78023	6.97179	1554.45	441.053
6.97179	7.72644	1667.95	337.895
10.745	10.896	1857.13	692.596
10.8902	11.1049	1755.94	1041.42
11.1049	11.3313	1901.64	772.171
11.4823	11.6622	1749.86	473.225
11.6622	12.2659	1878.71	353.757
11.6971	12.1556	3746.58	67.7412
12.1034	12.2776	2277.17	632.539
12.382	12.7245	1840.05	908.697
12.7245	12.9567	1727.77	850.255
12.9858	13.247	1717.82	239.243
13.5546	13.8565	1490.27	315.348
13.6301	13.8391	4512.44	109.096
13.8275	14.0423	1466.36	86.6997
13.8275	14.0423	1466.36	86.6997
13.9668	14.2338	2640.07	103.374
14.0365	14.2222	1320.8	239.687
14.2048	14.3964	1053.17	134.277
14.3035	14.4486	1084.66	227.888
14.4486	14.8317	739.562	198.538
17.6356	17.8155	2040.48	182.994
17.8097	17.9781	1802.18	578.585
18.1406	18.7095	3569.14	240.605
18.2335	18.7153	1784.57	544.517
18.7095	19.0404	3722.85	286.486
18.7153	19.0404	1859.28	553.265
19.2261	19.5744	1918.19	316.428
19.5106	19.8995	2218.74	578.745
20.0446	20.2072	2245.82	67.5852
20.1085	20.509	1761.02	240.258
20.242	20.4626	1790.76	94.7407
20.4161	20.9096	1673.74	568.271
21.6062	21.8035	2042.84	140.923
21.6584	21.7977	1064.18	176.513
21.8674	22.535	1399.34	453.844
27.4228	27.5621	864.383	188.27
