0.238005	0.417959	1821.01	97.0411
0.394739	0.806893	1504.11	76.3243
0.394739	0.806893	1504.11	76.3243
1.46866	1.67764	1999.64	78.1264
1.76472	1.89243	1840.05	365.693
2.10141	2.50195	2427.96	973.741
2.40327	2.52517	4701.35	136.122
2.47873	2.69351	1981.25	289.543
2.62966	2.78639	2082.15	737.349
2.82703	2.96054	1888.5	316.827
3.04181	3.32626	4034.09	135.462
3.17533	3.69778	2763.33	156.609
3.18694	3.68036	1379.27	194.707
3.69197	4.09252	1850.71	595.235
4.10993	4.3073	1922.62	93.3611
4.60336	4.77751	1726.77	191.357
4.74848	5.0039	2420.95	986.848
4.7717	5.0039	4853.11	583.424
5.03293	5.18385	2361.56	455.543
5.19546	5.54957	2176.85	419.081
5.27093	5.54957	4169.12	259.996
5.32317	5.52635	6275.55	227.588
5.54957	5.65406	1857.13	302.411
5.68889	5.83982	1285.42	438.036
5.73533	6.14748	2099.06	600.838
6.03138	6.1649	1452.03	200.932
6.14748	6.53642	2294.33	322.953
6.34485	6.54222	1538.38	378.513
6.53642	6.87891	2141.93	322.953
6.61769	6.91374	6644.87	100.423
6.71637	6.8673	1256.06	192.648
6.87891	7.28526	1808.44	280.695
7.62195	7.84834	1278.02	488.156
7.62195	7.84834	1278.02	488.156
7.68	7.83673	2323.68	449.792
7.70322	7.92961	4717.67	155.736
7.84254	7.93542	2557.51	727.804
8.00508	8.42304	2310.29	390.428
8.05152	8.41143	2798.67	1188.64
8.4927	8.75392	2741.08	1030.02
8.57397	8.89905	2283.76	339.089
8.75392	8.91066	2398.68	572.411
9.01515	9.28798	2311.63	698.093
9.31701	9.54921	2090.59	166.934
9.47955	9.70594	2110	634.895
9.96716	10.1007	1879.79	104.153
10.1703	10.298	2065.38	523.67
10.4316	10.6173	2345.25	759.361
10.5941	10.7566	2432.17	283.647
10.9018	11.0817	2487.58	641.361
11.0817	11.8015	2402.84	645.02
11.163	11.8073	4814.02	325.163
12.3298	12.4633	2591.72	119.208
12.3995	12.5388	2352.03	272.852
12.4401	13.4966	2463.27	1136.97
12.7768	13.0902	4909.5	221.543
13.1773	13.4211	4915.17	440.79
13.456	13.6591	4949.36	440.279
13.5024	13.9204	2467.54	1412.79
14.0307	14.2745	2349.32	815.861
14.1642	14.2745	4709.5	218.392
14.3673	14.5067	1880.88	381.58
14.4718	14.7156	1856.06	559.523
14.8317	15.0175	2100.27	824.235
15.1278	15.2555	2322.33	770.186
15.2555	15.5051	2478.97	770.186
15.5109	15.7431	2422.35	241.009
15.6502	16.0624	2480.4	585.757
15.7489	15.9985	4957.94	232.275
15.8418	15.9811	7480.19	139.011
16.0682	16.3236	2466.12	925.48
16.1088	16.2946	1273.6	346.54
16.1495	16.3236	4918.01	496.711
16.3236	17.3337	2367.03	878.09
16.3236	17.3047	4734.05	553.822
17.3047	17.6414	3761.76	311.997
17.3337	18.1406	1846.43	607.693
17.6878	18.3612	2766.53	108.772
17.9316	18.2335	7246.29	105.247
18.0709	18.2683	1300.36	212.967
18.2741	18.4366	4171.53	188.458
18.396	18.9649	2329.05	250.421
18.5179	18.814	9386.42	157.173
18.6398	18.9881	4647.35	214.696
18.8082	19.0636	5456.88	271.293
18.901	19.3712	2780.95	669.109
19.2551	19.824	2819.77	355.837
19.5512	19.6789	1845.37	158.837
19.7079	20.0272	2235.47	115.299
19.766	20.1085	3964.78	60.1159
19.8473	20.0969	9462.64	69.3466
19.8647	20.1607	4706.79	171.132
20.0272	20.3	2483.27	156.563
20.0969	20.3291	2004.27	193.58
20.2072	20.6135	2795.44	567.609
20.4219	20.509	5504.36	162.327
20.4626	20.8341	2803.53	311.645
20.509	20.6425	5754.7	162.327
21.6584	21.85	3684.35	78.712
21.6874	21.9022	1889.59	93.5965
21.85	21.9951	2113.66	481.602
22.1809	22.3956	2326.36	565.524
22.4015	22.564	2369.76	101.488
22.535	22.7265	2408.4	420.731
22.7962	23.0922	2353.39	171.602
22.9994	23.2548	4652.72	155.547
23.0168	23.2896	2384.87	323.869
23.1967	23.5857	2411.18	213.035
23.4347	23.5857	2525.22	85.9768
23.7018	23.9688	5207.44	118.035
23.7888	24.0094	2717.43	560.716
24.172	24.3229	2285.08	449.898
24.2068	24.3287	4625.92	169.818
24.3345	24.4971	5295.41	58.7859
24.3868	24.5783	2076.15	204.95
24.4854	24.886	2066.58	201.435
24.5435	24.915	4123.61	148.308
24.9382	25.1646	1866.81	135.54
25.0021	25.2343	2346.61	521.909
25.0892	25.3736	4458.04	241.066
25.1414	25.3736	2756.95	816.649
25.2343	25.3794	5571.54	179.148
25.2633	25.542	2208.51	352.966
25.4491	25.5826	2308.96	517.21
25.5245	25.7451	4650.04	105.445
25.5826	26.1863	2117.32	432.298
25.9135	26.0296	2144.4	183.538
25.9367	26.1515	4224.88	113.22
26.0412	26.2444	1881.97	132.913
26.4533	26.6449	5425.45	623.496
26.4591	26.6971	2722.14	972.048
26.5578	26.7842	1130.07	223.254
26.7958	26.9758	4666.18	244.733
26.9003	27.1325	1209.08	218.27
27.0919	27.4982	2086.97	342.604
27.1557	27.4866	4288.8	200.353
27.2022	27.3763	7820.4	175.641
27.3067	27.4808	3318.6	313.288
27.5621	27.7537	1251.72	107.75
27.8175	27.9742	2669.2	204.003
27.8407	28.1774	3625.24	295.02
27.8988	28.0961	1549.97	365.919
28.0555	28.5431	1854.99	180.694
28.2413	28.6128	2315.64	219.781
28.3341	28.6883	3618.96	238.738
28.4154	28.8102	3059.03	164.536
28.5083	28.7463	1171.95	229.201
