0
0.00580499
0.01161
0.017415	1171.27
0.02322	1184.2
0.0290249	1190.37
0.0348299	1186.25
0.0406349	1188.99
0.0464399	1190.37
0.0522449	1169.24
0.0580499	1183.51
0.0638549	1191.74
0.0696599	1188.31
0.0754649	1186.94
0.0812698	1194.5
0.0870748	1184.88
0.0928798	1183.51
0.0986848	1179.42
0.10449	1169.24
0.110295	1172.63
0.1161	1182.15
0.121905	1187.62
0.12771	1180.1
0.133515	1174.66
0.13932	1207.68
0.145125	1170.6
0.15093	1202.81
0.156735	1195.19
0.16254	1188.31
0.168345	1211.88
0.17415	1179.42
0.179955	1216.79
0.18576	1221.01
0.191565	1204.2
0.19737	1218.9
0.203175	1216.79
0.20898	1264.07
0.214785	1250.99
0.22059	1256.06
0.226395	1290.63
0.2322	1323.09
0.238005
0.24381
0.249615
0.255419
0.261224
0.267029
0.272834
0.278639
0.284444
0.290249
0.296054
0.301859
0.307664
0.313469
0.319274
0.325079
0.330884
0.336689
0.342494
0.348299
0.354104
0.359909
0.365714
0.371519
0.377324
0.383129
0.388934
0.394739
0.400544
0.406349
0.412154
0.417959
0.423764
0.429569
0.435374
0.441179
0.446984
0.452789
0.458594
0.464399
0.470204
0.476009
0.481814
0.487619
0.493424
0.499229
0.505034
0.510839
0.516644
0.522449
0.528254
0.534059
0.539864
0.545669
0.551474
0.557279
0.563084
0.568889
0.574694
0.580499
0.586304
0.592109
0.597914
0.603719
0.609524
0.615329
0.621134
0.626939
0.632744
0.638549
0.644354
0.650159
0.655964
0.661769
0.667574
0.673379
0.679184
0.684989
0.690794
0.696599
0.702404
0.708209
0.714014
0.719819
0.725624
0.731429
0.737234
0.743039
0.748844
0.754649
0.760454
0.766258
0.772063
0.777868
0.783673
0.789478
0.795283
0.801088
0.806893
0.812698
0.818503
0.824308
0.830113
0.835918
0.841723
0.847528
0.853333
0.859138
0.864943
0.870748
0.876553
0.882358
0.888163
0.893968
0.899773
0.905578
0.911383
0.917188
0.922993
0.928798
0.934603
0.940408
0.946213
0.952018
0.957823
0.963628
0.969433
0.975238
0.981043
0.986848
0.992653
0.998458
1.00426
1.01007
1.01587
1.02168
1.02748
1.03329
1.03909
1.0449
1.0507
1.05651
1.06231
1.06812
1.07392
1.07973
1.08553
1.09134
1.09714
1.10295
1.10875
1.11456
1.12036
1.12617
1.13197
1.13778
1.14358
1.14939
1.15519
1.161
1.1668
1.17261
1.17841
1.18422
1.19002
1.19583
1.20163
1.20744	962.979
1.21324	941.528
1.21905	920.023
1.22485	917.37
1.23066	915.781
1.23646	926.958
1.24227	912.613
1.24807	914.724
1.25388	913.668
1.25968	918.961	457.891
1.26549	914.196	454.465
1.27129	944.796	445.627
1.2771	928.565	444.085
1.2829	902.131	445.37
1.28871	899.01	447.433
1.29451	896.417	446.4
1.30032	899.529	444.085
1.30612	899.01	439.746
1.31193	932.866	434.695
1.31773	923.751	429.95
1.32354	923.751	423.542
1.32934	899.529	418.435
1.33515	868.888	416.265
1.34095	418.193
1.34676	419.645
1.35256	418.435
1.35837	417.228
1.36417	413.39
1.36998	411.246
1.37578	409.587
1.38159	407.463
1.38739	406.758
1.3932	405.117
1.399	401.158
1.40481	399.539
1.41061	393.356
1.41642	392.222
1.42222	391.091
1.42803	375.593
1.43383	380.836
1.43964	370.636
1.44544	353.286
1.45125	335.002
1.45705
1.46286
1.46866
1.47447
1.48027
1.48608
1.49188
1.49769
1.50349
1.5093
1.5151
1.52091
1.52671
1.53252
1.53832
1.54413
1.54993	381.056
1.55574	372.353
1.56154	379.299
1.56735	388.165
1.57315	413.868
1.57896	434.444
1.58476	448.986
1.59057	453.416
1.59637	459.48
1.60218	466.703
1.60798	469.135
1.61379	471.853
1.61959	471.308
1.6254	469.677
1.6312	466.164
1.63701	462.142
1.64281	462.676
1.64862	462.142
1.65442	459.215
1.66023	455.254
1.66603	450.805
1.67184	445.885
1.67764	440.254
1.68345	434.946
1.68925	421.345
1.69506	420.859
1.70086	427.227
1.70667	425.503
1.71247	425.995
1.71828	424.521
1.72408	417.228
1.72989	407.934	418.919
1.73569	415.065	416.987
1.7415	400.695	414.346
1.7473	425.749	409.114
1.75311	431.194	407.228
1.75891	426.487	403.249
1.76472	412.436	399.308
1.77052	407.699	394.494
1.77633	412.436	389.963
1.78213	414.346	389.063
1.78794	419.888	384.816
1.79374	419.888	391.317
1.79955	419.888	389.513
1.80535	402.086
1.81116	416.265
1.81696	418.193
1.82277	399.539
1.82857	403.948
1.83438	404.182
1.84018	408.406
1.84599	403.016
1.85179
1.8576	441.783
1.8634	436.961
1.86921	448.467
1.87501	450.805
1.88082	456.307
1.88662	458.685
1.89243	451.848
1.89823	450.024
1.90404	450.545
1.90984	446.658
1.91565	441.528
1.92145	437.213
1.92726	438.731	878.476
1.93306	441.528	881.526
1.93887	440.254	881.526
1.94467	439.238	880
1.95048	439.492	880.509
1.95628	440.763	881.526
1.96209	441.273	881.526
1.96789	440.509	880.509
1.9737	441.783	881.017
1.9795	441.783	880
1.98531	440.254	878.984
1.99111	441.273	881.526
1.99692	443.316	889.197
2.00272	445.885	893.316
2.00853	446.916	894.865
2.01433	447.174	894.348
2.02014	449.505	899.01
2.02594	451.326	901.61
2.03175	451.587	902.652
2.03755	451.587	903.174
2.04336	451.848	903.696
2.04916	451.587	903.174
2.05497	451.326	902.652
2.06077	452.37	903.696
2.06658	452.893	905.786
2.07238	451.587	903.696
2.07819	451.065	902.131
2.08399	451.848	903.696
2.0898	450.545	901.61
2.0956	448.727	896.935
2.10141	447.691	892.8
2.10721	445.885	890.225
2.11302	445.113	889.197
2.11882	444.856	891.254
2.12463	443.06	888.171
2.13043	442.038	884.587
2.13624	441.783	883.565
2.14204	441.273	882.036
2.14785	441.273	882.545
2.15365	441.018	882.036
2.15946	440.254	879.492
2.16526	439.492	878.476
2.17107	438.224	875.437
2.17687	436.204	871.905
2.18268	434.695	868.386
2.18848	433.191	864.882
2.19429	430.696	861.89
2.20009	428.958	860.398
2.2059	425.995	851.498
2.2117	425.995	852.975
2.21751	424.031	848.062
2.22331	420.616	840.746	1498.04
2.22912	417.469	835.904	1469.75
2.23492	413.629	824.872	1496.31
2.24073	411.722	822.018	1441.17
2.24653	407.699	817.284	1439.51
2.25234	406.993	811.17	1455.39
2.25814	405.351	810.701	1444.51
2.26395	403.016	806.032	1451.2
2.26975	397.927	797.695	1442
2.27556	394.494	787.167	1437.85
2.28136	391.091	780.827	1410.7
2.28717	388.389	776.33	1401.76
2.29297	383.707	767.857	1403.38
2.29878	374.077	754.229	1372.92
2.30458	371.279	744.276	1428.74
2.31039	363.428	721.002	1428.74
2.31619	354.308	707.389	1423.8
2.322	352.471	705.756	1412.33
2.3278	348.624	696.04	1386.46
2.33361	336.359	671.554	1356.36
2.33941	338.895	659.255	1331.52
2.34522	327.162	649.428	1319.27	884.587
2.35102	325.277	628.758	1414.78	917.37
2.35683	306.844	637.535	1386.46	915.253
2.36263	298.625	661.162	1353.23	903.174
2.36844	657.354	1355.58	902.652
2.37424	1405.82	897.972
2.38005	1379.27	895.382
2.38585	896.417
2.39166	897.972
2.39746	908.931
2.40327	904.218
2.40907	899.01
2.41488	899.529
2.42068	901.61
2.42649	903.696
2.43229	898.491
2.4381	899.529
2.4439	902.131
2.44971	895.899
2.45551	887.145
2.46132	881.526
2.46712	863.385
2.47293	883.565
2.47873	877.969
2.48454	877.969
2.49034	878.984
2.49615	882.545
2.50195	887.658
2.50776	884.076
2.51356	877.969
2.51937	871.905
2.52517	870.395
2.53098	871.905
2.53678	886.633
2.54258
2.54839
2.55419
2.56
2.5658
2.57161
2.57741
2.58322
2.58902
2.59483
2.60063
2.60644
2.61224	1353.23
2.61805	1341.56
2.62385	1343.88
2.62966	1368.96
2.63546	1394.49
2.64127	1405.01
2.64707	1405.01
2.65288	1392.88
2.65868	1389.67
2.66449	1378.48
2.67029	1351.67
2.6761	1351.67
2.6819	1379.27
2.68771	1387.26
2.69351	1396.11
2.69932	1385.66
2.70512	1400.95
2.71093	1370.54
2.71673	1364.22
2.72254	1376.09
2.72834	1378.48
2.73415
2.73995
2.74576
2.75156
2.75737
2.76317
2.76898
2.77478
2.78059
2.78639
2.7922
2.798
2.80381
2.80961
2.81542
2.82122
2.82703
2.83283
2.83864
2.84444
2.85025
2.85605
2.86186
2.86766
2.87347
2.87927
2.88508
2.89088
2.89669
2.90249
2.9083
2.9141
2.91991
2.92571
2.93152
2.93732
2.94313
2.94893
2.95474
2.96054
2.96635
2.97215
2.97796
2.98376
2.98957
2.99537
3.00118
3.00698
3.01279
3.01859
3.0244
3.0302
3.03601
3.04181
3.04762
3.05342
3.05923
3.06503
3.07084
3.07664
3.08245
3.08825
3.09406
3.09986
3.10567
3.11147
3.11728
3.12308
3.12889
3.13469
3.1405
3.1463
3.15211
3.15791
3.16372
3.16952
3.17533
3.18113
3.18694
3.19274
3.19855
3.20435
3.21016
3.21596
3.22177
3.22757
3.23338
3.23918
3.24499
3.25079
3.2566
3.2624
3.26821
3.27401
3.27982
3.28562
3.29143
3.29723
3.30304
3.30884
3.31465
3.32045
3.32626
3.33206
3.33787
3.34367
3.34948
3.35528
3.36109
3.36689
3.3727
3.3785
3.38431
3.39011
3.39592
3.40172
3.40753
3.41333
3.41914
3.42494
3.43075
3.43655
3.44236
3.44816
3.45397
3.45977
3.46558
3.47138
3.47719
3.48299
3.4888
3.4946
3.50041
3.50621
3.51202
3.51782
3.52363
3.52943
3.53524
3.54104
3.54685
3.55265
3.55846
3.56426
3.57007
3.57587
3.58168
3.58748
3.59329
3.59909
3.6049
3.6107
3.61651
3.62231
3.62812
3.63392
3.63973
3.64553
3.65134
3.65714
3.66295
3.66875
3.67456
3.68036
3.68617
3.69197
3.69778
3.70358
3.70939
3.71519
3.721
3.7268
3.73261
3.73841
3.74422
3.75002
3.75583
3.76163
3.76744
3.77324
3.77905
3.78485
3.79066
3.79646
3.80227
3.80807
3.81388
3.81968
3.82549
3.83129
3.8371
3.8429
3.84871
3.85451
3.86032
3.86612
3.87193
3.87773
3.88354	438.224
3.88934	439.492
3.89515	445.885
3.90095	449.505
3.90676	443.829
3.91256	439.492
3.91837	436.708
3.92417	435.197
3.92998	435.701
3.93578	438.478
3.94159	439.492	219.873
3.94739	438.731	219.492
3.9532	438.985	219.239
3.959	435.952	217.222
3.96481	431.443	215.971
3.97061	428.463	213.984
3.97642	426.734	213.121
3.98222	425.749	212.875
3.98803	425.995	213.121
3.99383	425.749	212.875
3.99964	424.031	211.282
4.00544	425.258	212.138
4.01125	427.721	213.49
4.01705	427.968	213.737
4.02286	426.981	213.244
4.02866	425.995	211.648
4.03447	422.564	209.823
4.04027	419.888	209.097
4.04608	417.228	207.413
4.05188	410.772	204.557
4.05769	416.747	201.159
4.06349	411.009	193.188
4.0693	426.981	195.545
4.0751	436.961	188.775
4.08091	433.191	199.539
4.08671	438.731	196.565
4.09252	436.708
4.09832	438.731
4.10413	432.441
4.10993
4.11574
4.12154
4.12735
4.13315
4.13896
4.14476
4.15057
4.15637
4.16218
4.16798
4.17379
4.17959
4.1854
4.1912
4.19701
4.20281
4.20862
4.21442
4.22023
4.22603
4.23184
4.23764	435.197
4.24345	436.456
4.24925	433.191
4.25506	460.012
4.26086	457.626
4.26667	454.991
4.27247	456.043
4.27828	458.42
4.28408	454.728
4.28989	463.211
4.29569	463.747
4.3015	459.746
4.3073	458.155
4.31311	459.746	433.441
4.31891	455.517	425.749
4.32472	452.631	429.206
4.33052	449.505	432.191
4.33633	453.155	427.721
4.34213	453.155	428.71
4.34794	453.155	427.968
4.35374	453.155	429.454
4.35955	442.805	432.691
4.36535	440.254	439.238
4.37116	438.985	439.492
4.37696	434.444	435.701
4.38277	429.702	434.193
4.38857	431.692	431.692
4.39438	434.946	430.199
4.40018	430.696	436.456
4.40599	429.454	430.447
4.41179	423.053	423.053
4.4176	417.228
4.4234	410.535
4.42921	406.523
4.43501	398.387
4.44082	394.039
4.44662	393.129
4.45243	407.934
4.45823	400.463
4.46404	403.715
4.46984	403.715
4.47565	401.158
4.48145
4.48726
4.49306
4.49887
4.50467
4.51048
4.51628
4.52209
4.52789
4.5337
4.5395
4.54531
4.55111
4.55692	472.944
4.56272	456.307
4.56853	450.545
4.57433	443.573
4.58014	442.293
4.58594	440.509	883.055
4.59175	442.549	881.017
4.59755	438.224	875.943
4.60336	439.492	880
4.60916	439.746	882.036
4.61497	442.549	884.587
4.62077	444.342	887.658
4.62658	444.085	889.197
4.63238	444.856	888.684
4.63819	445.37	889.197
4.64399	446.4	893.832
4.6498	447.95	895.899
4.6556	448.986	897.453
4.66141	449.505	898.491
4.66721	449.765	900.049
4.67302	451.065	903.174	224.882
4.67882	452.631	905.263	226.054
4.68463	453.678	906.833	226.316
4.69043	453.416	905.786	226.577
4.69624	452.631	904.218	223.846
4.70204	452.37	905.263	227.364
4.70785	454.465	909.981	227.89
4.71365	456.307	912.613	228.153
4.71946	454.728	911.559	227.364
4.72526	452.893	909.981	227.364
4.73107	456.043	909.981	227.364
4.73687	455.517	910.507	228.417
4.74268	453.416	909.981	230.938
4.74848	456.043	912.086	227.758
4.75429	456.043	912.613	227.758
4.76009	453.416	911.033	230.139
4.7659	455.254	912.086	226.708
4.7717	455.517	911.559	226.708
4.77751	454.991	910.507	226.708
4.78331	455.517	911.033	234.839
4.78912	455.254	909.981
4.79492	454.203	908.406
4.80073	454.991	909.981
4.80653	454.728	908.931
4.81234	453.678	907.357
4.81814	454.203	908.406
4.82395	452.631	905.786
4.82975	453.416	907.357
4.83556	452.37	905.263
4.84136	450.284	900.049
4.84717	450.024	900.569
4.85297	448.467	896.417
4.85878	447.433	894.865
4.86458	447.691	895.899
4.87039	447.174	894.865
4.87619	447.433	893.832
4.882	447.691	893.316
4.8878	445.37	889.197
4.89361	445.113	890.739
4.89941	442.549	886.633
4.90522	441.273	881.526
4.91102	443.316	886.633
4.91683	441.273	883.055
4.92263	438.985	878.984
4.92844	435.952	870.395
4.93424	434.695	877.462
4.94005	432.691	869.39
4.94585	432.691	862.886
4.95166	429.206	857.916
4.95746	425.503	850.515
4.96327	424.521	845.128
4.96907	422.564	842.691
4.97487	419.403	836.87
4.98068	415.305	832.531
4.98649	414.107	827.258
4.99229	412.436	826.303
4.9981	412.436	826.303
5.0039	408.878	820.595
5.00971	408.878	817.756
5.01551	406.523	810.233
5.02132	403.715	807.896
5.02712	401.622	814.456
5.03293	384.372	812.107
5.03873	394.266	813.986
5.04454	396.55	814.927	1488.55
5.05034	386.375	781.73	1479.98
5.05615	391.995	793.559	1454.55
5.06195	406.758	806.032	1427.09
5.06776	403.948	805.101	1406.63
5.07356	411.484	810.233	1367.37
5.07936	408.642	819.647	1354.01
5.08517	402.086	809.765	1327.68
5.09097	387.269	814.456	1302.61
5.09678	385.707	798.156	1363.43
5.10258	382.6	789.9	1289.14
5.10839	384.594	800.927	1319.27
5.11419	381.276	768.3	1321.56	911.559
5.12	398.617	763.875	1357.93	912.086
5.1258	401.158	806.964	1384.86	910.507
5.13161	387.493	775.882	1401.76	909.981
5.13741	394.266	801.389	1384.06	909.456
5.14322	409.114	816.34	1382.46	915.253
5.14902	417.469	1389.67	907.357
5.15483	410.297	1421.33	903.174
5.16063	1439.51	905.786
5.16644	1427.91	904.218
5.17225	1437.02	904.218
5.17805	1400.95	906.309
5.18385	1400.95	908.931
5.18966	1450.36	897.453
5.19546	1381.67	904.74
5.20127	915.253
5.20707	907.881
5.21288	886.121
5.21868	900.049
5.22449	896.935
5.23029	887.145
5.2361	900.569
5.2419	916.84
5.24771	910.507
5.25351	889.711
5.25932	879.492
5.26512	888.684
5.27093	879.492
5.27673	862.886
5.28254	865.882
5.28834	869.39
5.29415	881.526
5.29995	878.984
5.30576	869.892
5.31156	848.062
5.31737	851.498
5.32317	858.908
5.32898	872.912
5.33478	835.421
5.34059	855.442
5.34639	835.421
5.3522	816.812
5.358	811.638
5.36381	806.964	1372.12
5.36961	853.961	1376.09
5.37542	1369.75
5.38122	1434.53
5.38703	1419.69
5.39283	1420.51
5.39864	1422.97
5.40444	1412.33
5.41025	1397.72
5.41605	1382.46
5.42186	1388.87
5.42766	1447.85
5.43347	1418.05
5.43927	1376.09
5.44508	1403.38
5.45088
5.45669
5.46249
5.4683
5.4741
5.47991
5.48571
5.49152
5.49732
5.50313
5.50893
5.51474
5.52054
5.52635
5.53215
5.53796
5.54376
5.54957
5.55537
5.56118
5.56698
5.57279
5.57859
5.5844
5.5902
5.59601
5.60181
5.60762
5.61342
5.61923
5.62503
5.63084
5.63664
5.64245
5.64825
5.65406
5.65986
5.66567
5.67147
5.67728
5.68308
5.68889
5.69469
5.7005
5.7063
5.71211
5.71791
5.72372
5.72952
5.73533
5.74113
5.74694
5.75274
5.75855
5.76435
5.77016
5.77596
5.78177
5.78757
5.79338
5.79918
5.80499
5.81079
5.8166
5.8224
5.82821
5.83401
5.83982
5.84562
5.85143
5.85723
5.86304
5.86884
5.87465
5.88045
5.88626
5.89206
5.89787
5.90367
5.90948
5.91528
5.92109
5.92689
5.9327
5.9385
5.94431
5.95011
5.95592
5.96172
5.96753
5.97333	682.11
5.97914	671.942
5.98494	672.33
5.99075	684.478
5.99655	665.376
6.00236	680.142
6.00816	682.11
6.01397	678.181
6.01977	691.232
6.02558	691.631
6.03138	684.478
6.03719	706.98
6.04299	678.181
6.0488	686.061
6.0546	681.716
6.06041	691.232
6.06621	673.886
6.07202	675.835
6.07782	702.097
6.08363	713.133
6.08943	674.664
6.09524	676.616
6.10104	701.692
6.10685	696.442
6.11265	707.798
6.11846	706.164
6.12426	707.798
6.13007	706.98
6.13587	708.207
6.14168	709.435
6.14748	695.236
6.15329	685.665
6.15909	679.75
6.1649	678.573
6.1707	703.315
6.17651	707.798
6.18231	704.534
6.18812	711.076
6.19392	710.665
6.19973	704.534
6.20553	709.025
6.21134	705.756
6.21714	685.665
6.22295	721.002
6.22875	697.65
6.23456	712.309
6.24036	713.545
6.24617	717.678
6.25197	708.616
6.25778	696.845
6.26358	709.845
6.26939	700.881
6.27519	711.487
6.281	706.572
6.2868	709.435
6.29261	679.357
6.29841	677.789
6.30422	673.886
6.31002	675.054
6.31583	702.503
6.32163	683.687
6.32744	670.779
6.33324	686.457
6.33905	705.349
6.34485	702.908
6.35066	707.798
6.35646	666.53
6.36227	677.007
6.36807	696.442
6.37388	684.478
6.37968
6.38549
6.39129
6.3971
6.4029
6.40871
6.41451
6.42032
6.42612
6.43193
6.43773
6.44354
6.44934
6.45515
6.46095
6.46676
6.47256
6.47837
6.48417
6.48998
6.49578
6.50159
6.50739
6.5132
6.519	458.155	228.417
6.52481	456.043	228.153
6.53061	442.293	223.458
6.53642	441.273	220.764
6.54222	436.204	218.354
6.54803	437.466	219.239
6.55383	438.731	219.366
6.55964	439.746	219.619
6.56544	437.971	219.619
6.57125	435.952	218.228
6.57705	434.444	216.596
6.58286	431.443	215.224
6.58866	429.95	214.727
6.59447	428.215	213.861
6.60027	426.734	213.121
6.60608	426.981	212.998
6.61188	426.734	213.121
6.61769	430.199	215.099
6.62349	432.441	223.329
6.6293	430.199	216.596
6.6351	426.487	213.49
6.64091	425.995	212.629
6.64671	423.786	212.261
6.65252	422.564	210.916
6.65832	419.161	207.293
6.66413	410.297	203.732
6.66993	406.993	201.508
6.67574	417.469	203.849	386.822
6.68154	438.731	200.579	386.152
6.68735	445.113	195.094	384.15
6.69315	446.658	192.519	377.769
6.69896	442.293	199.193	376.679
6.70476	432.941	193.523	377.769
6.71057	431.692	197.589	374.943
6.71637	371.065
6.72218	373.861
6.72798	364.058
6.73379	369.141
6.73959	376.462
6.7454	373.645
6.7512	370.208
6.75701	372.353
6.76281	375.376
6.76862	371.065
6.77442	366.379
6.78023	365.745
6.78603	374.51
6.79184	377.987
6.79764	376.462
6.80345	374.077
6.80925	382.6
6.81506	388.389
6.82086	377.551
6.82667	389.963
6.83247	370.422
6.83828	380.616
6.84408	391.995
6.84989	379.957
6.85569	391.317
6.8615	376.897
6.8673	379.518
6.87311
6.87891	456.043
6.88472	458.95
6.89052	459.48
6.89633	464.551
6.90213	467.242
6.90794	466.703
6.91374	468.052
6.91955	467.512
6.92535	464.551
6.93116	464.015
6.93696	460.809
6.94277	457.098
6.94857	449.505
6.95438	442.038
6.96018	428.215
6.96599	430.199
6.97179	425.503
6.9776	422.32
6.9834	431.942
6.98921	433.692
6.99501	431.942
7.00082	425.995
7.00662	425.012
7.01243	423.297
7.01823	420.13
7.02404	421.345
7.02984	429.95
7.03565	418.435
7.04145	416.506
7.04726	412.913
7.05306	416.506
7.05887	418.193
7.06467	423.786
7.07048	416.987
7.07628	410.297
7.08209	416.747
7.08789	429.95
7.0937	419.888
7.0995	415.545
7.10531	416.747
7.11111
7.11692
7.12272
7.12853
7.13433
7.14014	443.316
7.14594	440.254
7.15175	448.209
7.15755	447.95
7.16336	447.95
7.16916	443.829
7.17497	438.985
7.18077	436.708
7.18658	434.444
7.19238	430.945
7.19819	431.942
7.20399	436.456
7.2098	439.746
7.2156	440
7.22141	440.509
7.22721	441.528
7.23302	442.805
7.23882	443.316
7.24463	444.085
7.25043	444.599
7.25624	445.113	222.299
7.26204	445.885	223.458
7.26785	447.691	223.975
7.27365	448.986	224.882
7.27946	448.209	224.493
7.28526	447.174	223.2
7.29107	446.142	224.234
7.29687	446.142	216.596
7.30268	449.505	224.882
7.30848	449.245	225.142
7.31429	446.916	216.47
7.32009	448.209	227.233
7.3259	452.893	224.882
7.3317	451.587	224.363
7.33751	452.109	222.685
7.34331	454.991	228.813
7.34912	454.728
7.35492	456.834
7.36073	456.834	913.141
7.36653	455.517	912.613
7.37234	457.626	914.724
7.37814	456.834	911.033
7.38395	458.42	918.961
7.38975	457.626	915.781
7.39556	458.155	914.196
7.40136	459.215	920.555
7.40717	458.95	916.84
7.41297	461.076	923.217
7.41878	460.277	920.023
7.42458	459.746	918.43
7.43039	458.95	915.781
7.43619	460.012	920.023
7.442	457.891	915.253
7.4478	456.834	915.253
7.45361	453.678	907.357
7.45941	453.416	907.881
7.46522	453.416	907.357
7.47102	453.678	907.357
7.47683	453.678	906.309
7.48263	452.893	905.786
7.48844	452.631	904.218
7.49424	451.326	901.61
7.50005	450.545	905.263
7.50585	450.805	898.491
7.51166	451.587	904.218
7.51746	448.727	897.453
7.52327	450.805	896.417
7.52907	449.245	861.89
7.53487	449.765	890.225
7.54068	447.691	897.453	600.711
7.54648	440	877.969	611.917
7.55229	438.478	876.955	581.59
7.55809	435.701	870.395	594.497
7.5639	437.466	877.969	601.752
7.56971	437.971	870.395	595.528
7.57551	436.456	869.39	599.671
7.58132	434.193	870.395	594.497
7.58712	429.95	860.398	604.54
7.59293	427.227	854.948	599.324
7.59873	425.995	857.916	598.978
7.60454	425.503	857.916	591.073
7.61034	421.589	840.746	590.391
7.61615	420.373	845.617	588.688
7.62195	422.076	845.617	583.61
7.62776	417.711	836.387	578.909
7.63356	412.198	824.396	562.429
7.63936	414.107	819.174	571.269
7.64517	406.758	814.927	555.327
7.65097	402.318	802.779	528.72
7.65678	403.715	808.363	537.651
7.66258	399.539	806.032	550.218
7.66839	402.551	813.516
7.67419	394.266	804.636
7.68	393.811	788.532
7.6858	395.864	790.813
7.69161	392.449	783.991
7.69741	373.861	751.186
7.70322	364.901	741.701
7.70902	358.632	749.452
7.71483	350.441	770.968
7.72063	345.816
7.72644	342.239
7.73224	338.112
7.73805	338.112
7.74385	344.023
7.74966	356.772
7.75546	352.878
7.76127	351.048
7.76707	356.36
7.77288	372.353
7.77868	380.177
7.78449	386.375	1361.86
7.79029	1363.43
7.7961	1361.86
7.8019	1364.22	911.559
7.80771	1379.27	911.033
7.81351	1376.09	904.218
7.81932	1354.8	903.696
7.82512	1354.01	909.456
7.83093	1346.21	906.309
7.83673	1321.56	899.01
7.84254	1329.22	898.491
7.84834	1343.11	906.309
7.85415	1349.33	903.174
7.85995	1351.67	904.74
7.86576	1415.6	900.569
7.87156	1360.29	901.61
7.87737	1368.96	903.174
7.88317	1322.32	904.74
7.88898	1343.88	903.174
7.89478	1388.87	899.01
7.90059	1375.3	899.01
7.90639	1377.68	894.865
7.9122	1348.55	900.049
7.918	1369.75	892.8
7.92381	1372.92	887.145
7.92961	1338.46	892.8
7.93542	1366.59	891.254
7.94122	1359.5	894.865
7.94703	1396.91	898.491
7.95283	1391.28	897.972
7.95864	1357.93	896.935
7.96444	1346.99	895.899
7.97025	1368.16	895.382
7.97605	1405.82
7.98186	1400.14
7.98766	1383.26
7.99347	1389.67
7.99927	1351.67
8.00508	1337.69
8.01088	1355.58
8.01669	1365.8
8.02249	1340.78
8.0283	1349.33
8.0341	1396.91
8.03991	1343.88
8.04571	1350.11
8.05152	1322.32
8.05732	1326.15
8.06313	1388.07
8.06893	1333.06
8.07474	1328.45
8.08054	1336.92
8.08635	1351.67
8.09215	1358.71
8.09796	1350.11
8.10376	1335.37
8.10957	1340.78
8.11537	1362.64
8.12118	1325.38
8.12698	1372.12
8.13279	1369.75
8.13859	1371.33
8.1444	1358.71
8.1502	1405.01
8.15601	1405.01
8.16181	1391.28
8.16762	1424.62
8.17342	1384.06
8.17923	1399.34
8.18503	1409.88
8.19084	1413.96
8.19664	1428.74
8.20245	1421.33
8.20825	1421.33
8.21406	1354.8
8.21986	1299.61
8.22567
8.23147
8.23728
8.24308
8.24889
8.25469
8.2605
8.2663
8.27211
8.27791
8.28372
8.28952
8.29533
8.30113
8.30694
8.31274
8.31855
8.32435
8.33016
8.33596
8.34177
8.34757
8.35338
8.35918
8.36499
8.37079
8.3766
8.3824
8.38821
8.39401
8.39982
8.40562
8.41143
8.41723
8.42304
8.42884
8.43465
8.44045
8.44626
8.45206
8.45787
8.46367
8.46948
8.47528
8.48109
8.48689
8.4927
8.4985
8.50431
8.51011
8.51592
8.52172
8.52753
8.53333
8.53914
8.54494
8.55075
8.55655
8.56236
8.56816
8.57397
8.57977
8.58558
8.59138
8.59719
8.60299
8.6088
8.6146
8.62041
8.62621
8.63202
8.63782
8.64363
8.64943
8.65524
8.66104
8.66685
8.67265
8.67846
8.68426
8.69007
8.69587
8.70168
8.70748
8.71329
8.71909
8.7249
8.7307
8.73651
8.74231
8.74812
8.75392
8.75973
8.76553
8.77134
8.77714
8.78295
8.78875
8.79456
8.80036
8.80617
8.81197
8.81778
8.82358
8.82939
8.83519
8.841
8.8468
8.85261
8.85841
8.86422
8.87002
8.87583
8.88163
8.88744
8.89324
8.89905
8.90485
8.91066
8.91646
8.92227
8.92807
8.93388
8.93968
8.94549
8.95129
8.9571
8.9629
8.96871
8.97451
8.98032
8.98612
8.99193	675.835
8.99773	672.719
9.00354	669.231
9.00934	684.873
9.01515	678.181
9.02095	692.031
9.02676	670.779
9.03256	670.391
9.03837	677.398
9.04417	665.376
9.04998	665.761	362.38
9.05578	666.915	370.85
9.06159	661.544	350.846
9.06739	670.004	354.513
9.0732	670.779	357.391
9.079	640.857	358.011
9.08481	655.837	344.818
9.09061	646.808	360.085
9.09642	657.734	347.819
9.10222	671.554	328.867	446.142
9.10803	678.181	324.902	451.326
9.11383	650.179	323.965	454.728
9.11964	674.664	325.277	456.043
9.12544	670.391	322.658	454.728
9.13125	645.315	323.03	453.678
9.13705	679.75	325.465	453.941
9.14286	331.346	456.57
9.14866	340.464	458.685
9.15447	338.699	459.215
9.16027	332.688	459.746
9.16608	337.137	460.809
9.17188	328.108	460.543
9.17769	329.247	460.543
9.18349	325.089	458.685
9.1893	325.841	460.277
9.1951	326.595	454.728
9.20091	314.56	441.273
9.20671	443.573
9.21252	443.829
9.21832	446.4
9.22413	446.916
9.22993	440.509
9.23574	436.961
9.24154	431.443
9.24735	427.227
9.25315	416.506
9.25896	411.722
9.26476	410.535
9.27057	435.197
9.27637	444.085
9.28218	445.627
9.28798	438.478
9.29379	441.018
9.29959	443.829
9.3054
9.3112
9.31701
9.32281
9.32862
9.33442
9.34023
9.34603
9.35184
9.35764
9.36345
9.36925
9.37506
9.38086
9.38667
9.39247
9.39828
9.40408
9.40989
9.41569
9.4215
9.4273
9.43311	447.95
9.43891	461.342
9.44472	429.454
9.45052	432.691
9.45633	454.465
9.46213	453.416
9.46794	460.543
9.47374	464.551
9.47955	462.676
9.48535	463.479
9.49116	462.676
9.49696	460.543
9.50277	459.48
9.50857	461.076
9.51438	460.543
9.52018	459.215
9.52599	458.685
9.53179	451.587	441.273
9.5376	467.242	449.505
9.5434	462.142	431.194
9.54921	465.626	433.441
9.55501	461.875	428.71
9.56082	471.308	431.692
9.56662	467.782	431.942
9.57243	469.406	428.71
9.57823	463.747	427.474
9.58404	456.307	421.589
9.58984	459.48	418.677
9.59565	455.78	418.193
9.60145	468.864	415.785
9.60726	472.671	412.913
9.61306	480.378	416.747
9.61887	488.493	400.463
9.62467	487.084	406.523
9.63048	482.882	421.102
9.63628	479.546	428.71
9.64209	480.656	433.692
9.64789	477.611	437.719
9.6537	477.611	422.808
9.6595	477.611	429.702
9.66531	477.611	426.981
9.67111	455.517
9.67692
9.68272
9.68853
9.69433
9.70014
9.70594
9.71175
9.71755
9.72336
9.72916
9.73497
9.74077	451.848
9.74658	443.06
9.75238	453.416
9.75819	448.467
9.76399	443.573
9.7698	444.342
9.7756	444.085
9.78141	442.805
9.78721	438.478
9.79302	436.456
9.79882	440.254
9.80463	441.018
9.81043	445.627
9.81624	446.142
9.82204	448.986
9.82785	449.245
9.83365	451.587
9.83946	452.37
9.84526	451.587
9.85107	452.631
9.85687	453.155
9.86268	454.465
9.86848	455.517	910.507
9.87429	454.465	909.456
9.88009	452.893	907.881
9.8859	453.416	908.931
9.8917	456.307	912.613
9.89751	455.517	912.086
9.90331	453.941	908.931
9.90912	453.678	908.406
9.91492	456.57	912.613
9.92073	454.728	910.507
9.92653	455.78	910.507
9.93234	455.254	909.981
9.93814	454.465	908.931
9.94394	454.203	908.406
9.94975	453.941	908.406
9.95555	454.465	908.406
9.96136	453.678	904.74
9.96716	451.848	903.696
9.97297	451.065	902.652
9.97878	448.986	896.417
9.98458	449.505	897.453
9.99039	447.433	894.865
9.99619	444.856	890.739
10.002	444.342	889.711
10.0078	442.549	889.711
10.0136	442.293	890.225
10.0194	438.985	878.476
10.0252	437.213	875.437
10.031	434.193	868.386
10.0368	431.692	861.89
10.0426	430.447	857.916
10.0484	428.71	863.884
10.0542	426.241	860.398
10.06	439.238	843.178
10.0659	420.373	841.232
10.0717	415.065	831.569
10.0775	411.246	822.493
10.0833	406.288	815.398
10.0891	408.406	818.701
10.0949	412.913	829.171
10.1007	406.288	799.078
10.1065	397.927	798.617
10.1123	410.535	819.647
10.1181	414.586	809.297
10.1239	436.961	854.454
10.1297	435.197
10.1355	451.848
10.1413
10.1471
10.1529
10.1587
10.1645	882.545
10.1703	887.145
10.1761	894.348
10.1819	899.529
10.1878	900.049
10.1936	904.218
10.1994	911.033
10.2052	903.174
10.211	903.174
10.2168	906.309
10.2226	899.529
10.2284	902.652
10.2342	907.357
10.24	911.033
10.2458	912.613
10.2516	907.357
10.2574	911.033
10.2632	913.668
10.269	911.033
10.2748	904.74
10.2806	910.507
10.2864	912.086
10.2922	905.263
10.298	903.696
10.3039	906.309
10.3097	899.529
10.3155	900.049
10.3213	901.61
10.3271	894.865
10.3329	894.865
10.3387	895.382
10.3445	889.711
10.3503	900.049
10.3561	896.935
10.3619	891.254
10.3677	887.145
10.3735	880
10.3793	881.526
10.3851	877.969
10.3909	894.348
10.3967	913.668	408.878
10.4025	944.796	408.642
10.4083	922.151	409.824
10.4141	884.076	401.158
10.42	899.01	403.249
10.4258	406.523
10.4316	402.551
10.4374	413.151
10.4432	420.13
10.449	425.749
10.4548	430.447
10.4606	438.224
10.4664	444.342
10.4722	450.805
10.478	452.631
10.4838	456.834
10.4896	461.076
10.4954	460.277
10.5012	460.543
10.507	462.142
10.5128	462.409
10.5186	465.357
10.5244	462.409
10.5302	462.409
10.5361	462.944
10.5419	465.357
10.5477	463.747
10.5535	465.088
10.5593	465.626
10.5651	467.512
10.5709	466.972
10.5767	466.703
10.5825	468.052
10.5883	465.357	933.405
10.5941	466.972	932.866
10.5999	467.782	935.024
10.6057	466.164	931.789
10.6115	466.972	935.564
10.6173	467.242	933.405
10.6231	462.142	935.024
10.6289	465.626	930.176
10.6347	464.283	928.565
10.6405	461.875	922.151
10.6463	464.015	925.887
10.6522	461.076	923.217
10.658	461.076	923.751
10.6638	460.809	922.684
10.6696	457.362	914.196
10.6754	458.95	918.961
10.6812	457.891	916.84
10.687	456.834	912.613
10.6928	458.155	915.781
10.6986	454.728	909.456
10.7044	456.043	911.559
10.7102	456.57	913.141
10.716	455.517	910.507
10.7218	456.043	911.559
10.7276	454.203	907.881
10.7334	457.626	916.311
10.7392	456.043	915.253
10.745	454.991	910.507
10.7508	456.57	914.196
10.7566	454.991	906.309
10.7624	456.307	913.668
10.7683	454.728	908.406
10.7741	457.098	912.086
10.7799	456.043	913.141
10.7857	454.991	909.456
10.7915	455.517	911.033
10.7973	453.416	905.786
10.8031	456.307	914.196
10.8089	454.728	910.507
10.8147	454.465	907.357
10.8205	453.155	904.218
10.8263	455.78	912.613
10.8321	456.57	913.668
10.8379	453.416	906.833
10.8437	452.893	907.881
10.8495	451.848	902.131
10.8553	452.37	904.218
10.8611	450.805	901.61
10.8669	452.37	910.507
10.8727	448.727	906.309
10.8785	450.024	899.01
10.8844	449.245	893.832
10.8902	451.065	900.049
10.896	448.727	911.033
10.9018	449.505	901.61
10.9076	451.065	907.881
10.9134	448.727	897.453
10.9192	449.245	897.972
10.925	447.95	894.348
10.9308	448.727	882.545
10.9366	450.805	899.529
10.9424	453.155	907.357
10.9482	449.245	916.311
10.954	451.587	910.507
10.9598	448.467	892.8
10.9656	452.631	906.833
10.9714	453.941	908.406
10.9772	451.326	908.406
10.983	450.284	916.311
10.9888	452.109	907.357
10.9946	450.284	896.935
11.0005	446.916
11.0063	445.113
11.0121	445.885
11.0179	443.829
11.0237	440.763
11.0295	441.528
11.0353	434.946
11.0411	439.746
11.0469	436.456
11.0527	437.466
11.0585	434.193
11.0643	436.961
11.0701	432.691
11.0759	435.197
11.0817	431.692
11.0875	432.191
11.0933	431.692
11.0991	430.199
11.1049	426.734
11.1107	428.71
11.1166	424.031
11.1224	424.521
11.1282	420.373
11.134	421.102
11.1398	416.025
11.1456	416.506
11.1514	412.198
11.1572	409.824
11.163	406.054
11.1688	403.948
11.1746	400.001
11.1804	399.77
11.1862	397.697
11.192	400.232
11.1978	400.695
11.2036	400.695
11.2094	403.715
11.2152	404.182
11.221	402.783
11.2268	404.883
11.2327	405.819
11.2385	404.883
11.2443	405.117
11.2501	408.642
11.2559	410.535
11.2617	410.772
11.2675	415.545
11.2733	414.586
11.2791	411.009
11.2849	415.785
11.2907	410.535
11.2965	400.926
11.3023	400.926
11.3081	402.086
11.3139	409.351
11.3197	425.012
11.3255	415.065
11.3313	412.674
11.3371	408.406
11.3429	420.13
11.3488	436.456	1193.81
11.3546	447.691	1190.37
11.3604	1200.03
11.3662	1214.68
11.372	1225.25
11.3778	1227.37
11.3836	1231.64
11.3894	1235.91
11.3952	1239.49
11.401	1213.28	433.191
11.4068	1237.34	417.469
11.4126	1245.95	414.107
11.4184	1256.79	417.711
11.4242	1272.86	422.076
11.43	1288.4	425.503
11.4358	1298.11	428.958
11.4416	1305.63	433.441
11.4474	1309.4	434.193	1437.85
11.4532	1299.61	435.197	1431.22
11.459	1285.42	424.521	1434.53
11.4649	1263.34	416.987	1444.51
11.4707	1281.71	423.542	1399.34
11.4765	1281.71	426.241	1427.91
11.4823	1281.71	431.692	1446.17
11.4881	1323.85	445.113	1444.51
11.4939	1366.59	429.95	1437.02
11.4997	422.564	1386.46
11.5055	425.749	1419.69
11.5113	426.487	1427.09
11.5171	439.746	1442
11.5229	436.456	1409.88
11.5287	437.719	1413.14
11.5345	444.085	1413.14
11.5403	438.478	1418.87
11.5461	441.528	1422.97
11.5519	434.946	1452.87
11.5577	439.238	1378.48
11.5635	445.627	1387.26
11.5693	437.719
11.5751	437.971
11.581	442.549
11.5868	445.113
11.5926	442.038
11.5984	437.466	913.141
11.6042	438.985	919.492
11.61	436.456	904.218
11.6158	430.199	914.196
11.6216	418.435	964.649
11.6274	418.435	915.781
11.6332	408.406	909.456	618.313
11.639	400.463	916.84	619.028
11.6448	421.102	914.724	617.956
11.6506	422.076	928.565	621.177
11.6564	415.065	961.311	600.017
11.6622	419.645	927.493	615.107
11.668	419.161	936.105	608.393
11.6738	424.521	922.151	617.599
11.6796	431.194	912.613	608.393
11.6854	440.254	885.609	605.938
11.6912	440.254	915.253	605.588
11.6971	446.916	901.089	599.324
11.7029	445.627	600.711	399.308
11.7087	438.731	605.238	418.677
11.7145	439.492	609.448	414.346
11.7203	450.024	618.67	411.722
11.7261	447.95	620.101	411.484
11.7319	452.893	599.671	403.948
11.7377	450.545	590.732	415.785
11.7435	448.209	619.743	413.629
11.7493	454.728	618.67	414.107
11.7551	451.326	636.431	408.878
11.7609	455.78	404.415
11.7667	457.891	400.001
11.7725	449.245	400.232
11.7783	444.599	389.738
11.7841	425.749	388.614
11.7899	438.224	383.928
11.7957	389.738
11.8015	390.188
11.8073	395.407
11.8132	399.539
11.819	399.539
11.8248	400.463
11.8306	392.902
11.8364	395.635
11.8422	395.635
11.848	413.151
11.8538	396.321
11.8596	391.769
11.8654	374.077
11.8712	372.568
11.877	364.058
11.8828	359.669
11.8886	364.269
11.8944	371.065
11.9002	377.769
11.906	369.994
11.9118	373.861
11.9176	367.863
11.9234	361.544
11.9293	365.533
11.9351	383.707
11.9409	386.375
11.9467	391.543
11.9525	398.157
11.9583	400.232
11.9641	403.482
11.9699	409.351
11.9757	407.699
11.9815	403.249
11.9873	392.902
11.9931	395.407
11.9989	399.77
12.0047	395.635
12.0105	400.926
12.0163	418.677
12.0221	432.941
12.0279	446.4
12.0337	448.727
12.0395	462.142
12.0454	462.142
12.0512	462.142
12.057	462.142
12.0628	462.142
12.0686
12.0744
12.0802
12.086
12.0918
12.0976
12.1034
12.1092
12.115
12.1208
12.1266
12.1324
12.1382
12.144
12.1498
12.1556
12.1615
12.1673
12.1731
12.1789
12.1847
12.1905
12.1963
12.2021
12.2079
12.2137
12.2195
12.2253
12.2311
12.2369
12.2427
12.2485
12.2543
12.2601
12.2659
12.2717
12.2776
12.2834
12.2892
12.295
12.3008
12.3066
12.3124
12.3182
12.324
12.3298
12.3356
12.3414
12.3472
12.353
12.3588
12.3646
12.3704
12.3762
12.382
12.3878
12.3937
12.3995
12.4053
12.4111
12.4169
12.4227
12.4285
12.4343
12.4401
12.4459
12.4517
12.4575
12.4633
12.4691
12.4749
12.4807
12.4865
12.4923
12.4981
12.5039
12.5098
12.5156
12.5214
12.5272
12.533
12.5388
12.5446
12.5504
12.5562
12.562
12.5678
12.5736
12.5794
12.5852
12.591
12.5968
12.6026
12.6084
12.6142
12.62
12.6258
12.6317
12.6375
12.6433
12.6491
12.6549
12.6607
12.6665
12.6723
12.6781
12.6839
12.6897
12.6955
12.7013
12.7071
12.7129
12.7187
12.7245
12.7303
12.7361
12.742
12.7478
12.7536
12.7594
12.7652
12.771
12.7768
12.7826
12.7884
12.7942
12.8
12.8058
12.8116
12.8174
12.8232
12.829
12.8348
12.8406
12.8464
12.8522
12.858
12.8639
12.8697
12.8755
12.8813
12.8871
12.8929
12.8987
12.9045
12.9103
12.9161
12.9219
12.9277
12.9335
12.9393
12.9451
12.9509
12.9567
12.9625
12.9683
12.9741
12.98
12.9858
12.9916
12.9974
13.0032
13.009
13.0148
13.0206
13.0264
13.0322
13.038
13.0438
13.0496
13.0554
13.0612
13.067
13.0728
13.0786
13.0844
13.0902
13.0961
13.1019
13.1077
13.1135
13.1193
13.1251
13.1309
13.1367
13.1425
13.1483
13.1541
13.1599	666.145
13.1657	668.844
13.1715	702.503
13.1773	676.225
13.1831	675.835
13.1889	670.004
13.1947	671.554
13.2005	666.53
13.2063	655.458	324.902
13.2122	648.678	320.984
13.218	641.969	318.951
13.2238	632.035	315.652
13.2296	628.758	315.106
13.2354	627.306	311.487
13.2412	623.333	309.693
13.247	622.973	309.514
13.2528	616.174	308.621
13.2586	612.979	307.021
13.2644	617.956	307.909
13.2702	616.53	307.376
13.276	611.917	307.376
13.2818	615.107	307.731
13.2876	609.096	307.198
13.2934	619.385	309.693
13.2992	619.385	306.312
13.305	619.385	319.136
13.3108	604.19	326.595
13.3166	572.921	305.959
13.3224	570.939	305.253
13.3283	545.471	302.444
13.3341	546.102	308.621
13.3399	550.854
13.3457
13.3515
13.3573
13.3631
13.3689
13.3747	296.391
13.3805	296.22
13.3863	296.22
13.3921	297.764
13.3979	297.592
13.4037	301.572
13.4095	303.319
13.4153	302.27
13.4211	301.572
13.4269	294.514
13.4327	287.289
13.4385	276.703
13.4444	287.621
13.4502	295.707
13.456	296.905
13.4618	297.592
13.4676	307.376
13.4734	308.621
13.4792	302.444
13.485	306.135
13.4908	306.135
13.4966	302.969
13.5024	305.253
13.5082	313.472
13.514	317.298
13.5198	324.527
13.5256	327.918
13.5314	344.42
13.5372	351.251
13.543	351.251
13.5488	346.816
13.5546	346.215
13.5605	344.818
13.5663	352.878
13.5721	356.772
13.5779	373.645
13.5837	390.639
13.5895	395.178
13.5953	394.722
13.6011	404.649
13.6069	423.786
13.6127	433.441
13.6185	439.492
13.6243	464.015
13.6301	486.521
13.6359	486.521
13.6417	486.521
13.6475	486.521
13.6533
13.6591
13.6649
13.6707
13.6766
13.6824
13.6882
13.694
13.6998
13.7056
13.7114
13.7172
13.723
13.7288
13.7346
13.7404
13.7462
13.752
13.7578
13.7636
13.7694
13.7752
13.781	295.537
13.7868	297.936
13.7927	302.969
13.7985	299.489
13.8043	294.514
13.8101	292.649
13.8159	297.249
13.8217	294.174
13.8275	293.326
13.8333	301.398
13.8391	290.627
13.8449	293.495
13.8507	306.312
13.8565	298.453
13.8623	292.818
13.8681	300.355
13.8739	309.156
13.8797	309.156
13.8855	310.23
13.8913	308.265
13.8971	315.106
13.9029	315.106
13.9088	305.605
13.9146	305.959
13.9204	304.548
13.9262	310.588
13.932	319.136
13.9378	314.379
13.9436	320.429
13.9494	321.913
13.9552	325.465
13.961	319.689
13.9668	318.767
13.9726	326.973
13.9784	331.346
13.9842	331.346
13.99	332.304
13.9958	327.729
14.0016	330.39
14.0074	321.541
14.0132	321.541
14.019	332.304
14.0249	329.247	444.856
14.0307	320.799	450.024
14.0365	324.152	450.024
14.0423	330.009	448.986
14.0481	332.304	451.848
14.0539	347.618	449.245
14.0597	455.78
14.0655	456.043
14.0713	452.893
14.0771	447.433
14.0829	453.416
14.0887	458.155
14.0945	459.215
14.1003	450.545
14.1061	438.985
14.1119	450.805
14.1177	454.728
14.1235	456.307
14.1293	452.893
14.1351	449.765
14.141	441.273
14.1468	439.492
14.1526	442.549
14.1584	442.549
14.1642	442.549
14.17	442.549
14.1758	446.4
14.1816	446.4
14.1874	446.4
14.1932	428.71
14.199	432.441
14.2048	440
14.2106	563.404
14.2164	565.034
14.2222	574.578
14.228	577.907
14.2338	579.578
14.2396	578.575
14.2454	576.906
14.2512	573.583
14.2571	570.939
14.2629	570.609
14.2687	570.939
14.2745	571.269
14.2803	564.707
14.2861	563.404
14.2919	563.73
14.2977	559.512
14.3035	546.417
14.3093	557.255
14.3151	569.951
14.3209	574.91
14.3267	578.909
14.3325	581.927
14.3383	577.24
14.3441
14.3499
14.3557
14.3615
14.3673
14.3732
14.379
14.3848
14.3906
14.3964
14.4022
14.408
14.4138
14.4196
14.4254
14.4312
14.437
14.4428
14.4486
14.4544
14.4602
14.466
14.4718
14.4776
14.4834
14.4893
14.4951
14.5009
14.5067
14.5125
14.5183
14.5241
14.5299
14.5357
14.5415
14.5473
14.5531
14.5589
14.5647
14.5705
14.5763	1384.06
14.5821	1379.27
14.5879	1345.44
14.5937	1335.37
14.5995	1348.55
14.6054	1329.22
14.6112	1304.87
14.617	1288.4
14.6228	1278.76
14.6286	1286.16
14.6344	1283.94
14.6402	1303.37
14.646	1315.47
14.6518	1377.68
14.6576	1400.14
14.6634	1381.67
14.6692	1376.89
14.675	1376.09
14.6808	1378.48
14.6866	1371.33
14.6924	1387.26
14.6982	1376.09
14.704	1369.75
14.7098	1425.44
14.7156	1417.23
14.7215	1393.69
14.7273	1381.67
14.7331	1380.07
14.7389	1383.26	686.854
14.7447	1379.27	687.251
14.7505	1357.15	686.854
14.7563	1366.59	687.648
14.7621	1425.44	679.75
14.7679	1413.96	688.443
14.7737	1400.14	695.638
14.7795	1420.51	694.835
14.7853	1360.29	701.286
14.7911	1354.8	690.833
14.7969	1379.27	694.835
14.8027	1445.34	691.232
14.8085	1474.86	681.322
14.8143	1457.92	688.443
14.8201	1434.53	698.456
14.8259	698.456
14.8317	690.833
14.8376	689.637
14.8434	696.442
14.8492	686.061
14.855	690.035
14.8608	699.264
14.8666	695.236
14.8724	688.045
14.8782	681.716
14.884	688.443
14.8898	690.434
14.8956	697.65
14.9014	666.145
14.9072	682.898
14.913	697.247
14.9188	691.631
14.9246	684.873
14.9304	687.648
14.9362	670.779
14.942	671.942
14.9478	651.307
14.9537	629.121
14.9595	659.255
14.9653	671.942
14.9711
14.9769
14.9827
14.9885
14.9943
15.0001
15.0059
15.0117
15.0175
15.0233
15.0291
15.0349
15.0407
15.0465
15.0523
15.0581
15.0639
15.0697
15.0756
15.0814
15.0872
15.093
15.0988
15.1046
15.1104
15.1162
15.122
15.1278
15.1336
15.1394
15.1452
15.151
15.1568
15.1626
15.1684
15.1742
15.18
15.1859
15.1917
15.1975
15.2033
15.2091
15.2149
15.2207
15.2265
15.2323
15.2381
15.2439
15.2497
15.2555
15.2613
15.2671
15.2729
15.2787
15.2845
15.2903
15.2961
15.3019
15.3078
15.3136
15.3194
15.3252
15.331
15.3368
15.3426
15.3484
15.3542
15.36
15.3658
15.3716
15.3774
15.3832
15.389
15.3948
15.4006
15.4064
15.4122
15.418
15.4239
15.4297
15.4355
15.4413
15.4471
15.4529
15.4587
15.4645
15.4703
15.4761
15.4819
15.4877
15.4935
15.4993
15.5051
15.5109
15.5167
15.5225
15.5283
15.5341
15.54
15.5458
15.5516
15.5574
15.5632
15.569
15.5748
15.5806	394.039
15.5864	399.078
15.5922	404.883
15.598	411.96
15.6038	427.968
15.6096	431.692
15.6154	436.961
15.6212	441.528	220.382
15.627	443.316	236.745
15.6328	444.085	221.786
15.6386	444.856	222.685
15.6444	447.433	223.329
15.6502	449.505	224.493
15.6561	451.848	225.924
15.6619	454.465	227.233
15.6677	452.109	225.533
15.6735	443.573	222.814
15.6793	430.696	217.222
15.6851	430.447	213.737
15.6909	429.206	214.975
15.6967	431.692	215.722
15.7025	433.441	216.47
15.7083	432.441	215.722
15.7141	430.696	216.596
15.7199	428.215	215.348
15.7257	427.227	213.737
15.7315	426.487	213.614
15.7373	424.767	212.383
15.7431	424.521	211.404
15.7489	425.258	212.383
15.7547	424.521	213.121
15.7605	423.053	212.138
15.7663	422.564	211.526
15.7722	424.031	211.526
15.778	422.564	211.771
15.7838	424.276	212.016
15.7896	427.227	213.49
15.7954	429.702	215.348
15.8012	429.454	218.607
15.807	425.995	211.282
15.8128	415.785	208.253
15.8186	421.589	209.58
15.8244	428.71	213.244
15.8302	427.227	212.752
15.836	431.443	216.096
15.8418	425.012	214.603
15.8476	429.454	214.108
15.8534	430.199	215.348
15.8592	431.194	215.348
15.865	427.474	212.875
15.8708	421.102	209.217
15.8766	424.031	212.383
15.8824	428.958	212.261
15.8883	430.447	215.099
15.8941	428.215	213.861
15.8999	428.463	213.614
15.9057	431.443	215.597
15.9115	432.691	216.47
15.9173	431.194	215.971
15.9231	430.945	215.846
15.9289	432.441	216.345
15.9347	433.692	216.596
15.9405	432.941	217.097
15.9463	433.942	217.599
15.9521	429.454	207.413
15.9579	430.696	207.413
15.9637	434.444	214.851
15.9695	438.731	219.239
15.9753	443.829	222.299
15.9811	446.142	213.121
15.9869	438.985	213.49
15.9927	437.213
15.9985	441.528
16.0044	443.829
16.0102	437.466
16.016	436.961
16.0218	436.708
16.0276	445.113
16.0334	450.024
16.0392	440
16.045	442.038
16.0508	448.727
16.0566	444.085
16.0624	438.224
16.0682	447.95
16.074	445.885
16.0798	437.466
16.0856	442.805
16.0914	437.466
16.0972	437.213
16.103	432.691
16.1088	442.038
16.1146	440
16.1205	435.701
16.1263	427.474
16.1321	438.478
16.1379	434.444
16.1437	437.213
16.1495	436.456
16.1553	441.783
16.1611	434.193
16.1669	432.191
16.1727	435.952
16.1785	442.293
16.1843	432.191
16.1901	441.528
16.1959	441.018
16.2017	430.945
16.2075	434.946
16.2133	451.065
16.2191	431.194
16.2249	436.708
16.2307	442.549
16.2366	433.441
16.2424	431.194
16.2482	441.018
16.254	436.204
16.2598	425.503
16.2656	434.946
16.2714	431.942
16.2772	425.995
16.283	428.71
16.2888	434.444
16.2946	445.113
16.3004	429.95
16.3062	434.695
16.312	445.37
16.3178	467.782
16.3236	442.805
16.3294	435.197
16.3352	428.463
16.341	431.194
16.3468	429.95
16.3527	424.031
16.3585	428.71
16.3643	424.521
16.3701	424.031
16.3759	418.919
16.3817	401.158
16.3875	419.645
16.3933	426.734
16.3991	415.785
16.4049	413.629
16.4107	411.96
16.4165	410.297
16.4223	432.191
16.4281	417.228
16.4339	413.39
16.4397	412.436
16.4455	413.629
16.4513	414.825
16.4571	418.919
16.4629	408.878
16.4688	408.17
16.4746	408.642
16.4804	398.157
16.4862	397.009
16.492	397.927
16.4978	402.318
16.5036	405.585
16.5094	405.585
16.5152	412.913
16.521	413.629
16.5268	412.674
16.5326	412.913
16.5384	412.913
16.5442	415.305
16.55	429.702
16.5558	431.194
16.5616	412.198
16.5674	412.913
16.5732	412.436
16.579	408.406
16.5849	406.054
16.5907	410.061
16.5965	399.308
16.6023	401.622
16.6081	413.39
16.6139	400.001
16.6197	390.414
16.6255	396.092
16.6313	389.513	422.808
16.6371	378.205	421.833
16.6429	378.205	419.888
16.6487	366.167	430.199
16.6545	365.111	443.829
16.6603	356.155	456.307
16.6661	369.141	451.326
16.6719	379.518	444.599
16.6777	378.424	448.986
16.6835	369.567	450.545
16.6893	379.518	457.626
16.6951	391.543	455.517
16.701	404.182	473.764
16.7068	459.746
16.7126	461.609
16.7184	455.78
16.7242	454.203
16.73	452.37
16.7358	453.155
16.7416	451.848
16.7474	447.691
16.7532	449.245
16.759	447.95	358.425
16.7648	454.728	343.031
16.7706	460.012	353.694
16.7764	441.273	378.205
16.7822	435.449	395.407
16.788	432.941	397.697
16.7938	438.224	394.95
16.7996	450.284	389.963
16.8054	462.142	389.738
16.8112	465.357	384.372
16.8171	466.164	385.929
16.8229	458.685	384.15
16.8287	450.284	379.299
16.8345	442.038	383.042
16.8403	439.492	374.726
16.8461	447.95	367.863
16.8519	433.441	363.009
16.8577	432.691	360.709
16.8635	452.109	371.065
16.8693	445.885	387.941
16.8751	445.627	391.317
16.8809	462.142	386.599
16.8867	452.893	377.333
16.8925	461.875	367.651
16.8983	480.101	360.709
16.9041	361.753
16.9099	358.425
16.9157	372.999
16.9215	367.014
16.9273	360.293
16.9332	364.479
16.939	376.462
16.9448	368.501
16.9506	372.999
16.9564	361.126
16.9622	360.709
16.968	353.082
16.9738	365.111
16.9796	364.058
16.9854	355.743
16.9912	374.51
16.997	372.568
17.0028	365.533
17.0086	363.638
17.0144	351.454
17.0202	341.646
17.026	344.023
17.0318	340.071
17.0376	335.196	184.997
17.0434	335.583	195.885
17.0493	338.503	198.046
17.0551	340.071	200.579
17.0609	337.917	203.849
17.0667	330.581	203.496
17.0725	327.162	202.792
17.0783	323.591	199.424
17.0841	331.729	194.083
17.0899	196.338
17.0957	196.678	393.129
17.1015	195.545	390.865
17.1073	194.531	390.414
17.1131	194.195	389.738
17.1189	194.195	387.717
17.1247	193.858	387.717
17.1305	198.39	383.485
17.1363	196.451	384.594
17.1421	193.188	391.995
17.1479	191.411	399.308
17.1537	194.531	392.902
17.1595	191.411	387.046
17.1654	185.854	388.614
17.1712	190.638	383.042
17.177	186.284	378.861
17.1828	185.211	376.462
17.1886	184.251	369.781
17.1944	182.661	364.69
17.2002	178.696	362.171
17.206	180.981	352.878
17.2118	172.409	347.217
17.2176	171.416	340.858
17.2234	169.252	338.503
17.2292	164.814	334.229
17.235	163.77	332.112
17.2408	163.77	328.297
17.2466	159.752	335.389
17.2524	163.015	329.057
17.2582	168.083	329.628
17.264	326.973	293.834
17.2698	321.541	282.843
17.2756	325.653	286.626
17.2815	331.92	267.123
17.2873	324.152	271.165
17.2931	324.714	262.534
17.2989	342.832	257.428
17.3047	340.268	258.024
17.3105	336.748	262.534
17.3163	336.943	255.207
17.3221	332.88	251.113
17.3279	327.918	248.659
17.3337	331.537	249.523
17.3395	335.971	248.659
17.3453	342.239	250.678
17.3511	328.487	245.803
17.3569	244.67
17.3627	246.229
17.3685	246.942
17.3743	244.953	194.756
17.3801	238.944	190.748
17.3859	240.05	192.297
17.3917	248.659	179.938
17.3976	245.945	182.978
17.4034	239.912	183.401
17.4092	232.813	183.295
17.415	228.285	185.211
17.4208	230.139	183.825
17.4266	244.105	183.084
17.4324	240.745	181.399
17.4382	240.884	180.667
17.444	235.246	184.038
17.4498	238.53	181.714
17.4556	181.714
17.4614	179.835
17.4672	176.643
17.473	175.93
17.4788	175.524
17.4846	181.714
17.4904	180.459
17.4962	179.316
17.502	178.386
17.5078	179.42
17.5137	181.399
17.5195	179.212
17.5253	178.283
17.5311	180.355
17.5369	175.22
17.5427	170.232
17.5485	164.719
17.5543	176.439
17.5601	166.729
17.5659	162.545	312.749
17.5717	312.207
17.5775	310.947
17.5833	311.847
17.5891	313.291
17.5949	312.749
17.6007	312.027
17.6065	311.307
17.6123	313.653
17.6181	314.924
17.6239	312.749
17.6297	308.265
17.6356	317.114
17.6414	316.017
17.6472	319.136
17.653	313.834
17.6588	313.472
17.6646	311.127
17.6704	308.087
17.6762	307.021
17.682	307.553
17.6878	319.32
17.6936	308.978
17.6994	310.23
17.7052	308.978
17.711	306.666
17.7168	311.667
17.7226	307.376
17.7284	312.929
17.7342	316.565
17.74	327.162
17.7458	309.872
17.7517	317.664
17.7575	314.924
17.7633	309.693
17.7691	311.487
17.7749	315.652
17.7807	316.931
17.7865	317.114
17.7923	317.298
17.7981	323.778
17.8039	314.379
17.8097	323.217
17.8155	329.057
17.8213	312.388
17.8271	317.114
17.8329	318.767
17.8387	321.727
17.8445	318.767
17.8503	312.568
17.8561	322.471
17.8619	330.009
17.8678	328.677
17.8736	338.308
17.8794	329.057
17.8852	322.844
17.891	312.749
17.8968	323.404
17.9026	319.689
17.9084	312.207
17.9142	308.087
17.92	321.17
17.9258	313.653
17.9316	316.017
17.9374	331.729
17.9432	334.422
17.949	321.355
17.9548	327.918
17.9606	326.973
17.9664	335.002
17.9722	336.165
17.9781	331.537	367.014
17.9839	342.832	365.111
17.9897	332.688	363.009
17.9955	316.2	360.709
18.0013	321.727	360.918
18.0071	328.108	365.533
18.0129	362.38
18.0187	363.009
18.0245	362.171
18.0303	360.918
18.0361	359.669
18.0419	363.848
18.0477	357.598
18.0535	365.533
18.0593	362.171
18.0651	361.962
18.0709	362.589
18.0767	363.428
18.0825	361.544
18.0883	360.918
18.0941	373.43
18.1	368.927
18.1058	359.877
18.1116	361.753
18.1174	354.717
18.1232	347.016
18.129	351.048
18.1348	359.046
18.1406	359.046
18.1464	366.803
18.1522	365.322
18.158	353.082
18.1638	362.171
18.1696	359.046
18.1754	350.238
18.1812	353.899
18.187	358.425
18.1928	359.877
18.1986	346.415
18.2044	339.286
18.2102	347.819
18.2161	364.269
18.2219	380.177
18.2277	402.551
18.2335	402.551
18.2393	402.551
18.2451
18.2509
18.2567
18.2625
18.2683
18.2741
18.2799
18.2857
18.2915
18.2973
18.3031
18.3089
18.3147
18.3205
18.3263
18.3322
18.338
18.3438
18.3496
18.3554
18.3612
18.367
18.3728
18.3786
18.3844
18.3902
18.396
18.4018
18.4076
18.4134
18.4192
18.425
18.4308
18.4366
18.4424
18.4483
18.4541
18.4599
18.4657
18.4715
18.4773
18.4831
18.4889
18.4947
18.5005
18.5063
18.5121
18.5179
18.5237
18.5295
18.5353
18.5411
18.5469
18.5527
18.5585
18.5644
18.5702
18.576
18.5818
18.5876
18.5934
18.5992
18.605
18.6108
18.6166
18.6224
18.6282
18.634
18.6398
18.6456
18.6514
18.6572
18.663
18.6688
18.6746
18.6805
18.6863	332.304
18.6921	327.54
18.6979	328.108
18.7037	323.965
18.7095	323.03
18.7153	323.778
18.7211	323.778
18.7269	324.339
18.7327	322.471
18.7385	319.689
18.7443	318.399	457.626
18.7501	315.47	439.746
18.7559	316.2	438.224
18.7617	326.595	440
18.7675	328.867	439.746
18.7733	321.17	438.478
18.7791	318.767	441.783
18.7849	330.199	443.316
18.7907	330.39	444.085
18.7966	329.818	445.113
18.8024	329.247	445.37
18.8082	330.581	443.06
18.814	328.867	451.848
18.8198	328.297	458.42
18.8256	330.581	460.277
18.8314	327.162	458.42
18.8372	327.162	458.42
18.843	315.652	433.441
18.8488	325.277	440.509
18.8546	314.924	442.549
18.8604	320.244	443.06
18.8662	316.931	450.284
18.872	326.407	437.719
18.8778	320.059	449.245
18.8836	329.057	468.594
18.8894	472.944
18.8952	458.155
18.901	456.043
18.9068	464.819
18.9127	472.125
18.9185	465.895
18.9243	456.57
18.9301	448.727
18.9359	446.658
18.9417	449.765
18.9475	455.517
18.9533	453.155
18.9591	435.952
18.9649	419.645	369.141
18.9707	437.719	371.493
18.9765	426.241	380.396
18.9823	416.265	387.046
18.9881	416.265	377.769
18.9939	377.769
18.9997	378.205
19.0055	372.568
19.0113	370.422
19.0171	376.244
19.0229	371.708
19.0288	369.781
19.0346	374.294	338.308
19.0404	373.43	315.47
19.0462	369.994	294.855
19.052	360.501	307.021
19.0578	354.922	312.749
19.0636	355.949	316.017
19.0694	365.956	322.658
19.0752	362.589	324.527
19.081	361.544	323.404
19.0868	365.956	316.017
19.0926	370.208	314.016
19.0984	366.379	311.307
19.1042	365.533	313.653
19.11	364.901	314.742
19.1158	366.379	318.951
19.1216	369.141	308.799
19.1274	370.208	309.335
19.1332	370.208	312.388
19.139	365.111	312.027
19.1449	358.632	320.059
19.1507	363.638	322.285
19.1565	351.86	331.92
19.1623	357.391	335.777
19.1681	359.877	335.777
19.1739	376.462	335.196
19.1797	368.289	347.819
19.1855
19.1913
19.1971
19.2029
19.2087
19.2145
19.2203
19.2261
19.2319
19.2377
19.2435
19.2493
19.2551
19.261
19.2668
19.2726
19.2784
19.2842
19.29
19.2958
19.3016
19.3074
19.3132
19.319
19.3248
19.3306
19.3364	552.766
19.3422	540.141
19.348	533.013
19.3538	540.453
19.3596	554.365
19.3654	530.249
19.3712	531.783
19.3771	521.441
19.3829	522.044
19.3887	527.805
19.3945	527.805
19.4003	526.282
19.4061	519.937
19.4119	512.779
19.4177	516.942
19.4235	505.135
19.4293	511.3
19.4351	509.531
19.4409	512.187
19.4467	502.226
19.4525	516.047
19.4583	508.649
19.4641	526.586
19.4699	519.937
19.4757	533.937
19.4815	544.842	493.313
19.4873	552.447	525.371
19.4932	549.583	514.262
19.499	556.611	508.943
19.5048	555.969	504.261
19.5106	559.836	498.181
19.5164	554.686	499.045
19.5222	570.939	497.031
19.528	580.583	499.333
19.5338	566.668	500.199
19.5396	566.995	503.679
19.5454	506.889
19.5512	502.807
19.557	493.028
19.5628	497.031
19.5686	508.943
19.5744	504.552
19.5802	504.844
19.586	512.187
19.5918	499.911
19.5976	500.778
19.6034	480.933
19.6093	480.933
19.6151	513.075
19.6209	509.826
19.6267	514.262
19.6325	525.371
19.6383	538.273
19.6441	538.895
19.6499
19.6557	350.441
19.6615	351.454
19.6673	332.496
19.6731	341.844
19.6789	347.217
19.6847	355.333
19.6905	356.566
19.6963	353.694
19.7021	358.218
19.7079	363.428
19.7137	353.694
19.7195	352.471
19.7254	355.333
19.7312	349.834
19.737	348.422
19.7428	334.036
19.7486	327.351
19.7544	323.404
19.7602	316.565
19.766	310.588
19.7718	304.548
19.7776	299.489
19.7834	290.795
19.7892	291.805
19.795	289.12
19.8008	294.174
19.8066	302.444
19.8124	311.127
19.8182	304.548
19.824	312.568
19.8298	320.614
19.8356	316.931
19.8415	324.714
19.8473	321.355
19.8531	320.799
19.8589	320.244
19.8647	316.383
19.8705	317.481
19.8763	323.591
19.8821	317.114
19.8879	326.03
19.8937	321.17
19.8995	326.407
19.9053	319.32
19.9111	319.136	156.646
19.9169	312.207	154.846
19.9227	309.335	154.489
19.9285	306.666	153.422
19.9343	306.312	153.333
19.9401	307.731	154.043
19.9459	307.731	154.489
19.9517	309.335	154.846
19.9576	310.947	154.936
19.9634	311.127	155.384
19.9692	311.127	155.474
19.975	311.487	155.743
19.9808	308.799	155.294
19.9866	309.872	155.474
19.9924	310.409	156.917
19.9982	323.217	157.917
20.004	331.537	159.016
20.0098	343.031	159.016
20.0156	328.867	158.374
20.0214	158.374
20.0272	161.982
20.033	157.735
20.0388	155.115
20.0446	149.399
20.0504	158.557
20.0562
20.062
20.0678
20.0737
20.0795
20.0853
20.0911
20.0969
20.1027
20.1085
20.1143
20.1201	385.707
20.1259	383.264
20.1317	386.375
20.1375	386.599
20.1433	385.707
20.1491	386.822
20.1549	388.614
20.1607	384.816
20.1665	381.938
20.1723	379.299
20.1781	381.497
20.1839	384.372
20.1898	390.188
20.1956	404.649
20.2014	383.928
20.2072	384.594
20.213	374.51
20.2188	389.963
20.2246	393.811
20.2304	390.639
20.2362	405.117
20.242	387.493
20.2478	373.43
20.2536	378.424
20.2594	381.497
20.2652	380.616
20.271	387.269
20.2768	388.838
20.2826	387.493
20.2884	382.6
20.2942	392.222
20.3	385.261
20.3058	384.15
20.3117	367.439
20.3175	388.614
20.3233	378.205
20.3291	389.513
20.3349	376.679
20.3407	383.485
20.3465	385.261
20.3523	390.414
20.3581	393.356
20.3639	389.288
20.3697	380.396
20.3755	381.717
20.3813	383.042
20.3871	387.269
20.3929	383.485
20.3987	382.821
20.4045	389.738
20.4103	384.594
20.4161	388.389
20.4219	391.091
20.4278	386.599
20.4336	402.318
20.4394	403.249
20.4452	393.129
20.451	377.333
20.4568	372.568
20.4626	364.058
20.4684	354.922
20.4742	378.205
20.48
20.4858
20.4916
20.4974
20.5032
20.509
20.5148
20.5206
20.5264
20.5322
20.538
20.5439
20.5497
20.5555
20.5613
20.5671
20.5729
20.5787
20.5845
20.5903
20.5961
20.6019
20.6077
20.6135
20.6193
20.6251
20.6309
20.6367
20.6425
20.6483
20.6542
20.66
20.6658
20.6716
20.6774
20.6832
20.689
20.6948
20.7006
20.7064
20.7122
20.718
20.7238
20.7296
20.7354
20.7412
20.747
20.7528
20.7586
20.7644
20.7702	363.848
20.7761	361.544
20.7819	360.501
20.7877	365.956
20.7935	359.254
20.7993	356.155
20.8051	351.657
20.8109	335.583
20.8167	339.09
20.8225	323.591
20.8283	323.591
20.8341	340.661
20.8399
20.8457
20.8515
20.8573
20.8631
20.8689
20.8747
20.8805
20.8863
20.8922
20.898
20.9038
20.9096
20.9154
20.9212
20.927
20.9328
20.9386
20.9444
20.9502
20.956
20.9618
20.9676
20.9734
20.9792	428.463
20.985	423.786
20.9908	416.265
20.9966	414.825
21.0024	406.288
21.0083	406.523
21.0141	400.463
21.0199	399.308
21.0257	398.847
21.0315	396.092
21.0373	396.779
21.0431	399.77
21.0489	400.232
21.0547	395.864
21.0605	394.494
21.0663	388.389
21.0721	385.261
21.0779	379.518
21.0837	374.943
21.0895	384.594
21.0953	391.317
21.1011	391.995
21.1069	374.077
21.1127	375.376
21.1185	384.15
21.1244	377.769	1575.24
21.1302	383.485	1533.05
21.136	394.722	1511.95
21.1418	385.039	1484.26
21.1476	391.317	1450.36
21.1534	399.539	1427.91
21.1592	391.091	1413.96
21.165	386.152	1413.96
21.1708	396.092	1435.36
21.1766	393.129	1462.98	436.204
21.1824	395.864	1471.45	437.466
21.1882	398.617	1481.69	442.293
21.194	403.482	1485.12	437.466
21.1998	400.001	1475.71	434.946
21.2056	397.009	1468.91	434.444
21.2114	394.95	1463.82	434.444
21.2172	402.086	1457.08	437.971
21.223	405.117	1457.08	433.191
21.2288	402.783	1465.52	437.213
21.2346	398.157	1478.27	436.456
21.2405	398.157	1394.49	438.478
21.2463	1350.89	447.433
21.2521	1418.05	447.433
21.2579	443.573
21.2637	443.573
21.2695	447.691
21.2753	439.492
21.2811	428.71
21.2869	421.833
21.2927	424.767
21.2985	430.199
21.3043	438.731
21.3101	443.06
21.3159	432.941
21.3217	446.4
21.3275	468.052
21.3333
21.3391
21.3449	278.145
21.3507	275.427
21.3566	277.343
21.3624	271.165
21.3682	273.841
21.374	272.263
21.3798	272.421
21.3856	273.209
21.3914	271.322
21.3972	273.051
21.403	273.841
21.4088	271.322
21.4146	270.539
21.4204	264.971
21.4262	276.703
21.432	269.447
21.4378	263.902
21.4436	266.199
21.4494	258.173
21.4552	244.387
21.461	245.236
21.4668	240.05
21.4727	230.405
21.4785	214.603
21.4843	206.218
21.4901	206.576
21.4959	198.275
21.5017	192.297
21.5075
21.5133
21.5191
21.5249
21.5307
21.5365
21.5423
21.5481
21.5539
21.5597
21.5655
21.5713
21.5771
21.5829
21.5888
21.5946
21.6004
21.6062
21.612
21.6178
21.6236
21.6294
21.6352
21.641
21.6468
21.6526
21.6584
21.6642
21.67
21.6758
21.6816
21.6874
21.6932	318.951
21.699	316.931
21.7049	314.016
21.7107	314.742
21.7165	314.379
21.7223	312.388
21.7281	311.127
21.7339	310.409
21.7397	306.312
21.7455	303.67
21.7513	296.563
21.7571	291.973
21.7629	282.68
21.7687	284.646
21.7745	284.646
21.7803	286.461
21.7861	289.957
21.7919	287.621
21.7977	289.957
21.8035	287.954
21.8093	277.663
21.8151	277.824
21.821	287.954
21.8268	281.377
21.8326	279.433
21.8384	278.145
21.8442	282.191
21.85	287.954
21.8558	286.461
21.8616	286.295
21.8674	290.459
21.8732	285.8
21.879	280.241
21.8848	278.949
21.8906	284.646
21.8964	279.756
21.9022	276.543
21.908	280.241
21.9138	282.843
21.9196
21.9254
21.9312
21.9371
21.9429
21.9487
21.9545
21.9603
21.9661
21.9719
21.9777
21.9835
21.9893
21.9951	576.24
22.0009	576.24
22.0067	585.298
22.0125	579.244
22.0183	581.255
22.0241	577.907
22.0299	590.391
22.0357	600.364
22.0415	608.744
22.0473	599.324
22.0532	584.96
22.059	583.947
22.0648	584.96
22.0706	581.927
22.0764	562.429
22.0822	554.686
22.088	551.491
22.0938	537.962
22.0996	568.307	1316.23
22.1054	567.979	1307.89
22.1112	576.24	1312.43
22.117	601.752	1329.98
22.1228	1352.45
22.1286	1433.7
22.1344	1470.6
22.1402	1477.42
22.146	1459.6
22.1518	1481.69
22.1576	1464.67
22.1634	1425.44
22.1693	1416.41
22.1751	1403.38
22.1809	1396.91
22.1867	1407.44
22.1925	1397.72
22.1983	1368.16
22.2041	1326.91
22.2099	1340.01
22.2157	1316.99
22.2215	1346.21
22.2273	1323.85
22.2331	1309.4
22.2389	1323.09
22.2447	1357.93
22.2505	1365.01
22.2563
22.2621
22.2679
22.2737
22.2795
22.2854	288.453
22.2912	288.12
22.297	283.17
22.3028	283.825
22.3086	282.843
22.3144	286.461
22.3202	291.3
22.326	295.537
22.3318	300.355
22.3376	303.67
22.3434	307.909
22.3492	309.514
22.355	309.335
22.3608	309.693
22.3666	311.307
22.3724	313.291
22.3782	312.749
22.384	314.016
22.3898	311.847
22.3956	311.487
22.4015	314.197
22.4073	311.667
22.4131	304.724
22.4189	301.05
22.4247	296.905
22.4305	298.453
22.4363	301.921
22.4421	303.144
22.4479	306.844
22.4537	314.197
22.4595
22.4653
22.4711
22.4769
22.4827
22.4885
22.4943
22.5001
22.5059
22.5117
22.5176
22.5234
22.5292
22.535
22.5408
22.5466
22.5524
22.5582
22.564
22.5698
22.5756
22.5814
22.5872
22.593	592.098
22.5988	592.098
22.6046	589.709
22.6104	600.711
22.6162	594.841
22.622	596.561
22.6278	607.34
22.6336	609.096
22.6395	604.889
22.6453	602.448
22.6511	607.691	304.372
22.6569	604.889	305.605
22.6627	608.393	311.667
22.6685	598.632	314.924
22.6743	598.978	306.844
22.6801	590.732	306.844
22.6859	600.017	294.855
22.6917	597.596	297.42
22.6975	589.028	295.878
22.7033	594.154	292.311
22.7091	589.709	295.025
22.7149	588.008	291.131
22.7207	587.669	294.855
22.7265	599.324	297.592
22.7323	594.497	298.108
22.7381	583.61	294.684
22.7439	584.622	296.22
22.7498	597.941	299.143
22.7556	600.017	297.077
22.7614	297.936
22.7672	287.455
22.773	289.287
22.7788	292.48
22.7846	298.453
22.7904	291.3
22.7962	291.3
22.802	287.455
22.8078	275.268
22.8136	285.965
22.8194	290.963
22.8252	302.794	354.308
22.831	350.643
22.8368	344.023
22.8426	341.844
22.8484	337.527
22.8542	336.748
22.86	331.154
22.8659	329.628
22.8717	322.285
22.8775	334.615	624.054
22.8833	345.416	618.313
22.8891	345.416	612.625
22.8949	346.215	611.917
22.9007	351.657	610.153	303.494
22.9065	343.031	610.153	302.619
22.9123	334.036	612.979	305.959
22.9181	352.267	616.174	307.909
22.9239	336.554	622.973	307.731
22.9297	342.832	624.775	306.844
22.9355	351.86	628.031	314.197
22.9413	354.308	630.212	316.017
22.9471	344.023	634.595	317.298
22.9529	337.917	633.131	319.32
22.9587	329.247	640.117	320.799
22.9645	637.166	318.951
22.9703	630.212	315.652
22.9761	628.031	313.472
22.9819	626.582	313.834
22.9878	622.973	313.291
22.9936	621.895	311.487
22.9994	626.944	311.127
23.0052	619.028	310.768
23.011	617.956	308.978
23.0168	610.153	304.724
23.0226	603.493	302.619
23.0284	603.144	300.009
23.0342	588.688	293.495	962.422
23.04	585.298	291.805	992.915
23.0458	582.263	291.131	995.212
23.0516	579.913	288.453	956.879
23.0574	568.964	287.455	960.756
23.0632	574.578	289.12	954.12
23.069	577.573	289.455	979.811
23.0748	581.59	287.787	982.077
23.0806	579.244	286.792	1004.45
23.0864	572.59	288.62	997.514
23.0922	584.96	289.957	984.918
23.098	585.298	292.142	980.944
23.1039	583.273	291.3	955.222
23.1097	580.919	291.131	993.489
23.1155	582.936	297.592	1014.95
23.1213	570.28	298.625	1006.78
23.1271	585.298	298.971
23.1329	589.709	300.529
23.1387	589.709	297.077
23.1445	589.369	301.398
23.1503	580.583	293.665
23.1561	562.754	287.455
23.1619	563.404	277.343
23.1677	559.836	284.811
23.1735	560.807
23.1793	555.006
23.1851	563.404
23.1909	570.939
23.1967	583.61
23.2025	603.144
23.2083	603.842
23.2141	605.938
23.22	605.588
23.2258	593.125
23.2316	598.287
23.2374	624.054
23.2432	617.599
23.249	622.613
23.2548	609.8
23.2606	612.271
23.2664	619.743
23.2722	599.324
23.278	598.978
23.2838	601.405
23.2896	601.405
23.2954	576.906
23.3012	594.497
23.307	590.391
23.3128	595.872
23.3186	606.288
23.3244	610.505
23.3302	597.251
23.3361	583.947
23.3419	588.348
23.3477	603.493
23.3535	596.217
23.3593	607.691
23.3651	593.468
23.3709	593.811
23.3767	595.528
23.3825	578.241
23.3883	585.298
23.3941	602.448
23.3999	599.671
23.4057	581.255
23.4115	585.298
23.4173	571.269
23.4231	576.24
23.4289	578.575
23.4347	590.732
23.4405	586.313
23.4463	591.756
23.4522	581.59
23.458	595.528
23.4638	576.906
23.4696	577.907
23.4754	577.24
23.4812	596.561
23.487	603.493
23.4928	571.599
23.4986	554.686
23.5044	549.583
23.5102	547.681
23.516	544.213
23.5218	552.447
23.5276
23.5334
23.5392
23.545
23.5508
23.5566
23.5624
23.5683
23.5741
23.5799
23.5857
23.5915
23.5973
23.6031
23.6089
23.6147
23.6205
23.6263
23.6321
23.6379
23.6437
23.6495
23.6553
23.6611
23.6669
23.6727
23.6785
23.6844
23.6902
23.696
23.7018
23.7076
23.7134
23.7192
23.725
23.7308
23.7366
23.7424
23.7482
23.754	330.39
23.7598	333.843
23.7656	324.152
23.7714	310.23
23.7772	310.23
23.783	305.782
23.7888	299.662
23.7946	293.665
23.8005	291.973
23.8063	290.459
23.8121	287.289
23.8179	283.334
23.8237	281.702
23.8295	278.466
23.8353	275.427
23.8411	277.023
23.8469	275.586
23.8527	268.981
23.8585	275.905
23.8643	268.05
23.8701	288.12
23.8759
23.8817
23.8875
23.8933
23.8991
23.9049
23.9107
23.9166
23.9224
23.9282
23.934	309.693	579.578
23.9398	309.514	580.248
23.9456	295.025	581.927
23.9514	294.344	588.008
23.9572	297.936	593.468
23.963	302.27	599.324
23.9688	300.876	596.217
23.9746	298.798	596.561
23.9804	297.764	594.497
23.9862	300.009	590.05
23.992	298.971	584.96
23.9978	297.249	582.936
24.0036	303.67	576.573
24.0094	293.326	569.621
24.0152	297.592	545.786
24.021	299.143	551.491
24.0268	287.289	561.455
24.0327	278.466	555.327
24.0385	278.466	555.648
24.0443	281.214	558.221
24.0501	293.665	554.686
24.0559	281.214	549.583
24.0617	278.145	555.648
24.0675	575.242
24.0733	585.636
24.0791	594.154
24.0849	606.989
24.0907	636.431
24.0965	684.082
24.1023
24.1081	291.131
24.1139	292.649
24.1197	294.855
24.1255	292.818
24.1313	298.625
24.1371	300.355
24.1429	299.316
24.1488	296.049
24.1546	293.156
24.1604	291.468
24.1662	287.455
24.172	285.634
24.1778	282.517
24.1836	280.727
24.1894	277.023
24.1952	271.322
24.201	273.209
24.2068	269.915
24.2126	270.383
24.2184	283.17
24.2242
24.23
24.2358
24.2416
24.2474
24.2532
24.259
24.2649
24.2707
24.2765
24.2823
24.2881
24.2939
24.2997
24.3055
24.3113
24.3171
24.3229
24.3287
24.3345
24.3403
24.3461	311.667
24.3519	294.514
24.3577	282.028
24.3635	282.517
24.3693	285.965
24.3751	278.306
24.381	278.466
24.3868	274.791
24.3926	274.316	394.722
24.3984	271.792	396.321
24.4042	273.841	399.308
24.41	271.478	403.249
24.4158	277.023	404.649
24.4216	272.106	400.463
24.4274	274.474	401.854
24.4332	282.028	403.948
24.439	286.13	402.783
24.4448	281.214	403.948
24.4506	284.153	405.351
24.4564	281.702	404.883
24.4622	289.12	402.783
24.468	287.954	392.902
24.4738	287.621	390.865
24.4796	286.957	384.594
24.4854	292.48	387.941
24.4912	305.605	380.616
24.4971	392.222
24.5029	386.599
24.5087	385.261
24.5145	386.152
24.5203	386.152
24.5261	385.929
24.5319	403.482
24.5377	406.288
24.5435	407.699
24.5493	401.622
24.5551	404.182
24.5609	404.182
24.5667	406.758
24.5725	406.523
24.5783	410.772
24.5841
24.5899
24.5957
24.6015
24.6073
24.6132
24.619
24.6248
24.6306
24.6364
24.6422
24.648
24.6538
24.6596
24.6654
24.6712
24.677
24.6828
24.6886
24.6944
24.7002
24.706
24.7118
24.7176
24.7234
24.7293
24.7351
24.7409
24.7467
24.7525
24.7583
24.7641
24.7699
24.7757
24.7815
24.7873
24.7931
24.7989
24.8047
24.8105
24.8163
24.8221
24.8279
24.8337
24.8395
24.8454
24.8512
24.857	240.328
24.8628	239.773
24.8686	225.012
24.8744	210.308
24.8802	211.404
24.886	211.771
24.8918	210.065
24.8976	208.373
24.9034	206.337
24.9092	209.701
24.915	203.261
24.9208	201.159
24.9266	209.459
24.9324	209.459
24.9382	209.459
24.944	208.976
24.9498	208.253
24.9556	208.012
24.9615	208.012
24.9673	209.701
24.9731	203.849
24.9789	207.413
24.9847	214.603
24.9905	224.752
24.9963	211.771
25.0021	225.403
25.0079	227.627
25.0137	223.846
25.0195	231.071
25.0253	233.351
25.0311	240.606
25.0369	236.882
25.0427
25.0485	221.147
25.0543	223.329
25.0601	220.764
25.0659	222.942
25.0717	225.924
25.0776	228.153
25.0834	222.942
25.0892	223.2
25.095	231.739
25.1008	232.678
25.1066	225.924
25.1124	228.285
25.1182	228.285
25.124	219.366
25.1298	216.846
25.1356	218.859
25.1414	218.607
25.1472	218.986
25.153	222.171
25.1588	230.671
25.1646	232.813
25.1704	243.683
25.1762	247.656
25.182	243.823
25.1878	241.58
25.1937
25.1995
25.2053
25.2111
25.2169
25.2227
25.2285
25.2343
25.2401
25.2459
25.2517
25.2575
25.2633
25.2691
25.2749
25.2807
25.2865
25.2923
25.2981
25.3039
25.3097
25.3156
25.3214
25.3272
25.333
25.3388
25.3446
25.3504
25.3562
25.362
25.3678
25.3736
25.3794
25.3852
25.391
25.3968
25.4026
25.4084
25.4142
25.42
25.4258
25.4317
25.4375
25.4433
25.4491
25.4549
25.4607
25.4665
25.4723
25.4781
25.4839
25.4897
25.4955
25.5013
25.5071
25.5129
25.5187
25.5245
25.5303
25.5361
25.542
25.5478
25.5536
25.5594
25.5652
25.571
25.5768
25.5826
25.5884
25.5942
25.6
25.6058
25.6116
25.6174
25.6232
25.629
25.6348
25.6406
25.6464
25.6522
25.658
25.6639
25.6697
25.6755
25.6813
25.6871
25.6929
25.6987
25.7045
25.7103
25.7161
25.7219
25.7277
25.7335
25.7393
25.7451
25.7509
25.7567
25.7625
25.7683
25.7741
25.78
25.7858
25.7916
25.7974
25.8032
25.809
25.8148
25.8206
25.8264
25.8322
25.838
25.8438
25.8496
25.8554
25.8612
25.867
25.8728
25.8786
25.8844
25.8902
25.8961
25.9019
25.9077
25.9135
25.9193
25.9251
25.9309
25.9367
25.9425
25.9483
25.9541
25.9599
25.9657
25.9715
25.9773
25.9831
25.9889
25.9947
26.0005
26.0063
26.0122
26.018
26.0238
26.0296
26.0354
26.0412
26.047
26.0528
26.0586
26.0644
26.0702
26.076
26.0818
26.0876
26.0934
26.0992
26.105
26.1108
26.1166
26.1224
26.1283
26.1341
26.1399
26.1457
26.1515
26.1573
26.1631
26.1689
26.1747
26.1805
26.1863
26.1921
26.1979
26.2037
26.2095
26.2153
26.2211
26.2269
26.2327
26.2385	397.927
26.2444	372.999
26.2502	375.376
26.256	374.077
26.2618	389.063
26.2676	396.55
26.2734	376.897
26.2792	367.439
26.285	350.238
26.2908	348.825
26.2966	345.816
26.3024	338.308
26.3082	352.064
26.314	362.589
26.3198	367.227	224.104
26.3256	371.065	222.043
26.3314	371.708	220.509
26.3372	362.38	221.53
26.343	368.927	223.716
26.3488	368.501	221.914
26.3546	369.141	222.685
26.3605	364.479	221.53
26.3663	369.781	223.587
26.3721	369.567	224.493
26.3779	367.227	222.171
26.3837	378.205	231.739
26.3895	382.379	232.275
26.3953	386.599	232.007
26.4011	395.178	230.938
26.4069	408.17	230.671
26.4127	415.785	232.41
26.4185	432.441	235.382
26.4243	432.441	240.328
26.4301	441.528	240.05
26.4359	441.528	241.441
26.4417	440.254	250.389
26.4475	255.06
26.4533	254.618
26.4591	253.006
26.4649	242.139
26.4707	235.926
26.4766	238.668
26.4824	251.403
26.4882	259.518
26.494	255.355
26.4998	257.577
26.5056	254.178
26.5114	258.322
26.5172	248.803
26.523	250.533
26.5288
26.5346
26.5404
26.5462
26.552
26.5578
26.5636
26.5694
26.5752
26.581
26.5868
26.5927
26.5985
26.6043
26.6101
26.6159
26.6217
26.6275
26.6333
26.6391
26.6449
26.6507
26.6565
26.6623
26.6681
26.6739
26.6797
26.6855
26.6913
26.6971
26.7029
26.7088
26.7146
26.7204
26.7262	1416.41
26.732	1409.07
26.7378	1315.47
26.7436	1336.14
26.7494	1267.73
26.7552	1270.66
26.761	1266.26
26.7668	1269.19
26.7726	1296.61
26.7784	1293.62
26.7842	1277.28
26.79	1289.88
26.7958	1277.28
26.8016	1250.27
26.8074	1250.99
26.8132	1284.68
26.819	1337.69
26.8249	1340.01
26.8307	1333.83
26.8365	1341.56
26.8423	1395.3
26.8481
26.8539
26.8597
26.8655
26.8713
26.8771
26.8829
26.8887	269.759
26.8945	277.663
26.9003	274.157
26.9061	281.865
26.9119	298.108
26.9177	300.529
26.9235	301.921
26.9293	305.782
26.9351	304.724
26.941	308.087
26.9468	304.9
26.9526	302.969
26.9584	301.572
26.9642	298.625
26.97	297.42
26.9758	296.391
26.9816	296.22
26.9874	294.514
26.9932	292.311
26.999	290.459
27.0048	281.214
27.0106	271.792
27.0164	262.989
27.0222	262.231
27.028	265.584
27.0338	266.199
27.0396	272.421
27.0454	264.36
27.0512	266.045
27.0571	266.199
27.0629	269.759
27.0687	269.915
27.0745	270.539
27.0803	269.292
27.0861	278.627
27.0919	266.969
27.0977	267.895
27.1035	271.635
27.1093	265.738
27.1151	265.891
27.1209	254.913
27.1267
27.1325
27.1383
27.1441
27.1499
27.1557
27.1615
27.1673
27.1732
27.179
27.1848
27.1906
27.1964
27.2022
27.208
27.2138
27.2196
27.2254
27.2312
27.237
27.2428
27.2486
27.2544
27.2602
27.266
27.2718
27.2776
27.2834
27.2893
27.2951
27.3009
27.3067
27.3125
27.3183
27.3241
27.3299
27.3357
27.3415
27.3473
27.3531
27.3589
27.3647	284.153
27.3705	299.489
27.3763	307.021
27.3821	307.731
27.3879	309.872
27.3937	304.548
27.3995	310.768
27.4054	308.265
27.4112	308.621
27.417	317.114
27.4228	323.03
27.4286	310.051
27.4344	306.666
27.4402	300.529
27.446	302.619
27.4518	305.253
27.4576	302.27
27.4634	302.27
27.4692	290.459
27.475	279.272
27.4808
27.4866	350.238
27.4924	351.86
27.4982	366.167
27.504	364.269
27.5098	366.167
27.5156	343.625
27.5215	345.816
27.5273	346.215
27.5331	361.962
27.5389	358.011
27.5447	349.632
27.5505	357.185
27.5563	356.772
27.5621	355.538
27.5679	357.804
27.5737	359.669
27.5795	367.227
27.5853	366.591
27.5911	368.714
27.5969	362.589
27.6027	361.335
27.6085	354.922
27.6143	360.918
27.6201	359.461
27.6259	351.657
27.6317	352.674
27.6376	345.217
27.6434	349.632
27.6492	341.646
27.655	338.112
27.6608	337.917
27.6666
27.6724
27.6782
27.684
27.6898
27.6956
27.7014
27.7072
27.713
27.7188
27.7246
27.7304
27.7362
27.742
27.7478
27.7537
27.7595
27.7653
27.7711
27.7769
27.7827
27.7885
27.7943
27.8001
27.8059
27.8117
27.8175
27.8233
27.8291
27.8349
27.8407
27.8465
27.8523
27.8581
27.8639
27.8698
27.8756
27.8814
27.8872
27.893
27.8988
27.9046
27.9104
27.9162
27.922
27.9278
27.9336
27.9394
27.9452
27.951
27.9568
27.9626
27.9684
27.9742
27.98
27.9858
27.9917
27.9975
28.0033
28.0091
28.0149
28.0207
28.0265
28.0323
28.0381
28.0439
28.0497
28.0555
28.0613
28.0671
28.0729
28.0787
28.0845
28.0903
28.0961
28.1019
28.1078
28.1136
28.1194
28.1252
28.131
28.1368
28.1426
28.1484
28.1542
28.16
28.1658
28.1716
28.1774
28.1832
28.189
28.1948
28.2006
28.2064
28.2122
28.2181
28.2239
28.2297
28.2355
28.2413
28.2471
28.2529
28.2587
28.2645
28.2703
28.2761
28.2819
28.2877
28.2935
28.2993
28.3051
28.3109
28.3167
28.3225
28.3283
28.3341
28.34
28.3458
28.3516
28.3574
28.3632
28.369
28.3748
28.3806
28.3864
28.3922
28.398
28.4038
28.4096
28.4154
28.4212
28.427
28.4328
28.4386
28.4444
28.4502
28.4561
28.4619
28.4677
28.4735
28.4793
28.4851
28.4909
28.4967
28.5025
28.5083
28.5141
28.5199
28.5257
28.5315
28.5373
28.5431
28.5489
28.5547
28.5605
28.5663
28.5722
28.578
28.5838
28.5896
28.5954
28.6012
28.607
28.6128
28.6186
28.6244
28.6302
28.636
28.6418
28.6476
28.6534
28.6592
28.665
28.6708
28.6766
28.6824
28.6883
28.6941
28.6999
28.7057
28.7115
28.7173
28.7231
28.7289
28.7347
28.7405
28.7463
28.7521
28.7579
28.7637
28.7695
28.7753
28.7811
28.7869
28.7927
28.7985
28.8044
28.8102
28.816
28.8218
28.8276
28.8334
28.8392
28.845
28.8508
28.8566
28.8624
28.8682
28.874
28.8798
28.8856
28.8914
28.8972
28.903
28.9088
28.9146
28.9205
28.9263
28.9321
28.9379
28.9437
28.9495
28.9553
28.9611
28.9669
28.9727
28.9785
28.9843
28.9901
28.9959
29.0017
29.0075
29.0133
29.0191
29.0249
29.0307
29.0366
29.0424
29.0482
29.054
29.0598
29.0656
29.0714
29.0772
29.083
29.0888
29.0946
29.1004
29.1062
29.112
29.1178
29.1236
29.1294
29.1352
29.141
29.1468
29.1527
29.1585
29.1643
29.1701
29.1759
29.1817
29.1875
29.1933
29.1991
29.2049
29.2107
29.2165
29.2223
29.2281
29.2339
29.2397
29.2455
29.2513
29.2571
29.2629
29.2688
29.2746
29.2804
29.2862
29.292
29.2978
29.3036
29.3094
29.3152
29.321
29.3268
29.3326
29.3384
29.3442
29.35	341.449
29.3558	342.634
29.3616	331.729
29.3674	325.841
29.3732	322.844
29.379	327.729
29.3849	330.39
29.3907	329.628
29.3965	335.777
29.4023	344.42
29.4081	340.858
29.4139	344.221
29.4197	339.679
29.4255	342.041
29.4313	347.819
29.4371	355.949
29.4429	364.69
29.4487	368.927
29.4545	372.138
29.4603	376.679
29.4661	369.567
29.4719	368.927	306.312
29.4777	373.214	309.514
29.4835	363.218	318.215
29.4893	361.335	318.032
29.4951	362.38	320.429
29.501	362.589	321.727
29.5068	376.027	327.351
29.5126	366.803	328.867
29.5184	372.138	326.973
29.5242	377.769	324.902
29.53	366.803	317.298
29.5358	379.518	310.947
29.5416	381.276	304.372
29.5474	381.497	298.281
29.5532	381.938	297.936
29.559	383.707	296.734
29.5648	397.927	292.311
29.5706	383.264	290.795
29.5764	390.188	289.12
29.5822	389.063	286.957
29.588	385.707	286.957
29.5938	393.584	286.792
29.5996	394.494	291.131
29.6054	386.152	292.818
29.6112	376.244	308.621
29.6171	377.551	305.782
29.6229	297.764
29.6287	297.077
29.6345	292.649
29.6403	301.572
29.6461	301.572
29.6519	289.622
29.6577	296.391
29.6635	301.05
29.6693	314.924
29.6751	311.487
29.6809	297.077
29.6867	296.734
29.6925	293.495
29.6983	298.108
29.7041	301.572
29.7099	311.847
29.7157	310.051
29.7215	306.312
29.7273	305.605
29.7332	301.921
29.739	293.834
29.7448	302.619
29.7506	301.572
29.7564	291.636
29.7622	292.48
29.768	295.025
29.7738	302.794
29.7796	308.443
29.7854	319.136
29.7912	320.614
29.797	330.009
29.8028	328.677
29.8086	322.844
29.8144	309.872
29.8202	298.625
29.826	294.514
29.8318	288.12
29.8376	288.287
29.8434	282.843
29.8493	272.578
29.8551	274.633
29.8609	276.064
29.8667	275.427
29.8725
29.8783
29.8841
29.8899
29.8957
29.9015
29.9073
29.9131
29.9189
29.9247
29.9305
29.9363
29.9421
29.9479
29.9537
29.9595
29.9654
29.9712
29.977
29.9828
29.9886
29.9944
30.0002
30.006
30.0118
30.0176
30.0234
30.0292
30.035
30.0408
30.0466
