0
0.00580499
0.01161
0.017415
0.02322
0.0290249
0.0348299
0.0406349
0.0464399
0.0522449
0.0580499
0.0638549
0.0696599
0.0754649
0.0812698
0.0870748
0.0928798
0.0986848
0.10449
0.110295
0.1161
0.121905
0.12771
0.133515
0.13932
0.145125
0.15093
0.156735
0.16254
0.168345
0.17415
0.179955
0.18576
0.191565
0.19737
0.203175
0.20898
0.214785
0.22059
0.226395
0.2322
0.238005
0.24381
0.249615
0.255419
0.261224
0.267029
0.272834
0.278639
0.284444
0.290249
0.296054
0.301859
0.307664
0.313469
0.319274
0.325079
0.330884
0.336689
0.342494
0.348299
0.354104
0.359909
0.365714
0.371519
0.377324
0.383129
0.388934
0.394739
0.400544
0.406349
0.412154
0.417959
0.423764
0.429569
0.435374
0.441179
0.446984
0.452789
0.458594
0.464399
0.470204
0.476009
0.481814
0.487619
0.493424
0.499229
0.505034
0.510839
0.516644
0.522449
0.528254
0.534059
0.539864
0.545669
0.551474
0.557279
0.563084
0.568889
0.574694
0.580499
0.586304
0.592109
0.597914
0.603719
0.609524
0.615329
0.621134
0.626939
0.632744
0.638549
0.644354
0.650159
0.655964
0.661769
0.667574
0.673379
0.679184
0.684989
0.690794
0.696599
0.702404
0.708209
0.714014
0.719819
0.725624
0.731429
0.737234
0.743039
0.748844
0.754649
0.760454
0.766258
0.772063
0.777868
0.783673
0.789478
0.795283
0.801088
0.806893
0.812698
0.818503
0.824308
0.830113
0.835918
0.841723
0.847528
0.853333
0.859138
0.864943
0.870748
0.876553
0.882358
0.888163
0.893968
0.899773
0.905578
0.911383
0.917188
0.922993
0.928798
0.934603
0.940408
0.946213
0.952018
0.957823
0.963628
0.969433
0.975238
0.981043
0.986848
0.992653
0.998458
1.00426
1.01007
1.01587
1.02168
1.02748
1.03329
1.03909
1.0449
1.0507	545.786
1.05651	543.27
1.06231	538.273
1.06812	534.863
1.07392	532.397
1.07973	530.249
1.08553	529.331
1.09134	529.637
1.09714	531.169
1.10295	532.705
1.10875	533.013
1.11456	523.553	548.315
1.12036	517.241	549.9
1.12617	513.965	548.631
1.13197	514.856	514.856
1.13778	516.942	516.942
1.14358	518.438	518.438
1.14939	519.637	519.637
1.15519	520.839	520.839
1.161	521.14	521.14
1.1668	520.538	520.538
1.17261	519.337	519.337
1.17841	517.54	517.54
1.18422	515.749	515.749
1.19002	513.668	513.668
1.19583	512.187	512.187
1.20163	512.187	512.187
1.20744	512.779
1.21324	511.595	553.725
1.21905	505.135	550.854
1.22485	502.226	552.128
1.23066	499.622	554.686
1.23646	500.199	554.365
1.24227	501.067	552.128
1.24807	514.856	551.491
1.25388	514.856	545.156
1.25968	536.41	551.491
1.26549	551.809	551.809
1.27129	511.891	552.128
1.2771	511.005	552.766
1.2829	553.725
1.28871	555.327	93.6815
1.29451	556.611	93.3035
1.30032	556.611	92.7661
1.30612	555.969	92.8197
1.31193	554.686	92.8197
1.31773	554.686	92.7126
1.32354	555.327	92.2851
1.32934	556.611	92.0722
1.33515	556.29	92.2851
1.34095	555.648	92.4452
1.34676	555.006	92.9807	375.376
1.35256	555.327	92.9807	374.294
1.35837	555.648	93.2496	377.769
1.36417	556.29	92.8197	374.077
1.36998	556.611	92.2318	370.208
1.37578	556.29	91.9128	368.289
1.38159	555.969	92.019	367.651
1.38739	555.327	92.2318	367.863
1.3932	555.648	92.552	368.501
1.399	555.648	92.4986	368.714
1.40481	556.29	92.3385	368.714
1.41061	556.611	91.5947	368.714
1.41642	556.933	91.4362	368.501	556.933
1.42222	556.933	91.4362	368.501	556.933
1.42803	556.933	89.0386	368.501	556.933
1.43383	557.255	89.3994	368.076	557.255
1.43964	557.899	89.3994	367.651	557.899
1.44544	558.544	90.8046	367.227	558.544
1.45125	558.544	368.076	558.544
1.45705	558.544	368.289	558.544
1.46286	558.221	369.567	558.221
1.46866	558.221	371.065	558.221
1.47447	557.577	372.568	557.577
1.48027	557.255	372.999	557.255
1.48608	556.933	373.214	556.933
1.49188	556.611	372.353	556.611
1.49769	556.933	371.065	556.933
1.50349	557.255	369.567	557.255
1.5093	557.255	368.714	557.255
1.5151	557.255	368.076	557.255
1.52091	556.933	367.227	556.933
1.52671	556.611	368.927	556.611
1.53252	370.422	556.29
1.53832	373.214	555.969
1.54413	375.376	555.648
1.54993	374.077	555.648
1.55574	371.065	555.648
1.56154	369.781	555.648
1.56735	369.994	555.006
1.57315	371.279	555.006
1.57896	372.568	556.29
1.58476	372.138	556.933
1.59057	371.065	557.255
1.59637	370.85	557.899
1.60218	370.85	558.221
1.60798	370.636	558.544	370.422
1.61379	370.422	558.221	370.208
1.61959	370.636	557.577	370.422
1.6254	371.065	556.933	370.85
1.6312	371.493	556.933	371.279
1.63701	371.923	556.933	371.708
1.64281	372.353	556.933	372.138
1.64862	372.783	556.933	372.353
1.65442	372.999	556.933	371.279
1.66023	372.353	556.933	370.636
1.66603	371.279	556.611	370.208
1.67184	371.493	556.933	371.279
1.67764	372.138	557.577	372.353
1.68345	372.568	557.255	372.568
1.68925	372.353	556.933	372.353
1.69506	370.422	555.969	370.208
1.70086	555.648	368.927
1.70667	556.29	366.591
1.71247	556.611	368.501	184.357
1.71828	557.255	369.141	184.144
1.72408	557.255	369.781	184.038
1.72989	558.544	370.85	183.825
1.73569	558.221	370.85	184.784
1.7415	557.577	369.781	184.357
1.7473	556.611	368.501	183.825
1.75311	556.611	368.501	183.613
1.75891	555.969	370.636	184.677
1.76472	554.365	372.138	185.104
1.77052	553.086	372.353	185.211
1.77633	545.786	370.636	184.784
1.78213	368.714	184.464
1.78794	369.141	184.57
1.79374	369.354	184.677
1.79955	369.141	184.251
1.80535	369.567	185.211
1.81116	370.208	186.176
1.81696	370.85	186.931
1.82277	370.85	187.255
1.82857	369.354	186.823
1.83438	368.714	186.069
1.84018	368.076	184.89	184.677
1.84599	368.289	182.872	181.399
1.85179	368.714	181.399	177.769
1.8576	369.354	184.677	177.256
1.8634	369.141	181.819	177.769
1.86921	368.501	181.819	177.974
1.87501	369.567	175.829	176.134
1.88082	370.208	184.677	173.608
1.88662	370.636	186.176	172.808
1.89243	372.568	187.147	173.809
1.89823	372.999	186.499	176.134
1.90404	372.353	185.961	173.408
1.90984	368.289	184.357	178.696	147.768
1.91565	365.956	182.556	174.513	150.004
1.92145	367.014	182.45	180.251	148.538
1.92726	366.379	182.978	182.24	145.566
1.93306	370.636	184.357	178.386	143.396
1.93887	373.214	184.997	182.978	143.728
1.94467	380.616	189.431	186.931	145.146
1.95048	186.392	186.069	145.566
1.95628	184.251	183.932	144.143	367.227
1.96209	183.084	183.613	141.177	365.111
1.96789	181.819	174.211	139.797	364.269
1.9737	142.488	364.269
1.9795	146.494	365.322
1.98531	148.196	367.227
1.99111	148.11	371.493
1.99692	142.652	376.679
2.00272	136.132	378.205
2.00853	142.9	368.714
2.01433	149.658	366.591
2.02014	152.186	365.111
2.02594	150.873	365.745
2.03175	146.578	365.956
2.03755	143.23	366.379
2.04336	137.396	366.379
2.04916	136.604	366.591	173.108
2.05497	139.394	368.076	168.959
2.06077	143.645	369.354	170.429
2.06658	370.636	173.91
2.07238	373.861	176.439
2.07819	373.645	174.614
2.08399	372.783	169.937
2.0898	369.141	165.96
2.0956	367.651	166.536
2.10141	365.956	167.695
2.10721	364.901	171.912
2.11302	367.439	177.359
2.11882	368.927	184.784
2.12463	376.462	180.667
2.13043	368.714	176.439
2.13624	363.848	174.816
2.14204	362.589	176.745
2.14785	363.218	176.134
2.15365	366.379	175.22
2.15946	365.322	179.938
2.16526	366.803	183.825
2.17107	372.783	186.284
2.17687	377.769	187.58
2.18268	374.943	185.104
2.18848	369.994	185.532
2.19429	364.479	184.464
2.20009	363.428	180.981
2.2059	364.058	180.772
2.2117	364.69	180.772
2.21751	370.208	182.767
2.22331	367.014	177.461
2.22912	367.651	183.719	170.922
2.23492	366.379	183.719	170.036
2.24073	365.322	180.042	170.922
2.24653	362.171	181.085	179.212
2.25234	362.38	182.24	180.355
2.25814	365.956	184.464	173.91
2.26395	368.714	182.767	170.232
2.26975	365.322	182.978	168.569
2.27556	370.636	185.425	171.912
2.28136	368.076	183.932	171.515
2.28717	367.651	180.981	174.111
2.29297	368.289	185.318	176.643
2.29878	365.745	182.661	178.077
2.30458	367.439	181.19	178.077
2.31039	368.714	178.696	178.489
2.31619	367.651	181.504	175.93
2.322	364.058	184.357	176.337
2.3278	368.714	184.357	177.359
2.33361	367.651	184.038	174.715
2.33941	363.848	182.872	176.032
2.34522	184.997	172.708
2.35102	186.607	171.317
2.35683	193.188	170.429
2.36263	182.345	171.218
2.36844	183.613	172.708
2.37424	184.357	173.91
2.38005	185.854	175.322
2.38585	184.784	172.808
2.39166	184.677	171.021
2.39746	185.961	175.22
2.40327	188.014	175.22
2.40907	188.994	173.108
2.41488	190.418	175.322
2.42068	188.231	174.917
2.42649	185.854	178.077
2.43229	182.134	177.052
2.4381	180.981	174.413
2.4439	178.799	173.709
2.44971	182.978	176.847
2.45551	178.799	171.317
2.46132	181.819	173.709
2.46712	182.134	181.399
2.47293	179.627	179.731
2.47873	188.775	179.523
2.48454	187.363	187.255
2.49034	186.069	185.961
2.49615	184.144	185.639
2.50195	183.507	184.464
2.50776	181.609	180.772
2.51356	184.997	182.556
2.51937	189.431	189.212
2.52517	188.666
2.53098	184.997
2.53678	180.355
2.54258	182.978
2.54839	179.42
2.55419	178.18
2.56	182.978
2.5658	184.89
2.57161	186.931
2.57741	186.823
2.58322	182.45
2.58902	178.18
2.59483	182.24
2.60063	184.144
2.60644	187.688
2.61224	189.103
2.61805	185.854
2.62385	185.104
2.62966	186.931
2.63546	187.039
2.64127	188.34
2.64707	190.748	732.758
2.65288	190.638	757.723
2.65868	196.565	759.914
2.66449	194.419	739.989
2.67029	189.321	730.645
2.6761	180.042	771.859
2.6819	180.981	778.575
2.68771	174.211	796.314
2.69351	167.986	777.228
2.69932	773.197
2.70512	780.376
2.71093	779.926
2.71673	773.197
2.72254	784.444
2.72834	782.634
2.73415	782.634
2.73995	782.634
2.74576	751.62
2.75156	748.587
2.75737	735.727
2.76317	735.302
2.76898	737.003
2.77478	737.003
2.78059	741.701
2.78639	770.077
2.7922	796.314
2.798	783.086
2.80381	774.091
2.80961	785.351
2.81542	785.804
2.82122	775.882
2.82703	787.167
2.83283	790.357
2.83864	752.054
2.84444	769.188
2.85025	794.017
2.85605	757.723
2.86186	790.357
2.86766	793.559
2.87347	767.413
2.87927	766.97
2.88508
2.89088	791.27
2.89669	789.9
2.90249	776.33
2.9083	787.622
2.9141	792.642
2.91991	784.897
2.92571	779.475
2.93152	773.644
2.93732	773.644
2.94313	777.677
2.94893	794.935
2.95474	798.156
2.96054	814.927
2.96635	800.927
2.97215	782.182
2.97796	780.827
2.98376	784.897
2.98957	782.182
2.99537	777.228	1159.83
3.00118	779.475	1124.86
3.00698	781.279	1122.26
3.01279	757.723	1104.26
3.01859	767.413	1092.83
3.0244	769.633	1103.62
3.0302	770.077	1109.37
3.03601	781.73	1118.38
3.04181	785.804	1132.68	785.804
3.04762	783.538	1149.82	783.538
3.05342	784.897	1161.17	784.897
3.05923	781.279	1157.15	781.279
3.06503	779.475	1147.17	779.475
3.07084	780.827	1145.18	780.827
3.07664	783.086	1145.18	783.086
3.08245	787.167	1153.81	787.167
3.08825	791.27	1153.15	791.27
3.09406	789.444	1122.26	789.444
3.09986	783.991	1109.37	783.991
3.10567	780.376	1115.15	780.376
3.11147	787.622	1141.22	787.622
3.11728	789.444	1159.16	789.444
3.12308	783.991	1143.86	783.991
3.12889	782.182	1134.65	782.182
3.13469	1141.88	780.827
3.1405	1151.15	787.167
3.1463	1139.9	804.172
3.15211	1152.48	805.101
3.15791	1159.83	817.284
3.16372	1143.2	829.65	779.926
3.16952	1149.82	807.896	779.926
3.17533	1162.51	781.73	781.73
3.18113	1124.21	784.897	784.897
3.18694	1101.07	783.086	783.086
3.19274	1107.45	781.73	781.73
3.19855	1102.34	781.73	781.73
3.20435	1108.09	781.73	781.73
3.21016	1124.21	782.182	782.182
3.21596	1130.07	783.538	783.538
3.22177	1157.15	785.804	785.804
3.22757	1154.48	784.897	784.897
3.23338	1129.41	784.897	784.897
3.23918	1142.54	783.991	783.991
3.24499	1168.57	782.634
3.25079	1150.48	783.086
3.2566	785.351
3.2624	785.351
3.26821	783.991
3.27401	784.444
3.27982	787.622
3.28562	788.532
3.29143	788.988
3.29723	788.988
3.30304	785.351
3.30884	784.444
3.31465	783.991
3.32045	783.538
3.32626	782.182
3.33206	780.376
3.33787	786.713
3.34367	797.234
3.34948	784.444
3.35528	806.032
3.36109
3.36689	793.1
3.3727	784.897
3.3785	776.33
3.38431	773.644
3.39011	776.779
3.39592	777.228
3.40172	774.986
3.40753	775.882
3.41333	779.475
3.41914	781.279
3.42494	782.634
3.43075	783.538
3.43655	787.167
3.44236	784.444
3.44816	783.538
3.45397	788.532
3.45977	788.532
3.46558	781.279
3.47138	774.986
3.47719	779.025
3.48299	792.185
3.4888	787.167
3.4946	788.988
3.50041	806.964
3.50621	788.988
3.51202	763.875
3.51782	757.723
3.52363	748.587
3.52943	734.453
3.53524
3.54104
3.54685
3.55265
3.55846
3.56426
3.57007
3.57587
3.58168
3.58748
3.59329
3.59909
3.6049
3.6107
3.61651
3.62231
3.62812
3.63392
3.63973
3.64553
3.65134
3.65714
3.66295
3.66875
3.67456
3.68036
3.68617
3.69197
3.69778
3.70358
3.70939
3.71519
3.721
3.7268
3.73261
3.73841
3.74422
3.75002
3.75583
3.76163
3.76744
3.77324
3.77905
3.78485
3.79066
3.79646
3.80227
3.80807
3.81388
3.81968
3.82549
3.83129
3.8371
3.8429
3.84871
3.85451
3.86032
3.86612
3.87193
3.87773
3.88354
3.88934
3.89515
3.90095
3.90676
3.91256
3.91837
3.92417
3.92998
3.93578
3.94159
3.94739
3.9532
3.959
3.96481
3.97061
3.97642
3.98222
3.98803
3.99383
3.99964
4.00544
4.01125
4.01705
4.02286
4.02866
4.03447
4.04027
4.04608
4.05188
4.05769
4.06349
4.0693
4.0751
4.08091
4.08671
4.09252
4.09832
4.10413
4.10993
4.11574
4.12154
4.12735
4.13315
4.13896
4.14476
4.15057
4.15637
4.16218
4.16798
4.17379
4.17959
4.1854
4.1912
4.19701
4.20281
4.20862
4.21442
4.22023
4.22603
4.23184
4.23764
4.24345
4.24925
4.25506
4.26086
4.26667
4.27247
4.27828
4.28408
4.28989
4.29569
4.3015
4.3073
4.31311
4.31891
4.32472
4.33052
4.33633
4.34213
4.34794
4.35374
4.35955
4.36535
4.37116
4.37696
4.38277
4.38857
4.39438
4.40018
4.40599
4.41179
4.4176
4.4234
4.42921
4.43501
4.44082
4.44662
4.45243
4.45823
4.46404
4.46984
4.47565
4.48145
4.48726
4.49306
4.49887
4.50467
4.51048
4.51628
4.52209
4.52789
4.5337
4.5395
4.54531
4.55111
4.55692
4.56272
4.56853
4.57433
4.58014
4.58594
4.59175
4.59755
4.60336
4.60916
4.61497
4.62077
4.62658
4.63238
4.63819
4.64399
4.6498
4.6556
4.66141
4.66721
4.67302
4.67882
4.68463
4.69043
4.69624
4.70204
4.70785
4.71365
4.71946
4.72526
4.73107
4.73687
4.74268
4.74848
4.75429
4.76009
4.7659
4.7717
4.77751
4.78331
4.78912
4.79492
4.80073
4.80653
4.81234
4.81814
4.82395
4.82975
4.83556
4.84136
4.84717
4.85297
4.85878
4.86458
4.87039
4.87619
4.882
4.8878
4.89361
4.89941
4.90522
4.91102
4.91683
4.92263
4.92844
4.93424
4.94005
4.94585
4.95166
4.95746
4.96327
4.96907
4.97487
4.98068
4.98649
4.99229
4.9981
5.0039
5.00971
5.01551
5.02132
5.02712
5.03293
5.03873
5.04454
5.05034
5.05615
5.06195
5.06776
5.07356
5.07936
5.08517
5.09097
5.09678
5.10258
5.10839
5.11419
5.12
5.1258
5.13161
5.13741
5.14322
5.14902
5.15483
5.16063
5.16644
5.17225
5.17805
5.18385
5.18966
5.19546
5.20127
5.20707
5.21288
5.21868
5.22449
5.23029
5.2361
5.2419
5.24771
5.25351
5.25932
5.26512
5.27093
5.27673
5.28254
5.28834
5.29415
5.29995
5.30576
5.31156
5.31737
5.32317
5.32898
5.33478
5.34059
5.34639
5.3522
5.358
5.36381
5.36961
5.37542
5.38122
5.38703
5.39283
5.39864
5.40444
5.41025
5.41605
5.42186
5.42766
5.43347
5.43927
5.44508
5.45088
5.45669
5.46249
5.4683
5.4741
5.47991
5.48571
5.49152
5.49732
5.50313
5.50893
5.51474
5.52054
5.52635
5.53215
5.53796
5.54376
5.54957
5.55537
5.56118
5.56698
5.57279
5.57859
5.5844
5.5902
5.59601
5.60181
5.60762
5.61342
5.61923
5.62503
5.63084
5.63664
5.64245
5.64825
5.65406
5.65986
5.66567
5.67147
5.67728
5.68308
5.68889
5.69469
5.7005
5.7063
5.71211
5.71791
5.72372
5.72952
5.73533
5.74113
5.74694
5.75274
5.75855
5.76435
5.77016
5.77596
5.78177
5.78757
5.79338
5.79918
5.80499
5.81079
5.8166
5.8224
5.82821
5.83401
5.83982
5.84562
5.85143
5.85723
5.86304
5.86884
5.87465
5.88045
5.88626
5.89206
5.89787
5.90367
5.90948
5.91528
5.92109
5.92689
5.9327
5.9385
5.94431
5.95011
5.95592
5.96172
5.96753
5.97333
5.97914
5.98494
5.99075
5.99655
6.00236
6.00816
6.01397
6.01977
6.02558
6.03138
6.03719
6.04299
6.0488
6.0546
6.06041
6.06621
6.07202
6.07782
6.08363
6.08943
6.09524
6.10104
6.10685
6.11265
6.11846
6.12426
6.13007
6.13587
6.14168
6.14748
6.15329
6.15909
6.1649
6.1707
6.17651
6.18231
6.18812
6.19392
6.19973
6.20553
6.21134
6.21714
6.22295
6.22875
6.23456
6.24036
6.24617
6.25197
6.25778
6.26358
6.26939
6.27519
6.281
6.2868
6.29261
6.29841
6.30422
6.31002
6.31583
6.32163
6.32744
6.33324
6.33905
6.34485
6.35066
6.35646
6.36227
6.36807
6.37388
6.37968
6.38549
6.39129
6.3971
6.4029
6.40871
6.41451
6.42032
6.42612
6.43193
6.43773
6.44354
6.44934
6.45515
6.46095
6.46676
6.47256
6.47837
6.48417
6.48998
6.49578
6.50159
6.50739
6.5132
6.519
6.52481
6.53061
6.53642
6.54222
6.54803
6.55383
6.55964
6.56544
6.57125
6.57705
6.58286
6.58866
6.59447
6.60027
6.60608
6.61188
6.61769
6.62349
6.6293
6.6351
6.64091
6.64671
6.65252
6.65832
6.66413
6.66993
6.67574
6.68154
6.68735
6.69315
6.69896
6.70476
6.71057
6.71637
6.72218
6.72798
6.73379
6.73959
6.7454
6.7512
6.75701
6.76281
6.76862
6.77442
6.78023
6.78603
6.79184
6.79764
6.80345
6.80925
6.81506
6.82086
6.82667
6.83247
6.83828
6.84408
6.84989
6.85569
6.8615
6.8673
6.87311
6.87891
6.88472
6.89052
6.89633
6.90213
6.90794
6.91374
6.91955
6.92535
6.93116
6.93696
6.94277
6.94857
6.95438
6.96018
6.96599
6.97179
6.9776
6.9834
6.98921
6.99501
7.00082
7.00662
7.01243
7.01823
7.02404
7.02984
7.03565
7.04145
7.04726
7.05306
7.05887
7.06467
7.07048
7.07628
7.08209
7.08789
7.0937
7.0995
7.10531
7.11111
7.11692
7.12272
7.12853
7.13433
7.14014
7.14594
7.15175
7.15755
7.16336
7.16916
7.17497
7.18077
7.18658
7.19238
7.19819
7.20399
7.2098
7.2156
7.22141
7.22721
7.23302
7.23882
7.24463
7.25043
7.25624
7.26204
7.26785
7.27365
7.27946
7.28526
7.29107
7.29687
7.30268
7.30848
7.31429
7.32009
7.3259
7.3317
7.33751
7.34331
7.34912
7.35492
7.36073
7.36653
7.37234
7.37814
7.38395
7.38975
7.39556
7.40136
7.40717
7.41297
7.41878
7.42458
7.43039
7.43619
7.442
7.4478
7.45361
7.45941
7.46522
7.47102
7.47683
7.48263
7.48844
7.49424
7.50005
7.50585
7.51166
7.51746
7.52327
7.52907
7.53487
7.54068
7.54648
7.55229
7.55809
7.5639
7.56971
7.57551
7.58132
7.58712
7.59293
7.59873
7.60454
7.61034
7.61615
7.62195
7.62776
7.63356
7.63936
7.64517
7.65097
7.65678
7.66258
7.66839
7.67419
7.68
7.6858
7.69161
7.69741
7.70322
7.70902
7.71483
7.72063
7.72644
7.73224
7.73805
7.74385
7.74966
7.75546
7.76127
7.76707
7.77288
7.77868
7.78449
7.79029
7.7961
7.8019
7.80771
7.81351
7.81932
7.82512
7.83093
7.83673
7.84254
7.84834
7.85415
7.85995
7.86576
7.87156
7.87737
7.88317
7.88898
7.89478
7.90059
7.90639
7.9122
7.918
7.92381
7.92961
7.93542
7.94122
7.94703
7.95283
7.95864
7.96444
7.97025
7.97605
7.98186
7.98766
7.99347
7.99927
8.00508
8.01088
8.01669
8.02249
8.0283
8.0341
8.03991
8.04571
8.05152
8.05732
8.06313
8.06893
8.07474
8.08054
8.08635
8.09215
8.09796
8.10376
8.10957
8.11537
8.12118
8.12698
8.13279
8.13859
8.1444
8.1502
8.15601
8.16181
8.16762
8.17342
8.17923
8.18503
8.19084
8.19664
8.20245
8.20825
8.21406
8.21986
8.22567
8.23147
8.23728
8.24308
8.24889
8.25469
8.2605
8.2663
8.27211
8.27791
8.28372
8.28952
8.29533
8.30113
8.30694
8.31274
8.31855
8.32435
8.33016
8.33596
8.34177
8.34757
8.35338
8.35918
8.36499
8.37079
8.3766
8.3824
8.38821
8.39401
8.39982
8.40562
8.41143
8.41723
8.42304
8.42884
8.43465
8.44045
8.44626
8.45206
8.45787
8.46367
8.46948
8.47528
8.48109
8.48689
8.4927
8.4985
8.50431
8.51011
8.51592
8.52172
8.52753
8.53333
8.53914
8.54494
8.55075
8.55655
8.56236
8.56816
8.57397
8.57977
8.58558
8.59138
8.59719
8.60299
8.6088
8.6146
8.62041
8.62621
8.63202
8.63782
8.64363
8.64943
8.65524
8.66104
8.66685
8.67265
8.67846
8.68426
8.69007
8.69587
8.70168
8.70748
8.71329
8.71909
8.7249
8.7307
8.73651
8.74231
8.74812
8.75392
8.75973
8.76553
8.77134
8.77714
8.78295
8.78875
8.79456
8.80036
8.80617
8.81197
8.81778
8.82358
8.82939
8.83519
8.841
8.8468
8.85261
8.85841
8.86422
8.87002
8.87583
8.88163
8.88744
8.89324
8.89905
8.90485
8.91066
8.91646
8.92227
8.92807
8.93388
8.93968
8.94549
8.95129
8.9571
8.9629
8.96871
8.97451
8.98032
8.98612
8.99193
8.99773
9.00354
9.00934
9.01515
9.02095
9.02676
9.03256
9.03837
9.04417
9.04998
9.05578
9.06159
9.06739
9.0732
9.079
9.08481
9.09061
9.09642
9.10222
9.10803
9.11383
9.11964
9.12544
9.13125
9.13705
9.14286
9.14866
9.15447
9.16027
9.16608
9.17188
9.17769
9.18349
9.1893
9.1951
9.20091
9.20671
9.21252
9.21832
9.22413
9.22993
9.23574
9.24154
9.24735
9.25315
9.25896
9.26476
9.27057
9.27637
9.28218
9.28798
9.29379
9.29959
9.3054
9.3112
9.31701
9.32281
9.32862
9.33442
9.34023
9.34603
9.35184
9.35764
9.36345
9.36925
9.37506
9.38086
9.38667
9.39247
9.39828
9.40408
9.40989
9.41569
9.4215
9.4273
9.43311
9.43891
9.44472
9.45052
9.45633
9.46213
9.46794
9.47374
9.47955
9.48535
9.49116
9.49696
9.50277
9.50857
9.51438
9.52018
9.52599
9.53179
9.5376
9.5434
9.54921
9.55501
9.56082
9.56662
9.57243
9.57823
9.58404
9.58984
9.59565
9.60145
9.60726
9.61306
9.61887
9.62467
9.63048
9.63628
9.64209
9.64789
9.6537
9.6595
9.66531
9.67111
9.67692
9.68272
9.68853
9.69433
9.70014
9.70594
9.71175
9.71755
9.72336
9.72916
9.73497
9.74077
9.74658
9.75238
9.75819
9.76399
9.7698
9.7756
9.78141
9.78721
9.79302
9.79882
9.80463
9.81043
9.81624
9.82204
9.82785
9.83365
9.83946
9.84526
9.85107
9.85687
9.86268
9.86848
9.87429
9.88009
9.8859
9.8917
9.89751
9.90331
9.90912
9.91492
9.92073
9.92653
9.93234
9.93814
9.94394
9.94975
9.95555
9.96136
9.96716
9.97297
9.97878
9.98458
9.99039
9.99619
10.002
10.0078
10.0136
10.0194
10.0252
10.031
10.0368
10.0426
10.0484
10.0542
10.06
10.0659
10.0717
10.0775
10.0833
10.0891
10.0949
10.1007
10.1065
10.1123
10.1181
10.1239
10.1297
10.1355
10.1413
10.1471
10.1529
10.1587
10.1645
10.1703
10.1761
10.1819
10.1878
10.1936
10.1994
10.2052
10.211
10.2168
10.2226
10.2284
10.2342
10.24
10.2458
10.2516
10.2574
10.2632
10.269
10.2748
10.2806
10.2864
10.2922
10.298
10.3039
10.3097
10.3155
10.3213
10.3271
10.3329
10.3387
10.3445
10.3503
10.3561
10.3619
10.3677
10.3735
10.3793
10.3851
10.3909
10.3967
10.4025
10.4083
10.4141
10.42
10.4258
10.4316
10.4374
10.4432
10.449
10.4548
10.4606
10.4664
10.4722
10.478
10.4838
10.4896
10.4954
10.5012
10.507
10.5128
10.5186
10.5244
10.5302
10.5361
10.5419
10.5477
10.5535
10.5593
10.5651
10.5709
10.5767
10.5825
10.5883
10.5941
10.5999
10.6057
10.6115
10.6173
10.6231
10.6289
10.6347
10.6405
10.6463
10.6522
10.658
10.6638
10.6696
10.6754
10.6812
10.687
10.6928
10.6986
10.7044
10.7102
10.716
10.7218
10.7276
10.7334
10.7392
10.745
10.7508
10.7566
10.7624
10.7683
10.7741
10.7799
10.7857
10.7915
10.7973
10.8031
10.8089
10.8147
10.8205
10.8263
10.8321
10.8379
10.8437
10.8495	581.255
10.8553	583.273
10.8611	563.404
10.8669	561.779
10.8727	566.014
10.8785	565.687
10.8844	563.404
10.8902	564.055	562.429
10.896	557.899	561.779
10.9018	561.455	562.104
10.9076	558.221	562.429
10.9134	562.104	561.779
10.9192	560.483	559.836
10.925	558.221	557.899
10.9308	555.648	555.648
10.9366	554.045	554.045
10.9424	552.447	552.447
10.9482	551.491	551.491
10.954	550.854	550.854
10.9598	550.218	550.218
10.9656	549.9	549.9
10.9714	550.218	550.218
10.9772	550.854	550.854
10.983	551.809	551.809
10.9888	552.766	552.766
10.9946	553.406	553.406
11.0005	554.045	554.045
11.0063	554.686	554.686
11.0121	555.327	555.327
11.0179	555.969	555.969
11.0237	556.611	556.611
11.0295	557.255	557.255
11.0353	557.899	557.899
11.0411	558.866	558.866
11.0469	559.836	559.836
11.0527	560.159	560.159
11.0585	559.836	559.836
11.0643	558.221	558.221
11.0701	555.006	555.006
11.0759	552.128	552.128
11.0817	554.045	554.045
11.0875	558.221	558.221
11.0933	561.131	561.131
11.0991	562.754	562.754
11.1049	566.014	566.014	581.59
11.1107	561.131	580.919
11.1166	567.979	587.33
11.1224	574.578	596.906	292.987
11.1282	564.055	585.636	294.344
11.134	568.307	586.313	298.281
11.1398	562.429	562.754	298.625
11.1456	561.131	561.779	286.461
11.1514	559.836	562.754	290.795
11.1572	557.899	558.221	289.12
11.163	557.899	557.255	287.621
11.1688	556.611	281.702
11.1746	290.459	559.189
11.1804	292.48	552.128
11.1862	301.921	557.577
11.192	303.67	561.131
11.1978	293.665	564.381
11.2036	287.954	573.915
11.2094	281.702	575.907
11.2152	291.805	566.341
11.221	291.805	570.28
11.2268	285.14	562.754
11.2327	293.156	561.455
11.2385	285.305	557.255
11.2443	288.953	557.577
11.2501	290.963	545.786
11.2559	296.049	553.086
11.2617	296.563	558.866
11.2675	296.563	558.221
11.2733	291.3	559.836
11.2791	278.788	560.159
11.2849	262.989	560.483
11.2907	258.77	559.189
11.2965	254.178	564.381
11.3023	251.403	567.323
11.3081	250.389	571.269
11.3139	250.823	570.939
11.3197	244.387	576.573
11.3255	244.387	576.573
11.3313	242.84	575.907
11.3371	570.609
11.3429	561.455
11.3488	558.544
11.3546	557.899
11.3604	558.221
11.3662	559.189
11.372	557.577
11.3778	554.365
11.3836	552.128
11.3894	555.969
11.3952	559.189
11.401	564.707
11.4068	570.609
11.4126	568.635
11.4184	570.939
11.4242	567.651
11.43	564.055
11.4358	579.913
11.4416	579.244
11.4474	593.125
11.4532	583.273
11.459	585.974
11.4649	581.927
11.4707	581.255
11.4765	581.927
11.4823	585.974
11.4881	588.688
11.4939	593.125
11.4997	588.348
11.5055	583.947
11.5113	575.575
11.5171	584.622
11.5229	579.578
11.5287	567.979
11.5345	576.906
11.5403	571.269
11.5461	566.341
11.5519	566.668
11.5577	564.055
11.5635	570.609
11.5693	579.578
11.5751	559.512
11.581	549.9
11.5868	546.102
11.5926	549.265
11.5984	555.648
11.6042	558.866
11.61	563.73
11.6158	553.725
11.6216	571.599
11.6274	567.651
11.6332	549.583
11.639
11.6448
11.6506
11.6564
11.6622
11.668
11.6738
11.6796
11.6854
11.6912
11.6971
11.7029
11.7087
11.7145
11.7203
11.7261
11.7319
11.7377
11.7435
11.7493
11.7551	152.01
11.7609	150.699
11.7667	149.399
11.7725	148.025
11.7783	147.172
11.7841	146.917
11.7899	147.172
11.7957	147.598
11.8015	147.768
11.8073	148.281
11.8132	147.854
11.819	147.427
11.8248	148.367
11.8306	147.427
11.8364	146.748
11.8422	145.902
11.848	148.882
11.8538	149.226
11.8596	145.987
11.8654	144.56
11.8712	142.323
11.877	137.396
11.8828	134.335
11.8886	131.267
11.8944
11.9002
11.906
11.9118
11.9176
11.9234
11.9293
11.9351
11.9409
11.9467
11.9525
11.9583
11.9641
11.9699
11.9757
11.9815
11.9873
11.9931
11.9989
12.0047
12.0105
12.0163
12.0221
12.0279
12.0337
12.0395
12.0454
12.0512
12.057
12.0628
12.0686
12.0744	1119.03
12.0802	1115.15
12.086	1155.81
12.0918	1159.16
12.0976	1153.15
12.1034	1153.15
12.1092	1151.15
12.115	1135.96
12.1208	1124.86
12.1266	1132.03
12.1324	1141.88
12.1382	1167.22
12.144	1174.66
12.1498	1178.74
12.1556	1147.83
12.1615	1130.07
12.1673	1133.34
12.1731	1169.92
12.1789	1161.17
12.1847	1128.76
12.1905	1133.99
12.1963	1143.86
12.2021	1099.8
12.2079	1151.81
12.2137	1139.9
12.2195	1137.27
12.2253	1159.16
12.2311	1124.86
12.2369	1161.84
12.2427	1164.53
12.2485	1151.15
12.2543	1124.21
12.2601	1122.91
12.2659	1149.16
12.2717	1162.51
12.2776	1153.81
12.2834	1153.15
12.2892	1153.81
12.295	1147.83
12.3008	1167.22
12.3066	1183.51
12.3124	1132.03
12.3182	1132.03
12.324	1205.59
12.3298	1155.15
12.3356	1142.54
12.3414
12.3472
12.353
12.3588
12.3646
12.3704
12.3762
12.382
12.3878
12.3937
12.3995
12.4053
12.4111
12.4169
12.4227
12.4285
12.4343
12.4401
12.4459
12.4517
12.4575
12.4633
12.4691
12.4749
12.4807
12.4865
12.4923
12.4981
12.5039
12.5098
12.5156
12.5214
12.5272
12.533
12.5388
12.5446
12.5504
12.5562
12.562
12.5678
12.5736
12.5794
12.5852
12.591
12.5968
12.6026
12.6084
12.6142
12.62
12.6258
12.6317
12.6375
12.6433
12.6491
12.6549
12.6607
12.6665
12.6723
12.6781
12.6839
12.6897
12.6955
12.7013
12.7071
12.7129
12.7187
12.7245
12.7303
12.7361
12.742
12.7478
12.7536
12.7594
12.7652
12.771
12.7768
12.7826
12.7884
12.7942
12.8
12.8058
12.8116
12.8174
12.8232
12.829
12.8348
12.8406
12.8464
12.8522
12.858
12.8639
12.8697
12.8755
12.8813
12.8871
12.8929
12.8987
12.9045
12.9103
12.9161
12.9219
12.9277
12.9335
12.9393
12.9451
12.9509
12.9567
12.9625
12.9683
12.9741
12.98
12.9858
12.9916	202.091
12.9974	201.392
13.0032	197.589
13.009	193.858
13.0148	192.408
13.0206	192.965
13.0264	194.644
13.0322	196.565
13.038	198.046
13.0438	198.046
13.0496	198.046
13.0554	198.963
13.0612	199.424
13.067	197.247
13.0728	194.531
13.0786	192.186
13.0844	191.079
13.0902	189.869
13.0961	188.231
13.1019	188.884
13.1077	189.103
13.1135	189.431
13.1193	190.088
13.1251	189.431
13.1309	190.859
13.1367	189.103
13.1425	190.638
13.1483	192.297
13.1541	191.853
13.1599	191.521
13.1657	184.89
13.1715	189.869
13.1773	198.734
13.1831	206.814	390.865
13.1889	199.193	389.063
13.1947	197.361	387.717
13.2005	197.019	386.822
13.2063	195.885	386.599
13.2122	196.678	386.599
13.218	197.133	387.269
13.2238	195.545	388.614
13.2296	194.531	391.543
13.2354	195.771	396.55
13.2412	197.247	398.847
13.247	197.019	395.178
13.2528	196.338	390.865
13.2586	193.411	388.389
13.2644	191.632	387.493
13.2702	192.965	387.493
13.276	194.195	389.738
13.2818	192.297	396.55
13.2876	189.212	397.467
13.2934	188.122	397.238
13.2992	187.58	388.614
13.305	189.759	386.599
13.3108	191.411	385.929
13.3166	191.632	386.152
13.3224	191.3	397.238
13.3283	397.467
13.3341	396.779
13.3399	386.822
13.3457	386.375
13.3515	387.717	193.635
13.3573	391.317	194.756
13.3631	396.092	196.906
13.3689	396.55	197.475
13.3747	397.238	198.275
13.3805	390.414	195.771
13.3863	387.941	194.756
13.3921	387.046	194.307
13.3979	386.822	196.338
13.4037	387.269	194.644
13.4095	391.091	194.981
13.4153	394.494	195.094
13.4211	393.129	194.083
13.4269	389.513	192.631
13.4327	384.594	191.079
13.4385	383.042	190.859
13.4444	382.158	190.859
13.4502	381.717	190.859
13.456	372.353	186.069
13.4618	367.863	184.464
13.4676	364.479	183.189
13.4734	367.227	184.144
13.4792	371.493	185.747
13.485	381.276	189.212
13.4908	381.497	190.748
13.4966	381.056	191.19
13.5024	372.568	186.069
13.5082	370.636	185.532
13.514	369.781	185.747
13.5198	371.065	185.961
13.5256	380.836	188.994
13.5314	384.816	192.297
13.5372	389.963	194.419
13.543	396.55	197.133
13.5488	396.55	197.475
13.5546	394.494	196.906
13.5605	388.838	195.094
13.5663	387.269	194.531
13.5721	386.822	194.644
13.5779	386.822	194.869
13.5837	387.717	194.644
13.5895	390.639	195.432
13.5953	393.584	195.998
13.6011	393.356	195.771
13.6069	394.95	197.703
13.6127	387.717	192.631
13.6185	385.039	192.519
13.6243	383.928	193.411
13.6301	383.707	190.638
13.6359	384.594	192.075
13.6417	393.584	195.771	222.171
13.6475	394.95	196.111	226.577
13.6533	393.811	197.133	223.458
13.6591	385.039	192.519	218.986
13.6649	383.928	191.964	217.097
13.6707	384.15	192.075	216.721
13.6766	384.816	192.519	217.348
13.6824	385.707	193.076	218.859
13.6882	388.165	194.307	220.891
13.694	394.494	196.678	222.428
13.6998	394.039	196.678	219.619
13.7056	395.864	197.361	214.479
13.7114	386.375	193.299	211.526
13.7172	384.15	192.519	210.429
13.723	383.707	192.519	220.636
13.7288	371.923	195.545	213.244
13.7346	396.779	195.545	208.855
13.7404	398.617	199.078	218.228
13.7462	390.414	196.451	213.49
13.752	387.046	193.523	210.916
13.7578	387.269	193.635	209.701
13.7636	387.941	193.746	208.494
13.7694	388.614	194.869	199.539
13.7752	389.288	194.981	194.981
13.781	391.543	195.658	189.869
13.7868	397.467	198.161	192.965
13.7927	395.635	197.703
13.7985	399.078	199.539
13.8043	391.995	195.885
13.8101	388.838	194.869
13.8159	387.717	194.195
13.8217	387.717	193.97
13.8275	390.639	195.207
13.8333	397.697	198.849
13.8391	397.697	198.046
13.8449	390.414	197.247
13.8507	387.717	194.195
13.8565	387.493	194.307
13.8623	388.165	194.419
13.8681	390.188	195.094
13.8739	393.584	196.565
13.8797	397.467	198.734
13.8855	396.321	198.161
13.8913	391.769	195.885
13.8971	388.165	194.195
13.9029	386.375	193.411
13.9088	385.929	193.299
13.9146	386.375	193.523
13.9204	387.941	194.869
13.9262	391.543	195.771
13.932	397.009	197.589
13.9378	399.078	199.309
13.9436	395.407	197.703
13.9494	391.769	195.094
13.9552	390.639	194.756
13.961	391.091	194.869
13.9668	392.222	195.432
13.9726	392.449	196.678
13.9784	390.188	194.644
13.9842	385.484	192.853
13.99	380.616	190.859	716.022
13.9958	374.51	188.775	724.76
14.0016	373.43	187.255	734.453
14.0074	373.214	186.499	742.987
14.0132	373.214	186.607	743.846
14.019	373.645	185.854	742.129
14.0249	379.738	187.797	743.846
14.0307	383.042	190.528	741.701
14.0365	387.493	192.408	740.416
14.0423	197.932	741.701
14.0481	743.846
14.0539	744.706
14.0597	742.129
14.0655	742.129
14.0713	739.562
14.0771	738.708
14.0829	737.003
14.0887	731.912
14.0945	730.645
14.1003	734.453
14.1061	738.708
14.1119	740.844
14.1177	739.989
14.1235	737.003
14.1293	734.877
14.1351	737.003
14.141	743.846
14.1468	745.136
14.1526	741.701
14.1584	733.605	366.591
14.1642	733.605	385.484
14.17	737.855	400.232
14.1758	747.723	388.389
14.1816	747.723	387.717
14.1874	739.562	390.865
14.1932	739.562	400.926
14.199	400.232
14.2048	394.494
14.2106	388.838
14.2164	386.822
14.2222	385.707
14.228	383.928
14.2338	373.645
14.2396	372.783
14.2454	374.726
14.2512	375.593
14.2571	385.484
14.2629	371.708
14.2687	371.065
14.2745	388.614
14.2803	398.847
14.2861	399.308
14.2919	391.995
14.2977	391.091
14.3035	387.269
14.3093	381.056
14.3151	382.821
14.3209
14.3267
14.3325
14.3383
14.3441
14.3499
14.3557
14.3615
14.3673
14.3732
14.379
14.3848
14.3906
14.3964
14.4022
14.408
14.4138
14.4196
14.4254
14.4312
14.437
14.4428
14.4486
14.4544
14.4602
14.466
14.4718
14.4776
14.4834
14.4893
14.4951
14.5009
14.5067
14.5125
14.5183
14.5241
14.5299
14.5357
14.5415
14.5473
14.5531
14.5589
14.5647
14.5705
14.5763
14.5821
14.5879
14.5937
14.5995
14.6054
14.6112
14.617
14.6228
14.6286
14.6344
14.6402
14.646
14.6518
14.6576
14.6634
14.6692
14.675
14.6808
14.6866
14.6924
14.6982
14.704
14.7098
14.7156
14.7215
14.7273
14.7331
14.7389
14.7447
14.7505
14.7563
14.7621
14.7679
14.7737
14.7795
14.7853
14.7911
14.7969
14.8027
14.8085
14.8143
14.8201
14.8259
14.8317
14.8376
14.8434
14.8492
14.855
14.8608
14.8666
14.8724
14.8782
14.884
14.8898
14.8956
14.9014
14.9072
14.913
14.9188
14.9246
14.9304
14.9362
14.942
14.9478
14.9537
14.9595
14.9653
14.9711
14.9769
14.9827
14.9885
14.9943
15.0001
15.0059
15.0117
15.0175
15.0233
15.0291
15.0349
15.0407
15.0465
15.0523
15.0581
15.0639
15.0697
15.0756
15.0814
15.0872
15.093
15.0988
15.1046
15.1104
15.1162
15.122
15.1278
15.1336
15.1394
15.1452
15.151
15.1568
15.1626
15.1684
15.1742
15.18
15.1859
15.1917
15.1975
15.2033
15.2091
15.2149
15.2207
15.2265
15.2323
15.2381
15.2439
15.2497
15.2555
15.2613
15.2671
15.2729
15.2787
15.2845
15.2903
15.2961
15.3019
15.3078
15.3136
15.3194
15.3252
15.331
15.3368
15.3426
15.3484
15.3542
15.36
15.3658
15.3716
15.3774
15.3832
15.389
15.3948
15.4006
15.4064
15.4122
15.418
15.4239
15.4297
15.4355
15.4413
15.4471
15.4529
15.4587
15.4645
15.4703
15.4761
15.4819
15.4877
15.4935
15.4993
15.5051
15.5109
15.5167
15.5225
15.5283
15.5341
15.54
15.5458
15.5516
15.5574
15.5632
15.569
15.5748
15.5806
15.5864
15.5922
15.598
15.6038
15.6096
15.6154
15.6212
15.627
15.6328
15.6386
15.6444
15.6502
15.6561
15.6619
15.6677
15.6735
15.6793
15.6851
15.6909
15.6967
15.7025
15.7083
15.7141
15.7199
15.7257
15.7315
15.7373
15.7431
15.7489
15.7547
15.7605
15.7663
15.7722
15.778
15.7838
15.7896
15.7954
15.8012
15.807
15.8128
15.8186
15.8244
15.8302
15.836
15.8418
15.8476
15.8534
15.8592
15.865
15.8708
15.8766
15.8824
15.8883
15.8941
15.8999
15.9057
15.9115
15.9173
15.9231
15.9289
15.9347
15.9405
15.9463	1211.18
15.9521	1211.18
15.9579	1223.83
15.9637	1230.92
15.9695	1232.35
15.9753	1225.96
15.9811	1209.08
15.9869	1218.19
15.9927	1232.35
15.9985	1238.77
16.0044	1247.39
16.0102	1252.44
16.016	1245.95
16.0218	1235.91
16.0276	1233.77
16.0334	1230.92
16.0392	1228.08
16.045	1225.25
16.0508	1219.6
16.0566	1218.9
16.0624	1226.67
16.0682	1230.21	246.372
16.074	1229.5	246.087
16.0798	1228.79	245.519
16.0856	1226.67	245.661
16.0914	1230.21	246.229
16.0972	1235.2	245.378
16.103	1238.05	246.087
16.1088	1236.63	246.087
16.1146	1237.34	245.094
16.1205	1236.63	245.094
16.1263	1234.48	246.087
16.1321	1234.48	246.799
16.1379	1231.64	246.087
16.1437	1228.79	246.087
16.1495	1227.37	246.087
16.1553	1228.79	246.514
16.1611	1233.77	247.656
16.1669	1237.34	247.513
16.1727	1233.77	245.803
16.1785	1232.35	245.378
16.1843	1217.49	245.236
16.1901	1244.51	245.236
16.1959	1233.06	245.945	245.236
16.2017	1233.06	246.087	245.378
16.2075	1234.48	246.372	245.236
16.2133	1233.77	246.514	245.236
16.2191	1233.77	247.513	246.087
16.2249	1235.2	246.372	245.803
16.2307	1233.77	245.661	245.236
16.2366	1229.5	245.378	245.803
16.2424	1227.37	245.094	244.67	483.719
16.2482	1225.25	245.094	245.378	490.755
16.254	1225.25	245.519	245.803	493.883
16.2598	1229.5	246.087	245.945	494.169
16.2656	1228.08	245.661	245.519	493.598
16.2714	1223.83	244.953	245.236	493.028
16.2772	1223.83	245.094	245.519	493.028
16.283	1229.5	244.811	245.378	493.313
16.2888	1233.77	247.656	493.883
16.2946	1233.77	246.942	494.454
16.3004	1233.77	245.236	495.026
16.3062	1236.63	245.945	495.026
16.312	1233.77	246.372	495.026
16.3178	1232.35	246.372	494.74
16.3236	1233.06	246.514	494.454
16.3294	1231.64	246.657	495.312
16.3352	1227.37	246.372	494.169
16.341	1230.21	245.945	493.313
16.3468	1230.92	245.945	492.459
16.3527	1230.92	245.519	491.322
16.3585	1236.63	245.803	492.743
16.3643	1230.92	245.803	493.883
16.3701	1224.54	245.378	493.883
16.3759	1213.98	245.519	495.884
16.3817	1223.83	245.519	496.171
16.3875	1206.29	246.087	491.322
16.3933	1219.6	246.087	491.039
16.3991	245.945	490.189
16.4049	245.236	489.623
16.4107	245.945	481.211
16.4165	246.514
16.4223	246.799
16.4281	246.657	1226.67
16.4339	245.661	1213.28
16.4397	244.953	1219.6	245.378
16.4455	245.236	1225.96	245.661
16.4513	245.945	1233.06	246.229
16.4571	245.803	1234.48	246.087
16.4629	245.519	1231.64	245.661
16.4688	245.378	1228.79	245.236
16.4746	245.378	1229.5	245.519
16.4804	245.945	1229.5	245.519
16.4862	245.378	1229.5	245.378
16.492	245.803	1225.96	245.803
16.4978	246.229	1228.08	246.087
16.5036	245.236	1229.5	245.378
16.5094	245.236	1225.96	245.236	466.433
16.5152	245.661	1225.96	245.803	467.242
16.521	247.084	1228.79	246.942	468.864
16.5268	246.087	1226.67	245.945	469.949
16.5326	1225.96	245.094	471.308
16.5384	1235.2	245.945	473.491
16.5442	1239.49	246.514	475.959
16.55	1238.77	247.513	474.586
16.5558	1245.23	246.372	470.492
16.5616	1239.49	247.37	462.409
16.5674	1235.2	245.661	475.135
16.5732	1243.07	246.799	474.86
16.579	1250.27	247.799	466.703
16.5849	1250.99	247.084	471.036
16.5907	1241.64	247.37	467.782
16.5965	1238.77	247.656	465.357
16.6023	247.513	462.676
16.6081	246.372	462.676
16.6139	247.37	469.949
16.6197	247.942	470.492
16.6255	247.656	470.492
16.6313	246.514	467.782
16.6371	248.229	464.283
16.6429	247.513	462.409
16.6487	247.656	466.433
16.6545	246.657	471.58
16.6603	245.945	474.038
16.6661	245.236	475.135
16.6719	244.953	495.598
16.6777	244.529	489.057
16.6835	243.401	492.743
16.6893	243.542	478.163
16.6951	243.542	478.163
16.701	247.37	479.546
16.7068	249.378	487.929
16.7126	247.942	489.34
16.7184	246.799	495.026
16.7242	245.519	494.74
16.73	491.039
16.7358	490.755
16.7416	491.322
16.7474	494.169
16.7532	496.171
16.759	496.744
16.7648	495.598
16.7706	493.028
16.7764	488.775
16.7822	490.189
16.788	488.775
16.7938	489.057
16.7996	490.472
16.8054	491.89
16.8112	491.89
16.8171	493.313
16.8229	499.045
16.8287	495.312
16.8345	491.039
16.8403	477.336
16.8461
16.8519
16.8577
16.8635	245.661
16.8693	246.229
16.8751	244.67
16.8809	243.823
16.8867	244.246
16.8925	245.094
16.8983	245.803
16.9041	247.799
16.9099	247.37
16.9157	249.523
16.9215	246.942
16.9273	246.087
16.9332	245.519
16.939	245.094
16.9448	245.236
16.9506	246.087
16.9564	246.657
16.9622	246.942
16.968	246.087
16.9738	245.378
16.9796	246.799
16.9854	247.942	247.656
16.9912	246.514	244.529
16.997	244.953	242.98
17.0028	244.67	241.58
17.0086	246.657	241.162
17.0144	246.657	238.668
17.0202	246.229	237.567
17.026	245.519	235.11
17.0318	245.094	231.472
17.0376	245.945	233.891
17.0434	248.659	226.839
17.0493	248.659	232.678
17.0551	246.229	237.293
17.0609	244.953	238.53
17.0667	244.529	237.156
17.0725	245.094	237.019
17.0783	246.229	235.382
17.0841	247.37	235.79
17.0899	246.087	231.338
17.0957	245.378	228.153
17.1015	245.236	221.914
17.1073	245.378	229.608
17.1131	245.945	236.063
17.1189	246.514	238.255
17.1247	245.945	239.358
17.1305	245.661	238.255
17.1363	245.945	234.161
17.1421	246.087	229.873
17.1479	246.372	225.924
17.1537	246.514	227.495
17.1595	246.799	235.246
17.1654	245.803	238.117
17.1712	246.514	240.328
17.177	247.084	240.606
17.1828	246.657	242.98
17.1886	246.372	247.37
17.1944	246.514	247.942
17.2002	246.514	247.942
17.206	246.799	248.085
17.2118	246.799	248.803
17.2176	245.236	247.084
17.2234	242.84	244.105
17.2292	244.246	244.387
17.235	245.094	244.811
17.2408	245.661	245.661
17.2466	245.378	245.661
17.2524	245.945	246.372
17.2582	245.519	247.513
17.264	245.378	245.236
17.2698	245.094	244.811
17.2756	245.094	249.955
17.2815	244.387	243.683
17.2873	244.811	242.98
17.2931	243.823	242.279
17.2989	243.964	245.661
17.3047	246.229	246.514
17.3105	245.094	245.236
17.3163	245.661	245.661
17.3221	245.378	245.236
17.3279	245.519	245.236
17.3337	245.236	244.811
17.3395	245.378	245.378
17.3453	246.372	246.087
17.3511	245.945	245.519
17.3569	244.246	243.823
17.3627	243.542	243.261
17.3685	241.86	241.302
17.3743	244.387	240.606
17.3801	244.953	244.811
17.3859	246.657	246.514
17.3917	247.513	247.513
17.3976	246.657	246.657
17.4034	244.105
17.4092	242.98
17.415	244.811
17.4208	248.659
17.4266	250.1
17.4324	248.803
17.4382	249.234
17.444	246.942
17.4498	247.084
17.4556	245.094
17.4614	248.229
17.4672	248.372
17.473	248.229
17.4788	244.811
17.4846	243.823
17.4904	245.519
17.4962	244.67
17.502	246.229
17.5078	246.942
17.5137	246.514
17.5195	250.968
17.5253	253.152
17.5311	263.445
17.5369	256.241
17.5427	248.803
17.5485	247.799
17.5543	246.229
17.5601	248.372
17.5659	254.766
17.5717	259.369
17.5775	252.86
17.5833	246.514
17.5891	251.113
17.5949	258.77
17.6007	245.661
17.6065	248.372
17.6123	252.276
17.6181	252.13
17.6239	257.28
17.6297	252.568
17.6356	250.389
17.6414	247.942
17.6472	256.834
17.653	255.502
17.6588	244.387
17.6646	243.542
17.6704	243.401
17.6762	248.229
17.682	247.227
17.6878	243.261
17.6936	246.372
17.6994	250.389
17.7052	251.694
17.711	255.06
17.7168	249.09
17.7226	245.519
17.7284	242.279
17.7342	244.105
17.74	247.513
17.7458	249.09
17.7517	243.542
17.7575	242.279
17.7633	246.799
17.7691	246.942
17.7749	246.799
17.7807	240.328
17.7865	250.823
17.7923	259.219
17.7981	260.871
17.8039	263.902
17.8097	266.969
17.8155	259.518
17.8213
17.8271
17.8329
17.8387
17.8445
17.8503
17.8561
17.8619
17.8678
17.8736
17.8794
17.8852
17.891
17.8968
17.9026
17.9084
17.9142
17.92
17.9258
17.9316
17.9374
17.9432
17.949
17.9548
17.9606
17.9664
17.9722
17.9781
17.9839
17.9897
17.9955
18.0013
18.0071
18.0129
18.0187
18.0245
18.0303
18.0361
18.0419
18.0477
18.0535
18.0593
18.0651
18.0709
18.0767
18.0825
18.0883
18.0941
18.1
18.1058
18.1116
18.1174
18.1232
18.129
18.1348
18.1406
18.1464
18.1522
18.158
18.1638
18.1696
18.1754
18.1812
18.187
18.1928
18.1986
18.2044
18.2102
18.2161
18.2219
18.2277
18.2335
18.2393
18.2451
18.2509
18.2567
18.2625
18.2683
18.2741
18.2799
18.2857
18.2915
18.2973
18.3031
18.3089
18.3147
18.3205
18.3263
18.3322
18.338
18.3438
18.3496
18.3554
18.3612
18.367
18.3728
18.3786
18.3844
18.3902
18.396
18.4018
18.4076
18.4134
18.4192
18.425
18.4308
18.4366
18.4424
18.4483
18.4541
18.4599
18.4657
18.4715
18.4773
18.4831
18.4889
18.4947
18.5005
18.5063
18.5121
18.5179
18.5237
18.5295
18.5353
18.5411
18.5469
18.5527
18.5585
18.5644
18.5702
18.576
18.5818
18.5876
18.5934
18.5992
18.605
18.6108
18.6166
18.6224
18.6282
18.634
18.6398
18.6456
18.6514
18.6572
18.663
18.6688
18.6746
18.6805
18.6863
18.6921
18.6979
18.7037
18.7095
18.7153
18.7211
18.7269
18.7327
18.7385
18.7443
18.7501
18.7559
18.7617
18.7675
18.7733
18.7791
18.7849
18.7907
18.7966
18.8024
18.8082
18.814
18.8198
18.8256
18.8314
18.8372
18.843
18.8488
18.8546
18.8604
18.8662
18.872
18.8778
18.8836
18.8894
18.8952
18.901
18.9068
18.9127
18.9185
18.9243
18.9301
18.9359
18.9417
18.9475
18.9533
18.9591
18.9649
18.9707
18.9765
18.9823
18.9881
18.9939
18.9997
19.0055
19.0113
19.0171
19.0229
19.0288
19.0346
19.0404
19.0462
19.052
19.0578
19.0636
19.0694
19.0752
19.081
19.0868
19.0926
19.0984
19.1042
19.11
19.1158
19.1216
19.1274
19.1332
19.139
19.1449
19.1507
19.1565
19.1623
19.1681
19.1739
19.1797
19.1855
19.1913
19.1971
19.2029
19.2087
19.2145
19.2203
19.2261
19.2319
19.2377
19.2435
19.2493
19.2551
19.261
19.2668
19.2726
19.2784
19.2842
19.29
19.2958
19.3016
19.3074
19.3132
19.319
19.3248
19.3306
19.3364
19.3422
19.348
19.3538
19.3596
19.3654
19.3712
19.3771
19.3829
19.3887
19.3945
19.4003
19.4061
19.4119
19.4177
19.4235
19.4293
19.4351
19.4409
19.4467
19.4525
19.4583
19.4641
19.4699
19.4757
19.4815
19.4873
19.4932
19.499
19.5048
19.5106
19.5164
19.5222
19.528
19.5338
19.5396
19.5454
19.5512
19.557
19.5628
19.5686
19.5744
19.5802
19.586
19.5918
19.5976
19.6034
19.6093
19.6151
19.6209	137.555
19.6267	138.511
19.6325	129.984
19.6383	127.162
19.6441	125.557
19.6499	124.114
19.6557	123.115
19.6615	122.123	122.123
19.6673	121.771	121.771
19.6731	121.701	121.701
19.6789	121.982	121.982
19.6847	122.406	122.406
19.6905	122.831	122.831
19.6963	123.257	123.257
19.7021	123.328	123.328
19.7079	123.328	123.328
19.7137	123.044	123.044
19.7195	122.618	122.618
19.7254	122.194	122.194
19.7312	121.701	121.701
19.737	121.35	121.35
19.7428	121.14	121.14
19.7486	121.07	121.07
19.7544	121.42
19.7602	121.841
19.766	122.618
19.7718	123.044
19.7776	122.831
19.7834	121.701
19.7892	119.679
19.795
19.8008
19.8066
19.8124
19.8182
19.824
19.8298
19.8356
19.8415
19.8473
19.8531
19.8589
19.8647
19.8705
19.8763
19.8821
19.8879
19.8937
19.8995
19.9053
19.9111
19.9169
19.9227
19.9285
19.9343
19.9401
19.9459
19.9517
19.9576
19.9634
19.9692
19.975
19.9808
19.9866
19.9924
19.9982
20.004
20.0098
20.0156
20.0214
20.0272
20.033
20.0388
20.0446
20.0504
20.0562
20.062
20.0678
20.0737
20.0795
20.0853
20.0911
20.0969
20.1027
20.1085
20.1143
20.1201
20.1259
20.1317
20.1375
20.1433
20.1491
20.1549
20.1607
20.1665
20.1723
20.1781
20.1839
20.1898
20.1956
20.2014
20.2072
20.213	228.549
20.2188	236.336
20.2246	236.472
20.2304	236.336
20.2362	235.79
20.242	234.974
20.2478	233.891	233.891
20.2536	232.947	232.947
20.2594	232.141	232.141
20.2652	231.606	231.606
20.271	231.338	231.338
20.2768	231.338	231.338
20.2826	231.472	231.472
20.2884	231.472	231.472
20.2942	231.472	231.472
20.3	231.338	231.338
20.3058	231.071	231.071
20.3117	230.938	230.938
20.3175	230.538	230.538
20.3233	230.405	230.405
20.3291	230.272	230.272
20.3349	230.405	230.405
20.3407	230.671	230.671
20.3465	231.071	231.071
20.3523	231.472	231.472
20.3581	231.739	231.739
20.3639	232.007	232.007
20.3697	232.141	232.141
20.3755	232.275	232.275
20.3813	232.141	232.141
20.3871	232.007	232.007
20.3929	231.739	231.739
20.3987	231.606	231.606
20.4045	231.606	231.606
20.4103	231.606	231.606
20.4161	231.739	231.739
20.4219	232.007	232.007
20.4278	232.141	232.141
20.4336	232.275	232.275
20.4394	232.41	232.41
20.4452	232.41	232.41
20.451	232.141	232.141
20.4568	232.007	232.007
20.4626	231.606	231.606
20.4684	231.338	231.338
20.4742	231.205	231.205
20.48	231.071	231.071
20.4858	231.071	231.071
20.4916	231.205	231.205
20.4974	231.338	231.338
20.5032	231.338	231.338
20.509	231.472	231.472
20.5148	231.472	231.472
20.5206	231.606	231.606
20.5264	231.739	231.739
20.5322	231.873	231.873
20.538	231.873	231.873
20.5439	231.873	231.873
20.5497	231.739	231.739
20.5555	231.739	231.739
20.5613	231.739	231.739
20.5671	231.739	231.739
20.5729	231.873	231.873
20.5787	231.873	231.873
20.5845	231.873	231.873
20.5903	231.873	231.873
20.5961	231.739	231.739
20.6019	231.739	231.739
20.6077	231.739	231.739
20.6135	231.873	231.873
20.6193	232.007	232.007
20.6251	232.141	232.141
20.6309	232.141	232.141
20.6367	232.275	232.275
20.6425	232.275	232.275
20.6483	232.41	232.41
20.6542	232.41	232.41
20.66	232.544	232.544
20.6658	232.544	232.544
20.6716	232.275	232.275
20.6774	232.141	232.141
20.6832	231.739	231.739
20.689	231.472	231.472
20.6948	231.205	231.205
20.7006	231.205	231.205
20.7064	231.338	231.338
20.7122	231.606	231.606
20.718	231.606	231.606
20.7238	231.472	231.472
20.7296	231.338	231.338
20.7354	231.205	231.205
20.7412	230.938	230.938
20.747	230.671	230.671
20.7528	230.405	230.405
20.7586	230.139	230.139
20.7644	230.139	230.139
20.7702	230.139	230.139
20.7761	230.139	230.139
20.7819	230.139	230.139
20.7877	230.006	230.006
20.7935	230.139	230.139
20.7993	230.405	230.405
20.8051	230.671	230.671
20.8109	231.071	231.071
20.8167	231.205	231.205
20.8225	231.205	231.205
20.8283	231.205	231.205
20.8341	231.205	231.205
20.8399	231.338	231.338
20.8457	231.606	231.606
20.8515	231.739	231.739
20.8573	231.739	231.739
20.8631	231.472	231.472
20.8689	231.071	231.071
20.8747	230.671	230.671
20.8805	230.538	230.538
20.8863	230.804	230.804
20.8922	231.205	231.205
20.898	231.739	231.739
20.9038	232.141	232.141
20.9096	232.275	232.275
20.9154	232.141	232.141
20.9212	232.007	232.007
20.927	231.873	231.873
20.9328	231.739	231.739
20.9386	231.873	231.873
20.9444	231.873	231.873
20.9502	231.873	231.873
20.956	231.873	231.873
20.9618	231.739	231.739
20.9676	231.606	231.606
20.9734	231.606	231.606
20.9792	231.606	231.606
20.985	231.739	231.739
20.9908	231.739	231.739
20.9966	231.606	231.606
21.0024	231.606	231.606
21.0083	231.606	231.606
21.0141	231.873	231.873
21.0199	232.007	232.007
21.0257	232.007	232.007
21.0315	231.739	231.739
21.0373	231.338	231.338
21.0431	231.071	231.071
21.0489	230.938	230.938
21.0547	231.205	231.205
21.0605	231.338	231.338
21.0663	231.472	231.472
21.0721	231.205	231.205
21.0779	230.671	230.671
21.0837	230.272	230.272
21.0895	230.139	230.139
21.0953	230.272	230.272
21.1011	230.804	230.804
21.1069	231.205	231.205
21.1127	231.472	231.472
21.1185	231.338	231.338
21.1244	230.938	230.938
21.1302	230.538	230.538
21.136	230.405	230.405
21.1418	230.671	230.671
21.1476	231.205	231.205
21.1534	231.739	231.739
21.1592	232.141	232.141
21.165	232.275	232.275
21.1708	232.275	232.275
21.1766	232.141	232.141
21.1824	232.275	232.275
21.1882	232.275	232.275
21.194	232.275	232.275
21.1998	232.275	232.275
21.2056	232.007	232.007
21.2114	231.873	231.873
21.2172	231.739	231.739
21.223	231.606	231.606
21.2288	231.606	231.606
21.2346	231.472	231.472
21.2405	231.338	231.338
21.2463	231.205	231.205
21.2521	231.205	231.205
21.2579	231.205	231.205
21.2637	231.205	231.205
21.2695	231.071	231.071
21.2753	230.804	230.804
21.2811	230.538	230.538
21.2869	230.405	230.405
21.2927	230.405	230.405
21.2985	230.671	230.671
21.3043	231.205	231.205
21.3101	231.739	231.739
21.3159	232.007	232.007
21.3217	232.141	232.141
21.3275	232.007	232.007
21.3333	231.873
21.3391	231.606
21.3449	231.472
21.3507	231.338
21.3566	231.205
21.3624	230.938
21.3682	230.405
21.374	229.873
21.3798	229.74
21.3856	229.873
21.3914	230.139
21.3972	230.938
21.403	231.739
21.4088	232.41
21.4146	232.813
21.4204	232.947
21.4262	232.947
21.432	232.813
21.4378	232.678
21.4436	232.813
21.4494
21.4552
21.461
21.4668
21.4727
21.4785
21.4843
21.4901
21.4959
21.5017
21.5075
21.5133
21.5191
21.5249
21.5307
21.5365
21.5423
21.5481
21.5539
21.5597
21.5655
21.5713
21.5771
21.5829
21.5888
21.5946
21.6004
21.6062
21.612
21.6178
21.6236
21.6294
21.6352
21.641
21.6468
21.6526
21.6584
21.6642
21.67
21.6758
21.6816
21.6874
21.6932
21.699
21.7049
21.7107
21.7165
21.7223
21.7281
21.7339
21.7397
21.7455
21.7513
21.7571
21.7629
21.7687
21.7745
21.7803
21.7861
21.7919
21.7977
21.8035
21.8093
21.8151
21.821
21.8268
21.8326
21.8384
21.8442
21.85
21.8558
21.8616
21.8674
21.8732
21.879
21.8848
21.8906
21.8964
21.9022
21.908
21.9138
21.9196
21.9254
21.9312
21.9371
21.9429
21.9487
21.9545
21.9603
21.9661
21.9719
21.9777
21.9835
21.9893
21.9951
22.0009
22.0067
22.0125
22.0183
22.0241
22.0299
22.0357
22.0415
22.0473
22.0532
22.059
22.0648
22.0706
22.0764
22.0822
22.088
22.0938
22.0996
22.1054
22.1112
22.117
22.1228
22.1286
22.1344
22.1402
22.146
22.1518
22.1576
22.1634
22.1693
22.1751
22.1809
22.1867
22.1925
22.1983
22.2041
22.2099
22.2157
22.2215
22.2273
22.2331
22.2389
22.2447
22.2505
22.2563
22.2621
22.2679
22.2737
22.2795
22.2854
22.2912
22.297
22.3028
22.3086
22.3144
22.3202
22.326
22.3318
22.3376
22.3434
22.3492
22.355
22.3608
22.3666
22.3724
22.3782
22.384
22.3898
22.3956
22.4015
22.4073
22.4131
22.4189
22.4247
22.4305
22.4363
22.4421
22.4479
22.4537
22.4595
22.4653
22.4711
22.4769
22.4827
22.4885
22.4943
22.5001
22.5059
22.5117
22.5176
22.5234
22.5292
22.535
22.5408
22.5466
22.5524
22.5582
22.564
22.5698
22.5756
22.5814
22.5872
22.593
22.5988
22.6046
22.6104
22.6162
22.622
22.6278
22.6336
22.6395
22.6453
22.6511
22.6569
22.6627
22.6685
22.6743
22.6801
22.6859
22.6917
22.6975
22.7033
22.7091
22.7149
22.7207
22.7265
22.7323
22.7381
22.7439
22.7498
22.7556
22.7614
22.7672
22.773
22.7788
22.7846
22.7904
22.7962
22.802
22.8078
22.8136
22.8194
22.8252
22.831
22.8368
22.8426
22.8484
22.8542
22.86
22.8659
22.8717
22.8775
22.8833
22.8891
22.8949
22.9007
22.9065
22.9123
22.9181
22.9239
22.9297
22.9355
22.9413
22.9471
22.9529
22.9587
22.9645
22.9703
22.9761
22.9819
22.9878
22.9936
22.9994
23.0052
23.011
23.0168
23.0226
23.0284
23.0342
23.04
23.0458
23.0516
23.0574
23.0632
23.069
23.0748
23.0806
23.0864
23.0922
23.098
23.1039
23.1097
23.1155
23.1213
23.1271
23.1329
23.1387
23.1445
23.1503
23.1561
23.1619
23.1677
23.1735
23.1793
23.1851
23.1909
23.1967
23.2025
23.2083
23.2141
23.22
23.2258
23.2316
23.2374
23.2432
23.249
23.2548
23.2606
23.2664
23.2722
23.278
23.2838
23.2896
23.2954
23.3012
23.307
23.3128
23.3186
23.3244
23.3302
23.3361
23.3419
23.3477
23.3535
23.3593
23.3651
23.3709
23.3767
23.3825
23.3883
23.3941
23.3999
23.4057
23.4115
23.4173
23.4231
23.4289
23.4347
23.4405
23.4463
23.4522
23.458
23.4638
23.4696
23.4754
23.4812
23.487
23.4928
23.4986
23.5044
23.5102
23.516
23.5218
23.5276
23.5334
23.5392
23.545
23.5508
23.5566
23.5624
23.5683
23.5741
23.5799
23.5857
23.5915
23.5973
23.6031
23.6089
23.6147
23.6205
23.6263
23.6321
23.6379
23.6437
23.6495
23.6553
23.6611
23.6669
23.6727
23.6785
23.6844
23.6902
23.696
23.7018
23.7076
23.7134
23.7192
23.725
23.7308
23.7366
23.7424
23.7482
23.754
23.7598
23.7656
23.7714
23.7772
23.783
23.7888
23.7946
23.8005
23.8063
23.8121
23.8179
23.8237
23.8295
23.8353
23.8411
23.8469
23.8527
23.8585
23.8643
23.8701
23.8759
23.8817
23.8875
23.8933
23.8991
23.9049
23.9107
23.9166
23.9224
23.9282
23.934
23.9398
23.9456
23.9514
23.9572
23.963
23.9688
23.9746
23.9804
23.9862
23.992
23.9978
24.0036
24.0094
24.0152
24.021
24.0268
24.0327
24.0385
24.0443
24.0501
24.0559
24.0617
24.0675
24.0733
24.0791
24.0849
24.0907
24.0965
24.1023
24.1081
24.1139
24.1197
24.1255
24.1313
24.1371
24.1429
24.1488
24.1546
24.1604
24.1662
24.172
24.1778
24.1836
24.1894
24.1952
24.201
24.2068
24.2126
24.2184
24.2242
24.23
24.2358
24.2416
24.2474
24.2532
24.259
24.2649
24.2707
24.2765
24.2823
24.2881
24.2939
24.2997
24.3055
24.3113
24.3171
24.3229
24.3287
24.3345
24.3403
24.3461
24.3519
24.3577
24.3635
24.3693
24.3751
24.381
24.3868
24.3926
24.3984
24.4042
24.41
24.4158
24.4216
24.4274
24.4332
24.439
24.4448
24.4506
24.4564
24.4622
24.468
24.4738
24.4796
24.4854
24.4912
24.4971
24.5029
24.5087
24.5145
24.5203
24.5261
24.5319
24.5377
24.5435
24.5493
24.5551
24.5609
24.5667
24.5725
24.5783
24.5841
24.5899
24.5957
24.6015
24.6073
24.6132
24.619
24.6248
24.6306
24.6364
24.6422
24.648
24.6538
24.6596
24.6654
24.6712
24.677
24.6828
24.6886
24.6944
24.7002
24.706
24.7118
24.7176
24.7234
24.7293
24.7351
24.7409
24.7467
24.7525
24.7583
24.7641
24.7699
24.7757
24.7815
24.7873
24.7931
24.7989
24.8047
24.8105
24.8163
24.8221
24.8279
24.8337
24.8395
24.8454
24.8512
24.857
24.8628
24.8686
24.8744
24.8802
24.886
24.8918
24.8976
24.9034
24.9092
24.915
24.9208
24.9266
24.9324
24.9382
24.944
24.9498
24.9556
24.9615
24.9673
24.9731
24.9789
24.9847
24.9905
24.9963
25.0021
25.0079
25.0137
25.0195
25.0253
25.0311
25.0369
25.0427
25.0485
25.0543
25.0601
25.0659
25.0717
25.0776
25.0834
25.0892
25.095
25.1008
25.1066
25.1124
25.1182
25.124
25.1298
25.1356
25.1414
25.1472
25.153
25.1588
25.1646
25.1704
25.1762
25.182
25.1878
25.1937
25.1995
25.2053
25.2111
25.2169
25.2227
25.2285
25.2343
25.2401
25.2459
25.2517
25.2575
25.2633
25.2691
25.2749
25.2807
25.2865
25.2923
25.2981
25.3039
25.3097
25.3156
25.3214
25.3272
25.333
25.3388
25.3446
25.3504
25.3562
25.362
25.3678
25.3736
25.3794
25.3852
25.391
25.3968
25.4026
25.4084
25.4142
25.42
25.4258
25.4317
25.4375
25.4433
25.4491
25.4549
25.4607
25.4665
25.4723
25.4781
25.4839
25.4897
25.4955
25.5013
25.5071
25.5129
25.5187
25.5245
25.5303
25.5361
25.542
25.5478
25.5536
25.5594
25.5652
25.571
25.5768
25.5826
25.5884
25.5942
25.6
25.6058
25.6116
25.6174
25.6232
25.629
25.6348
25.6406
25.6464
25.6522
25.658
25.6639
25.6697
25.6755
25.6813
25.6871
25.6929
25.6987
25.7045
25.7103
25.7161
25.7219
25.7277
25.7335
25.7393
25.7451
25.7509
25.7567
25.7625
25.7683
25.7741
25.78
25.7858
25.7916
25.7974
25.8032
25.809
25.8148
25.8206
25.8264
25.8322
25.838
25.8438
25.8496
25.8554
25.8612
25.867
25.8728
25.8786
25.8844
25.8902
25.8961
25.9019
25.9077
25.9135
25.9193
25.9251
25.9309
25.9367
25.9425
25.9483
25.9541
25.9599
25.9657
25.9715
25.9773
25.9831
25.9889
25.9947
26.0005
26.0063
26.0122
26.018
26.0238
26.0296
26.0354
26.0412
26.047
26.0528
26.0586
26.0644
26.0702
26.076
26.0818
26.0876
26.0934
26.0992
26.105
26.1108
26.1166
26.1224
26.1283
26.1341
26.1399
26.1457
26.1515
26.1573
26.1631
26.1689
26.1747
26.1805
26.1863
26.1921
26.1979
26.2037
26.2095
26.2153
26.2211
26.2269
26.2327
26.2385
26.2444
26.2502
26.256
26.2618
26.2676
26.2734
26.2792
26.285
26.2908
26.2966
26.3024
26.3082
26.314
26.3198
26.3256
26.3314
26.3372
26.343
26.3488
26.3546
26.3605
26.3663
26.3721
26.3779
26.3837
26.3895
26.3953
26.4011
26.4069
26.4127
26.4185
26.4243
26.4301
26.4359
26.4417
26.4475
26.4533
26.4591
26.4649
26.4707
26.4766
26.4824
26.4882
26.494
26.4998
26.5056
26.5114
26.5172
26.523
26.5288
26.5346
26.5404
26.5462
26.552
26.5578
26.5636
26.5694
26.5752
26.581
26.5868
26.5927
26.5985
26.6043
26.6101
26.6159
26.6217
26.6275
26.6333
26.6391
26.6449
26.6507
26.6565
26.6623
26.6681
26.6739
26.6797
26.6855
26.6913
26.6971
26.7029
26.7088
26.7146	394.494
26.7204	392.449
26.7262	391.995
26.732	391.543
26.7378	395.178
26.7436	397.697
26.7494	397.697
26.7552	394.266
26.761	396.55
26.7668	404.883
26.7726	406.054
26.7784	397.238
26.7842	390.639
26.79	398.157
26.7958	403.249
26.8016	408.17
26.8074	401.622
26.8132	408.642
26.819	391.769
26.8249	389.738
26.8307	389.738
26.8365	393.811
26.8423	395.407
26.8481	389.288
26.8539	388.838
26.8597	390.414
26.8655	391.317
26.8713	395.407
26.8771	393.129
26.8829	394.039
26.8887	397.238
26.8945	398.157
26.9003	392.675
26.9061	392.675
26.9119	393.811
26.9177	395.178
26.9235	393.584
26.9293	397.238
26.9351	395.407
26.941	393.584
26.9468	395.635
26.9526	390.188
26.9584	388.614
26.9642	390.639
26.97	389.288
26.9758	389.738
26.9816	388.838
26.9874	388.165
26.9932	390.865
26.999	401.622
27.0048	397.927
27.0106	397.467
27.0164
27.0222
27.028
27.0338
27.0396
27.0454
27.0512
27.0571
27.0629
27.0687
27.0745
27.0803
27.0861
27.0919
27.0977
27.1035
27.1093
27.1151
27.1209
27.1267
27.1325
27.1383
27.1441
27.1499
27.1557
27.1615
27.1673
27.1732
27.179
27.1848
27.1906
27.1964
27.2022
27.208
27.2138
27.2196
27.2254
27.2312
27.237
27.2428
27.2486
27.2544
27.2602
27.266
27.2718
27.2776
27.2834
27.2893
27.2951
27.3009
27.3067
27.3125
27.3183
27.3241
27.3299
27.3357
27.3415
27.3473
27.3531
27.3589
27.3647
27.3705
27.3763
27.3821
27.3879
27.3937
27.3995
27.4054
27.4112
27.417
27.4228
27.4286
27.4344
27.4402
27.446
27.4518
27.4576
27.4634
27.4692
27.475
27.4808
27.4866
27.4924
27.4982
27.504
27.5098
27.5156
27.5215
27.5273
27.5331
27.5389
27.5447
27.5505
27.5563
27.5621
27.5679
27.5737
27.5795
27.5853
27.5911
27.5969
27.6027
27.6085
27.6143
27.6201
27.6259
27.6317
27.6376
27.6434
27.6492
27.655
27.6608
27.6666
27.6724
27.6782
27.684
27.6898
27.6956
27.7014
27.7072
27.713
27.7188
27.7246
27.7304
27.7362
27.742
27.7478
27.7537
27.7595
27.7653
27.7711
27.7769
27.7827
27.7885
27.7943
27.8001
27.8059
27.8117
27.8175
27.8233
27.8291
27.8349
27.8407
27.8465
27.8523
27.8581
27.8639
27.8698
27.8756
27.8814
27.8872
27.893
27.8988
27.9046
27.9104
27.9162
27.922
27.9278
27.9336
27.9394
27.9452
27.951
27.9568
27.9626
27.9684
27.9742
27.98
27.9858
27.9917
27.9975
28.0033
28.0091
28.0149
28.0207
28.0265
28.0323
28.0381
28.0439
28.0497
28.0555
28.0613
28.0671
28.0729
28.0787
28.0845
28.0903
28.0961
28.1019
28.1078
28.1136
28.1194
28.1252
28.131
28.1368
28.1426
28.1484
28.1542
28.16
28.1658
28.1716
28.1774
28.1832
28.189
28.1948
28.2006
28.2064
28.2122
28.2181
28.2239
28.2297
28.2355
28.2413
28.2471
28.2529
28.2587
28.2645
28.2703
28.2761
28.2819
28.2877
28.2935
28.2993
28.3051
28.3109
28.3167
28.3225
28.3283
28.3341
28.34
28.3458
28.3516
28.3574
28.3632
28.369
28.3748
28.3806
28.3864
28.3922
28.398
28.4038
28.4096
28.4154
28.4212
28.427
28.4328
28.4386
28.4444
28.4502
28.4561
28.4619
28.4677
28.4735
28.4793
28.4851
28.4909
28.4967
28.5025
28.5083
28.5141
28.5199
28.5257
28.5315
28.5373
28.5431
28.5489
28.5547
28.5605
28.5663
28.5722
28.578
28.5838
28.5896
28.5954
28.6012
28.607
28.6128
28.6186
28.6244
28.6302
28.636
28.6418
28.6476
28.6534
28.6592
28.665
28.6708
28.6766
28.6824
28.6883
28.6941
28.6999
28.7057
28.7115
28.7173
28.7231
28.7289
28.7347
28.7405
28.7463
28.7521
28.7579
28.7637
28.7695
28.7753
28.7811
28.7869
28.7927
28.7985
28.8044
28.8102
28.816
28.8218
28.8276
28.8334
28.8392
28.845
28.8508
28.8566
28.8624
28.8682
28.874
28.8798
28.8856
28.8914
28.8972
28.903
28.9088
28.9146
28.9205
28.9263
28.9321
28.9379
28.9437
28.9495
28.9553
28.9611
28.9669
28.9727
28.9785
28.9843
28.9901
28.9959
29.0017
29.0075
29.0133
29.0191
29.0249
29.0307
29.0366
29.0424
29.0482
29.054
29.0598
29.0656
29.0714
29.0772
29.083
29.0888
29.0946
29.1004
29.1062
29.112
29.1178
29.1236
29.1294
