6.46676	6.78023	1172.63	221.336
6.82667	7.12272	3053.74	73.3943
6.83828	7.08209	1033.29	98.687
6.99501	7.14594	5329.16	36.9993
7.10531	7.40136	780.827	250.346
7.37234	7.51746	2391.76	195.518
7.40136	7.84254	1213.98	250.346
7.50585	7.83673	2442.02	55.9365
7.95864	8.41143	1043.48	217.31
8.05732	8.3824	2117.32	71.305
8.17923	8.31274	11556	40.9176
8.17923	8.31274	11556	40.9176
8.53914	8.67846	2221.31	50.4602
8.71909	8.86422	837.354	68.2863
9.05578	9.4215	2725.29	88.3619
9.06159	9.45052	908.406	85.2128
9.22413	9.43891	1781.48	27.4077
11.1514	11.4474	1364.22	644.865
11.2152	11.4358	2772.93	340.929
11.4997	11.6912	1188.31	191.253
11.5403	11.9699	2387.62	101.313
12.086	12.5098	1390.47	622.236
12.2021	12.4981	2779.34	312.268
12.7071	13.0322	2341.19	88.1465
12.7071	13.2005	1169.24	79.2159
13.0032	13.1541	3293.78	15.0853
13.0148	13.2354	848.552	84.6321
13.2354	13.5082	941.528	48.7536
13.247	13.3863	855.442	19.1488
13.3224	13.6882	2021.71	81.3673
13.3921	13.5779	2934.42	67.2803
13.4676	13.6243	959.647	41.9421
13.4676	13.6243	959.647	41.9421
13.7694	14.5357	1061.72	73.4532
13.9958	14.0771	1983.54	48.2492
14.0307	14.1642	3192.62	50.4013
26.6623	26.8249	2529.6	15.4055
