0
0.00580499
0.01161
0.017415
0.02322
0.0290249
0.0348299
0.0406349
0.0464399
0.0522449
0.0580499
0.0638549
0.0696599
0.0754649
0.0812698
0.0870748
0.0928798
0.0986848
0.10449
0.110295
0.1161
0.121905
0.12771
0.133515
0.13932
0.145125
0.15093
0.156735
0.16254
0.168345
0.17415
0.179955
0.18576
0.191565
0.19737
0.203175
0.20898
0.214785
0.22059
0.226395
0.2322
0.238005
0.24381
0.249615
0.255419
0.261224
0.267029
0.272834
0.278639
0.284444
0.290249
0.296054
0.301859
0.307664
0.313469
0.319274
0.325079
0.330884
0.336689
0.342494
0.348299
0.354104
0.359909
0.365714
0.371519
0.377324
0.383129
0.388934
0.394739
0.400544
0.406349
0.412154
0.417959
0.423764
0.429569
0.435374
0.441179
0.446984
0.452789
0.458594
0.464399
0.470204
0.476009
0.481814
0.487619
0.493424
0.499229
0.505034
0.510839
0.516644
0.522449
0.528254
0.534059
0.539864
0.545669
0.551474
0.557279
0.563084
0.568889
0.574694
0.580499
0.586304
0.592109
0.597914
0.603719
0.609524
0.615329
0.621134
0.626939
0.632744
0.638549
0.644354
0.650159
0.655964
0.661769
0.667574
0.673379
0.679184
0.684989
0.690794
0.696599
0.702404
0.708209
0.714014
0.719819
0.725624
0.731429
0.737234
0.743039
0.748844
0.754649
0.760454
0.766258
0.772063
0.777868
0.783673
0.789478
0.795283
0.801088
0.806893
0.812698
0.818503
0.824308
0.830113	497.319
0.835918	496.171
0.841723	495.884
0.847528	496.457
0.853333	495.884
0.859138	493.028
0.864943	485.96
0.870748	487.084
0.876553	510.415
0.882358	509.531
0.888163	514.559
0.893968	526.891	245.378
0.899773	518.138	244.67
0.905578	521.742	241.58
0.911383	506.889	235.11
0.917188	231.472
0.922993	228.153
0.928798	225.793
0.934603	224.623
0.940408	223.071
0.946213	220.891
0.952018	218.859
0.957823	216.846
0.963628	215.348
0.969433	214.975
0.975238	214.108
0.981043	213.614
0.986848	212.629
0.992653	210.916
0.998458	210.065
1.00426	209.459
1.01007	208.855
1.01587	208.976
1.02168	208.735
1.02748	208.133
1.03329	207.293
1.03909	205.742
1.0449	205.03
1.0507	204.321
1.05651	203.027
1.06231	201.974
1.06812	201.508
1.07392	201.043
1.07973	200.116
1.08553	198.275
1.09134	198.275
1.09714	200.579
1.10295	213.49
1.10875	209.097
1.11456	204.675
1.12036	210.187
1.12617	209.338
1.13197
1.13778
1.14358
1.14939
1.15519
1.161
1.1668
1.17261
1.17841
1.18422
1.19002
1.19583
1.20163
1.20744
1.21324
1.21905
1.22485
1.23066
1.23646
1.24227
1.24807
1.25388
1.25968
1.26549
1.27129
1.2771
1.2829
1.28871
1.29451
1.30032
1.30612
1.31193
1.31773
1.32354
1.32934
1.33515
1.34095
1.34676
1.35256
1.35837
1.36417
1.36998	223.071
1.37578	225.012
1.38159	225.924
1.38739	226.446
1.3932	226.185
1.399	225.403
1.40481	225.663
1.41061	226.316
1.41642	227.101
1.42222	227.233
1.42803	227.627
1.43383	227.233
1.43964	227.627
1.44544	228.285
1.45125	228.285
1.45705	228.022
1.46286	227.495
1.46866	227.101
1.47447	226.839
1.48027	226.577
1.48608	226.446
1.49188	225.012
1.49769	222.556
1.50349	223.587
1.5093	223.2
1.5151	223.2
1.52091	221.402
1.52671	224.234
1.53252	222.814
1.53832
1.54413	225.272
1.54993	225.142
1.55574	227.627
1.56154	225.924
1.56735	225.533	302.969
1.57315	226.185	303.845
1.57896	226.446	303.67
1.58476	226.446	304.021
1.59057	226.577	304.724
1.59637	228.022	305.782
1.60218	231.205	306.312
1.60798	232.007	305.429
1.61379	224.104	305.959
1.61959	228.813	304.9
1.6254	228.417	302.619
1.6312	229.342	301.746
1.63701	229.078	301.05
1.64281	229.078	297.592
1.64862	235.11	296.905
1.65442	224.623	295.537
1.66023	226.577	296.734
1.66603	225.403	292.311
1.67184	230.139	296.391
1.67764	227.758	296.905
1.68345	227.233	295.195
1.68925	227.233	297.936
1.69506	228.285	298.281
1.70086	228.681	298.108
1.70667	229.21	296.391
1.71247	229.475	291.973
1.71828	229.21	295.195
1.72408	230.006	296.22
1.72989	229.74	296.391
1.73569	230.006	295.878
1.7415	229.475	305.076
1.7473	232.007	298.798
1.75311	227.101
1.75891	227.495
1.76472	228.813
1.77052	227.364
1.77633	226.446
1.78213
1.78794
1.79374
1.79955
1.80535
1.81116
1.81696
1.82277
1.82857	239.22
1.83438	238.668
1.84018	241.023
1.84599	235.518
1.85179	244.105
1.8576	241.999
1.8634	241.162
1.86921	237.43
1.87501	236.063
1.88082	231.472
1.88662	228.549	675.444
1.89243	222.299	700.072
1.89823	220.127	658.114
1.90404	219.746	655.458
1.90984	218.986	655.08
1.91565	219.112	654.701
1.92145	217.222	652.436
1.92726	216.721	650.179
1.93306	216.221	649.428
1.93887	214.851	645.688
1.94467	213.244	639.748
1.95048	210.673	633.131
1.95628	210.187	629.121
1.96209	210.794	630.94
1.96789	210.916	631.67
1.9737	210.916	632.765
1.9795	211.16	633.863
1.98531	211.893	636.063
1.99111	212.138	636.431
1.99692	210.794	632.035
2.00272	209.338	628.031
2.00853	207.293	623.693
2.01433	205.861	619.385
2.02014	204.794	615.818
2.02594	203.261	608.393	405.585
2.03175	201.741	600.711	402.086
2.03755	198.734	596.561	397.927
2.04336	197.361	593.468	394.266
2.04916	195.998	587.33	391.543
2.05497	194.869	584.284	389.513
2.06077	193.411	582.599	387.269
2.06658	191.742	580.248	382.379
2.07238	190.748	572.26	379.738
2.07819	188.666	566.341	375.593
2.08399	187.363	563.079	372.138
2.0898	185.854	559.512	370.85
2.0956	184.357	554.045	368.289
2.10141	182.872	547.681	367.014
2.10721	181.714	543.898	363.009
2.11302	179.835	538.584	362.799
2.11882	178.592	535.172	358.425
2.12463	177.256	531.476	357.598
2.13043	175.727	358.839
2.13624	174.413	356.36
2.14204	173.709	352.064
2.14785	177.154	349.43
2.15365	196.678	348.02
2.15946	345.018
2.16526	343.031
2.17107	335.583
2.17687	345.416
2.18268	353.082
2.18848	348.624
2.19429	358.011
2.20009	359.877
2.2059
2.2117
2.21751
2.22331
2.22912
2.23492
2.24073
2.24653
2.25234
2.25814
2.26395
2.26975
2.27556
2.28136
2.28717
2.29297
2.29878
2.30458
2.31039
2.31619
2.322
2.3278
2.33361
2.33941
2.34522
2.35102
2.35683
2.36263
2.36844
2.37424
2.38005
2.38585
2.39166
2.39746
2.40327
2.40907
2.41488
2.42068
2.42649
2.43229
2.4381
2.4439
2.44971
2.45551
2.46132
2.46712
2.47293
2.47873
2.48454
2.49034
2.49615
2.50195
2.50776
2.51356
2.51937
2.52517
2.53098
2.53678
2.54258
2.54839
2.55419
2.56
2.5658	924.819
2.57161	921.619
2.57741	923.217
2.58322	882.036
2.58902	862.886
2.59483	861.392
2.60063	862.886
2.60644	859.901
2.61224	886.633
2.61805	874.932
2.62385	861.392
2.62966	860.895
2.63546	871.401
2.64127	901.089
2.64707	892.284
2.65288	884.076
2.65868	840.261
2.66449	859.901
2.67029	855.936
2.6761	882.545
2.6819	874.932
2.68771	863.385
2.69351	861.89
2.69932	849.533
2.70512	839.775
2.71093	866.382
2.71673	875.943
2.72254	842.204
2.72834	859.901
2.73415	838.806	830.13
2.73995	818.228	867.885
2.74576	829.65	870.898
2.75156	839.775
2.75737	835.421
2.76317	834.457
2.76898	834.939
2.77478	832.05
2.78059	834.457
2.78639	836.387
2.7922	837.837	260.57
2.798	832.531	262.231
2.80381	836.87	266.353
2.80961	846.594	267.277
2.81542	862.388	259.818
2.82122	920.023	258.024
2.82703	915.781	256.241
2.83283	861.392	256.093
2.83864	876.955	256.982
2.84444	896.417	257.726
2.85025	922.151	258.173
2.85605	900.569	259.518
2.86186	259.369
2.86766	258.919
2.87347	258.621
2.87927	259.369
2.88508	259.969
2.89088	260.871
2.89669	261.022
2.90249	260.871
2.9083	260.119
2.9141	259.369
2.91991	259.069
2.92571	259.369
2.93152	260.419
2.93732	261.323
2.94313	261.928
2.94893	262.231	523.856
2.95474	262.231	524.765
2.96054	262.989	526.891
2.96635	263.75	527.805
2.97215	264.207	527.805
2.97796	264.513	526.586
2.98376	264.207	524.765
2.98957	263.293	520.839
2.99537	262.079	517.241
3.00118	259.969	515.154
3.00698	259.818	514.559
3.01279	260.419	514.559
3.01859	259.818	515.154
3.0244	261.323	519.637
3.0302	261.928	525.978
3.03601	263.598	529.331
3.04181	266.506	535.791
3.04762	266.045	532.09
3.05342	267.895	531.476
3.05923	266.814	532.09
3.06503	266.66	531.476
3.07084	267.895	530.249
3.07664	533.013
3.08245	528.72	264.513
3.08825	527.805	262.231
3.09406	527.5	261.928
3.09986	526.586	261.928
3.10567	524.765	261.323
3.11147	525.371	261.777
3.11728	527.195	263.445
3.12308	529.331	264.665
3.12889	532.09	265.738
3.13469	531.783	267.277
3.1405	532.09	269.447
3.1463	534.863	269.136
3.15211	537.651	269.136
3.15791	537.651	268.981
3.16372	537.962	268.826
3.16952	539.829	268.981
3.17533	538.895	269.447
3.18113	537.03	269.447
3.18694	537.03	268.67
3.19274	534.554	268.05
3.19855	534.863	268.05
3.20435	534.863	268.05
3.21016	534.554	267.432
3.21596	532.705	266.506
3.22177	531.476	265.431
3.22757	531.476	265.584
3.23338	531.783	265.738
3.23918	529.943	265.278
3.24499	528.414	264.818
3.25079	527.5	264.207
3.2566	527.805	263.598
3.2624	527.195	263.445
3.26821	528.109	263.141
3.27401	527.5	263.293
3.27982	526.891	263.141
3.28562	526.282	263.598
3.29143	529.331	264.055
3.29723	525.675	263.141
3.30304	522.949	262.079
3.30884	525.675	262.534
3.31465	522.044	266.199
3.32045	501.936	266.199
3.32626	513.372	267.586
3.33206	511.595	270.071
3.33787	265.891
3.34367	268.826
3.34948	269.292
3.35528	269.136
3.36109	268.515
3.36689	267.895
3.3727	266.814
3.3785	266.353
3.38431	264.971
3.39011	264.36
3.39592	263.598
3.40172	265.125
3.40753	264.818
3.41333	264.818
3.41914
3.42494	264.36
3.43075	264.513
3.43655	264.818
3.44236	263.902
3.44816	263.445
3.45397	264.055
3.45977	264.665
3.46558	265.584
3.47138	264.971
3.47719	265.891
3.48299	265.584
3.4888	265.891
3.4946	257.131
3.50041	262.837
3.50621	265.738
3.51202	266.66
3.51782	266.045
3.52363	266.506
3.52943	266.506
3.53524	265.738
3.54104	265.738
3.54685	265.738
3.55265	264.818
3.55846	264.513
3.56426	265.278
3.57007	264.513
3.57587	265.891
3.58168	267.741
3.58748	266.353
3.59329	266.506
3.59909	266.199
3.6049	267.123
3.6107	267.586
3.61651	267.123
3.62231	268.205
3.62812	266.353
3.63392	265.738
3.63973	265.125
3.64553	261.928
3.65134	267.432
3.65714	267.432
3.66295	267.432
3.66875	269.136
3.67456	270.227
3.68036	271.165
3.68617	271.165	253.445
3.69197	271.165	251.839
3.69778	276.383	257.131
3.70358	276.383	266.66
3.70939	292.987	271.008
3.71519	274.791
3.721	277.343
3.7268	280.403
3.73261	282.68
3.73841	284.811
3.74422	286.626
3.75002	287.455
3.75583	288.287
3.76163	289.789
3.76744	290.292
3.77324	290.292
3.77905	290.459
3.78485	290.292
3.79066	291.131
3.79646	291.636
3.80227	291.636
3.80807	291.805
3.81388	291.805
3.81968	291.973
3.82549	291.973
3.83129	291.636
3.8371	291.131
3.8429	290.627
3.84871	290.124
3.85451	289.287
3.86032	288.953
3.86612	287.621
3.87193	285.14
3.87773	282.191
3.88354	282.028
3.88934	280.89
3.89515	277.343
3.90095	275.905
3.90676	272.578
3.91256	268.205
3.91837	265.125
3.92417	259.969
3.92998	255.798
3.93578	252.568
3.94159	248.803
3.94739	244.811
3.9532	237.156
3.959	229.873
3.96481	225.663
3.97061	228.153
3.97642	236.063	290.292
3.98222	231.606	291.3
3.98803	238.53	289.622
3.99383	292.649
3.99964	294.174
4.00544	291.636
4.01125	289.789
4.01705	289.622
4.02286	288.787
4.02866	287.954	860.895
4.03447	284.482	858.908
4.04027	283.334	848.062
4.04608	281.539	842.204
4.05188	279.595	835.421
4.05769	278.145	833.012
4.06349	276.863	827.736
4.0693	274.633	820.121
4.0751	272.893	818.228
4.08091	269.759	800.927
4.08671	272.578	783.991
4.09252	269.759	769.188
4.09832	257.577	759.037
4.10413	264.665	741.701
4.10993	251.113	734.877
4.11574	264.665	726.437
4.12154	268.36	713.545
4.12735	718.923
4.13315	718.923
4.13896	690.434
4.14476	734.453
4.15057	721.002
4.15637	724.342
4.16218	720.17
4.16798	720.17
4.17379	719.338
4.17959	691.232
4.1854	724.76
4.1912	716.436
4.19701	717.264
4.20281	718.923
4.20862	720.17
4.21442	718.508
4.22023	718.923
4.22603	683.293
4.23184	681.716
4.23764	674.664
4.24345	682.504
4.24925	678.965
4.25506	683.687	1134.65
4.26086	682.504	1149.16
4.26667	677.789	1133.34
4.27247	678.573	1143.2
4.27828	690.035	1190.37
4.28408	688.841	1195.88
4.28989	689.239	1188.31
4.29569	689.637	1190.37
4.3015	689.239	1195.19
4.3073	688.841	1188.31
4.31311	687.251	1183.51
4.31891	688.045	1167.22
4.32472	684.873	1163.85
4.33052	685.665	1165.87
4.33633	687.251	1156.48
4.34213	685.269	1157.82
4.34794	684.478	1166.55
4.35374	685.665	1148.49
4.35955	690.035	1151.15
4.36535	692.031	1164.53	578.241
4.37116	690.833	1148.49	578.575
4.37696	690.035	1158.49	592.44
4.38277	685.269	1164.53	587.669
4.38857	684.873	1186.94	591.415
4.39438	682.11	1176.02	592.44
4.40018	686.854	1182.15	595.184
4.40599	660.78	1164.53	592.783
4.41179	694.033	1186.25	599.671
4.4176	697.247	1170.6	588.348
4.4234	705.756	1188.31	593.468
4.42921	695.236	1139.24	593.125
4.43501	694.033	1147.83	595.528	525.371
4.44082	684.478	1148.49	612.271	510.415
4.44662	695.638	1146.5	615.818	511.005
4.45243	702.097	1176.02	616.53	512.483
4.45823	704.534	1153.15	615.818	512.187
4.46404	713.957	1148.49	609.8	531.476
4.46984	721.002	1170.6	615.107	528.109
4.47565	677.789	1198.65	633.131	522.044
4.48145	677.789	1193.81	610.858	520.839
4.48726	690.035	1146.5	602.796	518.438
4.49306	689.637	585.298	517.54
4.49887	705.756	591.073	517.241
4.50467	698.456	514.559	256.093
4.51048	704.128	515.749	256.834
4.51628	698.053	516.047	257.875
4.52209	692.431	516.942	258.919
4.52789	692.431	518.138	259.369
4.5337	692.431	516.644	258.919
4.5395	696.442	515.154	257.28
4.54531	697.247	513.965	254.324
4.55111	686.854	510.71	255.355
4.55692	701.286	508.062	252.86
4.56272	713.545	506.596	252.86
4.56853	698.053	504.261	250.823
4.57433	695.236	497.893	249.378
4.58014	496.457	248.085
4.58594	496.171	246.657
4.59175	489.905	244.529
4.59755	488.493	243.261
4.60336	482.046	240.745
4.60916	478.44	239.773
4.61497	477.611	238.944	713.957
4.62077	470.764	235.246	709.025
4.62658	469.949	233.351	696.442
4.63238	464.015	231.739	694.033
4.63819	467.512	231.205	690.833
4.64399	458.95	229.078	689.239
4.6498	455.78	227.627	682.504
4.6556	452.37	225.272	678.965
4.66141	448.986	223.975	682.11
4.66721	444.856	222.428	668.458
4.67302	441.783	221.658	668.072
4.67882	441.273	219.746	656.216
4.68463	433.441	215.722	644.942
4.69043	426.981	210.429	646.434
4.69624	421.833	208.253	680.535
4.70204	414.107	206.456	680.535
4.70785	407.699	203.849	669.231
4.71365	401.622	201.392	670.391
4.71946	402.318	198.504	668.844
4.72526	400.463	194.195	658.494
4.73107	395.864	192.742	647.181
4.73687	398.617	191.079	667.686
4.74268	396.779	189.979	658.494
4.74848	400.695	186.823	639.748
4.75429	645.688
4.76009	654.701
4.7659	652.436
4.7717	683.687
4.77751	675.054
4.78331	673.886
4.78912	663.457
4.79492	667.301
4.80073	674.275
4.80653	649.428
4.81234	672.719
4.81814	656.595
4.82395	663.841
4.82975
4.83556
4.84136
4.84717
4.85297
4.85878
4.86458
4.87039
4.87619
4.882
4.8878
4.89361
4.89941
4.90522
4.91102
4.91683
4.92263
4.92844
4.93424
4.94005
4.94585
4.95166
4.95746
4.96327
4.96907
4.97487
4.98068
4.98649
4.99229
4.9981
5.0039
5.00971
5.01551
5.02132
5.02712
5.03293
5.03873
5.04454
5.05034
5.05615
5.06195
5.06776
5.07356
5.07936
5.08517
5.09097
5.09678
5.10258
5.10839
5.11419
5.12
5.1258
5.13161
5.13741
5.14322
5.14902
5.15483	203.144
5.16063	208.373
5.16644	212.383
5.17225	217.599
5.17805	220.127
5.18385	222.428
5.18966	223.587
5.19546	222.942
5.20127	221.147
5.20707	220.127
5.21288	217.348
5.21868	216.47
5.22449	214.727
5.23029	212.875
5.2361	210.916
5.2419	207.532
5.24771	205.861
5.25351	204.557
5.25932	203.379
5.26512	198.734
5.27093	196.678
5.27673	193.858
5.28254	189.869
5.28834	188.448
5.29415	187.797
5.29995	185.961
5.30576	183.507
5.31156	181.399
5.31737	179.109
5.32317	176.643
5.32898	174.312
5.33478	172.808
5.34059	171.119
5.34639	168.764
5.3522	167.501
5.358	166.536
5.36381	165.29
5.36961	164.338	331.154
5.37542	164.624	330.009
5.38122	164.719	328.487
5.38703	164.338	328.487
5.39283	163.298	328.487
5.39864	162.733	325.841
5.40444	163.015	320.059
5.41025	163.77	323.778
5.41605	166.729	333.843
5.42186	161.422	337.137
5.42766	167.404	329.818
5.43347	169.937	327.918
5.43927	330.199
5.44508	331.537
5.45088	335.583
5.45669	336.165
5.46249	331.92
5.4683	329.247
5.4741	331.729
5.47991	341.252
5.48571	346.415
5.49152	343.031
5.49732	339.875
5.50313	341.449
5.50893	337.137
5.51474	335.002
5.52054	333.65
5.52635	332.688
5.53215	333.073
5.53796	331.346
5.54376	326.03
5.54957	323.591
5.55537	324.902
5.56118	320.059
5.56698	325.277
5.57279	337.527
5.57859	336.943
5.5844	336.943
5.5902	326.784
5.59601	315.106
5.60181	325.653
5.60762	337.332
5.61342	325.653
5.61923	329.437
5.62503	335.002
5.63084	337.917
5.63664	331.346
5.64245	319.32
5.64825	311.487
5.65406	310.409
5.65986	308.799	224.623
5.66567	317.481	228.549
5.67147	317.481	230.804
5.67728	229.74
5.68308	228.945	682.898
5.68889	227.233	681.716
5.69469	225.403	678.965
5.7005	223.716	674.664
5.7063	222.171	669.617
5.71211	218.733	662.691
5.71791	216.345	655.08
5.72372	216.47	652.813
5.72952	216.47	652.813
5.73533	215.971	648.304
5.74113	216.096	647.93
5.74694	215.099	643.826
5.75274	213.984	641.228
5.75855	211.771	635.329
5.76435	208.855	617.242
5.77016	206.814	619.385
5.77596	205.03	613.687
5.78177	201.741	606.288
5.78757	198.619	595.872
5.79338	197.133	591.415
5.79918	194.531	585.298
5.80499	193.299	580.583
5.81079	192.408	577.24
5.8166	190.859	573.252
5.8224	189.65	570.609
5.82821	188.557	562.429
5.83401	187.147	558.866
5.83982	185.104	555.969
5.84562	182.872	547.681
5.85143	180.876	542.016
5.85723	180.251	540.766
5.86304	179.42	538.895
5.86884	178.18	533.321
5.87465	176.745	528.72
5.88045	174.715	522.949
5.88626	173.608	517.839
5.89206	171.714	512.187
5.89787	169.447	505.719
5.90367	169.349	501.936
5.90948	166.633	501.067	646.061
5.91528	170.527	504.552	639.009
5.92109	165.386	496.171	647.93
5.92689	161.142	487.647	647.93
5.9327	159.476	480.101	642.711
5.9385	158.283	476.784	644.57
5.94431	159.108	474.586	641.228
5.95011	158.557	465.626	641.228
5.95592	158.374	472.944	646.808
5.96172	158.374	475.135	628.031
5.96753	159.016	475.684	630.212
5.97333	159.476	652.436
5.97914	158.374	653.945
5.98494	157.553	664.224
5.99075	703.721
5.99655	659.636
6.00236	650.93
6.00816	638.64
6.01397	612.979
6.01977	644.942
6.02558	612.979
6.03138	620.818
6.03719	607.691
6.04299	625.859
6.0488
6.0546
6.06041
6.06621
6.07202
6.07782
6.08363
6.08943
6.09524
6.10104
6.10685
6.11265
6.11846
6.12426
6.13007
6.13587
6.14168
6.14748
6.15329
6.15909	601.752
6.1649	600.364
6.1707	604.19
6.17651	606.638
6.18231	608.393
6.18812	610.153
6.19392	611.564	203.849
6.19973	613.687	205.267
6.20553	615.107	204.557
6.21134	618.67	204.321
6.21714	618.67	204.912
6.22295	621.895	205.386
6.22875	621.177	205.267
6.23456	621.177	205.742
6.24036	622.254	205.267
6.24617	621.895	205.861
6.25197	621.177	206.218
6.25778	619.385	206.099
6.26358	616.886	205.742
6.26939	614.397	205.267
6.27519	612.625	204.557
6.281	608.744	203.614
6.2868	606.288	203.144
6.29261	604.889	202.792
6.29841	606.638	202.558
6.30422	606.638	202.441
6.31002	607.34	202.324
6.31583	607.691	202.091
6.32163	606.288	201.392
6.32744	602.1	200.116
6.33324	598.287	199.193
6.33905	593.811	198.504
6.34485	591.073	198.046
6.35066	590.05	197.475
6.35646	589.028	197.133
6.36227	589.369	197.133
6.36807	593.125	198.161
6.37388	594.154	199.193
6.37968	591.073	198.734
6.38549	599.324	195.885
6.39129	605.588	201.508
6.3971	605.588	206.099
6.4029	606.989	207.293
6.40871	601.405
6.41451	613.333
6.42032	613.333
6.42612	613.687
6.43193	608.393
6.43773
6.44354
6.44934
6.45515
6.46095
6.46676
6.47256
6.47837
6.48417
6.48998	293.834
6.49578	294.004
6.50159	295.195
6.50739	295.366
6.5132	296.563
6.519	297.077
6.52481	296.22
6.53061	295.878
6.53642	292.649
6.54222	285.965
6.54803	290.292
6.55383	285.634
6.55964	293.834
6.56544	291.636
6.57125	284.482
6.57705	286.792
6.58286	296.563
6.58866	293.326
6.59447	290.459
6.60027	287.455	201.624
6.60608	288.62	201.043
6.61188	290.963	203.027	609.448
6.61769	291.468	202.441	610.153
6.62349	289.287	202.91	612.979
6.6293	281.377	203.732	612.271
6.6351	281.539	202.675	609.8
6.64091	291.131	202.91	607.691
6.64671	287.123	202.91	608.744
6.65252	299.316	203.614	611.211
6.65832	291.805	204.557	609.8
6.66413	293.326	205.386	610.505
6.66993	292.48	205.98	615.462
6.67574	295.537	206.576	614.397
6.68154	292.48	207.173	621.535
6.68735	296.734	208.012	625.497
6.69315	296.049	210.187	631.67
6.69896	300.529	211.038	634.595	425.012
6.70476	301.572	212.383	636.431	424.031
6.71057	302.444	211.893	634.962	427.474
6.71637	308.087	212.875	638.64	429.702
6.72218	302.27	212.506	637.535	427.474
6.72798	300.529	211.893	636.063	426.734
6.73379	310.409	209.701	633.131	423.297
6.73959	210.065	634.962	422.564
6.7454	210.187	633.863	424.767
6.7512	207.293	637.166	421.589
6.75701	205.861	643.454	420.13
6.76281	206.814	640.117	416.025
6.76862	208.494	641.598	416.747
6.77442	208.373	429.95
6.78023	206.934	426.487
6.78603	206.576	426.487
6.79184	206.695	420.373
6.79764	207.293	420.616
6.80345	203.732	432.441
6.80925	202.441	430.447
6.81506	203.614	412.198
6.82086	203.614	427.721
6.82667	203.967	425.749
6.83247	420.13
6.83828
6.84408
6.84989
6.85569
6.8615
6.8673
6.87311
6.87891
6.88472
6.89052
6.89633
6.90213
6.90794
6.91374
6.91955	529.637
6.92535	528.72
6.93116	529.637
6.93696	529.331	176.032
6.94277	529.637	176.235
6.94857	528.109	176.439
6.95438	527.5	175.626
6.96018	526.282	175.626
6.96599	525.675	175.423
6.97179	525.978	175.322
6.9776	526.586	175.119
6.9834	527.195	174.312
6.98921	526.586	175.93
6.99501	529.025	176.745
7.00082	533.013	177.974
7.00662	534.863	179.109
7.01243	539.206	179.938
7.01823	540.453	180.981
7.02404	546.102	181.819
7.02984	550.218	182.872
7.03565	556.29	184.784
7.04145	560.483	186.069
7.04726	563.079	186.931
7.05306	566.014	188.122
7.05887	568.307	189.431
7.06467	569.951	190.198
7.07048	572.921	191.079
7.07628	575.242	192.297
7.08209	580.583	193.635
7.08789	584.284	195.094
7.0937	589.369	195.771	517.839
7.0995	592.44	196.792	524.159
7.10531	595.184	197.818	526.891
7.11111	595.872	198.39	526.891
7.11692	595.528	198.619	527.195
7.12272	595.872	198.963	522.647
7.12853	600.364	199.885	525.371
7.13433	602.796	200.695	523.553
7.14014	601.058	200.927	521.14
7.14594	601.752	200.811	521.14
7.15175	601.405	200.695	522.647
7.15755	601.752	200.232	530.249
7.16336	598.978	199.424	523.856
7.16916	589.028	197.475	535.482
7.17497	582.936	198.504	534.246
7.18077	570.939	194.195	544.213
7.18658	557.899	192.408	550.218
7.19238	552.447	196.111	552.447
7.19819	561.779	188.014	549.265
7.20399	561.779	194.869	542.643
7.2098	574.578	542.643
7.2156
7.22141
7.22721
7.23302
7.23882
7.24463
7.25043
7.25624
7.26204
7.26785
7.27365
7.27946
7.28526
7.29107
7.29687
7.30268
7.30848
7.31429
7.32009	546.102
7.3259	543.584
7.3317	543.584
7.33751	541.391
7.34331	537.962
7.34912	535.482
7.35492	526.586
7.36073	517.241
7.36653	514.559
7.37234	509.826
7.37814	500.778
7.38395	495.598
7.38975	491.89
7.39556	489.057
7.40136	485.96
7.40717	483.161
7.41297	483.161	641.598
7.41878	477.887	639.379
7.42458	473.491	639.009
7.43039	472.125	637.903
7.43619	471.58	634.595
7.442	471.853	630.212
7.4478	472.398	629.121
7.45361	472.398	631.305
7.45941	472.671	628.031
7.46522	471.308	622.973
7.47102	468.052	613.687
7.47683	465.895	611.211
7.48263	466.164	611.211
7.48844	466.972	613.333
7.49424	466.433	615.107
7.50005	466.972	605.938
7.50585	461.076	610.505
7.51166	458.42	602.796
7.51746	453.155	618.313
7.52327	453.416	610.858
7.52907	457.362	613.333
7.53487	469.949	609.8
7.54068	475.959	611.917
7.54648	476.784
7.55229	475.959
7.55809	480.378
7.5639	477.611
7.56971	474.312
7.57551	477.887
7.58132	487.647
7.58712	483.719
7.59293	482.603
7.59873	478.163
7.60454
7.61034
7.61615
7.62195
7.62776
7.63356
7.63936
7.64517
7.65097
7.65678
7.66258
7.66839
7.67419
7.68
7.6858
7.69161
7.69741
7.70322
7.70902
7.71483
7.72063
7.72644
7.73224
7.73805
7.74385
7.74966
7.75546
7.76127
7.76707
7.77288
7.77868
7.78449
7.79029
7.7961
7.8019
7.80771
7.81351
7.81932
7.82512
7.83093
7.83673
7.84254
7.84834
7.85415
7.85995
7.86576
7.87156
7.87737
7.88317
7.88898
7.89478
7.90059
7.90639
7.9122
7.918
7.92381
7.92961
7.93542
7.94122
7.94703
7.95283
7.95864
7.96444
7.97025
7.97605
7.98186
7.98766
7.99347
7.99927
8.00508
8.01088
8.01669
8.02249
8.0283
8.0341
8.03991
8.04571
8.05152
8.05732
8.06313
8.06893
8.07474
8.08054
8.08635
8.09215
8.09796
8.10376
8.10957
8.11537
8.12118
8.12698
8.13279
8.13859
8.1444
8.1502
8.15601
8.16181
8.16762
8.17342
8.17923
8.18503	576.573
8.19084	575.575
8.19664	577.24
8.20245	579.913
8.20825	589.369
8.21406	593.811
8.21986	579.578
8.22567	579.244
8.23147	577.573
8.23728	579.913
8.24308	578.241
8.24889	595.872
8.25469	600.711
8.2605	610.153
8.2663	626.22
8.27211	633.863
8.27791	636.431
8.28372	639.748
8.28952	649.804
8.29533	623.333
8.30113	602.796
8.30694	589.369
8.31274	615.107
8.31855
8.32435
8.33016
8.33596
8.34177
8.34757
8.35338
8.35918
8.36499
8.37079	1167.89
8.3766	1165.87
8.3824	1175.34
8.38821	1159.83
8.39401	1151.81
8.39982	1163.85
8.40562	1145.18
8.41143	1143.86
8.41723	1164.53
8.42304	1157.82
8.42884	1142.54
8.43465	1166.55
8.44045	1147.83	518.438
8.44626	1171.95	548.315
8.45206	1172.63	547.681
8.45787	1161.17	521.14
8.46367	1161.84	539.829
8.46948	1159.16	533.013
8.47528	1165.87	519.937
8.48109	1151.15	516.346
8.48689	1168.57	517.54
8.4927	1155.81	517.839
8.4985	1162.51	514.856
8.50431	1167.89	515.154
8.51011	1206.29	515.749	257.28
8.51592	1198.65	517.241	257.428
8.52172	1166.55	515.452	256.834
8.52753	1172.63	512.779	256.241
8.53333	1201.42	511.005	256.093
8.53914	1202.12	511.005	255.798
8.54494	1186.25	508.355	254.178
8.55075	1195.88	506.889	253.006
8.55655	1160.5	505.135	251.113
8.56236	1165.2	499.045	249.667
8.56816	1168.57	498.469	248.803
8.57397	1171.95	498.469	248.372
8.57977	1172.63	499.622	248.372
8.58558	1161.17	494.74	247.513
8.59138	1139.24	493.313	246.372
8.59719	1135.3	491.039	245.661
8.60299	1133.99	488.211	244.529
8.6088	1171.27	485.399	242.84
8.6146	1139.9	486.241	241.999
8.62041	480.378	240.745
8.62621	477.611	239.635
8.63202	473.218	237.979
8.63782	470.22	236.199
8.64363	468.864	233.756
8.64943	461.342	232.41
8.65524	454.728	231.606
8.66104	455.78	229.608
8.66685	456.57	227.627
8.67265	451.587	225.142
8.67846	453.678	226.054
8.68426	450.545	225.403
8.69007	445.37	223.587
8.69587	440.763	221.53
8.70168	434.444	217.348
8.70748	429.206	214.603
8.71329	425.258	213.121
8.71909	423.542	212.506
8.7249	421.833	211.404
8.7307	422.808	209.944
8.73651	417.228	208.614
8.74231	413.39	207.053
8.74812	410.535	205.505
8.75392	405.351	204.203
8.75973	405.117	203.261
8.76553	404.883	202.441
8.77134	401.622	199.885
8.77714	396.321	196.565
8.78295	388.614	193.076
8.78875	383.707	191.521
8.79456	385.484	194.756
8.80036	389.063	201.857
8.80617	375.376	212.875
8.81197	358.218	234.297
8.81778	232.947
8.82358
8.82939
8.83519
8.841
8.8468
8.85261
8.85841
8.86422
8.87002
8.87583
8.88163
8.88744
8.89324
8.89905
8.90485
8.91066
8.91646
8.92227
8.92807
8.93388
8.93968
8.94549	219.239
8.95129	222.814
8.9571	225.142
8.9629	226.316
8.96871	227.627
8.97451	228.022
8.98032	229.342
8.98612	230.006
8.99193	230.538
8.99773	230.804
9.00354	230.938
9.00934	231.472
9.01515	232.544
9.02095	233.082
9.02676	233.217
9.03256	232.813
9.03837	232.544
9.04417	232.544
9.04998	234.026
9.05578	229.475
9.06159	227.101
9.06739	227.89
9.0732	220.509
9.079
9.08481
9.09061	217.85
9.09642	217.85
9.10222	218.733
9.10803	226.446
9.11383	216.971
9.11964	218.228
9.12544	219.619
9.13125	220.127
9.13705	219.873
9.14286	220.891
9.14866	221.147
9.15447	219.873
9.16027	218.733
9.16608	218.48
9.17188	218.48
9.17769	217.976
9.18349	217.599
9.1893	216.846
9.1951	215.971
9.20091	215.722
9.20671	214.727
9.21252	214.727
9.21832	215.472
9.22413	220.509
9.22993	216.47
9.23574	217.976
9.24154	218.607
9.24735	219.492
9.25315	219.239
9.25896	223.071
9.26476	221.402
9.27057
9.27637
9.28218
9.28798
9.29379
9.29959
9.3054
9.3112
9.31701
9.32281
9.32862
9.33442
9.34023
9.34603
9.35184
9.35764
9.36345
9.36925	480.378
9.37506	468.323
9.38086	467.782
9.38667	455.517
9.39247	472.671
9.39828	466.164
9.40408	465.088
9.40989	461.875
9.41569	453.416
9.4215	457.098	229.608
9.4273	463.211	230.671
9.43311	465.357	231.739
9.43891	465.088	231.338
9.44472	463.211	230.538
9.45052	464.015	228.945
9.45633	454.203	226.054
9.46213	447.95	223.716
9.46794	441.783	222.299
9.47374	443.316	221.658
9.47955	440	221.274
9.48535	441.783	221.402
9.49116	442.293	221.658
9.49696	442.038	221.914
9.50277	441.528	221.402
9.50857	441.018	220.764
9.51438	441.273	220.509
9.52018	440.254	220
9.52599	439.238	219.492
9.53179	437.971	219.112
9.5376	437.213	218.607
9.5434	435.952	218.48
9.54921	435.952	218.354
9.55501	437.213	218.102
9.56082	434.444	217.473
9.56662	433.942	216.846
9.57243	433.692	216.596
9.57823	431.443	216.096
9.58404	431.692	215.846
9.58984	430.199	215.224
9.59565	430.199	214.727
9.60145	426.241	213.121
9.60726	424.276	212.138
9.61306	424.031	211.893
9.61887	422.564	211.404
9.62467	420.373	209.823
9.63048	418.193	209.217
9.63628	416.265	208.373
9.64209	414.586	207.173
9.64789	412.674	205.98
9.6537	412.198	205.98
9.6595	412.198	205.623
9.66531	410.535	205.505
9.67111	411.722	206.099
9.67692	415.065	207.652
9.68272	417.711	208.735
9.68853	421.345	209.701
9.69433	422.076	210.187
9.70014	424.276	211.038
9.70594	424.031	211.893
9.71175	422.32	211.404
9.71755	422.076	211.404
9.72336	421.833	210.794
9.72916	420.13	209.944
9.73497	421.102	208.253
9.74077	421.833	209.701
9.74658	433.441	211.526
9.75238	436.708	213.984
9.75819	425.503	209.944
9.76399	420.859	212.629
9.7698	425.995
9.7756
9.78141
9.78721
9.79302
9.79882
9.80463
9.81043
9.81624
9.82204
9.82785
9.83365
9.83946
9.84526
9.85107
9.85687
9.86268
9.86848
9.87429
9.88009
9.8859
9.8917
9.89751
9.90331
9.90912
9.91492
9.92073
9.92653
9.93234
9.93814
9.94394
9.94975
9.95555
9.96136
9.96716
9.97297
9.97878
9.98458
9.99039
9.99619
10.002
10.0078
10.0136
10.0194
10.0252
10.031
10.0368
10.0426
10.0484
10.0542
10.06
10.0659
10.0717
10.0775
10.0833
10.0891
10.0949
10.1007
10.1065
10.1123
10.1181
10.1239
10.1297
10.1355
10.1413
10.1471
10.1529
10.1587
10.1645
10.1703
10.1761
10.1819
10.1878
10.1936
10.1994
10.2052
10.211
10.2168
10.2226
10.2284
10.2342
10.24
10.2458
10.2516
10.2574
10.2632
10.269
10.2748
10.2806
10.2864
10.2922
10.298
10.3039
10.3097
10.3155
10.3213
10.3271
10.3329	266.814
10.3387	273.209
10.3445	262.837
10.3503	269.136
10.3561	269.447
10.3619	270.227
10.3677	270.539
10.3735	269.759
10.3793	268.36
10.3851	265.584
10.3909	262.231
10.3967	269.759
10.4025	272.578
10.4083	274.791
10.4141	275.745
10.42	275.905
10.4258	276.703
10.4316	277.663
10.4374	279.111
10.4432	279.756
10.449	280.08
10.4548	280.08
10.4606	280.08
10.4664	280.08
10.4722	280.08
10.478	280.403
10.4838	280.89
10.4896	281.377
10.4954	281.865
10.5012	282.191
10.507	281.865
10.5128	282.028
10.5186	281.214
10.5244	280.241
10.5302	279.111
10.5361	278.627
10.5419	278.306
10.5477	278.145
10.5535	277.824
10.5593	277.663
10.5651	277.343
10.5709	276.703
10.5767	276.224
10.5825	275.905
10.5883	275.427
10.5941	275.427
10.5999	275.745
10.6057	276.064
10.6115	275.745
10.6173	274.474
10.6231	273.683
10.6289	272.893	819.647
10.6347	272.893	821.069
10.6405	273.525	820.121
10.6463	274.157	820.121
10.6522	274.95	822.968
10.658	275.268	826.303
10.6638	276.224	829.65
10.6696	277.663	830.609
10.6754	277.663	833.975
10.6812	277.663	834.457
10.687	277.984	834.939
10.6928	277.984	834.939
10.6986	277.824	834.457
10.7044	277.663	834.939
10.7102	277.343	834.457
10.716	276.543	831.089
10.7218	276.064	830.13
10.7276	275.427	841.718
10.7334	275.745	843.665
10.7392	275.905	828.214	1929.3
10.745	276.224	829.65	1929.3
10.7508	276.383	826.78	1939.35
10.7566	277.183	819.174	1943.84
10.7624	277.824	832.531	1934.88
10.7683	276.703	823.92	1938.23
10.7741	273.367	821.069	1932.64
10.7799	272.893	816.34	1923.73
10.7857	273.683	814.927	1910.44
10.7915	273.367	819.174	1899.44	948.624
10.7973	278.306	835.421	1887.41	945.888
10.8031	273.209	1880.88	944.796
10.8089	1864.66	976.421
10.8147	1861.43	974.731
10.8205	1865.73	968.557
10.8263	1858.2	974.731
10.8321	1858.2	980.944
10.8379	1862.5	978.115
10.8437	1874.37	973.605
10.8495	1874.37	983.213
10.8553	1885.23	983.781
10.8611	1887.41	980.377	539.518	270.539
10.8669	1888.5	990.052	542.957	271.008
10.8727	1898.34	1001.56	547.049	272.893
10.8785	1913.76	1005.03	552.128	274.633
10.8844	1925.96	962.979	553.086	275.745
10.8902	1935.99	921.619	553.406	276.863
10.896	1937.11	920.555	554.045	276.863
10.9018	1940.47	921.087	553.086	277.183
10.9076	1941.59	915.781	553.086	276.863
10.9134	1940.47	920.023	554.045	277.023
10.9192	1946.09	921.087	554.686	277.984
10.925	1949.46	922.684	555.327	278.466
10.9308	1947.21	924.819	556.611	278.306
10.9366	1950.59	924.819	557.899	278.627
10.9424	1951.71	929.639	557.899	279.111
10.9482	1952.84	935.024	559.189	278.949
10.954	1949.46	914.196	558.544	278.949
10.9598	1960.75	928.029	556.933	279.111
10.9656	1949.46	927.493	554.365	277.984
10.9714	1949.46	926.422	553.406	278.145
10.9772	1942.72	923.751	555.969	277.663
10.983	1941.59	923.751	555.327	277.663
10.9888	1940.47	923.217	555.648	277.663
10.9946	1947.21	923.217	555.006	277.663
11.0005	1946.09	923.217	555.327	277.984
11.0063	1951.71	937.728	554.045	277.984
11.0121	1948.34	903.696	555.006	278.627
11.0179	1949.46	896.935	554.365	278.145
11.0237	1942.72	894.865	553.725	277.183
11.0295	1933.76	892.8	552.128	275.905
11.0353	1929.3	550.218	275.427
11.0411	1922.62	546.417	274.474
11.0469	1914.86	541.704	271.322
11.0527	1887.41	538.895	268.67
11.0585	1857.13	533.321	266.66
11.0643	1821.01	516.047	265.431
11.0701	1805.3	506.304	257.726
11.0759	1760	501.646	250.533
11.0817	1898.34	513.075	260.57
11.0875	1784.57	522.949	273.209
11.0933	1798.02	522.647	261.474
11.0991	1853.92	530.862	272.578
11.1049	1938.23	539.206	277.824
11.1107	1941.59	550.854	278.145
11.1166	555.648	278.466
11.1224	561.131	281.377
11.1282
11.134	1940.47
11.1398	1933.76
11.1456	1933.76
11.1514	1947.21
11.1572	1939.35
11.163	1948.34
11.1688	1937.11
11.1746	1953.97
11.1804	1953.97
11.1862	1951.71
11.192	1931.53
11.1978	1924.84
11.2036	1956.23
11.2094	1940.47
11.2152	1952.84
11.221	1930.41
11.2268	1947.21
11.2327	1934.88
11.2385	1933.76
11.2443	1956.23
11.2501	1956.23
11.2559	1956.23
11.2617	1956.23
11.2675	1914.86	239.082
11.2733	1946.09	244.105
11.2791	1856.06	250.533
11.2849	1856.06	253.152
11.2907	256.538
11.2965	261.323
11.3023	264.055
11.3081	268.05
11.3139	272.893
11.3197	275.586
11.3255	277.023
11.3313	277.503
11.3371	276.064
11.3429	275.268
11.3488	275.109
11.3546	276.064
11.3604	276.383
11.3662	276.703
11.372	275.745
11.3778	275.109
11.3836	274.95
11.3894	276.224
11.3952	276.703
11.401	277.343
11.4068	278.306
11.4126	279.111
11.4184	279.595
11.4242	280.89
11.43	281.052
11.4358	279.756
11.4416	279.272
11.4474	278.145
11.4532	278.306
11.459	278.788
11.4649	279.433
11.4707	278.466
11.4765	277.663
11.4823	277.343	1107.45
11.4881	276.703	1108.73
11.4939	275.427	1101.71
11.4997	274.474	1095.36
11.5055	272.893	1087.8
11.5113	272.736	1075.92
11.5171	271.635	1063.57
11.5229	271.322	1055
11.5287	273.841	1044.69
11.5345	277.824	1026.74
11.5403	268.981	1016.12
11.5461	275.745	1011.44
11.5519	275.268	1000.98
11.5577	275.905	998.09
11.5635	277.663	998.09
11.5693	278.145	1012.61
11.5751	280.241	1029.12
11.581	279.756	1044.09
11.5868	279.918	1053.17
11.5926	279.111	1096
11.5984	281.214	1120.97
11.6042	279.756	1066.64
11.61	276.703	1090.31
11.6158	276.224	1101.71	655.08
11.6216	275.905	664.608
11.6274	277.023	671.166
11.6332	276.703	674.275
11.639	278.466	675.835	332.304
11.6448	278.788	681.322	334.615
11.6506	276.383	682.504	330.963
11.6564	275.905	681.716	328.108
11.6622	272.893	681.322	331.346
11.668	270.852	680.535	329.628
11.6738	269.603	683.687	326.407
11.6796	677.007	326.03
11.6854	684.082	325.089
11.6912	687.251	325.277
11.6971	684.478	325.841
11.7029	678.965	323.965
11.7087	678.181	326.595
11.7145	687.251	326.407
11.7203	705.349	328.487
11.7261	717.678	324.527
11.7319	717.678	326.784
11.7377	721.419	328.867
11.7435	688.045	333.843
11.7493	692.431	340.858
11.7551	710.255	335.583
11.7609	714.782	326.03
11.7667	718.093	326.784	239.635
11.7725	715.195	340.661	239.912
11.7783	718.093	354.922	241.162
11.7841	720.586	240.05
11.7899	723.505	239.635
11.7957	715.195	239.635
11.8015	712.309	237.842
11.8073	709.845	237.293
11.8132	709.845	235.246
11.819	697.65	233.486
11.8248	721.836	233.082
11.8306	740.416	231.338
11.8364	729.38	226.185
11.8422	729.38	228.153
11.848	716.022	225.793
11.8538	724.76	224.234
11.8596	224.363
11.8654	221.914
11.8712	218.48
11.877	218.733
11.8828	217.097
11.8886	220.127
11.8944
11.9002
11.906
11.9118
11.9176
11.9234
11.9293
11.9351
11.9409
11.9467
11.9525
11.9583
11.9641
11.9699
11.9757
11.9815
11.9873
11.9931
11.9989
12.0047
12.0105	508.943
12.0163	504.844
12.0221	503.388
12.0279	521.14	263.902
12.0337	521.441	262.382
12.0395	516.644	259.518
12.0454	514.559	252.714
12.0512	512.483	253.884
12.057	511.595	256.241
12.0628	514.559	257.428
12.0686	514.856	257.726
12.0744	515.154	258.173
12.0802	516.644	258.77
12.086	517.241	258.919
12.0918	517.54	258.77
12.0976	517.241	258.621
12.1034	516.346	258.173
12.1092	518.138	258.322
12.115	516.346	258.024	2059.43
12.1208	513.372	257.28	2057.05
12.1266	513.372	256.686	2055.86
12.1324	511.3	255.946	2053.49
12.1382	509.826	254.766	2052.3
12.144	506.596	253.298	2035.77
12.1498	502.807	251.985	2029.9
12.1556	503.679	251.839	2029.9
12.1615	502.226	250.533	2029.9
12.1673	499.622	243.261	2029.9
12.1731	491.89	241.999	1968.7
12.1789	487.929	241.302	1953.97
12.1847	482.324	240.606	1931.53
12.1905	480.101	240.467	1922.62
12.1963	474.038	237.567	1886.32	709.845
12.2021	468.594	234.568	1886.32	701.692
12.2079	464.015	232.813	1847.5	699.668
12.2137	461.875	231.071	1847.5	691.631	513.372
12.2195	457.362	228.681	686.061	512.779
12.2253	450.805	225.924	681.716	491.322
12.2311	446.4	223.587	665.761	495.884
12.2369	441.018	221.402	664.608	512.483
12.2427	436.204	217.724	656.216	516.942
12.2485	430.696	215.597	670.391	518.438
12.2543	433.942	214.108	692.831	518.737
12.2601	419.645	214.231	692.831	516.346
12.2659	424.031	221.914	693.231	510.415
12.2717	422.808	223.071	686.061	509.531
12.2776	397.238	231.606	685.665	514.856
12.2834	385.261	230.405	685.269	511.595
12.2892	689.239	512.187
12.295	709.845	512.187
12.3008	671.554	514.559
12.3066	673.107	513.668
12.3124	677.007	512.779
12.3182	676.616	509.531
12.324	670.391	498.469
12.3298	661.162	501.646
12.3356	643.454	503.97
12.3414	644.57	507.768
12.3472	647.181	507.475
12.353	662.309	503.097
12.3588	504.844
12.3646	507.182
12.3704	513.668
12.3762	513.372
12.382	518.138
12.3878	518.138
12.3937	521.441
12.3995	521.742
12.4053	519.337
12.4111	506.304
12.4169	522.949
12.4227
12.4285
12.4343
12.4401
12.4459
12.4517
12.4575
12.4633
12.4691
12.4749
12.4807
12.4865
12.4923
12.4981
12.5039
12.5098
12.5156
12.5214
12.5272
12.533
12.5388
12.5446
12.5504
12.5562
12.562
12.5678
12.5736
12.5794
12.5852
12.591
12.5968
12.6026
12.6084
12.6142
12.62
12.6258
12.6317
12.6375
12.6433
12.6491
12.6549
12.6607
12.6665
12.6723
12.6781
12.6839
12.6897
12.6955
12.7013
12.7071
12.7129
12.7187
12.7245	250.823
12.7303	255.06
12.7361	258.173
12.742	259.069
12.7478	260.871
12.7536	261.474
12.7594	261.928
12.7652	261.022
12.771	260.119
12.7768	259.069
12.7826	257.726
12.7884	255.65
12.7942	254.618
12.8	251.403
12.8058	249.09
12.8116	245.236
12.8174	243.261
12.8232	239.912
12.829	237.979
12.8348	234.839
12.8406	233.082
12.8464	230.671
12.8522	225.663
12.858	222.299
12.8639	220.127
12.8697	216.721
12.8755	212.261
12.8813	209.217
12.8871	206.695
12.8929	204.085
12.8987	201.857
12.9045	199.885
12.9103	197.818
12.9161	195.432
12.9219	194.083
12.9277	192.408
12.9335	190.969
12.9393	189.759
12.9451	189.431
12.9509	192.408
12.9567	197.818
12.9625
12.9683
12.9741
12.98
12.9858
12.9916
12.9974
13.0032
13.009
13.0148
13.0206
13.0264
13.0322
13.038
13.0438
13.0496
13.0554
13.0612
13.067
13.0728
13.0786
13.0844
13.0902
13.0961
13.1019
13.1077
13.1135
13.1193
13.1251
13.1309	252.568
13.1367	240.467
13.1425	235.246
13.1483	226.185
13.1541	226.97
13.1599	225.663
13.1657	225.924
13.1715	228.153
13.1773	228.681
13.1831	231.338
13.1889	233.351
13.1947	234.974
13.2005	236.199
13.2063	237.705
13.2122	238.944
13.218	240.05
13.2238	241.302
13.2296	241.999
13.2354	242.699
13.2412	243.823
13.247	244.529
13.2528	245.378
13.2586	245.803
13.2644	245.519
13.2702	245.803
13.276	245.378
13.2818	244.953
13.2876	244.67
13.2934	244.105
13.2992	242.98
13.305	241.58
13.3108	240.189
13.3166	239.496
13.3224	238.53
13.3283	237.293
13.3341	236.063
13.3399	233.756
13.3457	231.338
13.3515	228.681
13.3573	227.101
13.3631	224.882
13.3689	222.556
13.3747	219.112
13.3805	215.348
13.3863	211.282
13.3921	206.934
13.3979	203.732
13.4037	199.654
13.4095	194.756
13.4153	192.742
13.4211	190.088
13.4269	185.854
13.4327	182.767
13.4385	177.052
13.4444	181.295	255.946
13.4502	243.401
13.456	244.105
13.4618	242.279
13.4676	241.58
13.4734	242.699
13.4792	242.139
13.485	238.117
13.4908	237.156
13.4966	234.974
13.5024	232.813
13.5082	237.156
13.514	237.156
13.5198	227.364
13.5256	227.233
13.5314	226.316
13.5372	229.078
13.543	220.509
13.5488	227.364
13.5546	227.364
13.5605	239.496
13.5663	239.912
13.5721	241.58
13.5779	236.745
13.5837	242.699
13.5895	242.98
13.5953	244.246
13.6011	245.236
13.6069	241.58
13.6127	243.964
13.6185	244.529
13.6243	244.105
13.6301	245.236
13.6359	245.094
13.6417	245.945
13.6475	247.942
13.6533	245.236
13.6591	247.942
13.6649	242.699
13.6707	241.999
13.6766	242.699
13.6824	248.659
13.6882	243.964
13.694	243.12	1808.44
13.6998	239.082	1817.86
13.7056	230.938	1814.71
13.7114	230.671	1829.45
13.7172	227.495	1838.98
13.723	230.538	1843.24
13.7288	229.74	1851.77
13.7346	227.101	1848.57
13.7404	235.518	1847.5
13.7462	235.518	1836.86
13.752	1835.8
13.7578	1833.68
13.7636	1835.8
13.7694	1828.39
13.7752	1819.96
13.781	1805.3
13.7868	1792.83
13.7927	1773.27
13.7985	1767.13
13.8043	1770.2
13.8101	1794.91	1422.97
13.8159	1837.92	1441.17
13.8217	1825.23	1436.19
13.8275	1844.3	1432.87
13.8333	1431.22
13.8391	1427.91
13.8449	1426.27
13.8507	1427.91
13.8565	1432.04
13.8623	1419.69
13.8681	1428.74
13.8739	1389.67
13.8797	1411.51
13.8855	1457.08
13.8913	1457.92
13.8971	1437.85
13.9029	1420.51
13.9088	1408.26
13.9146	1381.67
13.9204	1354.01
13.9262	1349.33
13.932	1337.69
13.9378	1329.22
13.9436	1326.15
13.9494	1310.16
13.9552	1299.61
13.961	1292.12
13.9668	1282.46
13.9726	1282.46
13.9784	1286.16
13.9842	1289.14
13.99	1301.86
13.9958	1326.91
14.0016	1335.37
14.0074	1385.66
14.0132	1449.52
14.019	1479.98	293.834
14.0249	1466.36	293.495
14.0307	1475.71	294.514
14.0365	1438.68	298.798
14.0423	1419.69	286.957
14.0481	298.453
14.0539	303.845
14.0597	300.702
14.0655	302.794
14.0713	297.42	559.836
14.0771	300.876	571.599
14.0829	299.489	579.244
14.0887	294.174	578.241
14.0945	295.878	577.24
14.1003	287.787	578.575
14.1061	291.3	577.907
14.1119	289.12	578.575
14.1177	292.311	568.635
14.1235	285.305	565.687
14.1293	291.636	559.189	606.288
14.1351	292.142	551.491	591.756
14.141	297.249	540.141	595.872
14.1468	295.025	558.221	601.058
14.1526	303.144	553.725	601.405	200
14.1584	302.969	553.725	601.058	199.77
14.1642	300.182	562.754	602.1	201.974
14.17	300.702	563.079	603.493	203.027
14.1758	301.572	549.9	604.889	202.675
14.1816	305.429	551.172	610.153	203.849
14.1874	298.453	551.491	616.174	206.934
14.1932	301.572	558.221	617.599	207.652
14.199	298.108	559.512	619.028	207.892
14.2048	300.702	561.131	629.484	209.58
14.2106	315.47	566.341	634.595	211.893
14.2164	308.621	574.578	637.166	212.629
14.2222	290.292	575.907	641.598	215.472
14.228	288.62	577.573	650.555	216.596
14.2338	580.248	655.08	217.85
14.2396	588.008	661.162	221.53
14.2454	586.99	669.617	223.458
14.2512	611.564	673.886	225.272
14.2571	613.333	676.225	226.316
14.2629	603.842	683.687	227.364
14.2687	619.385	688.045	228.945
14.2745	612.625	684.873	228.813
14.2803	605.588	684.082	226.446
14.2861	620.101	681.716	225.663
14.2919	677.007	224.752
14.2977	669.617	223.716
14.3035	661.544	225.924
14.3093	686.854	226.577
14.3151	681.322	228.813
14.3209	724.342	234.026
14.3267	723.087	247.513
14.3325	244.246
14.3383	245.945
14.3441	237.293
14.3499	236.199
14.3557
14.3615
14.3673
14.3732
14.379
14.3848
14.3906
14.3964
14.4022
14.408
14.4138	342.832
14.4196	344.619
14.4254	343.229
14.4312	344.42
14.437	343.427
14.4428	341.055	1854.99
14.4486	339.679	1738.78	500.199
14.4544	336.165	1809.48	497.893
14.4602	330.199	1799.06	494.74
14.466	326.03	1779.42	491.039
14.4718	320.984	1760	480.933
14.4776	317.114	1740.79	476.784
14.4834	313.653	1743.81	475.409
14.4893	312.749	1750.87	470.22
14.4951	312.749	1727.77	469.406
14.5009	314.56	1753.91	461.875
14.5067	315.652	1702.01	466.164
14.5125	311.307	1681.49	459.746
14.5183	311.667	1680.52	463.747
14.5241	314.56	1679.55	463.479
14.5299	317.481	1686.36	460.543
14.5357	329.247	1710.88	468.594
14.5415	322.658	1787.66	474.86
14.5473	326.973	1870.05	476.509
14.5531	331.346	1904.94	472.944
14.5589	317.848	1907.14	473.218
14.5647	321.913	1900.54	475.684
14.5705	321.17	1897.25	473.491
14.5763	315.288	1908.24	483.719
14.5821	315.288	1923.73	481.767
14.5879	308.621	1881.97	478.163
14.5937	316.931	1873.29	477.887
14.5995	322.844	1898.34	480.378
14.6054	317.481	1928.18	485.679
14.6112	317.114	1920.4	485.96
14.617	314.197	1925.96	482.324
14.6228	319.505	1935.99	485.679
14.6286	313.834	1955.1	485.399
14.6344	320.059	1906.04	472.944
14.6402	318.767	1878.71	475.684	173.108
14.646	307.198	1888.5	484.838	173.108
14.6518	305.959	1883.06	489.34	172.409
14.6576	313.472	1852.84	487.929	172.31
14.6634	322.658	1829.45	491.322	170.331
14.6692	330.963	1870.05	497.893	170.232
14.675	1879.79	513.372	168.277
14.6808	1947.21	496.171	167.308
14.6866	1937.11	496.744	166.729
14.6924	1959.62	511.891	167.211
14.6982	1959.62	537.651	168.861
14.704	536.41	170.527
14.7098	519.637	172.21
14.7156	514.856	173.508
14.7215	175.727
14.7273	177.154
14.7331	178.386
14.7389	179.42
14.7447	182.978
14.7505	184.89
14.7563	185.961
14.7621	187.797
14.7679	189.103
14.7737	191.19
14.7795	192.297
14.7853	194.195
14.7911	195.545
14.7969	196.451
14.8027	196.906
14.8085	197.589	397.009
14.8143	198.504	392.675
14.8201	199.77	400.463
14.8259	201.392	404.415
14.8317	203.144	408.17
14.8376	204.675	407.934
14.8434	205.03	412.674
14.8492	206.576	414.346
14.855	207.173	414.825
14.8608	207.532	413.868
14.8666	207.772	412.198
14.8724	206.814	413.151
14.8782	207.413	412.913
14.884	208.133	412.913
14.8898	207.413	414.586
14.8956	207.413	414.586
14.9014	206.695	410.772
14.9072	200.116	406.288
14.913	199.424	404.649
14.9188	197.475	408.17
14.9246	196.451	397.927
14.9304	198.161	391.091
14.9362	188.34	403.482
14.942	193.076	406.993
14.9478	412.436
14.9537	412.674
14.9595	400.232
14.9653
14.9711
14.9769
14.9827
14.9885
14.9943
15.0001
15.0059
15.0117
15.0175
15.0233
15.0291
15.0349
15.0407
15.0465
15.0523
15.0581
15.0639
15.0697
15.0756
15.0814	159.568
15.0872	159.292
15.093	159.016
15.0988	158.74
15.1046	158.466
15.1104	158.557
15.1162	159.016
15.122	158.009
15.1278	157.917
15.1336	157.28
15.1394	155.294
15.1452	154.757
15.151	153.51
15.1568	152.803
15.1626	152.538
15.1684	152.45
15.1742	152.979
15.18	153.51
15.1859	150.525
15.1917	148.796
15.1975	149.226
15.2033	149.399
15.2091	148.453
15.2149	157.371
15.2207	154.936
15.2265	153.954
15.2323	154.489
15.2381	153.688
15.2439	154.757
15.2497	157.644
15.2555	153.954
15.2613	152.803
15.2671	152.098
15.2729	152.098
15.2787	158.283
15.2845	158.283
15.2903	423.542
15.2961	423.786
15.3019	422.808
15.3078	423.053
15.3136	423.053
15.3194	422.076
15.3252	420.13
15.331	424.031
15.3368	420.13
15.3426	416.747
15.3484	414.107
15.3542	399.539	525.371
15.36	415.545	523.553
15.3658	415.065	523.251
15.3716	415.065	522.949
15.3774	416.987	522.044
15.3832	417.228	522.044
15.389	416.987	523.251
15.3948	416.987	525.068
15.4006	418.435	525.371
15.4064	418.677	524.461
15.4122	417.711	524.159
15.418	417.469	523.856
15.4239	416.747	523.553
15.4297	417.711	523.251
15.4355	417.711	522.345
15.4413	414.346	520.538
15.4471	414.586	519.637
15.4529	414.107	519.337
15.4587	415.065	518.438
15.4645	414.825	517.839
15.4703	413.868	515.749
15.4761	412.913	517.54
15.4819	409.351	517.54
15.4877	517.839
15.4935	520.237	1891.78
15.4993	522.647	1800.1
15.5051	521.441	1791.8
15.5109	518.438	1807.39
15.5167	519.637	1798.02
15.5225	523.553	1786.63
15.5283	543.584	1783.54
15.5341	542.643	1787.66
15.54	519.637	1782.51
15.5458	497.893	1777.37
15.5516	501.646	1781.48
15.5574	503.097	1771.22
15.5632	500.778	1730.76
15.569	498.757	1779.42
15.5748	493.598	1740.79
15.5806	497.893	1789.73	467.242
15.5864	497.893	1762.03	469.135
15.5922	496.744	1743.81	470.22
15.598	512.483	1736.77	470.492
15.6038	516.047	1744.82	469.406
15.6096	519.337	1752.9	469.949
15.6154	495.884	1748.85	471.036
15.6212	509.237	1749.86	472.398
15.627	522.345	1757.97	465.357
15.6328	521.14	1757.97	466.703
15.6386	1711.87	469.135
15.6444	472.125
15.6502	467.782
15.6561	474.86
15.6619	472.671
15.6677	464.819
15.6735	473.218
15.6793	463.747
15.6851	469.677
15.6909	489.057
15.6967	474.586
15.7025	466.433
15.7083	461.342
15.7141	463.479
15.7199	473.218
15.7257	475.959
15.7315	478.993
15.7373	479.823
15.7431	475.959
15.7489	485.679
15.7547	478.163
15.7605	467.242
15.7663	459.746
15.7722	459.746
15.778	459.746
15.7838	471.58
15.7896	462.676
15.7954
15.8012
15.807
15.8128
15.8186
15.8244
15.8302
15.836
15.8418
15.8476
15.8534
15.8592
15.865
15.8708
15.8766
15.8824
15.8883
15.8941
15.8999	164.909
15.9057	165.482
15.9115	166.633
15.9173	167.792
15.9231	165.29
15.9289	164.719
15.9347	164.909
15.9405	164.814
15.9463	165.482	248.085
15.9521	165.386	246.087
15.9579	165.195	247.656
15.9637	164.338	248.229
15.9695	163.865	247.513
15.9753	163.581	247.37
15.9811	159.568	246.942	737.855
15.9869	157.189	246.799	741.272
15.9927	157.28	250.1	750.752
15.9985	158.74	250.678	756.411
16.0044	159.568	251.985	760.793
16.0102	159.016	246.372	776.779
16.016	157.008	243.261	794.476
16.0218	159.937	244.67	804.636
16.0276	161.236	245.094	814.927
16.0334	160.863	245.378	825.825
16.0392	160.863	243.964	845.617
16.045	164.054	243.964	844.64
16.0508	160.678	253.591	874.426
16.0566	160.678	242.139	887.145
16.0624	160.029	251.403	894.865
16.0682	165.004	905.263
16.074	911.033	228.153
16.0798	915.781	228.549
16.0856	916.311	229.873
16.0914	921.619	230.006
16.0972	920.555	229.21
16.103	920.023	229.74
16.1088	919.492	230.272
16.1146	922.684	230.272
16.1205	924.284	231.205
16.1263	926.422	231.873
16.1321	929.639	232.141
16.1379	929.102	232.141
16.1437	923.217	230.538
16.1495	916.84	228.549
16.1553	918.43	227.101
16.1611	909.981	226.97
16.1669	906.833	227.101
16.1727	904.74	226.839
16.1785	904.218	226.316
16.1843	903.174	226.054
16.1901	901.61	224.882
16.1959	899.529	223.846
16.2017	890.739	222.556
16.2075	885.098	221.019
16.2133	882.036	219.873
16.2191	883.055	218.733
16.2249	878.476	218.228
16.2307	864.383	216.971
16.2366	890.225	220.254
16.2424	889.711	218.228
16.2482	893.832	221.786
16.254	912.086	227.758
16.2598	918.961	229.078
16.2656	924.284	227.758	930.713
16.2714	904.218	223.846	955.775
16.2772	225.533	959.093
16.283	231.606	922.151
16.2888	924.819
16.2946	905.263
16.3004	907.357
16.3062	914.724
16.312	912.613
16.3178	908.931
16.3236	908.931
16.3294	909.981
16.3352	910.507
16.341	902.652
16.3468	900.569
16.3527	903.174
16.3585	902.131
16.3643	881.017
16.3701	885.609
16.3759	884.076
16.3817	887.658
16.3875	913.668
16.3933	902.652
16.3991	917.9
16.4049	921.619
16.4107	925.353
16.4165	917.9
16.4223	910.507
16.4281	906.833
16.4339	904.74
16.4397	913.668
16.4455	926.958
16.4513	907.881
16.4571	906.309
16.4629	904.218	240.884
16.4688	903.696	249.09
16.4746	907.357	249.523
16.4804	898.491	249.09
16.4862	946.435	249.234
16.492	971.358	248.085
16.4978	971.358	246.514
16.5036	971.358	245.378
16.5094	245.519
16.5152	247.227
16.521	247.084
16.5268	247.942
16.5326	248.229
16.5384	247.513
16.5442	246.514
16.55	244.529
16.5558	241.023
16.5616	237.43
16.5674	235.79
16.5732	235.654
16.579	235.654
16.5849	236.882
16.5907	231.873
16.5965	237.842
16.6023	240.05
16.6081
16.6139
16.6197
16.6255
16.6313
16.6371
16.6429
16.6487
16.6545
16.6603
16.6661
16.6719
16.6777
16.6835
16.6893
16.6951
16.701
16.7068
16.7126
16.7184
16.7242	568.635
16.73	572.26
16.7358	573.915
16.7416	574.247	285.305
16.7474	570.939	284.975
16.7532	569.951	280.727
16.759	568.635	276.224
16.7648	567.979	271.165
16.7706	565.687	270.695
16.7764	555.648	273.051
16.7822	556.611	276.224
16.788	553.725	276.543
16.7938	553.086	275.427
16.7996	549.265	274.791
16.8054	547.681	273.525
16.8112	547.681	273.841
16.8171	547.365	273.683
16.8229	546.733	273.525
16.8287	545.471	273.051
16.8345	544.842	272.578
16.8403	545.786	272.893
16.8461	546.102	273.209
16.8519	546.102	272.893
16.8577	545.786	272.578
16.8635	542.957	271.478
16.8693	542.643	271.478
16.8751	542.016	271.008
16.8809	538.895	271.165
16.8867	540.453	269.447	270.852
16.8925	539.829	268.981	271.949
16.8983	530.249	267.586	266.969
16.9041	525.068	264.971	264.971
16.9099	534.246	262.837	263.293
16.9157	522.345	261.928	261.626
16.9215	522.949	261.474	260.119
16.9273	521.441	260.269	259.969
16.9332	518.737	259.369	260.269
16.939	524.765	260.72	260.419
16.9448	524.159	260.119	260.269
16.9506	519.937	259.219	259.518
16.9564	513.668	258.173	258.919
16.9622	514.262	257.577	258.621
16.968	533.629	256.686	258.919
16.9738	521.742	257.875	259.668
16.9796	516.644	258.919
16.9854	518.737	261.777
16.9912	521.441	260.269
16.997	514.559	259.069
17.0028	508.062	256.982
17.0086	501.936	256.834
17.0144	502.807	257.577
17.0202	518.438	266.814
17.026	520.839	274.157
17.0318	537.651	269.136
17.0376	554.365	269.136
17.0434	523.856	266.199
17.0493	510.12	267.432
17.0551
17.0609	266.66
17.0667	266.814
17.0725	265.891
17.0783	263.141
17.0841	261.474
17.0899	261.173
17.0957	260.57
17.1015	260.419
17.1073	260.119
17.1131	259.369
17.1189	259.219
17.1247	259.369
17.1305	258.919
17.1363	259.219
17.1421	259.369
17.1479	260.419
17.1537	259.069
17.1595	257.875
17.1654	258.621
17.1712	258.471
17.177	257.875
17.1828	257.875
17.1886	258.77
17.1944	257.726
17.2002	258.621
17.206	259.369
17.2118	260.57
17.2176	261.173
17.2234	261.928
17.2292	259.668
17.235	259.668
17.2408	257.577
17.2466	268.515
17.2524	270.383
17.2582	271.792
17.264
17.2698
17.2756
17.2815
17.2873
17.2931
17.2989
17.3047
17.3105
17.3163
17.3221
17.3279
17.3337
17.3395	342.832
17.3453	357.804
17.3511	366.591
17.3569	366.591
17.3627	364.69
17.3685	355.949
17.3743	355.538
17.3801	355.949
17.3859	355.538
17.3917	357.391
17.3976	363.848
17.4034	363.848
17.4092	362.589
17.415	360.918
17.4208	359.877
17.4266	356.978
17.4324	349.228
17.4382	343.824
17.444	336.359
17.4498	328.487
17.4556	327.729
17.4614	329.437
17.4672	331.346
17.473	330.39	331.154
17.4788	328.867	332.304
17.4846	321.355	311.847
17.4904	313.834	310.768
17.4962	309.514	309.693
17.502	309.335	310.409
17.5078	311.667	312.929
17.5137	310.051	311.307
17.5195	306.844	308.087
17.5253	305.076	307.021
17.5311	297.592	300.355
17.5369	296.391	297.42
17.5427	300.876	297.764
17.5485	295.537	297.42
17.5543	295.195	295.537
17.5601	303.845	302.619
17.5659	298.798
17.5717	302.444
17.5775	300.876
17.5833	304.724
17.5891	300.529
17.5949	296.391
17.6007	299.316
17.6065	307.376
17.6123
17.6181
17.6239
17.6297
17.6356
17.6414
17.6472
17.653
17.6588
17.6646
17.6704
17.6762
17.682
17.6878
17.6936
17.6994
17.7052	363.218
17.711	363.218
17.7168	360.709
17.7226	359.461
17.7284	359.669
17.7342	360.709
17.74	360.918
17.7458	359.669
17.7517	357.804
17.7575	357.804
17.7633	353.49
17.7691	348.02
17.7749	344.42
17.7807	347.417
17.7865	333.458
17.7923	330.39
17.7981	326.03
17.8039	321.541
17.8097	320.429
17.8155	314.742
17.8213	313.472
17.8271	310.947
17.8329	306.312
17.8387	301.746
17.8445	295.366
17.8503	287.289
17.8561	281.539
17.8619	276.543
17.8678	270.383
17.8736	263.598
17.8794	270.852
17.8852	285.634
17.891	282.843
17.8968	286.792
17.9026	285.14
17.9084	280.89
17.9142	284.318
17.92	302.619
17.9258	307.198
17.9316	315.652
17.9374	312.388
17.9432	304.9
17.949	317.664
17.9548	335.583
17.9606
17.9664
17.9722
17.9781
17.9839
17.9897
17.9955
18.0013
18.0071
18.0129
18.0187
18.0245
18.0303
18.0361
18.0419
18.0477
18.0535
18.0593
18.0651
18.0709
18.0767
18.0825
18.0883
18.0941
18.1
18.1058
18.1116
18.1174
18.1232
18.129
18.1348
18.1406
18.1464
18.1522
18.158
18.1638
18.1696
18.1754	315.47
18.1812	319.689
18.187	320.244
18.1928	320.614
18.1986	323.591
18.2044	322.658
18.2102	320.799
18.2161	318.951
18.2219	314.379
18.2277	312.568
18.2335	303.144
18.2393	303.845
18.2451	301.746
18.2509	303.144
18.2567	302.619
18.2625	302.095
18.2683	300.182
18.2741	298.453
18.2799	296.563
18.2857	294.514
18.2915	293.156
18.2973	291.468
18.3031	290.124
18.3089	288.787
18.3147	287.787
18.3205	287.621
18.3263	287.621
18.3322	287.123
18.338	285.965
18.3438	284.646	570.939
18.3496	283.825	570.609
18.3554	283.17	566.014
18.3612	282.028	562.754
18.367	281.214	561.131
18.3728	281.052	561.455
18.3786	280.403	561.779
18.3844	280.403	560.159
18.3902	279.433	557.255
18.396	278.949	555.969
18.4018	277.663	554.686
18.4076	276.064	548.631
18.4134	272.578	546.102
18.4192	276.383	548.631
18.425	275.268	549.583
18.4308	274.474	550.218
18.4366	275.268	551.491
18.4424	276.863	555.327
18.4483	278.306	556.611
18.4541	277.343	557.899
18.4599	278.145	559.189
18.4657	280.08	558.544
18.4715	280.08	559.512
18.4773	279.272	559.189
18.4831	278.788	558.866
18.4889	279.111	559.189
18.4947	279.272	559.189
18.5005	279.272	557.577
18.5063	278.627	556.29
18.5121	278.145	555.327
18.5179	278.306	555.327
18.5237	279.111	557.255
18.5295	279.595	558.221
18.5353	279.111	558.866
18.5411	278.788	558.544
18.5469	278.788	557.577
18.5527	278.306	556.29
18.5585	278.145	556.611
18.5644	278.466	556.29
18.5702	279.111	556.933
18.576	277.023	555.969
18.5818	277.984	555.327
18.5876	276.224	554.045
18.5934	277.984	552.766
18.5992	274.95	551.809
18.605	275.427	551.172
18.6108	278.788
18.6166
18.6224	277.824
18.6282	278.145
18.634	278.788
18.6398	279.111
18.6456	279.595
18.6514	279.433
18.6572	278.306
18.663	277.663
18.6688	278.466
18.6746	277.984	585.298
18.6805	278.627	585.298
18.6863	282.68	576.906
18.6921	294.684	572.26
18.6979	285.305	579.578
18.7037	286.13	577.24
18.7095	288.953	580.583
18.7153	289.622	580.919
18.7211	288.453	579.913
18.7269	289.12	579.578
18.7327	288.62	576.24
18.7385	284.975	573.915
18.7443	282.191	569.951
18.7501	281.539	566.014
18.7559	282.028	565.034
18.7617	282.354	566.014
18.7675	283.989	569.951
18.7733	284.153	569.293
18.7791	285.14	570.939
18.7849	285.634	570.939
18.7907	285.47	570.609
18.7966	284.975	569.951
18.8024	285.634	570.939
18.8082	286.295	572.59
18.814	286.792	573.583
18.8198	286.295	573.252
18.8256	286.13	573.252
18.8314	286.626	573.583
18.8372	286.626	573.252
18.843	286.626	573.583
18.8488	286.957	574.247
18.8546	286.626	574.247
18.8604	286.626	574.247
18.8662	286.957	573.252
18.872	287.123	573.583
18.8778	287.621	574.91
18.8836	287.621	575.242
18.8894	287.455	574.91
18.8952	286.957	573.583
18.901	286.13	571.269
18.9068	285.47	570.609
18.9127	285.14	569.621
18.9185	284.646	568.635
18.9243	284.153	568.307
18.9301	283.989	568.307
18.9359	282.843	564.055
18.9417	281.539	562.104
18.9475	280.403	559.836
18.9533	280.241	561.131
18.9591	278.788	557.577
18.9649	277.023	552.766
18.9707	275.427	547.998
18.9765	275.427	546.733
18.9823	272.106	544.842
18.9881	270.695	541.391
18.9939	266.66	535.172
18.9997	263.75	525.068
19.0055	259.818	516.644
19.0113	257.28	513.075
19.0171	253.445	503.097
19.0229	272.893	492.743
19.0288	265.125	485.96
19.0346	263.293	457.626
19.0404	278.949	451.065
19.0462	278.949	450.024
19.052	280.727	437.466
19.0578	285.14	437.466
19.0636	438.731
19.0694	442.293	285.8
19.0752	286.792
19.081	280.241
19.0868	283.334
19.0926	283.989
19.0984	285.14
19.1042	282.68
19.11	281.865
19.1158	281.539
19.1216	280.727
19.1274	282.191
19.1332	284.482
19.139	285.305
19.1449	286.626
19.1507	284.646
19.1565	283.007
19.1623	285.634
19.1681	286.295
19.1739	285.14
19.1797	287.954
19.1855	289.789
19.1913	287.954
19.1971	289.287
19.2029	292.987
19.2087	291.636	1903.84
19.2145	284.646
19.2203	279.918
19.2261	280.403
19.2319	273.841
19.2377	271.322
19.2435	282.354
19.2493	282.517
19.2551	285.965
19.261	284.318
19.2668	285.8
19.2726	278.306
19.2784	276.383
19.2842	281.052
19.29	275.109
19.2958	279.595
19.3016	282.354
19.3074	286.295
19.3132	283.661
19.319	285.305
19.3248	285.305
19.3306	276.703
19.3364	273.525
19.3422	269.136
19.348	266.353
19.3538	277.183
19.3596	274.633
19.3654	280.08
19.3712	279.111
19.3771	278.949
19.3829	278.466
19.3887	279.433
19.3945	282.517
19.4003	284.646
19.4061	281.702
19.4119	278.788
19.4177	279.272
19.4235	279.272
19.4293	271.165
19.4351	283.661
19.4409	283.661
19.4467
19.4525
19.4583
19.4641
19.4699
19.4757
19.4815
19.4873
19.4932
19.499
19.5048
19.5106
19.5164
19.5222
19.528
19.5338
19.5396
19.5454
19.5512
19.557
19.5628
19.5686
19.5744
19.5802
19.586	326.973
19.5918	325.465
19.5976	325.465
19.6034	327.918
19.6093	329.818
19.6151	331.346
19.6209	326.973
19.6267	332.496
19.6325	330.199
19.6383	325.277
19.6441	322.285
19.6499	306.844
19.6557	302.794
19.6615	299.662
19.6673	296.22
19.6731	293.156
19.6789	290.795
19.6847	289.455
19.6905	288.12
19.6963	286.626
19.7021	284.646
19.7079	282.843
19.7137	282.191
19.7195	280.727
19.7254	279.918
19.7312	278.466
19.737	277.824
19.7428	277.824
19.7486	277.503
19.7544	276.224
19.7602	274.791
19.766	273.999
19.7718	272.421
19.7776	270.695
19.7834	268.826
19.7892	266.969
19.795	264.513
19.8008	262.837
19.8066	261.928
19.8124	260.871
19.8182	259.969
19.824	256.834
19.8298	253.445
19.8356	252.86
19.8415	251.985
19.8473	249.811
19.8531	248.947
19.8589	248.085
19.8647	247.084
19.8705	245.094
19.8763	244.105
19.8821	243.12	836.387
19.8879	241.441	845.128
19.8937	240.05	843.665
19.8995	239.22	837.354
19.9053	238.255	828.214
19.9111	237.43	828.214
19.9169	236.336	829.65
19.9227	235.654	823.92
19.9285	234.974	822.493
19.9343	233.217	817.284
19.9401	231.739	825.349
19.9459	230.405	806.964
19.9517	229.21	805.566
19.9576	228.022
19.9634	226.97
19.9692	226.185
19.975	225.142
19.9808	223.975
19.9866	223.458
19.9924	222.814
19.9982	222.814
20.004	222.942
20.0098	222.942
20.0156	222.171
20.0214	221.658
20.0272	221.786
20.033	221.402
20.0388	221.53
20.0446	221.53
20.0504	221.402
20.0562	221.147
20.062	220.509
20.0678	219.239
20.0737	217.097
20.0795	215.722
20.0853	217.724
20.0911	220.254
20.0969	222.043
20.1027	215.846
20.1085	214.355
20.1143	218.354
20.1201	221.402
20.1259
20.1317
20.1375
20.1433
20.1491
20.1549
20.1607
20.1665
20.1723
20.1781
20.1839
20.1898
20.1956
20.2014
20.2072
20.213
20.2188
20.2246
20.2304
20.2362
20.242
20.2478
20.2536
20.2594
20.2652
20.271
20.2768	240.05
20.2826	232.141
20.2884	229.342
20.2942	233.621
20.3	238.392
20.3058	240.745
20.3117	241.58
20.3175	243.542
20.3233	247.513
20.3291	252.422
20.3349	257.726
20.3407	262.534
20.3465	266.353
20.3523	269.292
20.3581	271.165
20.3639	272.736
20.3697	273.841
20.3755	274.316
20.3813	274.791	549.9
20.3871	273.841	549.265
20.3929	272.736	544.527
20.3987	271.792	543.27
20.4045	270.852	540.141
20.4103	269.136	538.895
20.4161	268.205	537.651
20.4219	267.123	536.101
20.4278	266.353	533.937
20.4336	266.045	531.783
20.4394	266.353	533.321
20.4452	266.353	534.246
20.451	266.353	534.863
20.4568	267.277	534.863
20.4626	267.123	533.629
20.4684	264.665	530.862
20.4742	262.989	528.414
20.48	261.626	527.5
20.4858	260.119	523.251
20.4916	258.173	514.559
20.4974	254.471	506.304
20.5032	251.985	510.415
20.509	249.667	496.744
20.5148	246.229	490.755
20.5206	243.542	487.084
20.5264	241.999	482.882
20.5322	239.496	478.716
20.538	237.567	473.218
20.5439	236.199	471.853
20.5497	234.432	468.594
20.5555	232.007	463.747
20.5613	230.139	461.342
20.5671	228.549	456.57
20.5729	226.97	453.155
20.5787	225.272	449.245
20.5845	223.587	445.627
20.5903	221.019	442.038
20.5961	219.619	438.478
20.6019	218.986	435.952
20.6077	218.102	434.946
20.6135	217.348	434.695
20.6193	217.473	437.466
20.6251	217.348	435.701
20.6309	216.47	432.691
20.6367	215.597	430.447
20.6425	214.851	428.463
20.6483	213.614	426.487
20.6542	213.737	427.721
20.66	213.984	424.521
20.6658	212.875	424.767
20.6716	211.771	426.734
20.6774	213.984	425.749
20.6832	214.355	428.215
20.689	211.648
20.6948	214.479
20.7006	212.875
20.7064	221.274
20.7122	694.033
20.718	699.264
20.7238	695.638
20.7296	687.251
20.7354	686.457
20.7412	678.965
20.747	668.458
20.7528	661.926
20.7586	656.974
20.7644	658.874
20.7702	656.595
20.7761	661.162
20.7819	652.06
20.7877	655.837	242.559
20.7935	655.08	246.372
20.7993	655.837	249.523
20.8051	656.216	250.244
20.8109	631.305	252.86
20.8167	641.598	255.65
20.8225	642.711	256.982
20.8283	654.701	258.173
20.8341	652.06	262.079
20.8399	662.309	266.353
20.8457	663.841	269.136
20.8515	646.434	273.051
20.8573	652.813	277.984
20.8631	645.688	280.89
20.8689	667.301	283.989
20.8747	661.162	287.455
20.8805	646.434	289.455
20.8863	668.072	290.963
20.8922	673.107	293.665
20.898	295.366
20.9038	296.734
20.9096	297.764
20.9154	299.316
20.9212	300.009
20.927	300.876
20.9328	301.572
20.9386	302.444
20.9444	303.319
20.9502	303.494
20.956	303.144
20.9618	302.444
20.9676	301.398
20.9734	300.009
20.9792	299.316
20.985	298.453
20.9908	297.764
20.9966	295.878
21.0024	294.174
21.0083	292.818
21.0141	291.468
21.0199	290.459
21.0257	288.453
21.0315	287.455
21.0373	285.8
21.0431	282.517
21.0489	278.788
21.0547	274.474
21.0605	272.736
21.0663	270.695
21.0721	268.67
21.0779	266.199
21.0837	262.837
21.0895	260.269
21.0953	257.28
21.1011	255.355
21.1069	252.568
21.1127	249.523
21.1185	246.799
21.1244	245.378
21.1302	242.559
21.136	240.467
21.1418	240.05
21.1476	238.944
21.1534	237.293
21.1592	236.472
21.165	235.79
21.1708	234.839
21.1766	234.297
21.1824	233.756
21.1882	233.351
21.194	232.007
21.1998	232.813
21.2056	232.275
21.2114	231.606
21.2172	230.139
21.223	230.405
21.2288	230.405
21.2346	230.006	404.649
21.2405	230.538	407.228
21.2463	230.006	411.722
21.2521	231.338	414.107
21.2579	232.275	416.506
21.2637	231.873	409.587
21.2695	236.063	414.107
21.2753	235.246	407.463	262.686
21.2811	406.523	263.445
21.2869	414.586	264.513
21.2927	399.539	264.818
21.2985	394.039	269.136
21.3043	394.722	261.777
21.3101	389.738	258.471
21.3159	385.707	258.024
21.3217	386.152	258.173
21.3275	379.957	261.022
21.3333	385.707	262.686
21.3391	383.707	264.207
21.3449	385.929	265.431
21.3507	373.645	266.353
21.3566	383.042	266.66
21.3624	389.288	266.814
21.3682	381.717	267.741
21.374	381.717	268.205
21.3798	379.08	268.05
21.3856	380.616	267.123
21.3914	377.551	266.045
21.3972	376.027	265.125
21.403	373.214	263.75
21.4088	370.636	261.928
21.4146	368.501	260.269
21.4204	369.781	258.024
21.4262	362.38	257.28
21.432	361.753	256.241
21.4378	364.69	255.355
21.4436	362.589	252.568
21.4494	371.279	251.403
21.4552	360.918	250.533
21.461	351.657	249.234
21.4668	246.372
21.4727	244.811
21.4785	242.419
21.4843	241.302
21.4901	239.22
21.4959	237.842
21.5017	236.609
21.5075	234.839
21.5133	232.813
21.5191	229.74
21.5249	225.924
21.5307	234.703
21.5365	224.623
21.5423	229.608
21.5481	226.839
21.5539	226.316
21.5597	232.41
21.5655	231.873
21.5713	239.635
21.5771	228.945
21.5829
21.5888
21.5946
21.6004
21.6062
21.612
21.6178
21.6236
21.6294
21.6352
21.641
21.6468
21.6526
21.6584
21.6642
21.67
21.6758
21.6816
21.6874
21.6932	529.025
21.699	529.943
21.7049	532.09
21.7107	527.5
21.7165	527.5
21.7223	530.555
21.7281	532.09	266.969
21.7339	535.172	265.738
21.7397	535.482	261.626
21.7455	529.943	261.626
21.7513	529.331	260.871
21.7571	530.862	266.506
21.7629	535.791	267.741
21.7687	538.584	269.447
21.7745	542.33	270.695
21.7803	543.898	271.478
21.7861	545.156	272.106
21.7919	546.733	273.525
21.7977	548.315	273.841
21.8035	548.948	273.999
21.8093	550.536	275.109
21.8151	550.854	275.268
21.821	547.681	276.224
21.8268	551.809	277.343
21.8326	552.447	277.503
21.8384	553.086	277.663
21.8442	551.491	277.183
21.85	549.583	275.905
21.8558	546.733	274.316
21.8616	543.27	273.525
21.8674	536.72	270.227
21.8732	531.169	266.66
21.879	527.805	262.382
21.8848	515.452	258.322
21.8906	517.839	255.06
21.8964	531.476	254.618
21.9022	538.273	251.549
21.908	532.705	249.955
21.9138	538.273	255.65
21.9196	520.237
21.9254	533.013
21.9312	537.651	284.811
21.9371	540.766	268.36
21.9429	539.518	271.635
21.9487	541.391	272.421
21.9545	272.736
21.9603	272.421
21.9661	273.841
21.9719	274.316
21.9777	275.427
21.9835	276.863
21.9893	277.183
21.9951	275.109
22.0009	277.503
22.0067	276.703
22.0125	274.95	190.859
22.0183	272.893	196.338
22.0241	272.263	188.775
22.0299	271.478	193.188
22.0357	271.792	191.079
22.0415	269.447	189.54
22.0473	271.165	189.321
22.0532	268.36	188.122
22.059	265.891	187.797
22.0648	268.826	186.284
22.0706	269.915	185.639
22.0764	275.109	184.997
22.0822	277.503	184.251
22.088	276.863	186.176
22.0938	278.949	180.981
22.0996	274.95	175.727
22.1054	275.745	187.039
22.1112	275.745	185.211
22.117	273.051	185.211
22.1228	272.893
22.1286	273.841
22.1344	271.792
22.1402	268.205
22.146
22.1518
22.1576
22.1634
22.1693
22.1751
22.1809
22.1867
22.1925
22.1983
22.2041
22.2099
22.2157
22.2215	187.58
22.2273	187.255
22.2331	200.927
22.2389	202.91
22.2447	203.496
22.2505	208.976
22.2563	203.496
22.2621	206.814
22.2679	208.373
22.2737	209.338
22.2795	211.526
22.2854	213.614
22.2912	214.231
22.297	215.846
22.3028	216.846
22.3086	217.85
22.3144	217.473
22.3202	217.097
22.326	218.228
22.3318	218.733	218.986
22.3376	218.986	219.492
22.3434	220.254	219.746
22.3492	221.53	221.019
22.355	222.942	222.299
22.3608	223.458	223.2
22.3666	223.975	223.716
22.3724	224.234	224.104
22.3782	224.752	224.623
22.384	225.403	225.403
22.3898	226.708	226.708
22.3956	227.495	227.627
22.4015	227.89	228.022
22.4073	228.549	228.549
22.4131	229.873	229.74
22.4189	231.071	231.071
22.4247	232.544	232.544
22.4305	234.432	234.432
22.4363	235.79	235.654
22.4421	236.199	236.199
22.4479	237.019	236.745
22.4537	237.979	237.705
22.4595	239.635
22.4653	241.72
22.4711	243.964
22.4769	244.105
22.4827	244.105
22.4885	244.811
22.4943	238.668
22.5001	233.621
22.5059	230.405
22.5117	233.756
22.5176	231.606
22.5234	229.342
22.5292	226.97
22.535	226.316
22.5408	224.752	690.434
22.5466	224.234	704.942
22.5524	225.142	675.054
22.5582	227.89	685.665
22.564	228.417	688.443
22.5698	228.417	688.841
22.5756	229.342	690.035
22.5814	692.831
22.5872	696.04
22.593	699.668
22.5988	706.572
22.6046	713.133
22.6104	714.369
22.6162	709.845
22.622	708.207
22.6278	715.608
22.6336	722.67
22.6395	723.087
22.6453	718.093
22.6511	711.898
22.6569	721.419
22.6627	721.002
22.6685	702.097
22.6743	709.025	212.875
22.6801	695.236	212.261
22.6859	694.434	209.701
22.6917	708.616	209.217
22.6975	680.535	207.293
22.7033	687.251	203.496
22.7091	706.164	201.741
22.7149	676.616	200.927
22.7207	199.193
22.7265	197.703
22.7323	196.678	390.865
22.7381	195.207	390.188
22.7439	194.419	388.165
22.7498	193.523	385.929
22.7556	192.408	382.158
22.7614	191.632	383.264
22.7672	190.638	381.056
22.773	189.759	379.08
22.7788	188.884	377.769
22.7846	188.231	376.679
22.7904	187.471	374.726
22.7962	186.607	372.999
22.802	186.284	372.138
22.8078	186.284	370.85
22.8136	185.854	372.138
22.8194	185.747	371.708
22.8252	185.318	371.065
22.831	184.677	370.85
22.8368	183.507	368.927
22.8426	182.556	367.439
22.8484	181.085	362.38
22.8542	179.835	361.335
22.86	179.109	358.011
22.8659	178.696	355.949
22.8717	177.872	355.127
22.8775	177.359	354.513
22.8833	176.439	352.878
22.8891	175.93	351.454
22.8949	174.816	348.624
22.9007	173.608	346.616
22.9065	172.31	344.818
22.9123	171.813	343.824
22.9181	171.515	343.229
22.9239	170.725	341.646
22.9297	169.643	339.286
22.9355	168.764	337.137
22.9413	168.277	336.165
22.9471	168.18	336.554
22.9529	168.471	337.722
22.9587	168.277	336.748
22.9645	167.792	335.389
22.9703	167.115	334.615
22.9761	165.864	331.92
22.9819	165.1	330.39
22.9878	164.338	328.677
22.9936	163.203	325.841
22.9994	162.263	322.844
23.0052	162.076	323.404
23.011	163.015	325.277
23.0168	165.29	319.32
23.0226	176.337	321.913
23.0284	169.643	323.778
23.0342	170.823	323.591
23.04	172.908	347.016
23.0458	353.49
23.0516	352.878
23.0574	351.454
23.0632
23.069
23.0748
23.0806
23.0864
23.0922
23.098
23.1039
23.1097
23.1155
23.1213
23.1271
23.1329
23.1387
23.1445
23.1503
23.1561
23.1619
23.1677
23.1735
23.1793
23.1851
23.1909
23.1967
23.2025
23.2083
23.2141
23.22
23.2258
23.2316
23.2374
23.2432
23.249
23.2548
23.2606
23.2664
23.2722
23.278
23.2838
23.2896
23.2954
23.3012
23.307
23.3128
23.3186
23.3244
23.3302
23.3361
23.3419
23.3477
23.3535
23.3593
23.3651
23.3709
23.3767
23.3825
23.3883
23.3941
23.3999
23.4057
23.4115
23.4173
23.4231
23.4289
23.4347
23.4405
23.4463
23.4522
23.458
23.4638
23.4696
23.4754
23.4812
23.487
23.4928
23.4986
23.5044
23.5102
23.516
23.5218
23.5276
23.5334
23.5392
23.545	347.819
23.5508	332.112
23.5566	335.971
23.5624	338.895
23.5683	332.688
23.5741	339.286
23.5799	345.217
23.5857	350.036	693.632
23.5915	348.422	694.033
23.5973	347.618	692.031
23.6031	345.416	690.833
23.6089	343.625	688.045
23.6147	340.858	681.322
23.6205	339.875	675.835
23.6263	338.308	671.942
23.6321	337.332	673.107
23.6379	336.748	672.719
23.6437	339.679	673.886
23.6495	341.055	676.225
23.6553	340.661	678.965
23.6611	339.679	681.322
23.6669	339.875	680.929
23.6727	339.482	681.322
23.6785	341.449	681.716
23.6844	340.858	681.322
23.6902	341.449	680.142
23.696	341.252	682.504
23.7018	341.055	681.716
23.7076	339.679	680.142
23.7134	339.875	678.965
23.7192	340.071	679.75
23.725	340.858	680.929
23.7308	341.055	681.716
23.7366	341.055	682.898
23.7424	340.858	684.082
23.7482	341.646	682.504
23.754	341.449	681.322
23.7598	341.055	680.535
23.7656	340.268	679.75
23.7714	340.858	682.898
23.7772	341.055	681.716
23.783	341.055	681.716
23.7888	340.661	681.716
23.7946	339.875	679.357
23.8005	339.09	676.616
23.8063	338.699	676.225
23.8121	338.895	676.225
23.8179	338.112	675.835	902.131
23.8237	337.137	675.835	901.61
23.8295	337.722	676.225	903.174
23.8353	338.308	676.616	901.61
23.8411	338.308	676.616	900.049
23.8469	338.112	676.225	900.569
23.8527	338.112	676.225	901.61
23.8585	338.112	676.225	899.01
23.8643	337.722	675.444	899.529
23.8701	336.748	674.275	903.696
23.8759	335.971	671.942	900.049
23.8817	335.583	671.166	893.316
23.8875	335.583	671.166	903.696
23.8933	335.583	670.004	892.284
23.8991	335.196	669.617	891.254
23.9049	334.036	668.844	893.316
23.9107	331.729	664.992	887.145
23.9166	330.199	662.309	884.076
23.9224	331.346	662.691	881.526
23.9282	331.346	663.074	882.036
23.934	328.677	656.216	882.036
23.9398	328.487	656.216	875.943
23.9456	327.918	656.216	871.905
23.9514	327.162	655.458	870.395
23.9572	327.162	655.458	863.884
23.963	653.568	866.382	326.03
23.9688	649.053	864.383	324.527
23.9746	645.315	863.884	323.217
23.9804	644.198	864.383	322.658
23.9862	643.454	853.468	321.727
23.992	643.082	851.99	320.614
23.9978	638.271	849.043	319.136
24.0036	633.863	852.482	316.931
24.0094	636.798	854.948	318.032
24.0152	638.271	854.948	318.767
24.021	632.4	853.961	316.565
24.0268	629.848	860.895	315.47
24.0327	629.121	843.665	314.379
24.0385	628.394	842.691	313.834
24.0443	625.859	835.904	312.929
24.0501	624.414	829.65	312.207
24.0559	627.669	830.13	313.653
24.0617	628.394	837.837	313.834
24.0675	624.054	833.012	312.027
24.0733	622.254	833.493	311.847
24.0791	622.613	833.012	311.847
24.0849	619.743	840.746	310.051
24.0907	615.818	817.756	308.087
24.0965	612.271	816.812	306.489
24.1023	611.917	815.869	307.553
24.1081	603.842	803.243	306.844
24.1139	605.588	806.032	305.429
24.1197	605.938	826.303	303.144
24.1255	621.895	311.127
24.1313	647.93	321.17
24.1371	644.942	315.835
24.1429	644.942	315.288
24.1488	644.942	321.541
24.1546	643.826	320.799
24.1604	628.031	319.874
24.1662	322.844
24.172	322.658
24.1778
24.1836	616.174
24.1894	642.34
24.1952	632.035
24.201	630.212
24.2068	634.595
24.2126	634.229
24.2184	624.414
24.2242	623.693
24.23	628.758
24.2358	622.613	416.265
24.2416	618.67	407.228
24.2474	614.752	436.456
24.2532	612.979	432.941
24.259	615.818	430.199
24.2649	610.858	430.945	340.858
24.2707	605.938	425.503	338.503
24.2765	603.842	429.95	343.427
24.2823	600.017	418.919	347.217
24.2881	595.528	434.193	336.943
24.2939	598.287	426.487	336.165
24.2997	595.184	426.981	337.722
24.3055	592.44	422.564	347.417
24.3113	618.313	435.952	351.048
24.3171	610.505	432.941	349.228
24.3229	603.842	436.456	347.016
24.3287	606.638	442.038	346.616
24.3345	599.671	428.215	345.616
24.3403	599.671	437.971	344.619
24.3461	586.313	437.971	342.239
24.3519	603.144	341.844
24.3577	603.493	336.359
24.3635	600.017	332.88
24.3693	602.1	334.422
24.3751	606.989	338.308
24.381	601.058	339.875
24.3868	606.288	341.449
24.3926	605.588	341.252
24.3984	606.288	340.071
24.4042	612.271	338.308
24.41	609.8	337.722
24.4158	602.1	337.332
24.4216	337.332
24.4274	338.503
24.4332	337.527
24.439	337.332
24.4448	338.503
24.4506	338.699
24.4564	338.699
24.4622	338.308
24.468	338.112
24.4738	338.503
24.4796	338.112
24.4854	337.722
24.4912	336.165
24.4971	335.002
24.5029	334.809
24.5087	335.389
24.5145	335.196
24.5203	335.002
24.5261	334.809
24.5319	334.229
24.5377	333.458
24.5435	332.88
24.5493	333.65
24.5551	332.304
24.5609	330.772
24.5667	332.688	665.376
24.5725	333.843	666.915
24.5783	333.073	665.376
24.5841	332.688	666.915
24.5899	331.92	666.915
24.5957	332.304	666.915
24.6015	332.688	666.53
24.6073	332.304	668.072
24.6132	330.581	665.376
24.619	330.581	666.915
24.6248	333.458	670.391
24.6306	333.65	668.844
24.6364	332.496	660.017
24.6422	331.537	660.017
24.648	329.437	656.974
24.6538	327.918	656.974
24.6596	329.057	659.636
24.6654	329.247	658.114
24.6712	327.351	658.874
24.677	324.339	649.804
24.6828	323.03	645.315
24.6886	322.658	640.857
24.6944	321.913	641.969
24.7002	320.429	639.009
24.706	318.399	636.798
24.7118	316.383	636.063
24.7176	314.197	632.035
24.7234	312.568	622.613
24.7293	310.588	618.313
24.7351	309.156	619.743
24.7409	307.553	614.397
24.7467	303.845	606.989
24.7525	301.572	603.144
24.7583	299.489	597.596
24.7641	297.077	593.811
24.7699	293.665	588.008
24.7757	292.311	585.636
24.7815	288.12	576.906
24.7873	283.498	580.919
24.7931	272.736	593.811
24.7989	271.792	619.028
24.8047	268.826	620.459
24.8105	264.818	598.978
24.8163	258.77	576.906
24.8221	253.298
24.8279	246.372
24.8337	241.72
24.8395	234.432
24.8454	230.671
24.8512	225.793
24.857	229.873
24.8628	250.968
24.8686	259.219
24.8744	256.834
24.8802	240.328
24.886	235.79
24.8918	245.803
24.8976	244.105
24.9034	245.945
24.9092	238.53
24.915	230.671
24.9208	239.773
24.9266	228.681
24.9324	240.467
24.9382	247.37
24.944	250.678
24.9498	253.884
24.9556
24.9615
24.9673
24.9731
24.9789
24.9847
24.9905	254.618
24.9963	239.358
25.0021	237.979
25.0079	238.255
25.0137	238.668
25.0195	246.229
25.0253	244.387
25.0311	246.657
25.0369	239.773
25.0427	237.979
25.0485	239.635
25.0543	237.019
25.0601	249.09
25.0659	254.766
25.0717	262.382
25.0776	265.431
25.0834	266.969
25.0892	261.777
25.095	262.686
25.1008	264.665
25.1066	262.079
25.1124	259.069
25.1182	255.946
25.124	264.513
25.1298	265.278
25.1356	264.207
25.1414	264.36
25.1472	263.598
25.153	259.969
25.1588	255.798
25.1646	259.518
25.1704	259.069
25.1762	262.079
25.182	262.989
25.1878	259.219
25.1937	249.523
25.1995	264.513
25.2053	263.141
25.2111	271.008
25.2169	272.893
25.2227
25.2285
25.2343
25.2401
25.2459
25.2517
25.2575
25.2633
25.2691
25.2749
25.2807
25.2865
25.2923
25.2981
25.3039
25.3097
25.3156
25.3214
25.3272
25.333
25.3388
25.3446
25.3504
25.3562
25.362
25.3678	507.475
25.3736	506.596
25.3794	538.273
25.3852	506.596
25.391	510.71
25.3968	510.71
25.4026	504.261
25.4084	500.778
25.4142	502.226
25.42	505.719
25.4258	499.045
25.4317	501.357
25.4375	497.319
25.4433	498.181
25.4491	504.552
25.4549	495.598
25.4607	482.882
25.4665	485.96
25.4723	478.716	345.416
25.4781	475.959	331.346
25.4839	459.215	310.768
25.4897	465.895	290.795
25.4955	465.895	308.978
25.5013	472.125	310.409
25.5071	314.379
25.5129	312.749
25.5187	308.978
25.5245	304.724
25.5303	297.249
25.5361	292.987
25.542	289.957
25.5478	288.62
25.5536	284.811
25.5594	280.565
25.5652	280.403
25.571	282.517
25.5768	283.334
25.5826	282.517
25.5884	281.377
25.5942	280.727
25.6	281.214
25.6058	281.052
25.6116	279.595
25.6174	278.788
25.6232	278.627
25.629	277.663
25.6348	277.824
25.6406	277.663
25.6464	277.824
25.6522	277.503
25.658	277.343
25.6639	276.863
25.6697	277.183
25.6755	277.343
25.6813	277.663
25.6871	277.663
25.6929	277.984	556.29
25.6987	278.145	556.29
25.7045	277.663	555.969
25.7103	278.145	556.933
25.7161	278.788	557.899
25.7219	279.595	558.866
25.7277	279.918	560.483
25.7335	280.565	561.131
25.7393	281.377	562.104
25.7451	282.68	563.404
25.7509	283.334	566.341
25.7567	283.825	567.979
25.7625	284.646	569.951
25.7683	284.153	568.964
25.7741	283.661	567.323
25.78	284.153	567.651
25.7858	284.153	567.651	689.239
25.7916	283.007	565.687	690.035
25.7974	282.68	564.055	688.841
25.8032	282.843	564.381	689.239
25.809	283.334	566.014	690.035
25.8148	283.17	565.687	689.239
25.8206	283.498	565.36	687.648
25.8264	283.989	566.995	686.854
25.8322	283.661	568.307	690.035
25.838	282.843	565.687	693.231
25.8438	282.191	564.707	685.665
25.8496	281.539	562.104	693.632
25.8554	282.191	563.404	701.286
25.8612	282.517	564.707	702.908
25.867	283.007	565.36	684.873
25.8728	282.68	566.341	691.232
25.8786	282.843	566.014	681.716
25.8844	282.517	696.845
25.8902	282.354	698.456
25.8961	281.214	695.236
25.9019	280.403	693.231
25.9077	280.727	694.434
25.9135	281.052	694.033
25.9193	281.052	691.631
25.9251	280.565	693.632
25.9309	280.08	695.638
25.9367	280.403	694.434
25.9425	281.052	689.239
25.9483	281.214	698.86
25.9541	281.052	693.632
25.9599	280.403	695.236
25.9657	279.111	695.236
25.9715	277.824	695.236
25.9773	277.183	687.251
25.9831	277.183	686.854
25.9889	277.663	690.035
25.9947	278.788	692.031
26.0005	277.824	691.232
26.0063	275.905	684.478
26.0122	275.586	683.293
26.018	277.023	687.648
26.0238	280.241	679.75
26.0296	275.905	683.687
26.0354	279.756	690.434
26.0412	279.756	687.251
26.047	278.788	690.833
26.0528	694.033
26.0586	696.845	280.403
26.0644	691.232	281.052
26.0702	693.231	281.702
26.076	280.241
26.0818	279.433	687.648
26.0876	281.539	683.687
26.0934	281.702	686.854
26.0992	281.377	690.035
26.105	280.565	688.841
26.1108	279.918	691.232
26.1166	280.727	690.434
26.1224	279.918	690.833
26.1283	279.111	691.232
26.1341	278.466	690.833
26.1399	279.111	688.841
26.1457	279.111	688.045
26.1515	280.241	690.434
26.1573	279.595	690.833
26.1631	279.433	687.648
26.1689	277.984	686.854
26.1747	277.984	689.239
26.1805	279.756	692.831	322.471
26.1863	279.111	692.831	335.971
26.1921	276.383	690.833	335.971
26.1979	274.474	685.269	330.963
26.2037	273.999	687.251	324.714
26.2095	273.999	687.251	319.32
26.2153	270.695	688.443	317.664
26.2211	272.578	688.045	326.03
26.2269	272.106	665.376	329.818
26.2327	274.474	650.555	330.199
26.2385	274.633	640.857	325.277
26.2444	264.36	633.131	319.689
26.2502	262.989	640.117	315.835
26.256	271.165	624.054	307.553
26.2618	280.727	625.136	308.265
26.2676	275.745	625.497	311.307
26.2734	278.949	617.956	310.051
26.2792	265.125	630.212	309.156
26.285	273.367	612.979	305.253
26.2908	273.367	302.969
26.2966	300.355
26.3024	297.936
26.3082	295.025
26.314	293.834
26.3198	292.142
26.3256	290.292
26.3314	289.455
26.3372	289.12
26.343	288.287
26.3488	287.621
26.3546	287.123
26.3605	286.626
26.3663	285.965
26.3721	288.453
26.3779	289.455
26.3837	288.62
26.3895	288.12
26.3953	287.954
26.4011	287.123
26.4069	286.13
26.4127	285.634
26.4185	285.8
26.4243	285.14
26.4301	284.482
26.4359	284.318
26.4417	285.14
26.4475	284.811
26.4533	284.153
26.4591	283.334
26.4649	283.661
26.4707	283.334
26.4766	284.811
26.4824	285.965
26.4882	285.305
26.494	284.153
26.4998	282.68
26.5056	281.702
26.5114	280.565
26.5172	279.433
26.523	277.183
26.5288	273.999
26.5346	271.635
26.5404	272.736
26.5462	276.383
26.552	271.478
26.5578	280.565
26.5636	284.646
26.5694	285.47
26.5752	285.47
26.581	283.498
26.5868	285.305
26.5927
26.5985
26.6043
26.6101
26.6159
26.6217
26.6275
26.6333
26.6391
26.6449
26.6507
26.6565
26.6623
26.6681
26.6739
26.6797
26.6855
26.6913
26.6971	524.461
26.7029	516.346
26.7088	512.187
26.7146	513.075
26.7204	513.075
26.7262	511.891
26.732	506.889
26.7378	495.312
26.7436	491.606	244.387
26.7494	487.929	243.401
26.7552	480.101	241.162
26.761	476.784	239.773
26.7668	475.135	237.567
26.7726	468.864	235.11
26.7784	460.809	235.79
26.7842	469.677	236.063
26.79	486.241	241.441
26.7958	490.755	239.358	875.943
26.8016	494.74	240.189	878.984
26.8074	498.469	230.671	866.883
26.8132	497.031	238.668	821.069
26.819	494.74	239.773	808.363
26.8249	497.893	236.745	814.927
26.8307	495.598	236.609	826.78
26.8365	509.531	238.392	835.904
26.8423	510.71	235.926	825.825
26.8481	513.965	236.882	806.032
26.8539	502.226	234.839	804.636
26.8597	496.171	232.813	807.896
26.8655	471.036	233.891	794.476
26.8713	234.703	796.314
26.8771	236.882	816.34
26.8829	233.082	846.594
26.8887	232.007	810.701
26.8945	233.621	834.457
26.9003	227.89	869.39
26.9061	232.678	871.905
26.9119	236.745
26.9177	234.568
26.9235	230.804
26.9293	234.703
26.9351	234.703
26.941	239.22
26.9468	233.082
26.9526	233.082
26.9584	227.758
26.9642	236.745
26.97	240.189
26.9758	237.567
26.9816	237.019
26.9874	239.496
26.9932	233.756
26.999	230.671
27.0048	230.272
27.0106	229.74
27.0164	228.945
27.0222	227.495
27.028	227.758
27.0338	226.839
27.0396	226.708
27.0454	228.681
27.0512	229.74
27.0571	234.026
27.0629	236.472
27.0687	229.608
27.0745	230.272	513.965
27.0803	236.336	537.341
27.0861	239.496	506.011
27.0919	248.516	507.182
27.0977	246.087	496.171
27.1035	248.085	494.169
27.1093	244.953	498.469
27.1151	251.839	499.333
27.1209	254.031	499.333
27.1267	500.778
27.1325	498.469
27.1383	500.488
27.1441	497.606
27.1499	506.011
27.1557	509.237
27.1615	507.182
27.1673	504.844
27.1732	510.12
27.179	511.3
27.1848	513.075
27.1906	519.037
27.1964	511.3	289.12
27.2022	516.346	284.646
27.208	525.978	281.377
27.2138	511.595	275.268
27.2196	526.282	270.227
27.2254	538.273	269.136
27.2312	537.341	268.36
27.237	536.72	267.741
27.2428	533.013	267.123
27.2486	531.783	266.66
27.2544	533.013	265.278
27.2602	527.195	263.75
27.266	525.675	262.686
27.2718	524.461	262.837
27.2776	523.553	261.777
27.2834	519.337	259.369
27.2893	513.965	257.131
27.2951	507.182	255.502
27.3009	503.097	253.298
27.3067	507.475	252.568
27.3125	508.649	250.823	748.587
27.3183	508.062	250.244	749.885
27.3241	502.226	249.955	751.186
27.3299	504.261	249.523	750.319
27.3357	497.319	248.803	745.997
27.3415	493.883	247.227	742.558
27.3473	499.622	246.087	738.708
27.3531	489.057	245.378	734.877
27.3589	493.883	244.811	733.605
27.3647	489.34	242.98	729.801
27.3705	483.44	240.884	721.836
27.3763	479.546	237.842	712.309
27.3821	472.125	235.654	708.207
27.3879	484.558	233.756	703.315
27.3937	465.895	231.338	695.638
27.3995	458.95	228.945	681.322
27.4054	448.209	224.493	669.617
27.4112	441.273	219.873	656.974
27.417	434.444	217.85	651.683
27.4228	439.492	216.721	651.683
27.4286	444.856	219.873	653.568
27.4344	453.941	218.228	656.216
27.4402	453.941	201.043	673.496
27.446	458.155	222.685	673.496	780.376
27.4518	457.626	225.793	673.496	774.091
27.4576	457.891	215.846	673.496	762.993
27.4634	458.155	696.04	758.161
27.4692	696.04	754.229
27.475	753.794
27.4808	759.037
27.4866	762.993
27.4924	771.859
27.4982	781.279
27.504	800.002
27.5098	786.713
27.5156	752.924
27.5215	731.912
27.5273	723.923
27.5331	684.873
27.5389	684.873
27.5447
27.5505
27.5563
27.5621
27.5679
27.5737
27.5795
27.5853
27.5911
27.5969
27.6027
27.6085
27.6143
27.6201
27.6259
27.6317
27.6376
27.6434
27.6492
27.655
27.6608
27.6666
27.6724
27.6782
27.684
27.6898
27.6956
27.7014
27.7072
27.713
27.7188
27.7246
27.7304
27.7362
27.742
27.7478
27.7537
27.7595
27.7653
27.7711
27.7769
27.7827
27.7885
27.7943
27.8001
27.8059
27.8117
27.8175
27.8233
27.8291
27.8349
27.8407
27.8465
27.8523	283.498
27.8581	283.007
27.8639	283.825
27.8698	284.646
27.8756	288.787
27.8814	282.68
27.8872	291.3
27.893	290.292
27.8988	290.795
27.9046	291.805
27.9104	289.789
27.9162	288.62
27.922	285.965
27.9278	278.145
27.9336	272.736
27.9394	270.539
27.9452	269.292
27.951	268.05
27.9568	266.045
27.9626	264.513
27.9684	262.837
27.9742	261.323
27.98	260.269
27.9858	258.77
27.9917	257.875
27.9975	256.686
28.0033	256.686
28.0091	256.686
28.0149	247.799
28.0207	263.902
28.0265	256.982
28.0323	243.823
28.0381
28.0439
28.0497
28.0555
28.0613
28.0671
28.0729
28.0787
28.0845
28.0903
28.0961	236.199
28.1019	238.117
28.1078	242.84
28.1136	242.279
28.1194	239.912
28.1252	234.568
28.131	228.417
28.1368	225.924
28.1426	224.104
28.1484	222.171
28.1542	220.127
28.16	218.48
28.1658	217.348
28.1716	217.097
28.1774	216.846
28.1832	215.971
28.189	215.971
28.1948	215.971
28.2006	215.846
28.2064	215.846
28.2122	215.971
28.2181	216.721
28.2239	217.976
28.2297	217.976
28.2355	218.102
28.2413	219.366
28.2471	218.859
28.2529	215.722
28.2587	213.737
28.2645	220.764
28.2703	219.239	248.229
28.2761	220.382	241.162
28.2819	218.607	240.606
28.2877	237.567
28.2935	226.577
28.2993	228.022
28.3051	227.758
28.3109	224.104
28.3167	224.752
28.3225	219.112	247.656
28.3283	218.354	240.189
28.3341	215.224	242.419
28.34	212.752	242.559
28.3458	219.239	243.12
28.3516	218.986	244.67
28.3574	211.282	246.942
28.3632	213.861	248.229
28.369	219.492	250.1
28.3748	214.727	251.694
28.3806	216.846	252.714
28.3864	213.861	254.178
28.3922	216.971	256.389
28.398	217.599	258.471
28.4038	217.599	259.818
28.4096	215.971	261.022
28.4154	219.873	262.534	1834.74
28.4212	220.382	263.445	1833.68
28.427	220.382	264.665	1854.99
28.4328	220.382	265.891	1865.73
28.4386	266.814	1870.05
28.4444	267.123	1870.05
28.4502	267.432	1873.29
28.4561	267.277	1870.05
28.4619	266.814	1865.73
28.4677	266.199	1861.43
28.4735	265.738	1860.35
28.4793	264.207	1847.5
28.4851	262.686	1842.17
28.4909	262.079	1831.56
28.4967	259.369	1812.62
28.5025	257.875	1810.53
28.5083	254.031	1783.54
28.5141	250.968	1753.91
28.5199	249.234	1746.83
28.5257	246.372	1714.84
28.5315	242.84	1698.09
28.5373	240.884	1681.49
28.5431	238.255	1665.06	479.269
28.5489	236.609	1650.7	473.764
28.5547	234.703	1644.04	471.308
28.5605	233.082	1636.46	466.972
28.5663	232.007	1624.21	464.015
28.5722	230.671	1608.34	457.626
28.578	227.627	1597.23	456.834
28.5838	226.839	1594.47	456.307
28.5896	224.882	1577.98	448.727
28.5954	223.587	1565.27	449.245
28.6012	222.685	1562.56	445.37
28.607	221.914	1557.15	443.829
28.6128	221.274	1549.08	442.549
28.6186	220	1536.6	440.763
28.6244	218.986	1538.38	439.492
28.6302	218.228	1527.75	437.466
28.636	217.222	1520.71	437.213
28.6418	215.099	434.193
28.6476	209.338	420.13
28.6534	207.532	413.151
28.6592	203.496	403.715
28.665	202.792	404.415
28.6708	205.149	400.232
28.6766	215.722	400.926
28.6824	406.288
28.6883	440
28.6941	432.191
28.6999	428.958
28.7057	439.238
28.7115
28.7173
28.7231
28.7289
28.7347
28.7405
28.7463
28.7521
28.7579
28.7637
28.7695
28.7753
28.7811
28.7869
28.7927
28.7985
28.8044
28.8102	240.745
28.816	241.162
28.8218	242.559
28.8276	242.559
28.8334	243.964
28.8392	244.953
28.845	245.519
28.8508	247.37
28.8566	245.945
28.8624	245.803
28.8682	245.236
28.874	244.246
28.8798	243.964
28.8856	243.401
28.8914	242.84
28.8972	241.441
28.903	240.328
28.9088	237.705
28.9146	236.063
28.9205	235.246
28.9263	234.297
28.9321	230.938
28.9379	229.078
28.9437	228.549
28.9495	226.97
28.9553	224.752
28.9611	223.329
28.9669	222.043
28.9727	220.891
28.9785	218.354
28.9843	216.221
28.9901	214.479
28.9959	212.383
29.0017	211.16
29.0075	208.735
29.0133	207.413
29.0191	204.912
29.0249	203.614
29.0307	202.91
29.0366	202.091
29.0424	200.232
29.0482	197.932
29.054	196.111
29.0598	189.103
29.0656	184.677
29.0714	174.715
29.0772	174.715
29.083	173.008
29.0888
29.0946
29.1004
29.1062
29.112
29.1178
29.1236
29.1294
29.1352
29.141
29.1468
29.1527
29.1585
29.1643
29.1701
29.1759
29.1817
29.1875
29.1933
29.1991
29.2049
29.2107
29.2165
29.2223
29.2281
29.2339
29.2397
29.2455
29.2513
29.2571
29.2629
29.2688
29.2746	210.794
29.2804	197.932
29.2862	206.576
29.292	205.149
29.2978	206.576
29.3036	209.338
29.3094	212.016
29.3152	214.355
29.321	216.096
29.3268	218.607
29.3326	221.658
29.3384	223.071
29.3442	224.752
29.35	228.022
29.3558	232.141
29.3616	236.609
29.3674	239.912
29.3732	241.302
29.379	243.683
29.3849	246.942
29.3907	250.244
29.3965	252.13
29.4023	252.422
29.4081	251.985
29.4139	251.985
29.4197	252.568
29.4255	243.12
29.4313	245.519
29.4371	247.084
29.4429	243.964
29.4487	241.441
29.4545	237.567
29.4603	235.11
29.4661	234.432
29.4719
29.4777
29.4835
29.4893
29.4951
29.501
29.5068
29.5126
29.5184
29.5242
29.53
29.5358
29.5416
29.5474
29.5532
29.559
29.5648
29.5706
29.5764
29.5822
29.588
29.5938
29.5996
29.6054
29.6112
29.6171
29.6229
29.6287
29.6345
29.6403
29.6461
29.6519
29.6577
29.6635
29.6693
29.6751
29.6809
29.6867
29.6925
29.6983
29.7041
29.7099
29.7157
29.7215
29.7273
29.7332
29.739
29.7448
29.7506
29.7564
29.7622
29.768
29.7738
29.7796
29.7854
29.7912
29.797
29.8028
29.8086
29.8144
29.8202
29.826
29.8318
29.8376
