0.412154	0.661769	7480.19	24.0216
0.847528	1.07392	7527.87	34.547
0.905578	1.08553	5079.7	63.2639
0.922993	1.13778	2538.38	55.177
1.09134	1.38159	5428.58	127.807
1.13778	1.38159	2750.59	159.108
1.48608	2.04336	5600.58	97.6252
1.50349	2.05497	2795.44	210.584
1.78794	2.07819	8401.08	44.1911
2.04916	2.3278	2734.75	50.2189
2.17107	2.49615	2726.86	61.8788
2.23492	2.46132	3453.54	30.1078
14.5879	14.6982	2477.54	31.9511
19.4815	19.6034	10782.2	20.6192
20.0795	20.213	2810.01	23.7678
20.1491	20.3755	1663.14	152.116
20.2478	20.3987	3254.06	58.7178
20.3349	20.5439	1622.34	141.072
20.4974	20.6483	1653.56	340.944
20.7993	20.9966	6591.36	20.4863
21.1476	21.2869	1376.89	32.0693
21.2056	21.3507	2476.11	22.6369
21.3391	21.5713	3233.45	108.09
21.3624	21.5481	1654.52	173.46
21.5771	22.0532	1662.18	324.247
21.9835	22.384	1865.73	875.253
22.3898	22.8194	1851.77	76.1175
22.535	22.8136	2914.15	107.535
22.7904	22.9878	1918.19	28.3477
23.8701	24.0849	1677.61	116.252
24.0094	24.1488	1600.93	55.6785
24.1488	24.3868	1657.39	211.87
24.6828	24.8337	1843.24	30.5405
24.9092	25.0717	2463.27	44.5338
24.9847	25.0892	1695.15	59.1574
25.0311	25.3214	2176.85	700.69
25.0427	25.3214	4378.92	343.788
25.3272	25.5884	2102.7	295.771
25.4258	25.658	4239.54	170.266
25.6	25.7916	2905.75	104.48
25.6929	25.8438	4975.16	109.565
25.7741	25.9773	1863.58	334.747
25.8612	25.9947	5672.2	65.183
26.0005	26.494	1667.95	201.848
26.2676	26.3953	1310.92	19.2862
26.2966	26.4243	1937.11	49.2302
26.5114	26.7146	1676.64	27.3926
27.7653	27.8988	2208.51	46.8945
27.8523	28.1194	1656.43	359.424
27.9162	28.1774	3341.68	208.021
28.1948	28.2819	3546.53	36.7179
28.2297	28.3167	2223.87	28.4002
