0.377324	1.11456	2581.26	155.13
1.35837	1.54413	2339.84	328.54
1.53832	2.46132	3433.65	153.989
1.58476	1.82857	2063	106.173
1.69506	1.9737	4055.11	301.623
1.76472	1.88662	2032.25	612.208
1.88662	2.13624	1713.85	612.208
1.9795	2.50195	4078.6	145.959
2.14785	2.37424	2005.43	564.068
2.35683	2.70512	2541.32	907.288
2.60644	3.36689	3271.02	69.3555
2.71093	2.87347	2556.04	256.626
2.71093	3.01279	1280.97	104.032
2.80381	3.0302	2558.99	428.108
3.0302	3.36689	3860.82	72.393
3.12308	3.2566	1944.96	70.2794
3.19274	4.09832	1702.01	761.442
3.39592	3.61651	3404.03	239.427
3.54685	3.70358	2875.69	103.463
3.70939	4.25506	2061.81	133.294
3.74422	4.1854	2573.82	120.298
3.92417	4.26667	5153.58	111.908
3.92417	4.26667	4097.5	108.829
3.9532	4.12735	2852.53	52.7562
4.12735	4.57433	6899.1	269.145
4.1854	4.5337	3439.6	223.123
4.35374	4.62658	5225.52	59.6427
4.35374	4.63238	1743.81	119.633
4.5395	5.06195	2033.42	886.08
5.06776	5.29995	2121	786.308
5.27093	5.49152	2290.36	556.019
5.49732	5.61923	1951.71	53.3442
5.5902	5.85723	2275.86	428.578
5.8224	5.98494	2239.34	83.145
5.96172	6.18231	2129.59	612.382
6.18231	7.08789	2271.92	544.721
6.23456	6.57125	9124.48	140.176
6.82086	6.91955	3409.93	56.2836
7.32009	7.50005	2951.42	112.261
7.39556	7.63936	2264.05	1043.63
7.64517	7.81932	1952.84	396.255
7.77288	7.95283	3064.34	67.2596
7.80771	7.97605	1982.39	1079.8
7.9122	8.01669	2171.83	1263.75
8.01669	8.64943	2299.64	1122.9
8.63202	8.74812	2314.3	45.5693
8.89324	9.22413	1915.97	750.049
9.22993	9.60726	2314.3	366.912
9.51438	9.83946	1734.77	650.695
9.83946	10.1471	1915.97	520.686
10.1471	10.5825	2063	941.155
10.5883	10.7276	2500.54	602.414
10.7276	11.2094	2291.68	646.635
11.5519	11.8248	3366.87	353.772
11.8132	12.0454	5159.54	177.375
12.115	12.4575	1367.37	518.084
12.4459	12.6375	1102.34	187.528
12.5446	12.9103	1370.54	479.342
12.9683	13.2063	1257.51	264.327
13.1193	13.4095	1353.23	406.324
13.2702	13.4095	2723.71	138.989
13.6127	13.9842	2184.41	99.4945
13.6243	14.2048	846.105	193.719
14.2512	14.5241	866.382	44.2038
14.3615	14.5995	1773.27	190.333
14.4428	14.5879	880	184.069
14.4428	14.5879	880	184.069
14.5531	14.9304	942.616	154.832
14.9537	15.2207	1507.59	485.531
15.3658	15.5458	962.422	84.852
15.4529	15.9811	926.422	45.1883
15.8186	16.5152	3431.66	99.1684
15.8824	16.5152	2749	68.9404
15.9115	16.1785	1845.37	75.2511
16.074	16.4688	2286.4	51.9369
16.6429	16.8577	1545.5	60.8082
16.6661	16.997	3064.34	78.7727
16.9157	17.2002	984.349	403.981
17.1712	17.3743	1285.42	248.86
17.2989	17.5659	1539.27	360.737
17.5659	18.2102	1454.55	359.267
18.2102	18.7675	1302.61	272.104
18.5934	18.8082	1990.42	78.4467
18.7733	19.11	1267.73	215.989
18.8604	19.0984	2531.06	230.913
19.0752	19.29	3455.53	111.732
19.0752	19.29	3455.53	111.732
19.0984	19.6731	2119.77	167.216
19.11	19.7254	1053.78	134.083
19.2203	19.6383	2922.58	74.17
19.8589	19.9692	1576.15	53.3211
19.9285	20.2188	838.321	298.834
20.0272	20.1956	1673.74	105.892
20.3755	20.5439	1014.36	151.106
20.5903	20.9792	854.948	355.926
20.985	21.1882	991.769	117.095
21.3159	21.5423	1016.71	391.14
21.403	21.5713	3398.13	114.519
21.5191	23.2258	1283.2	349.684
21.5888	21.7281	3485.6	81.852
21.7281	22.1054	4373.87	64.4368
21.9835	22.3956	6075.8	75.8677
22.7904	23.0052	1261.88	46.9542
22.8717	23.3651	2573.82	44.9574
23.3709	23.8875	1253.16	165.055
23.4289	23.8063	2480.4	100.033
23.9688	24.2242	3020.41	90.4738
24.706	24.8686	6103.95	169.791
26.5636	26.6681	4097.5	81.4551
27.8639	28.5954	4825.16	316.212
28.4096	29.0424	2578.28	168.961
28.7173	29.0482	5174.46	146.369
29.083	29.4081	2584.24	98.9655
29.1701	29.3849	5150.61	63.4541
