0
0.00580499
0.01161
0.017415
0.02322
0.0290249
0.0348299
0.0406349
0.0464399
0.0522449
0.0580499
0.0638549
0.0696599
0.0754649
0.0812698
0.0870748
0.0928798
0.0986848
0.10449
0.110295
0.1161
0.121905
0.12771
0.133515
0.13932
0.145125
0.15093
0.156735
0.16254
0.168345
0.17415
0.179955
0.18576
0.191565
0.19737
0.203175
0.20898
0.214785
0.22059
0.226395
0.2322
0.238005
0.24381
0.249615
0.255419
0.261224
0.267029
0.272834
0.278639
0.284444
0.290249
0.296054
0.301859
0.307664
0.313469
0.319274
0.325079
0.330884
0.336689
0.342494
0.348299
0.354104
0.359909
0.365714
0.371519
0.377324
0.383129
0.388934
0.394739
0.400544
0.406349
0.412154
0.417959
0.423764
0.429569
0.435374
0.441179
0.446984
0.452789
0.458594
0.464399
0.470204
0.476009
0.481814
0.487619
0.493424
0.499229
0.505034
0.510839
0.516644
0.522449
0.528254
0.534059
0.539864
0.545669
0.551474
0.557279
0.563084
0.568889
0.574694
0.580499
0.586304
0.592109
0.597914
0.603719
0.609524
0.615329
0.621134
0.626939
0.632744
0.638549
0.644354
0.650159
0.655964
0.661769
0.667574
0.673379
0.679184
0.684989
0.690794
0.696599
0.702404
0.708209
0.714014
0.719819
0.725624
0.731429
0.737234
0.743039
0.748844
0.754649
0.760454
0.766258
0.772063
0.777868
0.783673
0.789478
0.795283
0.801088
0.806893
0.812698
0.818503
0.824308
0.830113
0.835918
0.841723
0.847528
0.853333
0.859138
0.864943
0.870748
0.876553
0.882358
0.888163
0.893968
0.899773
0.905578
0.911383
0.917188
0.922993
0.928798
0.934603
0.940408
0.946213
0.952018
0.957823
0.963628
0.969433
0.975238
0.981043
0.986848
0.992653
0.998458
1.00426
1.01007
1.01587
1.02168
1.02748
1.03329
1.03909
1.0449
1.0507
1.05651
1.06231
1.06812
1.07392
1.07973
1.08553
1.09134
1.09714
1.10295
1.10875
1.11456
1.12036
1.12617
1.13197
1.13778
1.14358
1.14939
1.15519
1.161
1.1668
1.17261
1.17841
1.18422
1.19002
1.19583
1.20163
1.20744
1.21324
1.21905
1.22485
1.23066
1.23646
1.24227
1.24807
1.25388
1.25968
1.26549
1.27129
1.2771
1.2829
1.28871
1.29451
1.30032
1.30612
1.31193
1.31773
1.32354
1.32934
1.33515
1.34095
1.34676
1.35256
1.35837
1.36417
1.36998
1.37578
1.38159
1.38739
1.3932
1.399
1.40481
1.41061
1.41642
1.42222
1.42803
1.43383
1.43964
1.44544
1.45125
1.45705
1.46286
1.46866
1.47447
1.48027
1.48608
1.49188
1.49769
1.50349
1.5093
1.5151
1.52091
1.52671
1.53252
1.53832
1.54413
1.54993
1.55574
1.56154
1.56735
1.57315
1.57896
1.58476
1.59057
1.59637
1.60218
1.60798
1.61379
1.61959
1.6254
1.6312
1.63701
1.64281
1.64862
1.65442
1.66023
1.66603
1.67184
1.67764
1.68345
1.68925
1.69506
1.70086
1.70667
1.71247
1.71828
1.72408
1.72989
1.73569
1.7415
1.7473
1.75311
1.75891
1.76472
1.77052
1.77633
1.78213
1.78794
1.79374
1.79955
1.80535
1.81116
1.81696
1.82277
1.82857
1.83438
1.84018
1.84599
1.85179
1.8576
1.8634
1.86921
1.87501
1.88082
1.88662
1.89243
1.89823
1.90404
1.90984
1.91565
1.92145
1.92726
1.93306
1.93887
1.94467
1.95048
1.95628
1.96209
1.96789
1.9737
1.9795
1.98531
1.99111
1.99692
2.00272
2.00853
2.01433
2.02014
2.02594
2.03175
2.03755
2.04336
2.04916
2.05497
2.06077
2.06658
2.07238
2.07819
2.08399
2.0898
2.0956
2.10141
2.10721
2.11302
2.11882
2.12463
2.13043
2.13624
2.14204
2.14785
2.15365
2.15946
2.16526
2.17107
2.17687
2.18268
2.18848
2.19429
2.20009
2.2059
2.2117
2.21751
2.22331
2.22912
2.23492
2.24073
2.24653
2.25234
2.25814
2.26395
2.26975
2.27556
2.28136
2.28717
2.29297
2.29878
2.30458
2.31039
2.31619
2.322
2.3278
2.33361
2.33941
2.34522
2.35102
2.35683
2.36263
2.36844
2.37424
2.38005
2.38585
2.39166
2.39746
2.40327
2.40907
2.41488
2.42068
2.42649
2.43229
2.4381
2.4439
2.44971
2.45551
2.46132
2.46712
2.47293
2.47873
2.48454
2.49034
2.49615
2.50195
2.50776
2.51356
2.51937
2.52517
2.53098
2.53678
2.54258
2.54839
2.55419
2.56
2.5658
2.57161
2.57741
2.58322
2.58902
2.59483
2.60063
2.60644
2.61224
2.61805
2.62385
2.62966
2.63546
2.64127
2.64707
2.65288
2.65868
2.66449
2.67029
2.6761
2.6819
2.68771
2.69351
2.69932
2.70512
2.71093
2.71673
2.72254
2.72834
2.73415
2.73995
2.74576
2.75156
2.75737
2.76317
2.76898
2.77478
2.78059
2.78639
2.7922
2.798
2.80381
2.80961
2.81542
2.82122
2.82703
2.83283
2.83864
2.84444
2.85025
2.85605
2.86186
2.86766
2.87347
2.87927
2.88508
2.89088
2.89669
2.90249
2.9083
2.9141
2.91991
2.92571
2.93152
2.93732
2.94313
2.94893
2.95474
2.96054
2.96635
2.97215
2.97796
2.98376
2.98957
2.99537
3.00118
3.00698
3.01279
3.01859
3.0244
3.0302
3.03601
3.04181
3.04762
3.05342
3.05923
3.06503
3.07084
3.07664
3.08245
3.08825
3.09406
3.09986
3.10567
3.11147
3.11728
3.12308
3.12889
3.13469
3.1405
3.1463
3.15211
3.15791
3.16372
3.16952
3.17533
3.18113
3.18694
3.19274
3.19855
3.20435
3.21016
3.21596
3.22177
3.22757
3.23338
3.23918
3.24499
3.25079
3.2566
3.2624
3.26821
3.27401
3.27982
3.28562
3.29143
3.29723
3.30304
3.30884
3.31465
3.32045
3.32626
3.33206
3.33787
3.34367
3.34948
3.35528
3.36109
3.36689
3.3727
3.3785
3.38431
3.39011
3.39592
3.40172
3.40753
3.41333
3.41914
3.42494
3.43075
3.43655
3.44236
3.44816
3.45397
3.45977
3.46558
3.47138
3.47719
3.48299
3.4888
3.4946
3.50041
3.50621
3.51202
3.51782
3.52363
3.52943
3.53524
3.54104
3.54685
3.55265
3.55846
3.56426
3.57007
3.57587
3.58168
3.58748
3.59329
3.59909
3.6049
3.6107
3.61651
3.62231
3.62812
3.63392
3.63973
3.64553
3.65134
3.65714
3.66295
3.66875
3.67456
3.68036
3.68617
3.69197
3.69778
3.70358
3.70939
3.71519
3.721
3.7268
3.73261
3.73841
3.74422
3.75002
3.75583
3.76163
3.76744
3.77324
3.77905
3.78485
3.79066
3.79646
3.80227
3.80807
3.81388
3.81968
3.82549
3.83129
3.8371
3.8429
3.84871
3.85451
3.86032
3.86612
3.87193
3.87773
3.88354
3.88934
3.89515
3.90095
3.90676
3.91256
3.91837
3.92417
3.92998
3.93578
3.94159
3.94739
3.9532
3.959
3.96481
3.97061
3.97642
3.98222
3.98803
3.99383
3.99964
4.00544
4.01125
4.01705
4.02286
4.02866
4.03447
4.04027
4.04608
4.05188
4.05769
4.06349
4.0693
4.0751
4.08091
4.08671
4.09252
4.09832
4.10413
4.10993
4.11574
4.12154
4.12735
4.13315
4.13896
4.14476
4.15057
4.15637
4.16218
4.16798
4.17379
4.17959
4.1854
4.1912
4.19701
4.20281
4.20862
4.21442
4.22023
4.22603
4.23184
4.23764
4.24345
4.24925
4.25506
4.26086
4.26667
4.27247
4.27828
4.28408
4.28989
4.29569
4.3015
4.3073
4.31311
4.31891
4.32472
4.33052
4.33633
4.34213
4.34794
4.35374
4.35955
4.36535
4.37116
4.37696
4.38277
4.38857
4.39438
4.40018
4.40599
4.41179
4.4176
4.4234
4.42921
4.43501
4.44082
4.44662
4.45243
4.45823
4.46404
4.46984
4.47565
4.48145
4.48726
4.49306
4.49887
4.50467
4.51048
4.51628
4.52209
4.52789
4.5337
4.5395
4.54531
4.55111
4.55692
4.56272
4.56853
4.57433
4.58014
4.58594
4.59175
4.59755
4.60336
4.60916
4.61497
4.62077
4.62658
4.63238
4.63819
4.64399
4.6498
4.6556
4.66141
4.66721
4.67302
4.67882
4.68463
4.69043
4.69624
4.70204
4.70785
4.71365
4.71946
4.72526
4.73107
4.73687
4.74268
4.74848
4.75429
4.76009
4.7659
4.7717
4.77751
4.78331
4.78912
4.79492
4.80073
4.80653
4.81234
4.81814
4.82395
4.82975
4.83556
4.84136
4.84717
4.85297
4.85878
4.86458
4.87039
4.87619
4.882
4.8878
4.89361
4.89941
4.90522
4.91102
4.91683
4.92263
4.92844
4.93424
4.94005
4.94585
4.95166
4.95746
4.96327
4.96907
4.97487
4.98068
4.98649
4.99229
4.9981
5.0039
5.00971
5.01551
5.02132
5.02712
5.03293
5.03873
5.04454
5.05034
5.05615
5.06195
5.06776
5.07356
5.07936
5.08517
5.09097
5.09678
5.10258
5.10839
5.11419
5.12
5.1258
5.13161
5.13741
5.14322
5.14902
5.15483
5.16063
5.16644
5.17225
5.17805
5.18385
5.18966
5.19546
5.20127
5.20707
5.21288
5.21868
5.22449
5.23029
5.2361
5.2419
5.24771
5.25351
5.25932
5.26512
5.27093
5.27673
5.28254
5.28834
5.29415
5.29995
5.30576
5.31156
5.31737
5.32317
5.32898
5.33478
5.34059
5.34639
5.3522
5.358
5.36381
5.36961
5.37542
5.38122
5.38703
5.39283
5.39864
5.40444
5.41025
5.41605	1787.66
5.42186	1763.05
5.42766	1734.77
5.43347	1769.17
5.43927	1756.95
5.44508	1746.83
5.45088	1760
5.45669	1753.91
5.46249	1749.86
5.4683	1741.8
5.4741	1768.15
5.47991	1690.26
5.48571	1690.26
5.49152	1751.89
5.49732	1746.83
5.50313	1746.83
5.50893	1746.83
5.51474	1746.83
5.52054	1746.83
5.52635	1746.83
5.53215
5.53796
5.54376
5.54957
5.55537
5.56118
5.56698
5.57279
5.57859
5.5844
5.5902
5.59601
5.60181
5.60762
5.61342
5.61923
5.62503
5.63084
5.63664
5.64245
5.64825
5.65406
5.65986
5.66567
5.67147
5.67728
5.68308
5.68889
5.69469
5.7005
5.7063
5.71211
5.71791
5.72372
5.72952
5.73533	1714.84
5.74113	1720.8
5.74694	1716.82
5.75274	1712.86
5.75855	1709.9	1709.9
5.76435	1706.94	1707.92
5.77016	1696.12	1696.12
5.77596	1707.92	1736.77
5.78177	1713.85	1709.9
5.78757	1714.84	1714.84
5.79338	1713.85	1713.85
5.79918	1714.84	1714.84
5.80499	1716.82	1716.82
5.81079	1727.77	1725.77
5.8166	1730.76	1730.76
5.8224	1722.78	1722.78
5.82821	1712.86	1712.86
5.83401	1705.95	1705.95
5.83982	1700.05	1700.05
5.84562	1703	1703
5.85143	1714.84
5.85723	1708.91
5.86304
5.86884
5.87465
5.88045
5.88626
5.89206
5.89787
5.90367
5.90948
5.91528
5.92109
5.92689
5.9327
5.9385
5.94431
5.95011
5.95592
5.96172
5.96753
5.97333
5.97914
5.98494
5.99075
5.99655
6.00236
6.00816
6.01397
6.01977
6.02558
6.03138
6.03719
6.04299
6.0488
6.0546
6.06041
6.06621
6.07202
6.07782
6.08363
6.08943
6.09524
6.10104
6.10685
6.11265
6.11846
6.12426
6.13007
6.13587
6.14168
6.14748
6.15329
6.15909
6.1649
6.1707
6.17651
6.18231
6.18812
6.19392
6.19973
6.20553
6.21134
6.21714
6.22295
6.22875
6.23456
6.24036
6.24617
6.25197
6.25778
6.26358
6.26939
6.27519
6.281
6.2868
6.29261
6.29841
6.30422
6.31002
6.31583
6.32163
6.32744
6.33324
6.33905
6.34485
6.35066
6.35646
6.36227
6.36807
6.37388
6.37968
6.38549
6.39129
6.3971
6.4029
6.40871
6.41451
6.42032
6.42612
6.43193
6.43773
6.44354
6.44934
6.45515
6.46095
6.46676
6.47256
6.47837
6.48417
6.48998
6.49578
6.50159
6.50739
6.5132
6.519
6.52481
6.53061
6.53642
6.54222
6.54803
6.55383
6.55964
6.56544
6.57125
6.57705
6.58286
6.58866
6.59447
6.60027
6.60608
6.61188
6.61769
6.62349
6.6293
6.6351
6.64091
6.64671
6.65252
6.65832
6.66413
6.66993
6.67574
6.68154
6.68735
6.69315
6.69896
6.70476
6.71057
6.71637
6.72218
6.72798
6.73379
6.73959
6.7454
6.7512
6.75701
6.76281
6.76862
6.77442
6.78023
6.78603
6.79184
6.79764	1740.79	1740.79
6.80345	1746.83	1746.83
6.80925	1758.98	1758.98
6.81506	1755.94	1755.94
6.82086	1750.87	1750.87
6.82667	1755.94	1755.94
6.83247	1756.95	1756.95
6.83828	1750.87	1750.87
6.84408	1750.87	1749.86
6.84989	1754.92	1754.92
6.85569	1758.98	1758.98
6.8615	1758.98	1758.98
6.8673	1756.95	1756.95
6.87311	1752.9	1752.9
6.87891	1747.84	1747.84
6.88472	1725.77	1725.77
6.89052	1721.79
6.89633	1750.87
6.90213	1767.13
6.90794	1783.54
6.91374	1758.98
6.91955	1745.82
6.92535	1722.78
6.93116	1714.84
6.93696	1756.95
6.94277	1760
6.94857	1754.92
6.95438	1757.97
6.96018	1790.76
6.96599	1785.6
6.97179	1785.6
6.9776	1789.73
6.9834	1772.24
6.98921	1787.66
6.99501	1779.42
7.00082	1764.07
7.00662	1757.97
7.01243
7.01823
7.02404
7.02984
7.03565
7.04145
7.04726
7.05306
7.05887
7.06467
7.07048
7.07628
7.08209
7.08789
7.0937
7.0995
7.10531
7.11111
7.11692	1802.18
7.12272	1794.91
7.12853	1746.83
7.13433	1761.02
7.14014	1757.97
7.14594	1770.2
7.15175	1811.57
7.15755	1784.57
7.16336	1767.13
7.16916	1742.8
7.17497	1760
7.18077	1769.17
7.18658	1760
7.19238	1752.9
7.19819	1747.84
7.20399	1740.79
7.2098	1742.8
7.2156	1728.77
7.22141	1739.78
7.22721	1722.78
7.23302	1777.37
7.23882	1768.15
7.24463	1741.8
7.25043	1729.76
7.25624	1729.76
7.26204	1736.77
7.26785	1730.76
7.27365	1715.83
7.27946	1717.82
7.28526	1704.97
7.29107	1727.77
7.29687	1735.77
7.30268	1713.85
7.30848	1716.82
7.31429	1717.82
7.32009	1732.76
7.3259	1753.91
7.3317	1764.07
7.33751	1751.89
7.34331	1782.51
7.34912	1792.83
7.35492	1767.13
7.36073	1804.26
7.36653	1791.8
7.37234	1807.39
7.37814	1749.86
7.38395	1752.9
7.38975	1718.81
7.39556	1744.82
7.40136	1766.11
7.40717	1777.37
7.41297	1743.81
7.41878	1775.32
7.42458	1778.39
7.43039	1753.91
7.43619	1736.77
7.442	1757.97
7.4478	1742.8
7.45361	1746.83
7.45941	1782.51
7.46522	1785.6
7.47102	1769.17	1769.17
7.47683	1769.17	1772.24
7.48263	1769.17	1766.11
7.48844	1769.17	1763.05
7.49424	1748.85	1764.07
7.50005	1748.85	1761.02
7.50585	1748.85	1755.94
7.51166	1748.85	1748.85
7.51746	1733.77	1738.78
7.52327	1742.8	1742.8
7.52907	1742.8	1737.78
7.53487	1735.77	1742.8
7.54068	1789.73	1803.22
7.54648	1801.14
7.55229	1752.9
7.55809	1757.97
7.5639	1732.76
7.56971	1761.02
7.57551	1717.82
7.58132	1735.77
7.58712	1760
7.59293	1768.15
7.59873	1777.37
7.60454	1763.05
7.61034	1712.86
7.61615	1733.77
7.62195	1747.84
7.62776	1721.79
7.63356	1730.76
7.63936	1737.78
7.64517	1741.8
7.65097	1769.17
7.65678	1764.07
7.66258	1737.78
7.66839	1743.81
7.67419	1742.8	1792.83
7.68	1739.78	1703.98
7.6858	1740.79	1740.79
7.69161	1745.82	1745.82
7.69741	1746.83
7.70322	1760
7.70902	1782.51
7.71483	1745.82
7.72063	1750.87
7.72644	1758.98
7.73224	1763.05
7.73805	1757.97
7.74385	1753.91
7.74966	1758.98
7.75546	1782.51
7.76127	1782.51
7.76707	1773.27
7.77288	1789.73
7.77868	1791.8
7.78449	1768.15
7.79029	1746.83
7.7961	1729.76
7.8019	1819.96
7.80771	1764.07
7.81351	1765.09
7.81932	1754.92
7.82512	1755.94
7.83093	1717.82
7.83673	1751.89
7.84254	1751.89
7.84834	1802.18
7.85415	1791.8
7.85995	1778.39
7.86576	1778.39
7.87156	1779.42
7.87737	1753.91
7.88317	1731.76
7.88898
7.89478
7.90059
7.90639
7.9122
7.918
7.92381
7.92961
7.93542
7.94122
7.94703
7.95283
7.95864
7.96444
7.97025
7.97605
7.98186
7.98766
7.99347
7.99927
8.00508
8.01088
8.01669
8.02249
8.0283
8.0341
8.03991
8.04571
8.05152
8.05732
8.06313
8.06893
8.07474
8.08054
8.08635
8.09215
8.09796
8.10376
8.10957
8.11537
8.12118
8.12698
8.13279
8.13859
8.1444
8.1502
8.15601
8.16181
8.16762
8.17342
8.17923
8.18503
8.19084
8.19664
8.20245
8.20825
8.21406
8.21986
8.22567
8.23147
8.23728
8.24308
8.24889
8.25469
8.2605
8.2663
8.27211
8.27791
8.28372
8.28952
8.29533
8.30113
8.30694
8.31274
8.31855
8.32435
8.33016
8.33596
8.34177
8.34757
8.35338
8.35918
8.36499
8.37079
8.3766
8.3824
8.38821	1779.42
8.39401	1789.73
8.39982	1788.7
8.40562	1766.11
8.41143	1751.89
8.41723	1765.09
8.42304	1763.05
8.42884	1750.87
8.43465	1761.02
8.44045	1748.85
8.44626	1743.81
8.45206	1740.79
8.45787	1738.78
8.46367	1763.05
8.46948	1752.9
8.47528	1758.98
8.48109	1757.97
8.48689	1750.87
8.4927	1754.92
8.4985	1757.97
8.50431	1762.03
8.51011	1743.81
8.51592	1711.87
8.52172	1760
8.52753	1757.97
8.53333	1742.8
8.53914	1721.79
8.54494	1669.88
8.55075	1712.86
8.55655	1712.86
8.56236	1627.97
8.56816	1627.97
8.57397	1627.97
8.57977
8.58558	195.658
8.59138	195.998
8.59719	196.338
8.60299	195.658
8.6088	195.32
8.6146	193.188
8.62041	199.424
8.62621	192.186
8.63202	192.186
8.63782	202.208
8.64363	195.885
8.64943	194.869	582.599
8.65524	192.186	583.273
8.66104	192.965	584.284
8.66685	200.811	584.96
8.67265	195.094	588.008
8.67846	195.094	586.99	294.514
8.68426	195.771	584.96	292.48
8.69007	195.658	583.61	292.987
8.69587	199.424	583.273	293.156
8.70168	200.927	584.96	294.684
8.70748	200.232	590.732	292.48
8.71329	200.695	589.369	292.142
8.71909	194.756	583.273	287.954
8.7249	202.208	586.313	290.627
8.7307	196.111	581.927	292.649
8.73651	190.638	574.578	293.495
8.74231	190.088	580.919	292.311
8.74812	593.811	293.834
8.75392	596.906	298.798
8.75973	608.744	302.444
8.76553	608.744	292.649
8.77134	581.59	287.289
8.77714	288.62
8.78295	291.131
8.78875	294.514
8.79456	289.455	458.155
8.80036	292.48	477.887
8.80617	291.973	475.135
8.81197	285.634	473.218
8.81778	286.792	468.594
8.82358	297.764	470.492
8.82939	299.489	454.203
8.83519	298.625	452.109
8.841	293.495	450.024
8.8468	297.42	447.433
8.85261	285.305	446.4
8.85841	284.975	444.085
8.86422	286.295	443.829
8.87002	286.957	444.085
8.87583	281.214	443.573	1745.82
8.88163	276.703	446.916	1762.03
8.88744	284.318	452.37	1672.77
8.89324	287.954	446.4	1767.13
8.89905	281.052	463.211	1716.82
8.90485	280.241	481.489	1735.77
8.91066	288.287	514.856	1761.02
8.91646	524.461	1771.22
8.92227	1758.98
8.92807	1754.92
8.93388	1757.97
8.93968	1748.85
8.94549	1802.18
8.95129	1745.82
8.9571	1773.27
8.9629	1794.91
8.96871	1755.94
8.97451	1752.9	578.575
8.98032	1726.77	581.59
8.98612	1686.36	590.05
8.99193	1672.77	595.872
8.99773	1690.26	597.251
9.00354	1694.17	584.622
9.00934	1689.28	582.263
9.01515	1744.82	580.919
9.02095	1756.95	579.913
9.02676	1654.52	584.622
9.03256	1666.99	588.008
9.03837	1697.1	594.497
9.04417	598.632
9.04998	566.014
9.05578	583.947
9.06159	584.622
9.06739	584.96
9.0732	591.756
9.079	606.288
9.08481	603.144
9.09061	583.947
9.09642	586.313
9.10222	590.391
9.10803	588.688
9.11383	593.125
9.11964	584.284
9.12544	581.59
9.13125	571.929
9.13705	565.36
9.14286	562.104
9.14866	573.252
9.15447	579.913
9.16027	583.273
9.16608	579.578	277.183
9.17188	581.59	275.745
9.17769	581.255	273.841
9.18349	273.525
9.1893	273.367
9.1951	272.263
9.20091	271.792
9.20671	275.109
9.21252	272.736
9.21832	264.665
9.22413	261.928	632.035
9.22993	263.293	599.671
9.23574	263.141	631.67
9.24154	257.726	626.944
9.24735	255.502	620.818
9.25315	256.389	616.53
9.25896	259.969	592.098
9.26476	261.626	583.947
9.27057	273.367	586.313
9.27637	274.316	587.33
9.28218	268.05	579.913
9.28798	256.538	601.405
9.29379	250.968	613.687
9.29959	253.738	621.535
9.3054	266.199	584.96
9.3112	259.369	583.61
9.31701	265.125	578.909
9.32281	269.915	576.24
9.32862	269.136	577.907
9.33442	270.695	581.927
9.34023	275.586	580.919
9.34603	273.525	573.252
9.35184	265.891	588.688
9.35764	580.248
9.36345	562.429
9.36925	552.447
9.37506	553.406
9.38086	576.24
9.38667
9.39247
9.39828
9.40408
9.40989
9.41569
9.4215
9.4273
9.43311
9.43891
9.44472
9.45052
9.45633
9.46213
9.46794
9.47374
9.47955
9.48535
9.49116
9.49696
9.50277
9.50857
9.51438
9.52018
9.52599
9.53179
9.5376
9.5434
9.54921
9.55501
9.56082
9.56662
9.57243	587.669
9.57823	585.974
9.58404	588.008
9.58984	586.99
9.59565	585.974
9.60145	586.313
9.60726	585.636
9.61306	589.028
9.61887	590.732
9.62467	589.709
9.63048	601.405
9.63628	598.632
9.64209	585.636
9.64789	576.24
9.6537	573.915
9.6595	574.91
9.66531	577.24
9.67111	560.483
9.67692	575.575
9.68272	573.583
9.68853	578.241
9.69433	563.73
9.70014	570.609
9.70594	574.91
9.71175	583.947
9.71755	586.313
9.72336	582.599
9.72916	600.364
9.73497	589.709
9.74077	591.756
9.74658	594.841
9.75238	584.284
9.75819	583.273
9.76399	578.241
9.7698	577.907
9.7756	574.91
9.78141	565.687
9.78721	562.104
9.79302	562.104
9.79882	557.899
9.80463	560.159
9.81043	560.159
9.81624	557.255
9.82204	560.807
9.82785	564.381
9.83365	577.24
9.83946	577.573
9.84526	580.583
9.85107	580.248
9.85687	580.248
9.86268	581.255
9.86848	576.906
9.87429	580.248
9.88009	579.913
9.8859	575.242
9.8917	576.24
9.89751	581.59
9.90331	581.255
9.90912	580.583
9.91492	576.24
9.92073	579.244
9.92653	578.909
9.93234	582.599
9.93814
9.94394
9.94975
9.95555
9.96136
9.96716
9.97297
9.97878
9.98458
9.99039
9.99619
10.002
10.0078
10.0136
10.0194
10.0252
10.031
10.0368
10.0426
10.0484
10.0542
10.06
10.0659
10.0717
10.0775
10.0833
10.0891
10.0949
10.1007
10.1065
10.1123
10.1181
10.1239
10.1297
10.1355
10.1413
10.1471
10.1529
10.1587
10.1645
10.1703
10.1761
10.1819
10.1878
10.1936
10.1994
10.2052
10.211
10.2168
10.2226
10.2284
10.2342
10.24
10.2458
10.2516
10.2574
10.2632
10.269
10.2748
10.2806
10.2864
10.2922
10.298
10.3039
10.3097
10.3155
10.3213
10.3271
10.3329
10.3387
10.3445
10.3503
10.3561
10.3619
10.3677
10.3735
10.3793
10.3851
10.3909
10.3967
10.4025
10.4083
10.4141
10.42
10.4258
10.4316
10.4374
10.4432
10.449
10.4548
10.4606
10.4664
10.4722
10.478
10.4838
10.4896
10.4954
10.5012
10.507
10.5128
10.5186	522.647
10.5244	520.839
10.5302	523.856
10.5361	521.742
10.5419	519.037
10.5477	518.138
10.5535	519.337
10.5593	522.345
10.5651	526.586
10.5709	527.5
10.5767	525.978
10.5825	526.586
10.5883	526.282
10.5941	522.949
10.5999	523.553
10.6057	524.159
10.6115	522.647
10.6173	525.068
10.6231	523.856
10.6289	523.553
10.6347	525.068
10.6405	525.068	259.369
10.6463	520.538	256.982
10.6522	523.856	258.322
10.658	527.5	260.871
10.6638	531.169	261.323
10.6696	530.862	260.419
10.6754	533.321	261.474
10.6812	531.169	261.323
10.687	525.068	261.928
10.6928	530.862	262.382	522.044
10.6986	261.928	522.044
10.7044	262.079	521.441
10.7102	261.323	520.839
10.716	260.72	521.14
10.7218	261.022	521.14
10.7276	261.022	521.14
10.7334	260.57	521.14
10.7392	261.173	521.441
10.745	260.871	522.949
10.7508	261.626	522.044
10.7566	262.837	520.237
10.7624	258.621	518.737
10.7683	254.178	519.637
10.7741	259.369	519.937
10.7799	258.919	519.037
10.7857	258.77	520.237
10.7915	259.969	521.14
10.7973	521.14
10.8031	520.538	262.231
10.8089	520.237	262.686
10.8147	523.251	262.079
10.8205	524.461	260.72
10.8263	523.856	262.079
10.8321	522.647	262.382
10.8379	523.553	258.322
10.8437	522.949	259.069
10.8495	528.72	263.141
10.8553	526.891	265.891
10.8611	524.765	263.75
10.8669	527.195	263.445
10.8727	530.555	261.928
10.8785	529.331	260.72
10.8844	529.637	263.598
10.8902	525.068	262.534
10.896	527.195	259.969
10.9018	527.195	257.726
10.9076	532.705	258.919
10.9134	536.72	259.818
10.9192	533.937	261.928
10.925	525.675	260.119
10.9308	259.969
10.9366	257.577
10.9424	257.131
10.9482	264.207
10.954	259.069
10.9598	263.293
10.9656	265.738
10.9714	247.799
10.9772	256.538
10.983	252.714
10.9888	260.269
10.9946	260.72
11.0005	262.079
11.0063	261.777
11.0121	261.323
11.0179	265.584
11.0237	260.871
11.0295	258.919
11.0353	259.818
11.0411	259.818	522.647
11.0469	263.141	528.109
11.0527	264.971	529.025
11.0585	262.534	528.109
11.0643	263.902	529.637
11.0701	263.141	530.249
11.0759	265.278	531.476
11.0817	263.902	532.705
11.0875	257.428	534.246
11.0933	251.403	535.791
11.0991	261.323	537.651	656.974
11.1049	258.024	539.829	658.874
11.1107	258.024	553.725	659.636
11.1166	262.231	555.006	658.874
11.1224	262.534	567.979	663.841
11.1282	252.568	567.979	669.617
11.134	519.337	670.004
11.1398	526.586	662.691
11.1456	663.841
11.1514	673.107
11.1572	675.835
11.163	666.53
11.1688	654.701
11.1746	657.734
11.1804	674.275	428.71
11.1862	674.275	429.95
11.192	690.434	429.702
11.1978	690.434	430.447
11.2036	432.191
11.2094	432.941
11.2152	433.441
11.221	433.942
11.2268	434.193
11.2327	433.191
11.2385	433.191
11.2443	434.695	1742.8
11.2501	436.961	1737.78
11.2559	436.961	1737.78
11.2617	434.946	1746.83
11.2675	431.194	1735.77
11.2733	434.444	1725.77
11.2791	437.971	1729.76
11.2849	441.273	1744.82
11.2907	435.197	1750.87
11.2965	438.478	1749.86
11.3023	436.961	1739.78
11.3081	436.204	1729.76
11.3139	437.213	1732.76
11.3197	434.695	1711.87
11.3255	434.444	1719.8
11.3313	434.193	1727.77
11.3371	435.197	1712.86
11.3429	435.449	1732.76
11.3488	435.701	1742.8
11.3546	439.746	1777.37
11.3604	445.113	1764.07
11.3662	1711.87
11.372	1720.8
11.3778	1729.76
11.3836
11.3894
11.3952
11.401
11.4068
11.4126
11.4184
11.4242
11.43
11.4358
11.4416
11.4474
11.4532
11.459
11.4649
11.4707
11.4765
11.4823
11.4881
11.4939
11.4997
11.5055
11.5113
11.5171
11.5229
11.5287
11.5345
11.5403
11.5461
11.5519
11.5577
11.5635
11.5693
11.5751
11.581
11.5868
11.5926
11.5984
11.6042
11.61
11.6158
11.6216
11.6274
11.6332
11.639
11.6448
11.6506
11.6564
11.6622
11.668
11.6738
11.6796
11.6854
11.6912
11.6971
11.7029
11.7087
11.7145
11.7203
11.7261
11.7319
11.7377
11.7435
11.7493
11.7551
11.7609
11.7667
11.7725
11.7783
11.7841
11.7899
11.7957
11.8015
11.8073
11.8132
11.819
11.8248
11.8306
11.8364
11.8422
11.848
11.8538
11.8596
11.8654
11.8712
11.877
11.8828
11.8886
11.8944
11.9002
11.906
11.9118
11.9176
11.9234
11.9293
11.9351
11.9409
11.9467
11.9525
11.9583
11.9641
11.9699
11.9757
11.9815
11.9873
11.9931
11.9989
12.0047
12.0105
12.0163
12.0221
12.0279
12.0337
12.0395
12.0454
12.0512
12.057
12.0628
12.0686
12.0744
12.0802
12.086
12.0918
12.0976
12.1034
12.1092
12.115
12.1208
12.1266
12.1324
12.1382
12.144
12.1498
12.1556
12.1615
12.1673
12.1731
12.1789
12.1847
12.1905
12.1963
12.2021
12.2079
12.2137
12.2195
12.2253
12.2311
12.2369
12.2427
12.2485
12.2543
12.2601
12.2659
12.2717
12.2776
12.2834
12.2892
12.295
12.3008
12.3066
12.3124
12.3182
12.324
12.3298
12.3356
12.3414
12.3472
12.353
12.3588
12.3646
12.3704
12.3762
12.382
12.3878
12.3937
12.3995
12.4053
12.4111
12.4169
12.4227
12.4285
12.4343
12.4401
12.4459
12.4517
12.4575
12.4633
12.4691
12.4749
12.4807
12.4865
12.4923
12.4981
12.5039
12.5098
12.5156
12.5214
12.5272
12.533
12.5388
12.5446
12.5504
12.5562
12.562
12.5678
12.5736
12.5794
12.5852
12.591
12.5968
12.6026
12.6084
12.6142
12.62
12.6258
12.6317
12.6375
12.6433
12.6491
12.6549
12.6607
12.6665
12.6723
12.6781
12.6839
12.6897
12.6955
12.7013
12.7071
12.7129
12.7187
12.7245
12.7303
12.7361
12.742
12.7478
12.7536
12.7594
12.7652
12.771
12.7768
12.7826
12.7884
12.7942
12.8
12.8058
12.8116
12.8174
12.8232
12.829
12.8348
12.8406
12.8464
12.8522
12.858
12.8639
12.8697
12.8755
12.8813
12.8871
12.8929
12.8987
12.9045
12.9103
12.9161
12.9219
12.9277
12.9335
12.9393
12.9451
12.9509
12.9567
12.9625
12.9683
12.9741
12.98
12.9858
12.9916
12.9974
13.0032
13.009
13.0148
13.0206
13.0264
13.0322
13.038
13.0438
13.0496
13.0554
13.0612
13.067
13.0728
13.0786
13.0844
13.0902
13.0961
13.1019
13.1077
13.1135
13.1193
13.1251
13.1309
13.1367
13.1425
13.1483
13.1541
13.1599
13.1657
13.1715
13.1773
13.1831
13.1889
13.1947
13.2005
13.2063
13.2122
13.218
13.2238
13.2296
13.2354
13.2412
13.247
13.2528
13.2586
13.2644
13.2702
13.276
13.2818
13.2876
13.2934
13.2992
13.305
13.3108
13.3166
13.3224
13.3283
13.3341
13.3399
13.3457
13.3515
13.3573
13.3631
13.3689
13.3747
13.3805
13.3863
13.3921
13.3979
13.4037
13.4095
13.4153
13.4211
13.4269
13.4327
13.4385
13.4444
13.4502
13.456
13.4618
13.4676
13.4734
13.4792
13.485
13.4908
13.4966
13.5024
13.5082
13.514
13.5198
13.5256
13.5314
13.5372
13.543
13.5488
13.5546
13.5605
13.5663
13.5721
13.5779
13.5837
13.5895
13.5953
13.6011
13.6069
13.6127
13.6185
13.6243
13.6301
13.6359
13.6417
13.6475
13.6533
13.6591
13.6649
13.6707
13.6766
13.6824
13.6882
13.694
13.6998
13.7056
13.7114
13.7172
13.723
13.7288
13.7346
13.7404
13.7462
13.752
13.7578
13.7636
13.7694
13.7752
13.781
13.7868	1766.11
13.7927	1704.97
13.7985	1694.17
13.8043	1763.05
13.8101	1769.17
13.8159	1763.05
13.8217	1739.78
13.8275	1763.05
13.8333	1766.11
13.8391	1753.91
13.8449	1748.85
13.8507	1738.78
13.8565	1733.77	1578.89
13.8623	1718.81	1557.15
13.8681	1718.81	1548.18
13.8739	1770.2	1548.18
13.8797	1802.18	1552.66
13.8855	1775.32	1566.17
13.8913	1764.07	1605.56
13.8971	1732.76	1622.34
13.9029	1732.76	1594.47	792.185
13.9088	1732.76	1603.7	794.017
13.9146	1769.17	1597.23	793.559
13.9204	1757.97	1593.55	788.077
13.9262	1591.71	786.258
13.932	1591.71	788.077
13.9378	1620.47	790.813
13.9436	1544.61	792.185
13.9494	1554.45	791.27
13.9552	1563.46	793.559
13.961	1549.08	796.774
13.9668	1549.97	798.156
13.9726	1553.56	799.078
13.9784	1553.56	799.54
13.9842	1553.56	799.54
13.99	800.464
13.9958	802.316
14.0016	807.896
14.0074	824.396
14.0132	826.303
14.019	817.284
14.0249
14.0307
14.0365
14.0423
14.0481
14.0539
14.0597
14.0655
14.0713
14.0771
14.0829
14.0887
14.0945
14.1003
14.1061
14.1119
14.1177
14.1235
14.1293
14.1351
14.141
14.1468
14.1526
14.1584
14.1642
14.17
14.1758
14.1816
14.1874
14.1932
14.199
14.2048
14.2106
14.2164
14.2222
14.228
14.2338
14.2396
14.2454
14.2512
14.2571
14.2629
14.2687
14.2745
14.2803
14.2861
14.2919
14.2977
14.3035
14.3093
14.3151
14.3209
14.3267
14.3325
14.3383
14.3441
14.3499
14.3557
14.3615
14.3673
14.3732
14.379
14.3848
14.3906
14.3964
14.4022
14.408
14.4138
14.4196
14.4254
14.4312
14.437
14.4428
14.4486
14.4544
14.4602
14.466
14.4718
14.4776
14.4834
14.4893
14.4951
14.5009
14.5067
14.5125
14.5183
14.5241
14.5299
14.5357
14.5415
14.5473
14.5531
14.5589
14.5647
14.5705
14.5763
14.5821
14.5879
14.5937
14.5995
14.6054
14.6112
14.617
14.6228
14.6286
14.6344
14.6402
14.646
14.6518
14.6576
14.6634
14.6692
14.675
14.6808
14.6866	1738.78
14.6924	1742.8
14.6982	1744.82
14.704	1740.79
14.7098	1733.77
14.7156	1723.78
14.7215	1727.77
14.7273	1720.8
14.7331	1718.81
14.7389	1741.8
14.7447	1741.8
14.7505	1731.76
14.7563	1730.76
14.7621	1735.77
14.7679	1743.81
14.7737	1762.03
14.7795	1748.85
14.7853	1732.76
14.7911	1723.78
14.7969	1717.82
14.8027	1714.84
14.8085	1743.81
14.8143	1763.05
14.8201	1769.17
14.8259
14.8317
14.8376
14.8434
14.8492
14.855
14.8608
14.8666
14.8724
14.8782
14.884
14.8898
14.8956
14.9014
14.9072
14.913
14.9188
14.9246
14.9304
14.9362
14.942
14.9478
14.9537
14.9595
14.9653
14.9711
14.9769
14.9827
14.9885
14.9943
15.0001
15.0059
15.0117
15.0175
15.0233
15.0291
15.0349
15.0407
15.0465
15.0523
15.0581
15.0639
15.0697
15.0756
15.0814
15.0872
15.093
15.0988
15.1046
15.1104
15.1162
15.122
15.1278
15.1336
15.1394
15.1452
15.151
15.1568
15.1626
15.1684
15.1742
15.18
15.1859
15.1917
15.1975
15.2033
15.2091
15.2149
15.2207
15.2265
15.2323
15.2381
15.2439
15.2497
15.2555
15.2613
15.2671
15.2729
15.2787
15.2845
15.2903
15.2961
15.3019
15.3078
15.3136
15.3194
15.3252
15.331
15.3368
15.3426
15.3484
15.3542
15.36
15.3658
15.3716
15.3774
15.3832
15.389
15.3948
15.4006
15.4064
15.4122
15.418
15.4239
15.4297
15.4355
15.4413
15.4471
15.4529
15.4587
15.4645
15.4703
15.4761
15.4819
15.4877
15.4935
15.4993
15.5051
15.5109
15.5167
15.5225
15.5283
15.5341
15.54
15.5458
15.5516
15.5574
15.5632
15.569
15.5748
15.5806
15.5864
15.5922
15.598
15.6038
15.6096
15.6154
15.6212
15.627
15.6328
15.6386
15.6444
15.6502
15.6561
15.6619
15.6677
15.6735
15.6793
15.6851
15.6909
15.6967
15.7025
15.7083
15.7141
15.7199
15.7257
15.7315
15.7373
15.7431
15.7489
15.7547
15.7605
15.7663
15.7722
15.778
15.7838
15.7896
15.7954
15.8012
15.807
15.8128
15.8186
15.8244
15.8302
15.836
15.8418
15.8476
15.8534
15.8592
15.865
15.8708
15.8766
15.8824
15.8883
15.8941
15.8999
15.9057
15.9115
15.9173
15.9231
15.9289
15.9347
15.9405
15.9463
15.9521
15.9579
15.9637
15.9695
15.9753
15.9811
15.9869
15.9927
15.9985
16.0044
16.0102
16.016
16.0218
16.0276
16.0334
16.0392
16.045
16.0508
16.0566
16.0624
16.0682
16.074
16.0798
16.0856
16.0914
16.0972
16.103
16.1088
16.1146
16.1205
16.1263
16.1321
16.1379
16.1437
16.1495
16.1553
16.1611
16.1669
16.1727
16.1785
16.1843
16.1901
16.1959
16.2017
16.2075
16.2133
16.2191
16.2249
16.2307
16.2366
16.2424
16.2482
16.254
16.2598
16.2656
16.2714
16.2772
16.283
16.2888
16.2946
16.3004
16.3062
16.312
16.3178
16.3236
16.3294
16.3352
16.341
16.3468
16.3527
16.3585
16.3643
16.3701
16.3759
16.3817
16.3875
16.3933
16.3991
16.4049
16.4107
16.4165
16.4223
16.4281
16.4339
16.4397
16.4455
16.4513
16.4571
16.4629
16.4688
16.4746
16.4804
16.4862
16.492
16.4978
16.5036
16.5094
16.5152
16.521
16.5268
16.5326
16.5384
16.5442
16.55
16.5558
16.5616
16.5674
16.5732
16.579
16.5849
16.5907
16.5965
16.6023
16.6081
16.6139
16.6197
16.6255
16.6313
16.6371
16.6429
16.6487
16.6545
16.6603
16.6661
16.6719
16.6777
16.6835
16.6893
16.6951
16.701
16.7068
16.7126
16.7184
16.7242
16.73
16.7358
16.7416
16.7474
16.7532
16.759
16.7648
16.7706
16.7764
16.7822
16.788
16.7938
16.7996
16.8054
16.8112
16.8171
16.8229
16.8287
16.8345
16.8403
16.8461
16.8519
16.8577
16.8635
16.8693
16.8751
16.8809
16.8867
16.8925
16.8983
16.9041
16.9099
16.9157
16.9215
16.9273
16.9332
16.939
16.9448
16.9506
16.9564
16.9622
16.968
16.9738
16.9796
16.9854
16.9912
16.997
17.0028
17.0086
17.0144
17.0202
17.026
17.0318
17.0376
17.0434
17.0493
17.0551
17.0609
17.0667
17.0725
17.0783
17.0841
17.0899
17.0957
17.1015
17.1073
17.1131
17.1189
17.1247
17.1305
17.1363
17.1421
17.1479
17.1537
17.1595
17.1654
17.1712
17.177
17.1828
17.1886
17.1944
17.2002
17.206
17.2118
17.2176
17.2234
17.2292
17.235
17.2408
17.2466
17.2524
17.2582
17.264
17.2698
17.2756
17.2815
17.2873
17.2931
17.2989
17.3047
17.3105
17.3163
17.3221
17.3279
17.3337
17.3395
17.3453
17.3511
17.3569
17.3627
17.3685
17.3743
17.3801
17.3859
17.3917
17.3976
17.4034
17.4092
17.415
17.4208
17.4266
17.4324
17.4382
17.444
17.4498
17.4556
17.4614
17.4672
17.473
17.4788
17.4846
17.4904
17.4962
17.502
17.5078
17.5137
17.5195
17.5253
17.5311
17.5369
17.5427
17.5485
17.5543
17.5601
17.5659
17.5717
17.5775
17.5833
17.5891
17.5949
17.6007
17.6065
17.6123
17.6181
17.6239
17.6297
17.6356
17.6414
17.6472
17.653
17.6588
17.6646
17.6704
17.6762
17.682
17.6878
17.6936
17.6994
17.7052
17.711
17.7168
17.7226
17.7284
17.7342
17.74
17.7458
17.7517
17.7575
17.7633
17.7691
17.7749
17.7807
17.7865
17.7923
17.7981
17.8039
17.8097
17.8155
17.8213
17.8271
17.8329
17.8387
17.8445
17.8503
17.8561
17.8619
17.8678
17.8736
17.8794
17.8852
17.891
17.8968
17.9026
17.9084
17.9142
17.92
17.9258
17.9316
17.9374
17.9432
17.949
17.9548
17.9606
17.9664
17.9722
17.9781
17.9839
17.9897
17.9955
18.0013
18.0071
18.0129
18.0187
18.0245
18.0303
18.0361
18.0419
18.0477
18.0535
18.0593
18.0651
18.0709
18.0767
18.0825
18.0883
18.0941
18.1
18.1058
18.1116
18.1174
18.1232
18.129
18.1348
18.1406
18.1464
18.1522
18.158
18.1638
18.1696
18.1754
18.1812
18.187
18.1928
18.1986
18.2044
18.2102
18.2161
18.2219
18.2277
18.2335
18.2393
18.2451
18.2509
18.2567
18.2625
18.2683
18.2741
18.2799
18.2857
18.2915
18.2973
18.3031
18.3089
18.3147
18.3205
18.3263
18.3322
18.338
18.3438
18.3496
18.3554
18.3612
18.367
18.3728
18.3786
18.3844
18.3902
18.396
18.4018
18.4076
18.4134
18.4192
18.425
18.4308
18.4366
18.4424
18.4483
18.4541
18.4599
18.4657
18.4715
18.4773
18.4831
18.4889
18.4947
18.5005
18.5063
18.5121
18.5179
18.5237
18.5295
18.5353
18.5411
18.5469
18.5527
18.5585
18.5644
18.5702
18.576
18.5818
18.5876
18.5934
18.5992
18.605
18.6108
18.6166
18.6224
18.6282
18.634
18.6398
18.6456
18.6514
18.6572
18.663
18.6688
18.6746
18.6805
18.6863
18.6921
18.6979
18.7037
18.7095
18.7153
18.7211
18.7269
18.7327
18.7385
18.7443
18.7501
18.7559
18.7617
18.7675
18.7733
18.7791
18.7849
18.7907
18.7966
18.8024
18.8082
18.814
18.8198
18.8256
18.8314
18.8372
18.843
18.8488
18.8546
18.8604
18.8662
18.872
18.8778
18.8836
18.8894
18.8952
18.901
18.9068
18.9127
18.9185
18.9243
18.9301
18.9359
18.9417
18.9475
18.9533
18.9591
18.9649
18.9707
18.9765
18.9823
18.9881
18.9939
18.9997
19.0055
19.0113
19.0171
19.0229
19.0288
19.0346
19.0404
19.0462
19.052
19.0578
19.0636
19.0694
19.0752
19.081
19.0868
19.0926
19.0984
19.1042
19.11
19.1158
19.1216
19.1274
19.1332
19.139
19.1449
19.1507
19.1565
19.1623
19.1681
19.1739
19.1797
19.1855
19.1913
19.1971
19.2029
19.2087
19.2145
19.2203
19.2261
19.2319
19.2377
19.2435
19.2493
19.2551
19.261
19.2668
19.2726
19.2784
19.2842
19.29
19.2958
19.3016
19.3074
19.3132
19.319
19.3248
19.3306
19.3364
19.3422
19.348
19.3538
19.3596
19.3654
19.3712
19.3771
19.3829
19.3887
19.3945
19.4003
19.4061
19.4119
19.4177
19.4235
19.4293
19.4351
19.4409
19.4467
19.4525
19.4583
19.4641
19.4699
19.4757
19.4815
19.4873
19.4932
19.499
19.5048
19.5106
19.5164
19.5222
19.528
19.5338
19.5396
19.5454
19.5512
19.557
19.5628
19.5686
19.5744
19.5802
19.586
19.5918
19.5976
19.6034
19.6093
19.6151
19.6209
19.6267
19.6325
19.6383
19.6441
19.6499
19.6557
19.6615
19.6673
19.6731
19.6789
19.6847
19.6905
19.6963
19.7021
19.7079
19.7137
19.7195
19.7254
19.7312
19.737
19.7428
19.7486
19.7544
19.7602
19.766
19.7718
19.7776
19.7834
19.7892
19.795
19.8008
19.8066
19.8124	1342.33
19.8182	1372.12
19.824	1357.93
19.8298	1369.75
19.8356	1353.23
19.8415	1341.56	1341.56
19.8473	1324.62	1324.62
19.8531	1342.33	1342.33
19.8589	1354.01	1354.01
19.8647	1356.36	1356.36
19.8705	1357.93	1357.93
19.8763	1358.71	1358.71
19.8821	1360.29	1360.29
19.8879	1362.64	1362.64
19.8937	1362.64	1362.64
19.8995	1363.43	1363.43
19.9053	1369.75	1369.75
19.9111	1375.3	1375.3
19.9169	1370.54	1369.75
19.9227	1347.77	1347.77
19.9285	1343.88	1343.11
19.9343	1348.55
19.9401	1350.11
19.9459	1352.45
19.9517	1357.15
19.9576	1354.8
19.9634	1353.23
19.9692	1357.15
19.975	1365.01
19.9808	1378.48
19.9866	1413.14
19.9924
19.9982
20.004
20.0098
20.0156
20.0214
20.0272
20.033
20.0388
20.0446
20.0504
20.0562
20.062
20.0678
20.0737
20.0795
20.0853
20.0911
20.0969
20.1027
20.1085
20.1143
20.1201
20.1259
20.1317
20.1375
20.1433
20.1491
20.1549
20.1607
20.1665
20.1723
20.1781
20.1839
20.1898
20.1956
20.2014
20.2072
20.213
20.2188
20.2246
20.2304
20.2362
20.242
20.2478
20.2536
20.2594
20.2652
20.271
20.2768
20.2826
20.2884
20.2942
20.3
20.3058
20.3117
20.3175
20.3233
20.3291
20.3349
20.3407
20.3465
20.3523
20.3581
20.3639
20.3697
20.3755
20.3813
20.3871
20.3929
20.3987
20.4045
20.4103
20.4161
20.4219
20.4278
20.4336
20.4394
20.4452
20.451
20.4568
20.4626
20.4684
20.4742
20.48
20.4858
20.4916
20.4974
20.5032
20.509
20.5148
20.5206
20.5264
20.5322
20.538
20.5439
20.5497
20.5555
20.5613
20.5671
20.5729
20.5787
20.5845
20.5903
20.5961
20.6019
20.6077
20.6135
20.6193
20.6251
20.6309
20.6367
20.6425
20.6483
20.6542
20.66
20.6658
20.6716
20.6774
20.6832
20.689
20.6948
20.7006
20.7064
20.7122
20.718
20.7238
20.7296
20.7354	1491.99
20.7412	1500.64
20.747	1503.24
20.7528	1514.57
20.7586	1505.85
20.7644	1492.86
20.7702	1494.58
20.7761	1496.31
20.7819	1493.72	1493.72
20.7877	1490.27	1490.27
20.7935	1490.27	1490.27
20.7993	1492.86	1474.86
20.8051	1448.68	1515.45
20.8109	1487.69	1487.69
20.8167	1490.27	1490.27
20.8225	1494.58	1494.58
20.8283	1494.58	1494.58
20.8341	1489.41	1489.41
20.8399	1479.98	1479.98
20.8457	1469.75	1469.75
20.8515	1468.06	1468.06
20.8573	1474.01	1474.01
20.8631	1479.98	1479.98
20.8689	1485.97	1485.97
20.8747	1479.12
20.8805	1498.04
20.8863	1476.56
20.8922	1491.99
20.898
20.9038
20.9096
20.9154
20.9212
20.927
20.9328
20.9386
20.9444
20.9502
20.956
20.9618
20.9676
20.9734
20.9792
20.985
20.9908
20.9966
21.0024
21.0083
21.0141
21.0199
21.0257
21.0315
21.0373
21.0431
21.0489
21.0547
21.0605
21.0663
21.0721
21.0779
21.0837
21.0895
21.0953
21.1011
21.1069
21.1127
21.1185
21.1244
21.1302
21.136
21.1418
21.1476
21.1534
21.1592
21.165
21.1708
21.1766
21.1824
21.1882
21.194
21.1998
21.2056
21.2114
21.2172
21.223
21.2288
21.2346
21.2405
21.2463
21.2521
21.2579
21.2637
21.2695
21.2753
21.2811
21.2869
21.2927
21.2985
21.3043
21.3101
21.3159
21.3217
21.3275
21.3333
21.3391
21.3449
21.3507
21.3566
21.3624
21.3682
21.374
21.3798
21.3856
21.3914
21.3972
21.403
21.4088
21.4146
21.4204
21.4262
21.432
21.4378
21.4436
21.4494
21.4552
21.461
21.4668
21.4727
21.4785
21.4843
21.4901
21.4959
21.5017
21.5075
21.5133
21.5191
21.5249
21.5307
21.5365
21.5423
21.5481
21.5539
21.5597
21.5655
21.5713
21.5771
21.5829
21.5888
21.5946
21.6004
21.6062
21.612
21.6178
21.6236
21.6294
21.6352
21.641
21.6468
21.6526
21.6584
21.6642
21.67
21.6758
21.6816
21.6874
21.6932
21.699
21.7049
21.7107
21.7165
21.7223
21.7281
21.7339
21.7397
21.7455
21.7513
21.7571
21.7629
21.7687
21.7745
21.7803
21.7861
21.7919
21.7977
21.8035
21.8093
21.8151
21.821
21.8268
21.8326
21.8384
21.8442
21.85
21.8558
21.8616
21.8674
21.8732
21.879
21.8848
21.8906
21.8964
21.9022
21.908
21.9138
21.9196
21.9254
21.9312
21.9371
21.9429
21.9487
21.9545
21.9603
21.9661
21.9719
21.9777
21.9835
21.9893
21.9951
22.0009
22.0067
22.0125
22.0183
22.0241
22.0299
22.0357
22.0415
22.0473
22.0532
22.059
22.0648
22.0706
22.0764
22.0822
22.088
22.0938
22.0996
22.1054
22.1112
22.117
22.1228
22.1286
22.1344
22.1402
22.146
22.1518
22.1576
22.1634
22.1693
22.1751
22.1809
22.1867
22.1925
22.1983
22.2041
22.2099
22.2157
22.2215
22.2273
22.2331
22.2389
22.2447
22.2505
22.2563
22.2621
22.2679
22.2737
22.2795
22.2854
22.2912
22.297
22.3028
22.3086
22.3144
22.3202
22.326
22.3318
22.3376
22.3434
22.3492
22.355
22.3608
22.3666
22.3724
22.3782
22.384
22.3898
22.3956
22.4015
22.4073
22.4131	1630.79
22.4189	1655.47
22.4247	1642.14
22.4305	1642.14
22.4363	1646.89
22.4421	1646.89
22.4479	1643.09
22.4537	1641.19
22.4595	1641.19
22.4653	1644.04
22.4711	1643.09
22.4769	1645.94
22.4827	1617.66
22.4885	1606.49
22.4943	1586.2
22.5001	1581.63
22.5059	1638.35
22.5117	1600.93
22.5176	1608.34
22.5234	1584.37
22.5292	1584.37
22.535	1612.06
22.5408	1569.79
22.5466	1676.64
22.5524
22.5582
22.564
22.5698
22.5756
22.5814
22.5872
22.593
22.5988
22.6046
22.6104
22.6162
22.622
22.6278
22.6336
22.6395
22.6453
22.6511
22.6569
22.6627
22.6685
22.6743
22.6801
22.6859
22.6917
22.6975
22.7033
22.7091
22.7149
22.7207
22.7265
22.7323
22.7381
22.7439
22.7498
22.7556
22.7614
22.7672
22.773
22.7788
22.7846
22.7904
22.7962
22.802
22.8078
22.8136
22.8194
22.8252
22.831
22.8368
22.8426
22.8484
22.8542
22.86
22.8659
22.8717
22.8775
22.8833
22.8891
22.8949
22.9007
22.9065
22.9123
22.9181
22.9239
22.9297
22.9355
22.9413
22.9471
22.9529
22.9587
22.9645
22.9703
22.9761
22.9819
22.9878
22.9936
22.9994
23.0052
23.011
23.0168
23.0226
23.0284
23.0342
23.04
23.0458
23.0516
23.0574
23.0632
23.069
23.0748
23.0806
23.0864
23.0922
23.098
23.1039
23.1097
23.1155
23.1213
23.1271
23.1329
23.1387
23.1445
23.1503
23.1561
23.1619
23.1677
23.1735
23.1793
23.1851
23.1909
23.1967
23.2025
23.2083	607.691
23.2141	603.842
23.22	569.293
23.2258	577.573
23.2316	572.59
23.2374	580.583
23.2432	585.636
23.249	589.369
23.2548	585.298
23.2606	586.99
23.2664	585.636
23.2722	588.008
23.278	593.811
23.2838	596.906
23.2896	600.711
23.2954	599.324
23.3012	596.217
23.307	594.497
23.3128	605.588
23.3186	608.393
23.3244	604.54
23.3302	598.978
23.3361	598.978
23.3419	617.956
23.3477	622.254
23.3535	593.811
23.3593	594.497
23.3651	624.775
23.3709	606.638
23.3767	608.393
23.3825	609.448
23.3883	590.391
23.3941	613.687
23.3999	634.595
23.4057	614.042
23.4115
23.4173
23.4231
23.4289
23.4347
23.4405
23.4463
23.4522
23.458
23.4638
23.4696
23.4754
23.4812
23.487
23.4928
23.4986
23.5044
23.5102
23.516
23.5218
23.5276
23.5334
23.5392
23.545
23.5508
23.5566
23.5624
23.5683
23.5741
23.5799
23.5857
23.5915
23.5973
23.6031
23.6089
23.6147
23.6205
23.6263
23.6321
23.6379
23.6437
23.6495
23.6553
23.6611
23.6669
23.6727
23.6785
23.6844
23.6902
23.696
23.7018
23.7076
23.7134
23.7192
23.725
23.7308
23.7366
23.7424
23.7482
23.754
23.7598
23.7656
23.7714
23.7772
23.783
23.7888
23.7946
23.8005
23.8063
23.8121
23.8179
23.8237
23.8295
23.8353
23.8411
23.8469
23.8527
23.8585
23.8643
23.8701
23.8759
23.8817
23.8875
23.8933
23.8991
23.9049
23.9107
23.9166
23.9224
23.9282
23.934
23.9398
23.9456
23.9514
23.9572
23.963
23.9688
23.9746
23.9804
23.9862
23.992
23.9978
24.0036
24.0094
24.0152
24.021
24.0268
24.0327
24.0385
24.0443
24.0501
24.0559
24.0617
24.0675
24.0733
24.0791
24.0849
24.0907
24.0965
24.1023	433.942
24.1081	441.528
24.1139	434.946
24.1197	438.478
24.1255	440.254
24.1313	433.942
24.1371	441.273
24.1429	439.492
24.1488	438.478
24.1546	441.273
24.1604	436.204
24.1662	441.783
24.172	445.885
24.1778	447.174
24.1836	441.528
24.1894	437.466
24.1952	436.456
24.201	429.454
24.2068	429.454
24.2126	444.856
24.2184	445.885	1027.93
24.2242	436.961	1013.78
24.23	451.587	1030.9
24.2358	444.342	1041.08
24.2416	443.06	1044.09
24.2474	442.805	1042.28
24.2532	439.238	1053.78
24.259	438.224	1052.56
24.2649	438.985	1047.11
24.2707	441.783	1042.88
24.2765	440	1041.68
24.2823	440.509	1042.88
24.2881	443.316	1041.08
24.2939	436.961	1047.71
24.2997	435.952	1045.9
24.3055	440.254	1043.48
24.3113	435.197	1037.47
24.3171	436.961	1035.68
24.3229	434.946	1048.92
24.3287	435.197	1048.32
24.3345	437.719	1047.11
24.3403	438.224	1049.53
24.3461	434.946	1045.9	392.449
24.3519	441.528	1020.24	409.114
24.3577	442.549	1036.28	394.039
24.3635	439.238	1051.35	390.188
24.3693	445.37	1052.56	386.152
24.3751	446.142	384.594
24.381	456.57	387.941
24.3868	446.142	385.484
24.3926	440.254	383.485
24.3984	440.254	381.717
24.4042	441.528	385.484
24.41	442.549	387.717
24.4158	389.063
24.4216	399.308
24.4274	406.054
24.4332	426.734
24.439	428.71
24.4448	437.213
24.4506	440.509
24.4564	441.528
24.4622	440.509
24.468	436.961
24.4738	433.942
24.4796	435.197
24.4854	440.254
24.4912	439.492
24.4971	434.193
24.5029	429.454
24.5087	413.629
24.5145	416.506
24.5203	428.958
24.5261	439.238	444.599
24.5319	434.695	450.284
24.5377	437.213	431.194
24.5435	434.946	403.016
24.5493	439.746	395.864	395.864
24.5551	442.805	400.001	400.001
24.5609	433.191	402.551	402.551
24.5667	433.191	412.198	412.198
24.5725	423.297	411.246	434.946
24.5783	406.054	406.523	436.708
24.5841	402.783	402.783	441.018
24.5899	407.699	406.993	442.038
24.5957	407.699	419.403	437.719
24.6015	407.699	428.958	433.692	247.656
24.6073	436.708	438.224	248.085
24.6132	436.708	437.213	246.372
24.619	438.731	438.731	245.094
24.6248	432.941	433.942	241.72
24.6306	429.95	434.193	240.884
24.6364	424.031	425.012	239.496
24.6422	425.258	422.808	242.139
24.648	417.952	418.193	243.401
24.6538	414.346	414.107	245.661
24.6596	409.351	413.151	246.514
24.6654	396.55	396.092	243.964
24.6712	392.222	391.995	243.12
24.677	391.317	391.091	241.441
24.6828	407.463	407.699	241.999
24.6886	425.012	424.521	244.105
24.6944	434.695	434.695	245.378
24.7002	439.746	244.246
24.706	436.708	242.559
24.7118	240.05
24.7176	239.773
24.7234	238.944
24.7293	239.358
24.7351	241.162
24.7409	244.387	440.763
24.7467	244.953	442.805
24.7525	242.84	446.658
24.7583	241.441	448.467
24.7641	239.912	447.433	1186.25
24.7699	240.189	439.746	1207.68
24.7757	240.606	435.197	1184.88
24.7815	245.378	435.449	1182.83
24.7873	250.389	438.985	1190.37
24.7931	247.227	441.528	1204.9
24.7989	241.58	440.254	1211.18
24.8047	238.117	437.971	1207.68
24.8105	236.609	433.942	1207.68
24.8163	235.79	439.492	1214.68
24.8221	236.609	438.985	1208.38
24.8279	247.227	436.961	1207.68
24.8337	254.031	449.765	1216.08
24.8395	268.981	453.941	1205.59	424.767
24.8454	278.145	440	1216.79	412.913
24.8512	439.238	1208.38	418.677
24.857	438.478	1211.18	427.968
24.8628	451.326	1209.78	437.719
24.8686	450.024	1211.88	445.37
24.8744	444.085	1211.18	441.528
24.8802	442.038	1211.18	440.509
24.886	440.509	1209.78	437.466
24.8918	436.456	1180.78	437.466
24.8976	435.952	1226.67	435.952
24.9034	435.701	1228.08	435.952
24.9092	435.449	1218.19	435.701
24.915	437.213	1216.79	437.213
24.9208	1226.67	435.449
24.9266	1221.72	435.952
24.9324	1222.42	435.449
24.9382	1221.01	435.197
24.944	1217.49	433.692
24.9498	1217.49	433.191
24.9556	1204.9	433.942
24.9615	1222.42	433.942
24.9673	1233.77	433.942
24.9731	1230.21	437.466
24.9789	1245.23	436.204
24.9847	1178.06	436.708
24.9905	1238.77	433.692
24.9963	1230.21	425.258
25.0021	1230.92	429.95
25.0079	1232.35	428.463
25.0137	1218.9	429.702
25.0195	1219.6	440.763
25.0253	1232.35
25.0311	1214.68
25.0369	1208.38
25.0427	1188.99
25.0485	1210.48
25.0543	1205.59
25.0601	1167.22
25.0659	1191.06
25.0717	1204.2
25.0776	1212.58
25.0834	1212.58
25.0892	1212.58
25.095	1184.2	447.174
25.1008	1249.55	438.985
25.1066	441.018
25.1124	434.444
25.1182	438.224
25.124	436.708
25.1298	439.238
25.1356	440
25.1414	438.224
25.1472	438.731
25.153	441.783
25.1588	435.952
25.1646	432.441
25.1704	436.708
25.1762	435.701
25.182	440
25.1878	442.549
25.1937	440.509
25.1995	428.463
25.2053	426.241
25.2111	421.102
25.2169	415.305
25.2227	414.346
25.2285	409.114
25.2343	416.025
25.2401	422.808
25.2459
25.2517	439.746
25.2575	432.441
25.2633	430.696
25.2691	430.447
25.2749	429.702
25.2807	430.199
25.2865	431.443
25.2923	435.449
25.2981	440.254
25.3039	437.466
25.3097	440.254	390.414
25.3156	438.731	393.811
25.3214	430.945	401.39
25.3272	435.197	399.308
25.333	430.696	394.95
25.3388	431.692	393.811
25.3446	438.224	382.379
25.3504	435.449	390.188
25.3562	435.449	390.865
25.362	441.783	391.317
25.3678	442.805	390.639	129.385
25.3736	433.441	390.188	130.21
25.3794	446.916	391.769	129.535
25.3852	434.695	392.902	130.134
25.391	444.856	392.675	132.104
25.3968	448.467	397.927	132.792
25.4026	442.805	401.622	134.49
25.4084	431.942	390.414	131.343
25.4142	436.708	402.783	130.586	1190.37
25.42	382.158	130.436	1203.51
25.4258	400.001	130.285	1192.43
25.4317	403.249	130.36	1185.57
25.4375	405.585	130.285	1180.1
25.4433	406.993	130.21	1176.7
25.4491	387.493	131.343	1165.87
25.4549	371.279	129.086	1189.68
25.4607	365.533	129.46	1182.15
25.4665	347.016	129.684	1167.89
25.4723	129.834	1173.98	1119.03
25.4781	129.759	1177.38	1172.63
25.4839	130.134	1130.72	1184.88
25.4897	130.21	1153.81	1110.65
25.4955	130.21	1168.57	1132.68
25.5013	130.21	1190.37	1120.32
25.5071	129.385	1124.86	1201.42
25.5129	125.557	1125.51	1194.5
25.5187	125.412	1113.22	1228.79
25.5245	121.701	1123.56	1191.74
25.5303	120.372	1124.21	1182.15
25.5361	121.49	1107.45	1213.98
25.542	121.35	1110.65	1174.66
25.5478	124.043	1125.51	1197.26
25.5536	1122.26	1205.59
25.5594	1128.76	1186.94
25.5652	1117.73	1225.96
25.571	1083.41	1220.31
25.5768	1092.83	1195.88
25.5826	1105.53	1200.03
25.5884	1090.31	1190.37
25.5942	1119.03	1211.88
25.6	1126.16	1229.5
25.6058	1224.54
25.6116	1216.08
25.6174	1215.38
25.6232	1206.29
25.629	1215.38
25.6348	1229.5	447.174
25.6406	1216.08	432.691
25.6464	1223.13	436.961
25.6522	1191.06	435.952
25.658	1198.65	436.708
25.6639	1190.37	438.731
25.6697	1252.44	438.731
25.6755	1206.29	438.224
25.6813	1189.68	442.293
25.6871	1189.68	442.293
25.6929	1189.68	437.971
25.6987	1190.37	441.018
25.7045	1193.12	437.213	604.54
25.7103	1195.19	440.254	597.941
25.7161	1201.42	436.708	600.017
25.7219	1190.37	437.466	583.61
25.7277	1193.12	444.085	581.255
25.7335	1194.5	444.856	564.707
25.7393	1188.31	446.142	558.221
25.7451	1185.57	443.573	547.681
25.7509	1183.51	441.018	548.631
25.7567	1197.26	441.018	557.577
25.7625	1189.68	444.085	534.554
25.7683	1187.62	448.209	543.584
25.7741	1179.42	449.765	531.169
25.78	1171.95	449.505	541.391	128.788
25.7858	1188.99	446.142	529.331	128.491
25.7916	1169.24	446.916	543.584	127.751
25.7974	1197.26	448.727	540.141	127.53
25.8032	1200.73	450.805	522.044	127.751
25.809	1193.81	451.326	128.195
25.8148	1190.37	448.209	128.64
25.8206	1195.88	451.848	129.012
25.8264	1187.62	447.433	129.012
25.8322	1195.88	449.765	129.46
25.838	1189.68	449.505	129.684
25.8438	1188.31	447.95	129.909
25.8496	1235.2	447.691	130.662
25.8554	1181.46	447.95	130.662
25.8612	1182.15	442.805	130.888
25.867	1203.51	439.492	131.04
25.8728	1188.31	441.528	131.115
25.8786	1176.02	437.719	131.04
25.8844	1184.2	440.254	131.04
25.8902	1222.42	441.783	132.639
25.8961	1238.77	439.746	131.571
25.9019	1167.89	440.509	131.647
25.9077	1224.54	458.155	132.104	437.213
25.9135	1210.48	436.204	132.562	435.449
25.9193	1207.68	437.719	132.486	434.695
25.9251	1240.92	433.692	132.409	435.701
25.9309	1283.94	432.441	132.792	437.213
25.9367	1261.15	431.692	131.419	438.985
25.9425	1267.73	129.385	442.293
25.9483	1267.73	129.609	439.746	1195.88
25.9541	1234.48	128.343	437.213	1151.81
25.9599	1242.35	128.121	437.719	1216.79
25.9657	1245.95	125.122	438.478	1202.81
25.9715	1279.5	120.164	433.942	1203.51
25.9773	1289.14	120.164	432.691	1193.12
25.9831	1338.46	120.164	434.444	1180.1
25.9889	1330.75	437.971	1165.87
25.9947	1316.99	435.197	1149.16
26.0005	1278.02	437.213	1163.85
26.0063	437.213	1159.83
26.0122	436.961	1163.85
26.018	436.961	1159.83
26.0238	436.456	1157.15
26.0296	436.456	1159.16
26.0354	434.695	1159.83
26.0412	432.941	1159.16
26.047	434.193	1159.83
26.0528	433.441	1165.87
26.0586	432.191	1177.38
26.0644	435.449	1167.22
26.0702	433.942	1169.92
26.076	429.454	1163.18
26.0818	428.71	1161.84
26.0876	423.786	1152.48
26.0934	413.868	1141.88
26.0992	419.888	1152.48
26.105	407.934	1169.92
26.1108	422.076	1184.2	241.441
26.1166	429.206	1217.49	243.12	1218.19
26.1224	427.721	1204.9	244.811	1248.11
26.1283	442.038	1216.08	244.953	1212.58
26.1341	439.492	243.683	1233.77
26.1399	242.419	1233.06
26.1457	241.302	1224.54
26.1515	240.745	1241.64
26.1573	240.606	1233.77
26.1631	240.189	1201.42
26.1689	242.279	1206.99
26.1747	245.378	1231.64
26.1805	244.105	1239.49
26.1863	244.105	1218.19	454.991
26.1921	244.105	1223.13	452.109
26.1979	234.703	1250.27	449.505
26.2037	234.703	1197.96	448.209
26.2095	234.703	1173.3	444.856
26.2153	1163.85	447.174
26.2211	447.95
26.2269	447.174
26.2327	445.627
26.2385	447.691
26.2444	445.37
26.2502	445.37
26.256	446.658
26.2618	445.627
26.2676	446.916
26.2734	449.245
26.2792	450.805
26.285	450.024
26.2908	433.441
26.2966	430.696
26.3024	429.95
26.3082	439.492
26.314	440.509
26.3198	441.018
26.3256	451.065
26.3314	442.549
26.3372	440.254
26.343	438.985
26.3488	437.719
26.3546	435.197
26.3605	431.194
26.3663	428.215
26.3721
26.3779
26.3837
26.3895
26.3953
26.4011
26.4069
26.4127
26.4185
26.4243
26.4301
26.4359
26.4417
26.4475
26.4533
26.4591
26.4649
26.4707
26.4766
26.4824
26.4882
26.494
26.4998
26.5056
26.5114
26.5172
26.523
26.5288
26.5346
26.5404
26.5462
26.552
26.5578
26.5636
26.5694
26.5752
26.581
26.5868
26.5927
26.5985
26.6043
26.6101
26.6159
26.6217
26.6275
26.6333
26.6391
26.6449
26.6507
26.6565
26.6623
26.6681
26.6739
26.6797
26.6855
26.6913
26.6971
26.7029
26.7088
26.7146
26.7204
26.7262
26.732
26.7378
26.7436
26.7494
26.7552
26.761
26.7668
26.7726
26.7784
26.7842
26.79
26.7958
26.8016
26.8074
26.8132
26.819
26.8249
26.8307	433.441
26.8365	434.695
26.8423	438.985
26.8481	438.985
26.8539	439.746
26.8597	436.708
26.8655	435.952
26.8713	434.946
26.8771	435.701
26.8829	436.204
26.8887	437.719
26.8945	437.971
26.9003	434.193
26.9061	435.197
26.9119	437.213
26.9177	436.708
26.9235	436.456
26.9293	438.478
26.9351	434.946
26.941	427.227
26.9468	432.191
26.9526	428.958
26.9584	435.701
26.9642	436.961
26.97	442.293
26.9758	444.342
26.9816	439.238
26.9874	442.805
26.9932	445.37
26.999	454.203
27.0048	445.885
27.0106	464.551
27.0164	456.043
27.0222	453.416
27.028	446.916
27.0338	446.4
27.0396	443.829
27.0454
27.0512
27.0571
27.0629
27.0687
27.0745
27.0803
27.0861
27.0919
27.0977
27.1035
27.1093
27.1151
27.1209
27.1267
27.1325
27.1383
27.1441
27.1499
27.1557
27.1615
27.1673
27.1732
27.179
27.1848
27.1906
27.1964
27.2022
27.208
27.2138
27.2196
27.2254
27.2312
27.237
27.2428
27.2486
27.2544
27.2602
27.266
27.2718
27.2776
27.2834
27.2893
27.2951
27.3009
27.3067
27.3125
27.3183
27.3241
27.3299
27.3357
27.3415
27.3473
27.3531
27.3589
27.3647
27.3705
27.3763
27.3821
27.3879
27.3937
27.3995
27.4054
27.4112
27.417
27.4228
27.4286
27.4344
27.4402
27.446
27.4518
27.4576
27.4634
27.4692
27.475
27.4808
27.4866
27.4924
27.4982
27.504
27.5098
27.5156
27.5215
27.5273
27.5331
27.5389
27.5447
27.5505
27.5563
27.5621
27.5679
27.5737
27.5795
27.5853
27.5911
27.5969
27.6027
27.6085
27.6143
27.6201
27.6259
27.6317
27.6376
27.6434
27.6492
27.655
27.6608
27.6666
27.6724
27.6782
27.684
27.6898	441.273
27.6956	432.191
27.7014	439.238
27.7072	436.961	1072.82
27.713	438.478	1061.11
27.7188	438.224	1056.83
27.7246	438.478	1056.83
27.7304	435.952	1062.34
27.7362	438.478	1059.27
27.742	439.492	1056.83
27.7478	440.254	1047.11
27.7537	440.509	1045.9
27.7595	437.719	1030.9
27.7653	436.961	1044.09
27.7711	434.444	1048.32
27.7769	433.692	1049.53
27.7827	430.696	1041.08
27.7885	430.447	1059.89
27.7943	435.952	1064.79
27.8001	436.708	1058.05
27.8059	438.478	1066.64
27.8117	432.691	1055
27.8175	432.441	1051.35
27.8233	431.443	1053.17
27.8291	430.696	1050.14
27.8349	426.241	1062.95
27.8407	422.32	1036.28
27.8465	403.016	1054.39
27.8523	419.645	1053.78
27.8581	425.012	1009.69
27.8639	431.942
27.8698	410.535
27.8756	423.786
27.8814	435.449
27.8872
27.893
27.8988
27.9046
27.9104
27.9162
27.922
27.9278
27.9336
27.9394
27.9452
27.951
27.9568
27.9626
27.9684
27.9742
27.98
27.9858
27.9917
27.9975
28.0033
28.0091
28.0149
28.0207
28.0265
28.0323
28.0381
28.0439
28.0497
28.0555
28.0613
28.0671
28.0729
28.0787
28.0845
28.0903
28.0961
28.1019
28.1078
28.1136
28.1194
28.1252
28.131
28.1368
28.1426
28.1484
28.1542
28.16
28.1658
28.1716
28.1774
28.1832
28.189
28.1948
28.2006
28.2064
28.2122
28.2181
28.2239
28.2297
28.2355
28.2413
28.2471
28.2529
28.2587
28.2645
28.2703
28.2761
28.2819
28.2877
28.2935
28.2993
28.3051
28.3109
28.3167
28.3225
28.3283
28.3341
28.34
28.3458
28.3516
28.3574
28.3632
28.369
28.3748
28.3806
28.3864
28.3922
28.398
28.4038
28.4096
28.4154
28.4212
28.427
28.4328
28.4386
28.4444
28.4502
28.4561
28.4619
28.4677
28.4735
28.4793
28.4851
28.4909
28.4967
28.5025
28.5083
28.5141
28.5199
28.5257
28.5315
28.5373
28.5431
28.5489
28.5547
28.5605
28.5663
28.5722
28.578
28.5838
28.5896
28.5954
28.6012
28.607
28.6128
28.6186
28.6244
28.6302
28.636
28.6418
28.6476
28.6534
28.6592
28.665
28.6708
28.6766
28.6824
28.6883
28.6941
28.6999
28.7057
28.7115
28.7173
28.7231
28.7289
28.7347
28.7405
28.7463
28.7521
28.7579
28.7637
28.7695
28.7753
28.7811
28.7869
28.7927
28.7985
28.8044
28.8102
28.816
28.8218
28.8276
28.8334
28.8392
28.845
28.8508
28.8566
28.8624
28.8682
28.874
28.8798
28.8856
28.8914
28.8972
28.903
28.9088
28.9146
28.9205
28.9263
28.9321
28.9379
28.9437
28.9495
28.9553
28.9611
28.9669
28.9727
28.9785
28.9843
28.9901
28.9959
29.0017
29.0075
29.0133
29.0191
29.0249
29.0307
29.0366
29.0424
29.0482
29.054
29.0598
29.0656
29.0714
29.0772
29.083
29.0888
29.0946
29.1004
29.1062
29.112
29.1178
29.1236
29.1294
29.1352
29.141
29.1468
29.1527
29.1585
29.1643
29.1701
29.1759
29.1817
29.1875
29.1933
29.1991
29.2049
29.2107
29.2165
29.2223
29.2281
29.2339
29.2397
29.2455
29.2513
29.2571
29.2629
29.2688
29.2746
29.2804
29.2862
29.292
29.2978
29.3036
29.3094
29.3152
29.321
29.3268
29.3326
29.3384
29.3442
29.35
29.3558
29.3616
29.3674
29.3732
29.379
29.3849
29.3907
29.3965
29.4023
29.4081
29.4139
29.4197
29.4255
29.4313
29.4371
29.4429
29.4487
29.4545
29.4603
29.4661
29.4719
29.4777
29.4835
29.4893
29.4951
29.501
29.5068
29.5126
29.5184
29.5242
29.53
29.5358
29.5416
29.5474
29.5532
29.559
29.5648
29.5706
29.5764
29.5822
29.588
29.5938
29.5996
29.6054
29.6112
29.6171
29.6229
29.6287
29.6345
29.6403
29.6461
29.6519
29.6577
29.6635
29.6693
29.6751
29.6809
29.6867
29.6925
29.6983
29.7041
29.7099
29.7157
29.7215
29.7273
29.7332
29.739
29.7448
29.7506
29.7564
29.7622
29.768
29.7738
29.7796
29.7854
