4.71365	5.17805	3060.8	0.0241035
6.53642	6.77442	2264.05	0.0267524
7.30268	7.46522	7330.49	0.0769623
8.30694	8.54494	3714.26	0.0219793
8.3824	8.76553	3322.44	0.0276382
8.56236	8.66104	2507.78	0.0188104
8.74231	9.02676	3571.2	0.027463
8.89905	9.32862	2260.13	0.0339455
9.14286	9.58404	2096.63	0.0301651
9.61887	9.74658	1952.84	0.0275905
10.5767	10.9424	2819.77	0.0336351
14.2396	14.7273	2501.99	0.0336931
15.1336	15.6851	2176.85	0.0385788
15.5806	16.2714	2680.02	0.0273884
15.7896	15.9579	3449.55	0.0278682
16.7184	16.9854	3608.52	0.0279866
17.5543	17.9839	2463.27	0.0683345
17.7458	17.891	1903.84	0.042178
21.5365	21.7629	3856.37	0.0259097
22.2679	22.5234	2407.01	0.0308332
23.1329	23.278	2821.4	0.0196044
23.5044	23.7424	1972.11	0.0322888
24.6886	25.4317	2443.43	0.0304201
25.542	25.6755	3803.27	0.0217852
25.6232	26.2037	3407.96	0.0276345
26.0702	26.4301	2286.4	0.0354771
26.7262	27.0629	2790.6	0.0339737
27.0164	27.2022	7779.85	0.0450505
27.8756	28.8276	3633.62	0.0738388
28.8276	29.2513	3524.07	0.0319824
