0
0.00580499
0.01161
0.017415
0.02322
0.0290249
0.0348299
0.0406349
0.0464399
0.0522449
0.0580499
0.0638549
0.0696599
0.0754649
0.0812698
0.0870748
0.0928798
0.0986848
0.10449
0.110295
0.1161
0.121905
0.12771
0.133515
0.13932
0.145125
0.15093
0.156735
0.16254
0.168345
0.17415
0.179955
0.18576
0.191565
0.19737
0.203175
0.20898
0.214785
0.22059
0.226395
0.2322
0.238005
0.24381
0.249615
0.255419
0.261224
0.267029
0.272834
0.278639
0.284444
0.290249
0.296054
0.301859
0.307664
0.313469
0.319274
0.325079
0.330884	342.832
0.336689	334.809
0.342494	328.297
0.348299	351.454
0.354104	348.02
0.359909	349.228
0.365714	348.221
0.371519	355.743
0.377324	354.103
0.383129	356.772
0.388934	363.009
0.394739	359.046
0.400544	353.286
0.406349	351.86
0.412154	353.286
0.417959	350.238
0.423764	358.425
0.429569	354.717
0.435374	352.878
0.441179	355.538
0.446984	356.978
0.452789	355.743
0.458594	350.441
0.464399	338.503
0.470204	359.461
0.476009	369.994	150.96
0.481814	385.039	152.891
0.487619	150.96
0.493424	149.658
0.499229	146.409
0.505034	143.977
0.510839	142.57
0.516644	141.095
0.522449	139.959
0.528254	139.394
0.534059	138.112
0.539864	136.762
0.545669	135.035
0.551474	133.484
0.557279	131.951
0.563084	130.36
0.568889	128.491
0.574694	126.357
0.580499	123.971
0.586304	122.335
0.592109	122.194
0.597914	121.771
0.603719	122.335
0.609524	121.771
0.615329	121.982
0.621134	123.899
0.626939	125.847
0.632744	127.309
0.638549	128.64
0.644354	128.937
0.650159	128.863
0.655964	128.565
0.661769	128.195
0.667574	128.491
0.673379	128.269
0.679184	128.269
0.684989	128.565
0.690794	128.937
0.696599	129.609
0.702404	129.984
0.708209	131.115
0.714014	132.027
0.719819	133.793
0.725624	134.724
0.731429	133.948
0.737234	134.879
0.743039	136.368
0.748844	137.475
0.754649	138.271
0.760454	135.975
0.766258	138.112
0.772063	133.948
0.777868	131.115
0.783673	131.495
0.789478	127.751	141.177
0.795283	129.984	144.644
0.801088	129.086	142.982
0.806893	130.737	145.65
0.812698	131.419	142.241
0.818503	141.422
0.824308	136.92
0.830113	131.647
0.835918	130.285
0.841723	130.964
0.847528	128.195
0.853333	127.309
0.859138	126.138
0.864943	128.269
0.870748	130.134
0.876553	129.31
0.882358	129.984
0.888163	130.964
0.893968	129.535
0.899773	133.176
0.905578	136.92
0.911383	144.393
0.917188	151.135
0.922993	151.135
0.928798	152.362
0.934603	154.221
0.940408	159.568	170.823
0.946213	160.214	166.729
0.952018	160.307	164.244
0.957823	157.371	159.016
0.963628	155.384	158.009
0.969433	156.284	156.646
0.975238	156.194
0.981043	155.563
0.986848	156.013
0.992653	156.646
0.998458	157.553
1.00426	158.74
1.01007	159.568
1.01587	159.752
1.02168	158.009
1.02748	156.827
1.03329	156.827
1.03909	156.194
1.0449	157.189
1.0507	158.374
1.05651	157.099
1.06231	157.189
1.06812	157.371
1.07392	156.104
1.07973	161.795
1.08553	161.515
1.09134	160.863
1.09714	159.845	302.444
1.10295	157.644	299.835
1.10875	155.115	297.936
1.11456	155.923	297.077
1.12036	157.644	298.971
1.12617	162.17	304.196
1.13197	162.17	307.376
1.13778	162.639	300.182
1.14358	163.959	299.835
1.14939	167.695	300.355
1.15519	168.959	296.049
1.161	168.764	300.876
1.1668	169.545	301.921
1.17261	170.922	303.144
1.17841	171.714	300.702
1.18422	172.808	297.764
1.19002	170.922	300.876
1.19583	170.429	298.625
1.20163	168.277	304.372
1.20744	169.349	302.794
1.21324	170.626	300.355
1.21905	170.626	302.27
1.22485	168.083	300.529	161.889
1.23066	166.344	300.529	155.115
1.23646	171.021	288.12	152.45
1.24227	167.986	291.973	151.835
1.24807	176.032	286.792	157.189
1.25388	179.835	289.287	157.917
1.25968	172.31	297.077	162.921
1.26549	167.211	296.391	165.577
1.27129	174.01	294.855	173.809
1.2771	302.095	175.423
1.2829	294.855	171.218
1.28871	294.684	169.545
1.29451	297.077	166.825
1.30032	301.572	167.018
1.30612	297.42	167.404
1.31193	300.355	167.501
1.31773	291.805	164.338
1.32354	286.626	166.922
1.32934	297.249	163.392
1.33515	301.398	163.581
1.34095	302.619	163.959
1.34676	303.494	165.673
1.35256	301.746	159.845
1.35837	300.009	164.338
1.36417	296.905	163.581
1.36998	295.707	165.004
1.37578	296.563	167.792	153.51
1.38159	299.835	171.218	146.324
1.38739	305.782	167.404	146.24
1.3932	304.372	170.331	148.624
1.399	301.398	179.109	152.714
1.40481	301.05	176.541	155.743
1.41061	294.684	182.345	158.649
1.41642	294.344	180.667	164.244
1.42222	297.764	177.359	158.832
1.42803	300.529	176.134	156.465
1.43383	296.391	157.826
1.43964	298.971	160.4
1.44544	305.959	161.982
1.45125	296.563	158.557
1.45705	295.195	155.204
1.46286	295.025	153.599
1.46866	290.963	153.245
1.47447	301.224	152.979
1.48027	299.835	155.115
1.48608	297.592	159.108
1.49188	295.878	158.009
1.49769	295.878	163.109
1.50349	297.077	157.371
1.5093	300.876	155.384
1.5151	302.095	153.068
1.52091	301.05	154.132
1.52671	298.281	155.204
1.53252	300.702	161.889
1.53832	298.798	163.298
1.54413	292.142	166.922
1.54993	297.42	166.344
1.55574	300.009	156.284
1.56154	301.398	152.979
1.56735	301.572	152.626
1.57315	300.529	150.004
1.57896	298.798	155.384
1.58476	296.905	155.384
1.59057	296.049	152.274
1.59637	296.734	148.796
1.60218	299.143	154.489
1.60798	300.355	154.489
1.61379	300.182	162.076
1.61959	298.798
1.6254	297.936
1.6312	297.077
1.63701	300.702
1.64281	300.702
1.64862	295.707
1.65442	294.684
1.66023	296.391
1.66603	298.108
1.67184	298.971
1.67764	301.05
1.68345	304.9
1.68925	300.355
1.69506	299.316
1.70086	299.489
1.70667	297.936
1.71247	297.936
1.71828	299.835
1.72408	299.662
1.72989	297.764
1.73569	298.798
1.7415
1.7473
1.75311
1.75891
1.76472
1.77052
1.77633
1.78213
1.78794
1.79374
1.79955
1.80535
1.81116
1.81696
1.82277
1.82857
1.83438
1.84018
1.84599
1.85179
1.8576
1.8634
1.86921
1.87501
1.88082
1.88662
1.89243
1.89823
1.90404
1.90984
1.91565
1.92145
1.92726
1.93306
1.93887
1.94467
1.95048
1.95628
1.96209
1.96789
1.9737
1.9795
1.98531
1.99111
1.99692
2.00272
2.00853
2.01433
2.02014
2.02594
2.03175
2.03755
2.04336
2.04916
2.05497
2.06077
2.06658
2.07238
2.07819
2.08399
2.0898
2.0956
2.10141
2.10721
2.11302
2.11882
2.12463
2.13043
2.13624
2.14204
2.14785
2.15365
2.15946
2.16526
2.17107
2.17687
2.18268
2.18848
2.19429
2.20009
2.2059
2.2117
2.21751
2.22331
2.22912
2.23492
2.24073
2.24653
2.25234
2.25814
2.26395
2.26975
2.27556
2.28136
2.28717
2.29297
2.29878
2.30458
2.31039
2.31619
2.322
2.3278
2.33361
2.33941
2.34522
2.35102
2.35683
2.36263
2.36844
2.37424
2.38005
2.38585
2.39166
2.39746
2.40327
2.40907
2.41488
2.42068
2.42649
2.43229
2.4381
2.4439
2.44971
2.45551
2.46132
2.46712
2.47293
2.47873
2.48454
2.49034
2.49615
2.50195
2.50776
2.51356
2.51937
2.52517
2.53098
2.53678
2.54258
2.54839
2.55419
2.56
2.5658
2.57161
2.57741
2.58322
2.58902
2.59483
2.60063
2.60644
2.61224
2.61805
2.62385
2.62966
2.63546
2.64127
2.64707
2.65288
2.65868
2.66449
2.67029
2.6761
2.6819
2.68771
2.69351
2.69932
2.70512
2.71093
2.71673
2.72254
2.72834
2.73415
2.73995
2.74576
2.75156
2.75737
2.76317
2.76898
2.77478
2.78059
2.78639
2.7922
2.798
2.80381
2.80961
2.81542
2.82122
2.82703
2.83283
2.83864
2.84444
2.85025
2.85605
2.86186
2.86766
2.87347
2.87927
2.88508
2.89088
2.89669
2.90249
2.9083
2.9141
2.91991
2.92571
2.93152
2.93732
2.94313
2.94893
2.95474
2.96054
2.96635
2.97215
2.97796
2.98376
2.98957
2.99537
3.00118
3.00698
3.01279
3.01859
3.0244
3.0302
3.03601
3.04181
3.04762
3.05342
3.05923
3.06503
3.07084
3.07664
3.08245
3.08825
3.09406
3.09986
3.10567
3.11147
3.11728
3.12308
3.12889
3.13469
3.1405
3.1463
3.15211
3.15791
3.16372
3.16952
3.17533
3.18113
3.18694
3.19274
3.19855
3.20435
3.21016
3.21596
3.22177
3.22757
3.23338
3.23918
3.24499
3.25079
3.2566
3.2624
3.26821
3.27401
3.27982
3.28562
3.29143
3.29723
3.30304
3.30884
3.31465
3.32045
3.32626
3.33206
3.33787
3.34367
3.34948
3.35528
3.36109
3.36689
3.3727
3.3785
3.38431
3.39011
3.39592
3.40172
3.40753
3.41333
3.41914
3.42494
3.43075
3.43655
3.44236
3.44816
3.45397
3.45977
3.46558
3.47138
3.47719
3.48299
3.4888
3.4946
3.50041
3.50621
3.51202
3.51782
3.52363
3.52943
3.53524
3.54104
3.54685
3.55265
3.55846
3.56426
3.57007
3.57587
3.58168
3.58748
3.59329
3.59909
3.6049
3.6107
3.61651
3.62231
3.62812
3.63392
3.63973
3.64553
3.65134
3.65714
3.66295
3.66875
3.67456
3.68036
3.68617
3.69197
3.69778
3.70358
3.70939
3.71519
3.721
3.7268
3.73261
3.73841
3.74422
3.75002
3.75583
3.76163
3.76744
3.77324
3.77905
3.78485
3.79066
3.79646
3.80227
3.80807
3.81388
3.81968
3.82549
3.83129
3.8371
3.8429
3.84871
3.85451
3.86032
3.86612
3.87193
3.87773
3.88354
3.88934
3.89515
3.90095
3.90676
3.91256
3.91837
3.92417
3.92998
3.93578
3.94159
3.94739
3.9532
3.959
3.96481
3.97061
3.97642
3.98222
3.98803
3.99383
3.99964
4.00544
4.01125
4.01705
4.02286
4.02866
4.03447
4.04027
4.04608
4.05188
4.05769
4.06349
4.0693
4.0751
4.08091
4.08671
4.09252
4.09832
4.10413
4.10993
4.11574
4.12154
4.12735
4.13315
4.13896
4.14476
4.15057
4.15637
4.16218
4.16798
4.17379
4.17959
4.1854
4.1912
4.19701
4.20281
4.20862
4.21442
4.22023
4.22603
4.23184
4.23764
4.24345
4.24925
4.25506
4.26086
4.26667
4.27247
4.27828
4.28408
4.28989
4.29569
4.3015
4.3073
4.31311
4.31891
4.32472
4.33052
4.33633
4.34213
4.34794
4.35374
4.35955
4.36535
4.37116
4.37696
4.38277
4.38857
4.39438
4.40018
4.40599
4.41179
4.4176
4.4234
4.42921
4.43501
4.44082
4.44662
4.45243
4.45823
4.46404
4.46984
4.47565
4.48145
4.48726
4.49306
4.49887
4.50467
4.51048
4.51628
4.52209
4.52789
4.5337
4.5395
4.54531
4.55111
4.55692
4.56272
4.56853
4.57433
4.58014
4.58594
4.59175
4.59755
4.60336
4.60916
4.61497
4.62077
4.62658
4.63238
4.63819
4.64399
4.6498
4.6556
4.66141
4.66721
4.67302
4.67882
4.68463
4.69043
4.69624
4.70204
4.70785
4.71365
4.71946
4.72526
4.73107
4.73687
4.74268
4.74848
4.75429
4.76009
4.7659
4.7717
4.77751
4.78331
4.78912
4.79492
4.80073
4.80653
4.81234
4.81814
4.82395
4.82975
4.83556
4.84136
4.84717
4.85297
4.85878
4.86458
4.87039
4.87619
4.882
4.8878
4.89361	175.727
4.89941	166.536
4.90522	169.056
4.91102	167.211
4.91683	165.769
4.92263	163.298
4.92844	161.422
4.93424	160.771
4.94005	159.845
4.94585	159.384
4.95166	158.74
4.95746	158.009
4.96327	156.827
4.96907	152.891
4.97487	149.054
4.98068	150.091
4.98649	147.257
4.99229	149.14
4.9981	149.745
5.0039	150.351
5.00971	150.264
5.01551	151.572
5.02132	150.004
5.02712	152.274
5.03293	149.485
5.03873	149.572
5.04454	149.485
5.05034	150.178
5.05615	150.438
5.06195	152.186
5.06776	159.568
5.07356	158.74
5.07936	152.098
5.08517
5.09097
5.09678
5.10258
5.10839	171.813
5.11419	162.263
5.12	158.832
5.1258	158.009
5.13161	155.653
5.13741	155.743
5.14322	156.104
5.14902	156.374
5.15483	156.555
5.16063	157.008
5.16644	156.646
5.17225	156.736
5.17805	156.917
5.18385	157.28
5.18966	157.28
5.19546	156.736
5.20127	155.743
5.20707	154.757
5.21288	154.043
5.21868	152.714
5.22449	153.245
5.23029	152.274
5.2361	153.068
5.2419	153.866
5.24771	155.025
5.25351	155.204
5.25932	156.827	146.155
5.26512	155.653	148.025
5.27093	155.653	155.923
5.27673	155.204	155.833
5.28254	155.025	155.474
5.28834	154.846	154.757
5.29415	153.954	154.311
5.29995	152.626	153.422
5.30576	151.572	152.362
5.31156	150.612	151.397
5.31737	150.786	151.222
5.32317	151.135	151.484
5.32898	150.873	151.048
5.33478	150.438
5.34059	150.004
5.34639	149.226
5.3522	147.768
5.358	146.917
5.36381	146.494
5.36961	145.314
5.37542	142.57
5.38122	141.749
5.38703	139.636
5.39283	138.832
5.39864	137.634
5.40444	137.952
5.41025	137.952
5.41605	138.992
5.42186	139.636
5.42766	140.202
5.43347	141.177
5.43927	141.667
5.44508	142.488
5.45088	143.148
5.45669	144.978
5.46249	143.313
5.4683	144.31
5.4741	141.258
5.47991	139.394
5.48571	140.851
5.49152	141.34
5.49732	141.913
5.50313	140.77
5.50893	143.065
5.51474	138.112
5.52054	136.604
5.52635	133.716
5.53215	135.582
5.53796
5.54376
5.54957
5.55537
5.56118
5.56698
5.57279
5.57859
5.5844
5.5902
5.59601
5.60181
5.60762
5.61342
5.61923
5.62503
5.63084
5.63664
5.64245
5.64825
5.65406
5.65986
5.66567	196.906
5.67147	195.432
5.67728	186.715
5.68308	186.392
5.68889	179.731
5.69469	174.614
5.7005	174.413
5.7063	174.614
5.71211	175.626
5.71791	175.93
5.72372	175.626
5.72952	175.322
5.73533	175.727
5.74113	175.423
5.74694	175.119
5.75274	175.018
5.75855	175.22
5.76435	176.235
5.77016	177.666
5.77596	177.974
5.78177	178.489
5.78757	179.109
5.79338	179.627
5.79918	179.938
5.80499	179.316
5.81079	177.154
5.8166	175.018
5.8224	173.008
5.82821	171.119
5.83401	169.154
5.83982	166.825
5.84562	165.29
5.85143	164.054
5.85723	163.581
5.86304	162.451
5.86884	160.956
5.87465	158.832
5.88045	156.917
5.88626	155.563
5.89206	152.803
5.89787	149.658
5.90367	147.427
5.90948	146.578
5.91528	147.087
5.92109	145.482
5.92689	142.735
5.9327	145.818
5.9385	146.324
5.94431	146.409
5.95011	144.477
5.95592	301.05	143.23
5.96172	280.241	141.995
5.96753	279.433	142.652
5.97333	278.627	143.23
5.97914	280.241	144.06
5.98494	282.354	141.913
5.99075	282.354	139.797
5.99655	280.727	138.912
6.00236	279.595	139.072
6.00816	287.621	138.752
6.01397	296.734	139.636
6.01977	287.123	140.851
6.02558	283.989	141.913
6.03138	283.334	142.652
6.03719	279.595	141.995
6.04299	283.334	140.04
6.0488	278.306	139.555
6.0546	268.67	139.959
6.06041	141.095
6.06621	140.607
6.07202	138.832
6.07782	138.431
6.08363	138.591
6.08943	139.394
6.09524	137.396
6.10104	136.999
6.10685	138.192
6.11265	138.032
6.11846	141.258
6.12426	142.735
6.13007	138.032
6.13587	136.525
6.14168	133.33
6.14748	134.646
6.15329	133.022
6.15909	136.604
6.1649	143.396
6.1707	137.714
6.17651	138.511
6.18231	140.364
6.18812
6.19392
6.19973
6.20553
6.21134
6.21714
6.22295
6.22875
6.23456
6.24036
6.24617
6.25197
6.25778
6.26358	181.085
6.26939	172.31
6.27519	160.492
6.281	169.643
6.2868	171.614
6.29261	172.409
6.29841	171.416
6.30422	170.626
6.31002	170.429
6.31583	169.643
6.32163	170.922
6.32744	171.614
6.33324	172.111
6.33905	173.809
6.34485	174.513
6.35066	175.22
6.35646	175.524
6.36227	175.018
6.36807	175.322
6.37388	177.052
6.37968	179.109
6.38549	184.144
6.39129	183.401
6.3971	180.355
6.4029	176.439
6.40871	172.509
6.41451	167.115
6.42032	166.922
6.42612
6.43193
6.43773
6.44354
6.44934
6.45515
6.46095
6.46676
6.47256
6.47837
6.48417
6.48998
6.49578
6.50159
6.50739
6.5132
6.519
6.52481
6.53061
6.53642
6.54222
6.54803
6.55383
6.55964
6.56544
6.57125
6.57705
6.58286
6.58866
6.59447
6.60027
6.60608
6.61188
6.61769
6.62349
6.6293
6.6351
6.64091
6.64671
6.65252
6.65832
6.66413
6.66993
6.67574
6.68154
6.68735
6.69315
6.69896
6.70476
6.71057
6.71637
6.72218
6.72798
6.73379
6.73959
6.7454
6.7512
6.75701
6.76281
6.76862
6.77442
6.78023
6.78603
6.79184
6.79764
6.80345
6.80925
6.81506
6.82086
6.82667
6.83247
6.83828
6.84408
6.84989
6.85569
6.8615
6.8673
6.87311
6.87891
6.88472
6.89052
6.89633
6.90213
6.90794
6.91374
6.91955
6.92535
6.93116
6.93696
6.94277
6.94857
6.95438
6.96018
6.96599
6.97179
6.9776
6.9834
6.98921
6.99501
7.00082
7.00662
7.01243
7.01823
7.02404
7.02984
7.03565
7.04145
7.04726
7.05306
7.05887
7.06467
7.07048
7.07628
7.08209
7.08789
7.0937
7.0995
7.10531
7.11111
7.11692
7.12272
7.12853
7.13433
7.14014
7.14594
7.15175
7.15755
7.16336
7.16916
7.17497
7.18077
7.18658
7.19238
7.19819
7.20399
7.2098
7.2156
7.22141
7.22721
7.23302
7.23882
7.24463
7.25043
7.25624
7.26204
7.26785
7.27365
7.27946
7.28526
7.29107
7.29687
7.30268
7.30848
7.31429
7.32009
7.3259
7.3317
7.33751
7.34331
7.34912
7.35492
7.36073
7.36653
7.37234
7.37814
7.38395
7.38975
7.39556
7.40136
7.40717
7.41297
7.41878
7.42458
7.43039
7.43619
7.442
7.4478
7.45361
7.45941
7.46522
7.47102
7.47683
7.48263
7.48844
7.49424
7.50005
7.50585
7.51166
7.51746
7.52327
7.52907
7.53487
7.54068
7.54648
7.55229
7.55809
7.5639
7.56971
7.57551
7.58132
7.58712
7.59293
7.59873
7.60454
7.61034
7.61615
7.62195
7.62776
7.63356
7.63936
7.64517
7.65097
7.65678
7.66258
7.66839
7.67419
7.68
7.6858
7.69161
7.69741
7.70322
7.70902
7.71483
7.72063
7.72644
7.73224
7.73805
7.74385
7.74966
7.75546
7.76127
7.76707
7.77288
7.77868
7.78449
7.79029
7.7961
7.8019
7.80771
7.81351
7.81932
7.82512
7.83093
7.83673
7.84254
7.84834
7.85415
7.85995
7.86576
7.87156
7.87737
7.88317
7.88898
7.89478
7.90059
7.90639
7.9122
7.918
7.92381
7.92961
7.93542
7.94122
7.94703
7.95283
7.95864
7.96444
7.97025
7.97605
7.98186
7.98766
7.99347
7.99927
8.00508
8.01088
8.01669
8.02249
8.0283
8.0341
8.03991
8.04571
8.05152
8.05732
8.06313
8.06893
8.07474
8.08054
8.08635
8.09215
8.09796
8.10376
8.10957
8.11537
8.12118
8.12698
8.13279
8.13859
8.1444
8.1502
8.15601
8.16181
8.16762
8.17342
8.17923
8.18503
8.19084
8.19664
8.20245
8.20825
8.21406
8.21986
8.22567
8.23147
8.23728
8.24308
8.24889
8.25469
8.2605
8.2663
8.27211
8.27791
8.28372
8.28952
8.29533
8.30113
8.30694
8.31274
8.31855
8.32435
8.33016
8.33596
8.34177
8.34757
8.35338
8.35918
8.36499
8.37079
8.3766
8.3824
8.38821
8.39401
8.39982
8.40562
8.41143
8.41723
8.42304
8.42884
8.43465
8.44045
8.44626
8.45206
8.45787
8.46367
8.46948
8.47528
8.48109
8.48689
8.4927
8.4985
8.50431
8.51011
8.51592
8.52172
8.52753
8.53333
8.53914
8.54494
8.55075
8.55655
8.56236
8.56816
8.57397
8.57977
8.58558
8.59138
8.59719
8.60299
8.6088
8.6146
8.62041
8.62621
8.63202
8.63782
8.64363
8.64943
8.65524
8.66104
8.66685
8.67265
8.67846
8.68426
8.69007
8.69587
8.70168
8.70748
8.71329
8.71909
8.7249
8.7307
8.73651
8.74231
8.74812
8.75392
8.75973
8.76553
8.77134
8.77714
8.78295
8.78875
8.79456
8.80036
8.80617
8.81197
8.81778
8.82358
8.82939
8.83519
8.841
8.8468
8.85261
8.85841
8.86422
8.87002
8.87583
8.88163
8.88744
8.89324
8.89905
8.90485
8.91066
8.91646
8.92227
8.92807
8.93388
8.93968
8.94549
8.95129
8.9571
8.9629
8.96871
8.97451
8.98032
8.98612
8.99193
8.99773
9.00354
9.00934
9.01515
9.02095
9.02676
9.03256
9.03837
9.04417
9.04998
9.05578
9.06159
9.06739
9.0732
9.079
9.08481
9.09061
9.09642
9.10222
9.10803
9.11383
9.11964
9.12544
9.13125
9.13705
9.14286
9.14866
9.15447
9.16027
9.16608
9.17188
9.17769
9.18349
9.1893
9.1951
9.20091
9.20671
9.21252
9.21832
9.22413
9.22993
9.23574
9.24154
9.24735
9.25315
9.25896
9.26476
9.27057
9.27637
9.28218
9.28798
9.29379
9.29959
9.3054
9.3112
9.31701
9.32281
9.32862
9.33442
9.34023
9.34603
9.35184
9.35764
9.36345
9.36925
9.37506
9.38086
9.38667
9.39247
9.39828
9.40408
9.40989
9.41569
9.4215
9.4273
9.43311
9.43891
9.44472
9.45052
9.45633
9.46213
9.46794
9.47374
9.47955
9.48535
9.49116
9.49696
9.50277
9.50857
9.51438
9.52018
9.52599
9.53179
9.5376
9.5434
9.54921
9.55501
9.56082
9.56662
9.57243	152.803
9.57823	152.01
9.58404	149.14
9.58984	147.768
9.59565	146.917
9.60145	144.393
9.60726	144.393
9.61306	143.811
9.61887	143.23
9.62467	142.57
9.63048	142.077
9.63628	141.913
9.64209	142.159
9.64789	141.831
9.6537	141.503
9.6595	140.688
9.66531	141.258
9.67111	140.851
9.67692	141.34
9.68272	141.095
9.68853	140.364
9.69433	138.992
9.70014	138.351
9.70594	137.158
9.71175	136.999
9.71755	136.368
9.72336	135.975
9.72916	135.504
9.73497	135.348
9.74077	134.49
9.74658	133.87
9.75238	134.258
9.75819	133.099
9.76399	133.099
9.7698	132.869
9.7756	132.639
9.78141	132.409
9.78721	133.099
9.79302	132.792
9.79882	133.793	268.67
9.80463	134.413	269.292
9.81043	133.407	270.695
9.81624	134.258	271.165
9.82204	134.49	269.603
9.82785	133.948	267.123
9.83365	133.33	269.136
9.83946	132.715	273.999
9.84526	132.869	270.071
9.85107	132.562	266.66
9.85687	132.792	265.891
9.86268	133.716	273.683
9.86848	134.103	273.841
9.87429	135.739	270.539
9.88009	136.92	270.852
9.8859	137.396	275.427
9.8917	137.714	276.863
9.89751	137.396	276.863	395.178
9.90331	135.975	271.008	392.449
9.90912	135.348	269.292	390.414
9.91492	135.348	268.981	387.941
9.92073	136.289	272.578	384.594
9.92653	136.92	274.316	389.513
9.93234	134.18	266.045	391.995
9.93814	133.948	263.902	393.811
9.94394	133.561	262.534	394.039
9.94975	133.639	265.278	396.55
9.95555	132.869	262.989	393.584
9.96136	132.715	262.382	397.009
9.96716	133.793	261.022	396.55
9.97297	136.132	262.382	397.467
9.97878	134.646	260.119	396.55
9.98458	139.959	263.902	397.467
9.99039	140.121	265.125	397.467
9.99619	135.426	271.008	396.55
10.002	139.072	278.145	397.009
10.0078	140.364	281.214	396.779
10.0136	297.42	395.407
10.0194	299.835	396.55
10.0252	303.494	396.779
10.031	288.62	398.157
10.0368	288.453	400.695
10.0426	291.805	397.009
10.0484	297.077	398.387
10.0542	400.926
10.06	397.927
10.0659	397.927
10.0717	398.157
10.0775	398.387
10.0833	400.695
10.0891	397.697
10.0949	390.865
10.1007	397.697
10.1065	403.948
10.1123	391.317	283.989
10.1181	382.821	300.355
10.1239	299.316
10.1297	297.764
10.1355	298.971
10.1413	299.489
10.1471	301.05
10.1529	299.835
10.1587	299.316
10.1645	299.489
10.1703	298.971
10.1761	299.662
10.1819	300.009
10.1878	299.662
10.1936	298.798
10.1994	299.316
10.2052	298.798
10.211	298.108
10.2168	299.835
10.2226	296.905
10.2284	297.42
10.2342	297.936
10.24	299.143	167.598
10.2458	299.835	171.614
10.2516	301.05	173.208
10.2574	300.876	173.308
10.2632	300.529	173.108
10.269	301.746	172.31
10.2748	297.764	171.515
10.2806	300.702	170.823
10.2864	301.572	169.349
10.2922	299.662	168.083
10.298	301.572	167.018
10.3039	299.835	165.482
10.3097	295.537	164.814
10.3155	296.391	165.195
10.3213	300.702	167.018
10.3271	301.05	165.386
10.3329	296.905	163.77
10.3387	295.025	164.433
10.3445	291.805	164.814
10.3503	299.316	163.392
10.3561	303.319	163.109
10.3619	302.095	160.678
10.3677	302.095	160.863
10.3735	297.764	160.307
10.3793	297.936	161.236
10.3851	300.009	162.357
10.3909	301.746	158.191
10.3967	299.662	156.374
10.4025	300.702	148.281
10.4083	300.182	145.062
10.4141	301.224	142.817
10.42	300.702	142.488
10.4258	301.921	145.818
10.4316	299.489
10.4374	299.489
10.4432	298.281
10.449	298.625
10.4548	299.316
10.4606	297.936
10.4664	300.182
10.4722	297.936
10.478	294.514
10.4838	299.316
10.4896	302.095
10.4954	301.398
10.5012	300.009
10.507	299.143
10.5128	298.453
10.5186	297.077
10.5244	297.592
10.5302	298.281
10.5361	297.592
10.5419	298.281
10.5477	297.249
10.5535	294.514
10.5593	294.855
10.5651	295.878
10.5709	298.798
10.5767	300.529
10.5825	300.009
10.5883	303.494
10.5941	301.398
10.5999	299.662
10.6057	299.662
10.6115	299.662
10.6173	299.662
10.6231	297.936
10.6289	296.391
10.6347	296.734
10.6405	297.077
10.6463	296.905
10.6522	297.764
10.658	297.936
10.6638	299.316
10.6696	297.592
10.6754	298.625
10.6812	297.42
10.687	299.662
10.6928	301.05
10.6986	300.009
10.7044	298.798
10.7102	298.108
10.716	298.281
10.7218	296.734
10.7276	298.281
10.7334	297.077
10.7392	299.143
10.745	298.798
10.7508	299.143
10.7566	298.625
10.7624	299.316
10.7683	299.489
10.7741	299.489
10.7799	298.625
10.7857	300.355
10.7915	299.143
10.7973	299.489
10.8031	300.702
10.8089	298.971
10.8147	298.971
10.8205	300.529
10.8263	299.835
10.8321	298.971
10.8379	298.625
10.8437	299.143
10.8495	297.936
10.8553	296.563
10.8611	296.391
10.8669	297.42
10.8727	299.316
10.8785	298.453
10.8844	298.281
10.8902	298.281
10.896	299.143
10.9018	297.42
10.9076	297.764
10.9134	296.905
10.9192	298.625
10.925
10.9308
10.9366
10.9424
10.9482
10.954
10.9598
10.9656
10.9714
10.9772
10.983
10.9888
10.9946
11.0005
11.0063
11.0121
11.0179
11.0237
11.0295
11.0353
11.0411
11.0469
11.0527
11.0585
11.0643
11.0701
11.0759
11.0817
11.0875
11.0933
11.0991
11.1049
11.1107
11.1166
11.1224
11.1282
11.134
11.1398
11.1456
11.1514
11.1572
11.163
11.1688
11.1746
11.1804
11.1862
11.192
11.1978
11.2036
11.2094
11.2152
11.221
11.2268
11.2327
11.2385
11.2443
11.2501
11.2559
11.2617
11.2675
11.2733
11.2791
11.2849
11.2907
11.2965
11.3023
11.3081
11.3139
11.3197
11.3255
11.3313
11.3371
11.3429
11.3488
11.3546
11.3604
11.3662
11.372
11.3778
11.3836
11.3894
11.3952
11.401
11.4068
11.4126
11.4184
11.4242
11.43
11.4358
11.4416
11.4474
11.4532
11.459
11.4649
11.4707
11.4765
11.4823
11.4881
11.4939
11.4997
11.5055
11.5113
11.5171
11.5229
11.5287
11.5345
11.5403
11.5461
11.5519
11.5577
11.5635
11.5693
11.5751
11.581
11.5868
11.5926
11.5984
11.6042
11.61
11.6158
11.6216
11.6274
11.6332
11.639
11.6448
11.6506
11.6564
11.6622
11.668
11.6738
11.6796
11.6854
11.6912
11.6971
11.7029
11.7087
11.7145
11.7203
11.7261
11.7319
11.7377
11.7435
11.7493
11.7551
11.7609
11.7667
11.7725
11.7783
11.7841
11.7899
11.7957
11.8015
11.8073
11.8132
11.819
11.8248
11.8306
11.8364
11.8422
11.848
11.8538
11.8596
11.8654
11.8712
11.877
11.8828
11.8886
11.8944
11.9002
11.906
11.9118
11.9176
11.9234
11.9293
11.9351
11.9409
11.9467
11.9525
11.9583
11.9641
11.9699
11.9757
11.9815
11.9873
11.9931
11.9989
12.0047
12.0105
12.0163
12.0221
12.0279
12.0337
12.0395
12.0454
12.0512
12.057
12.0628
12.0686
12.0744
12.0802
12.086
12.0918
12.0976
12.1034
12.1092
12.115
12.1208
12.1266
12.1324
12.1382
12.144
12.1498
12.1556
12.1615
12.1673
12.1731
12.1789
12.1847
12.1905
12.1963
12.2021
12.2079
12.2137
12.2195
12.2253
12.2311
12.2369
12.2427
12.2485
12.2543
12.2601
12.2659
12.2717
12.2776
12.2834
12.2892
12.295
12.3008
12.3066
12.3124
12.3182
12.324
12.3298
12.3356
12.3414
12.3472
12.353
12.3588
12.3646
12.3704
12.3762
12.382
12.3878
12.3937
12.3995
12.4053
12.4111
12.4169
12.4227
12.4285
12.4343
12.4401
12.4459
12.4517
12.4575
12.4633
12.4691
12.4749
12.4807
12.4865
12.4923
12.4981
12.5039
12.5098
12.5156
12.5214
12.5272
12.533
12.5388
12.5446
12.5504
12.5562
12.562
12.5678
12.5736
12.5794
12.5852
12.591
12.5968
12.6026
12.6084
12.6142
12.62
12.6258
12.6317
12.6375
12.6433
12.6491
12.6549
12.6607
12.6665
12.6723
12.6781
12.6839
12.6897
12.6955
12.7013
12.7071
12.7129
12.7187
12.7245
12.7303
12.7361
12.742
12.7478
12.7536
12.7594
12.7652
12.771
12.7768
12.7826
12.7884
12.7942
12.8
12.8058
12.8116
12.8174
12.8232
12.829
12.8348
12.8406
12.8464
12.8522
12.858
12.8639
12.8697
12.8755
12.8813
12.8871
12.8929
12.8987
12.9045
12.9103
12.9161
12.9219
12.9277
12.9335
12.9393
12.9451
12.9509
12.9567
12.9625
12.9683
12.9741
12.98
12.9858
12.9916
12.9974
13.0032
13.009
13.0148
13.0206
13.0264
13.0322
13.038
13.0438
13.0496
13.0554
13.0612
13.067
13.0728
13.0786
13.0844
13.0902
13.0961
13.1019
13.1077
13.1135
13.1193
13.1251
13.1309
13.1367
13.1425
13.1483
13.1541
13.1599
13.1657
13.1715
13.1773
13.1831
13.1889
13.1947
13.2005
13.2063
13.2122
13.218
13.2238
13.2296
13.2354
13.2412
13.247
13.2528
13.2586
13.2644
13.2702
13.276
13.2818
13.2876
13.2934
13.2992
13.305
13.3108
13.3166
13.3224
13.3283
13.3341
13.3399
13.3457
13.3515
13.3573
13.3631
13.3689
13.3747
13.3805
13.3863
13.3921
13.3979
13.4037
13.4095
13.4153
13.4211
13.4269
13.4327
13.4385
13.4444
13.4502
13.456
13.4618
13.4676
13.4734
13.4792
13.485
13.4908
13.4966
13.5024
13.5082
13.514
13.5198
13.5256
13.5314
13.5372
13.543
13.5488
13.5546
13.5605
13.5663
13.5721
13.5779
13.5837
13.5895
13.5953
13.6011
13.6069
13.6127
13.6185
13.6243
13.6301
13.6359
13.6417
13.6475
13.6533
13.6591
13.6649
13.6707
13.6766
13.6824
13.6882
13.694
13.6998
13.7056
13.7114
13.7172
13.723
13.7288
13.7346
13.7404
13.7462
13.752
13.7578
13.7636
13.7694
13.7752
13.781
13.7868
13.7927
13.7985
13.8043
13.8101
13.8159	371.708
13.8217	391.995
13.8275	387.493
13.8333	382.158
13.8391	390.865
13.8449	385.484
13.8507	381.717
13.8565	384.594
13.8623	389.063
13.8681	381.276
13.8739	378.861
13.8797	375.593
13.8855	371.493
13.8913	371.923
13.8971	373.861
13.9029	373.861
13.9088	360.918
13.9146	351.454
13.9204	369.567
13.9262	376.244
13.932	384.372
13.9378	374.51
13.9436	358.839
13.9494	357.804
13.9552	359.877
13.961	361.753
13.9668	367.014
13.9726	376.244
13.9784	391.995
13.9842	374.726
13.99	372.568
13.9958	383.485
14.0016	386.822
14.0074	376.897
14.0132
14.019
14.0249
14.0307
14.0365
14.0423
14.0481
14.0539
14.0597
14.0655
14.0713
14.0771
14.0829
14.0887
14.0945
14.1003
14.1061
14.1119
14.1177
14.1235
14.1293
14.1351
14.141
14.1468
14.1526
14.1584
14.1642
14.17
14.1758
14.1816
14.1874
14.1932
14.199
14.2048
14.2106
14.2164
14.2222
14.228
14.2338
14.2396
14.2454
14.2512
14.2571
14.2629
14.2687
14.2745
14.2803
14.2861
14.2919
14.2977
14.3035
14.3093
14.3151
14.3209
14.3267
14.3325
14.3383
14.3441
14.3499
14.3557
14.3615
14.3673
14.3732
14.379
14.3848
14.3906
14.3964
14.4022
14.408
14.4138
14.4196
14.4254
14.4312
14.437
14.4428
14.4486
14.4544
14.4602
14.466
14.4718
14.4776
14.4834
14.4893
14.4951
14.5009
14.5067
14.5125
14.5183
14.5241
14.5299
14.5357
14.5415
14.5473
14.5531
14.5589
14.5647
14.5705
14.5763
14.5821	339.679
14.5879	330.199
14.5937	327.729
14.5995	329.437
14.6054	319.505
14.6112	316.748	395.635
14.617	308.087	380.616
14.6228	321.727	395.864
14.6286	318.583	397.009
14.6344	322.099	392.449
14.6402	320.429	390.188
14.646	325.089	416.987
14.6518	334.229	421.102
14.6576	341.844	416.025
14.6634	335.196	416.987
14.6692	330.39	421.833
14.675	337.722	418.193
14.6808	329.628	403.249
14.6866	329.437	392.222
14.6924	328.677	385.707
14.6982	317.848	392.675
14.704	319.689	393.129
14.7098	326.03	391.543
14.7156	318.951	395.864
14.7215	318.951	400.926
14.7273	320.984	407.934
14.7331	318.951	421.345
14.7389	319.505	415.065
14.7447	314.924	424.767
14.7505	325.089	420.373
14.7563	318.399
14.7621	303.319
14.7679	306.844
14.7737	307.909
14.7795	308.621
14.7853	305.959
14.7911	306.844
14.7969	301.05
14.8027	308.087
14.8085	309.335
14.8143	306.312
14.8201	301.224
14.8259	301.224
14.8317	303.494
14.8376	307.731
14.8434	293.834
14.8492	285.965
14.855	294.855
14.8608	283.007
14.8666	276.543
14.8724	273.999
14.8782	280.08
14.884	281.539
14.8898	288.287
14.8956	296.22
14.9014	280.403
14.9072	279.756
14.913
14.9188
14.9246
14.9304
14.9362
14.942
14.9478
14.9537
14.9595
14.9653
14.9711
14.9769
14.9827
14.9885
14.9943
15.0001
15.0059
15.0117
15.0175
15.0233
15.0291
15.0349
15.0407
15.0465
15.0523
15.0581
15.0639
15.0697
15.0756
15.0814
15.0872
15.093
15.0988
15.1046
15.1104
15.1162
15.122
15.1278
15.1336
15.1394
15.1452
15.151
15.1568
15.1626
15.1684
15.1742
15.18
15.1859
15.1917
15.1975
15.2033
15.2091
15.2149
15.2207
15.2265
15.2323
15.2381
15.2439
15.2497
15.2555
15.2613
15.2671
15.2729
15.2787
15.2845
15.2903
15.2961
15.3019
15.3078
15.3136
15.3194
15.3252
15.331
15.3368
15.3426
15.3484
15.3542
15.36
15.3658
15.3716
15.3774
15.3832
15.389
15.3948
15.4006
15.4064
15.4122
15.418
15.4239
15.4297
15.4355
15.4413
15.4471
15.4529
15.4587
15.4645
15.4703
15.4761
15.4819
15.4877
15.4935
15.4993
15.5051
15.5109
15.5167
15.5225
15.5283
15.5341
15.54
15.5458
15.5516
15.5574
15.5632
15.569
15.5748
15.5806
15.5864
15.5922
15.598
15.6038
15.6096
15.6154
15.6212
15.627
15.6328
15.6386
15.6444
15.6502
15.6561
15.6619
15.6677
15.6735
15.6793
15.6851
15.6909
15.6967
15.7025
15.7083
15.7141
15.7199
15.7257
15.7315
15.7373
15.7431
15.7489
15.7547
15.7605
15.7663
15.7722
15.778
15.7838
15.7896
15.7954
15.8012
15.807
15.8128
15.8186
15.8244
15.8302
15.836
15.8418
15.8476
15.8534
15.8592
15.865
15.8708
15.8766
15.8824
15.8883
15.8941
15.8999
15.9057
15.9115
15.9173
15.9231
15.9289
15.9347
15.9405
15.9463
15.9521
15.9579
15.9637
15.9695
15.9753
15.9811
15.9869
15.9927
15.9985
16.0044
16.0102
16.016
16.0218
16.0276
16.0334
16.0392
16.045
16.0508
16.0566
16.0624
16.0682
16.074
16.0798
16.0856
16.0914
16.0972
16.103
16.1088
16.1146
16.1205
16.1263
16.1321
16.1379
16.1437
16.1495
16.1553
16.1611
16.1669
16.1727
16.1785
16.1843
16.1901
16.1959
16.2017
16.2075
16.2133
16.2191
16.2249
16.2307
16.2366
16.2424
16.2482
16.254
16.2598
16.2656
16.2714
16.2772
16.283
16.2888
16.2946
16.3004
16.3062
16.312
16.3178
16.3236
16.3294
16.3352
16.341
16.3468
16.3527
16.3585
16.3643
16.3701
16.3759
16.3817
16.3875
16.3933
16.3991
16.4049
16.4107
16.4165
16.4223
16.4281
16.4339
16.4397
16.4455
16.4513
16.4571
16.4629
16.4688
16.4746
16.4804
16.4862
16.492
16.4978
16.5036
16.5094
16.5152
16.521
16.5268
16.5326
16.5384
16.5442
16.55
16.5558
16.5616
16.5674
16.5732
16.579
16.5849
16.5907
16.5965
16.6023
16.6081
16.6139
16.6197
16.6255
16.6313
16.6371
16.6429
16.6487
16.6545
16.6603
16.6661
16.6719
16.6777
16.6835
16.6893
16.6951
16.701
16.7068
16.7126
16.7184
16.7242
16.73
16.7358
16.7416
16.7474
16.7532
16.759
16.7648
16.7706
16.7764
16.7822
16.788
16.7938
16.7996
16.8054
16.8112
16.8171
16.8229
16.8287
16.8345
16.8403
16.8461	241.162
16.8519	240.745
16.8577	247.227
16.8635	254.618
16.8693	259.219
16.8751	247.227
16.8809	265.125
16.8867	273.683
16.8925	270.071
16.8983	271.322
16.9041	273.367
16.9099	266.66
16.9157	275.745	167.018
16.9215	275.586	171.714
16.9273	280.727	172.708
16.9332	277.343	172.509
16.939	279.433	171.912
16.9448	277.663	171.021
16.9506	282.843	169.643
16.9564	283.825	166.922
16.9622	277.984	164.338
16.968	278.145	161.142
16.9738	284.482	158.832
16.9796	290.459	157.553
16.9854	296.563	158.374
16.9912	294.004	162.545
16.997	293.834	165.577
17.0028	303.494	168.083
17.0086	169.839
17.0144	169.056
17.0202	167.889
17.026	170.134
17.0318	170.527
17.0376	170.429
17.0434	169.839
17.0493	168.764
17.0551	161.609
17.0609	162.545
17.0667	158.1
17.0725	154.578	172.808
17.0783	149.831	181.295
17.0841	149.831	186.823
17.0899	149.831	187.688
17.0957	149.831	175.93
17.1015	173.108
17.1073	171.714
17.1131	170.232
17.1189	168.083
17.1247	166.152
17.1305	164.814
17.1363	163.675
17.1421	162.733
17.1479	162.451
17.1537	161.889
17.1595	161.329
17.1654	161.049
17.1712	160.863
17.177	160.585
17.1828	160.678
17.1886	161.236
17.1944	161.702
17.2002	161.049
17.206	161.702
17.2118	161.142
17.2176	159.66
17.2234	159.108
17.2292	162.451
17.235	164.433
17.2408
17.2466
17.2524
17.2582
17.264
17.2698
17.2756
17.2815
17.2873
17.2931
17.2989
17.3047
17.3105
17.3163
17.3221
17.3279
17.3337
17.3395
17.3453
17.3511
17.3569
17.3627
17.3685
17.3743	174.816
17.3801	167.501
17.3859	173.508
17.3917	179.938
17.3976	184.57
17.4034	186.607
17.4092	184.357
17.415	187.905
17.4208	188.014
17.4266	187.255
17.4324	186.176
17.4382	185.747
17.444	184.89
17.4498	184.144
17.4556	183.084
17.4614	182.45
17.4672	182.45
17.473	182.978
17.4788	182.767
17.4846	182.661
17.4904	182.24
17.4962	181.295
17.502	180.981
17.5078	180.876
17.5137	179.835
17.5195	179.523
17.5253	179.005
17.5311	175.93
17.5369	173.709
17.5427	171.317
17.5485	168.764
17.5543	166.056
17.5601	163.203
17.5659	160.492
17.5717	158.283
17.5775	159.568
17.5833
17.5891	165.864
17.5949	170.429
17.6007	174.513
17.6065	177.769
17.6123	180.459
17.6181	175.626
17.6239	182.767	152.01
17.6297	181.924	151.048
17.6356	181.19	148.71
17.6414	180.772	149.572
17.6472	173.608	150.004
17.653	180.459	148.796
17.6588	180.563	145.146
17.6646	182.345	139.555
17.6704	181.295	137.952
17.6762	181.19	137.237
17.682	177.564	136.525
17.6878	181.924	135.348
17.6936	174.917	133.099
17.6994	176.134	132.104
17.7052	172.409	131.951
17.711	178.386	132.792
17.7168	129.086	179.212
17.7226	126.722	181.609
17.7284	129.31	182.134
17.7342	135.191	187.471
17.74	130.059	186.284
17.7458	132.333	185.747
17.7517	131.191	183.401
17.7575	126.065	180.042
17.7633	124.905	180.042
17.7691	125.484	184.677
17.7749	121.42	185.747
17.7807	185.425
17.7865	180.355
17.7923	183.825
17.7981	179.938
17.8039	172.011
17.8097	173.108
17.8155	178.18
17.8213	182.556
17.8271	182.345
17.8329	183.401
17.8387	180.772
17.8445	180.981
17.8503	187.688
17.8561	186.069
17.8619	186.284
17.8678	184.57
17.8736	182.661
17.8794	181.924
17.8852	182.24
17.891	182.978
17.8968	181.504
17.9026	179.212
17.9084	183.719
17.9142	176.134
17.92	177.564
17.9258	178.902
17.9316	174.614
17.9374
17.9432
17.949
17.9548
17.9606
17.9664
17.9722
17.9781
17.9839	132.946
17.9897	132.256
17.9955	131.267
18.0013	130.511
18.0071	129.385
18.0129	127.899
18.0187	126.942
18.0245	126.576
18.0303	126.065
18.0361	125.702
18.0419	126.065
18.0477	126.43
18.0535	126.503
18.0593	126.576
18.0651	126.284
18.0709	125.557
18.0767	123.899
18.0825	122.973
18.0883	121.982
18.0941	122.264
18.1	119.127
18.1058	121.42
18.1116	116.071
18.1174	122.973
18.1232	122.476
18.129	128.195
18.1348
18.1406
18.1464
18.1522	450.024
18.158	446.4
18.1638	444.085
18.1696	440.763
18.1754	440
18.1812	447.95
18.187	450.284
18.1928	453.678
18.1986	459.746
18.2044	465.626
18.2102	473.218
18.2161	481.767
18.2219	489.623
18.2277	497.319
18.2335	505.719
18.2393	515.749
18.2451	524.159
18.2509	524.159
18.2567	536.41	131.343
18.2625	551.491	134.802
18.2683	551.809	134.335
18.2741	551.809	132.256
18.2799	557.577	133.33
18.2857	555.006	132.946
18.2915	555.006	133.639
18.2973	553.406	130.737
18.3031	540.141	128.937
18.3089	542.33	127.677
18.3147	549.265	127.309
18.3205	553.086	126.43
18.3263	547.365	125.267
18.3322	536.72	124.833
18.338	546.417	124.473
18.3438	123.115
18.3496	122.264
18.3554	122.476
18.3612	124.043
18.367	124.833
18.3728	124.761
18.3786	126.503
18.3844	127.899
18.3902	130.511
18.396	131.951
18.4018	130.059
18.4076	127.53
18.4134	127.899
18.4192	128.195
18.425	128.565
18.4308
18.4366
18.4424
18.4483
18.4541
18.4599
18.4657
18.4715
18.4773
18.4831
18.4889
18.4947
18.5005
18.5063
18.5121
18.5179
18.5237
18.5295
18.5353
18.5411
18.5469
18.5527
18.5585
18.5644
18.5702
18.576
18.5818
18.5876
18.5934
18.5992
18.605
18.6108
18.6166
18.6224
18.6282
18.634
18.6398
18.6456
18.6514
18.6572
18.663
18.6688
18.6746
18.6805
18.6863
18.6921
18.6979
18.7037
18.7095
18.7153
18.7211
18.7269
18.7327
18.7385
18.7443
18.7501
18.7559
18.7617
18.7675
18.7733
18.7791
18.7849
18.7907
18.7966
18.8024
18.8082
18.814
18.8198
18.8256
18.8314
18.8372
18.843
18.8488
18.8546
18.8604
18.8662
18.872
18.8778
18.8836
18.8894
18.8952
18.901
18.9068
18.9127
18.9185
18.9243
18.9301
18.9359
18.9417
18.9475
18.9533
18.9591
18.9649
18.9707
18.9765
18.9823
18.9881
18.9939
18.9997
19.0055
19.0113
19.0171
19.0229
19.0288
19.0346
19.0404
19.0462
19.052
19.0578
19.0636
19.0694
19.0752
19.081
19.0868
19.0926
19.0984
19.1042
19.11
19.1158
19.1216
19.1274
19.1332
19.139
19.1449
19.1507
19.1565
19.1623
19.1681
19.1739
19.1797
19.1855
19.1913
19.1971
19.2029
19.2087
19.2145
19.2203
19.2261
19.2319
19.2377
19.2435
19.2493
19.2551
19.261
19.2668
19.2726
19.2784
19.2842
19.29
19.2958
19.3016
19.3074
19.3132
19.319
19.3248
19.3306
19.3364
19.3422
19.348
19.3538
19.3596
19.3654
19.3712
19.3771
19.3829
19.3887
19.3945
19.4003
19.4061
19.4119
19.4177
19.4235
19.4293
19.4351
19.4409
19.4467
19.4525
19.4583
19.4641
19.4699
19.4757
19.4815
19.4873
19.4932
19.499
19.5048
19.5106
19.5164
19.5222
19.528
19.5338
19.5396
19.5454
19.5512
19.557
19.5628
19.5686
19.5744
19.5802
19.586
19.5918
19.5976
19.6034
19.6093
19.6151
19.6209
19.6267
19.6325
19.6383
19.6441
19.6499
19.6557
19.6615
19.6673
19.6731
19.6789
19.6847
19.6905
19.6963
19.7021
19.7079
19.7137
19.7195
19.7254
19.7312
19.737
19.7428
19.7486
19.7544
19.7602
19.766
19.7718
19.7776
19.7834
19.7892
19.795
19.8008
19.8066
19.8124
19.8182
19.824
19.8298
19.8356
19.8415
19.8473
19.8531
19.8589
19.8647
19.8705
19.8763
19.8821
19.8879
19.8937
19.8995
19.9053
19.9111
19.9169
19.9227
19.9285
19.9343
19.9401
19.9459
19.9517
19.9576
19.9634
19.9692
19.975
19.9808
19.9866
19.9924
19.9982
20.004
20.0098
20.0156
20.0214
20.0272
20.033
20.0388
20.0446
20.0504
20.0562	175.524
20.062	175.93
20.0678	164.433
20.0737	168.471
20.0795	170.036
20.0853	167.986
20.0911	166.344
20.0969	158.557
20.1027	159.108
20.1085	159.752
20.1143	159.937
20.1201	159.476
20.1259	158.74
20.1317	157.917
20.1375	157.28
20.1433	156.827
20.1491	157.189
20.1549	157.917
20.1607	158.649
20.1665	159.2
20.1723	160.307
20.1781	163.77
20.1839	164.338
20.1898	164.149
20.1956	163.675
20.2014	162.921
20.2072	162.733
20.213	162.733
20.2188	162.076
20.2246	161.422
20.2304	160.214
20.2362	156.736
20.242	159.292
20.2478	159.016
20.2536	158.374
20.2594	157.735
20.2652	156.465
20.271	157.099
20.2768	157.008
20.2826	156.917
20.2884	154.846
20.2942	155.115
20.3	155.115
20.3058	154.311
20.3117	154.4	305.253
20.3175	154.221	305.959
20.3233	154.757	307.376
20.3291	156.013	309.335
20.3349	159.384	314.742
20.3407	159.2	318.032
20.3465	159.752	318.951
20.3523	160.585	322.099
20.3581	159.384	322.844
20.3639	159.016	324.714
20.3697	158.832	320.614
20.3755	158.557	322.099
20.3813	159.016	314.197
20.3871	159.568	314.016
20.3929	159.476	309.693
20.3987	157.462	308.087
20.4045	152.803	319.136
20.4103	147.598	333.65
20.4161	147.768	328.487
20.4219	143.065	328.297
20.4278	139.959	322.471
20.4336	136.604	321.913
20.4394	134.258	318.583
20.4452	129.535	326.218	154.757
20.451	121.63	335.583	155.294
20.4568	340.268	156.917
20.4626	342.437	163.486
20.4684	344.023	165.769
20.4742	343.031	168.666
20.48	342.239	170.331
20.4858	337.722	170.922
20.4916	333.073	172.509
20.4974	336.554	172.808
20.5032	350.441	173.608
20.509	348.624	175.018
20.5148	351.048	175.018
20.5206	350.441	173.91
20.5264	344.619	169.349
20.5322	337.917	165.195
20.538	319.505	163.675
20.5439	308.799	163.581
20.5497	312.568	161.795
20.5555	297.42	163.392
20.5613	294.855	162.545
20.5671	296.734	164.433
20.5729	164.814
20.5787	164.338
20.5845	162.451
20.5903	162.263
20.5961	158.924
20.6019	155.384
20.6077	158.832
20.6135	158.832
20.6193	164.814
20.6251	167.986
20.6309
20.6367
20.6425
20.6483
20.6542
20.66
20.6658
20.6716
20.6774
20.6832
20.689
20.6948
20.7006
20.7064
20.7122
20.718
20.7238
20.7296
20.7354
20.7412
20.747
20.7528
20.7586
20.7644
20.7702
20.7761
20.7819
20.7877
20.7935
20.7993
20.8051
20.8109
20.8167
20.8225
20.8283
20.8341
20.8399
20.8457
20.8515
20.8573
20.8631
20.8689
20.8747
20.8805
20.8863
20.8922
20.898
20.9038
20.9096
20.9154
20.9212
20.927
20.9328
20.9386
20.9444
20.9502
20.956
20.9618
20.9676
20.9734
20.9792
20.985
20.9908	152.362
20.9966	149.658
21.0024	145.902
21.0083	142.405
21.0141	140.445
21.0199	139.233
21.0257	137.079
21.0315	136.368
21.0373	136.21
21.0431	135.27
21.0489	135.739
21.0547	134.025
21.0605	132.715
21.0663	132.792
21.0721	133.716
21.0779	134.413
21.0837	135.975
21.0895	136.525
21.0953	136.21
21.1011	136.447
21.1069	135.975
21.1127	135.739
21.1185	136.21
21.1244	136.762
21.1302	136.447
21.136	135.113
21.1418	135.504
21.1476	132.792
21.1534	132.792
21.1592	133.87
21.165	132.869
21.1708	131.495
21.1766	130.436	554.365
21.1824	129.385	565.687
21.1882	130.134	594.154
21.194	582.263
21.1998	553.725
21.2056	536.41
21.2114	558.544
21.2172	555.648	276.383
21.223	544.527	277.663
21.2288	536.101	277.824
21.2346	536.72	290.627
21.2405	550.218	299.143
21.2463	547.365	298.453
21.2521	559.512	299.662
21.2579	560.483	285.14
21.2637	563.079	281.377
21.2695	560.483	290.124
21.2753	558.544	291.131
21.2811	559.512	297.592
21.2869	562.104	312.749
21.2927	563.079	319.874
21.2985	562.754	327.729
21.3043	569.621	328.677
21.3101	580.583	322.658
21.3159	560.159	332.496
21.3217	561.131	324.152
21.3275	557.899	323.217
21.3333	576.24	324.527
21.3391	562.754	316.565
21.3449	562.104	313.291
21.3507	543.584	304.548
21.3566	539.829	294.514
21.3624	555.969	294.514
21.3682	280.565
21.374	293.834
21.3798	294.684
21.3856	296.049
21.3914	292.48
21.3972	292.311
21.403	292.649
21.4088	289.789
21.4146	294.174
21.4204	285.47
21.4262	288.62
21.432	288.287
21.4378	277.343
21.4436	279.756
21.4494	273.209
21.4552	270.071
21.461	275.427
21.4668	270.383
21.4727	268.981
21.4785	270.227
21.4843	280.08
21.4901	267.895
21.4959	272.578
21.5017	273.841
21.5075	276.863
21.5133	273.367
21.5191	275.268
21.5249	278.466
21.5307	275.109
21.5365	267.741
21.5423	274.157
21.5481	272.736
21.5539	275.586
21.5597	264.055
21.5655	277.503
21.5713	285.965
21.5771	286.13
21.5829	278.949
21.5888	271.008
21.5946	278.627
21.6004	282.517
21.6062	287.621
21.612	288.62
21.6178	291.468
21.6236	301.572
21.6294	287.455
21.6352	281.865
21.641	277.183
21.6468	270.852
21.6526	274.316
21.6584	274.316
21.6642	275.427
21.67	281.214
21.6758	271.008
21.6816
21.6874
21.6932
21.699
21.7049
21.7107
21.7165
21.7223
21.7281
21.7339
21.7397
21.7455
21.7513
21.7571
21.7629
21.7687
21.7745
21.7803
21.7861
21.7919
21.7977
21.8035
21.8093
21.8151
21.821
21.8268
21.8326
21.8384
21.8442
21.85
21.8558
21.8616
21.8674
21.8732
21.879
21.8848
21.8906
21.8964
21.9022
21.908
21.9138
21.9196
21.9254
21.9312
21.9371
21.9429
21.9487
21.9545
21.9603
21.9661
21.9719
21.9777
21.9835
21.9893
21.9951
22.0009
22.0067
22.0125
22.0183
22.0241
22.0299
22.0357
22.0415
22.0473
22.0532
22.059
22.0648
22.0706
22.0764
22.0822
22.088
22.0938
22.0996
22.1054
22.1112
22.117
22.1228
22.1286
22.1344
22.1402
22.146
22.1518
22.1576
22.1634
22.1693
22.1751
22.1809
22.1867
22.1925
22.1983
22.2041
22.2099
22.2157
22.2215
22.2273
22.2331
22.2389
22.2447
22.2505
22.2563
22.2621
22.2679
22.2737
22.2795
22.2854
22.2912
22.297
22.3028
22.3086
22.3144
22.3202
22.326
22.3318
22.3376
22.3434
22.3492
22.355
22.3608
22.3666
22.3724
22.3782
22.384
22.3898
22.3956
22.4015
22.4073
22.4131
22.4189
22.4247
22.4305
22.4363
22.4421
22.4479
22.4537
22.4595
22.4653
22.4711
22.4769
22.4827
22.4885
22.4943
22.5001
22.5059
22.5117
22.5176
22.5234
22.5292
22.535
22.5408
22.5466
22.5524
22.5582
22.564
22.5698
22.5756
22.5814
22.5872
22.593
22.5988
22.6046
22.6104
22.6162
22.622
22.6278
22.6336
22.6395
22.6453
22.6511
22.6569
22.6627
22.6685
22.6743
22.6801
22.6859
22.6917
22.6975
22.7033
22.7091
22.7149
22.7207
22.7265
22.7323
22.7381
22.7439
22.7498
22.7556
22.7614
22.7672
22.773
22.7788
22.7846
22.7904
22.7962
22.802
22.8078
22.8136
22.8194
22.8252
22.831
22.8368
22.8426
22.8484
22.8542
22.86
22.8659
22.8717
22.8775
22.8833
22.8891
22.8949
22.9007
22.9065
22.9123
22.9181
22.9239
22.9297
22.9355
22.9413
22.9471
22.9529
22.9587
22.9645
22.9703
22.9761
22.9819
22.9878
22.9936
22.9994
23.0052	574.91
23.011	548.315
23.0168	562.754
23.0226	564.055
23.0284	573.915
23.0342	567.651
23.04	563.404
23.0458	583.273
23.0516	590.05
23.0574	559.189
23.0632	554.686
23.069	547.365
23.0748	550.218
23.0806	551.809
23.0864	550.854
23.0922	546.733
23.098	548.948
23.1039	549.9
23.1097	547.049
23.1155	557.255
23.1213	561.455
23.1271	557.899
23.1329	553.725
23.1387	532.397
23.1445	541.391
23.1503	550.536
23.1561	546.102
23.1619	527.195
23.1677	533.013
23.1735	541.391
23.1793	544.527
23.1851	548.948	144.227
23.1909	560.483	142.735
23.1967	554.045	141.995
23.2025	557.255	136.762
23.2083	553.406	136.053
23.2141	553.086	136.053
23.22	544.213	135.27
23.2258	536.41	133.948
23.2316	565.034	133.253
23.2374	551.172	131.951
23.2432	551.172	131.799
23.249	561.131	132.946
23.2548	561.131	133.176
23.2606	132.946
23.2664	132.027
23.2722	133.87
23.278	133.561
23.2838	132.715
23.2896	132.715
23.2954	133.948
23.3012	134.49
23.307	134.879
23.3128	134.413
23.3186	135.818
23.3244	135.661
23.3302	135.27
23.3361	131.571
23.3419	131.343
23.3477	136.21
23.3535	136.21
23.3593	134.724
23.3651
23.3709
23.3767
23.3825
23.3883
23.3941
23.3999
23.4057
23.4115
23.4173
23.4231
23.4289
23.4347
23.4405
23.4463
23.4522
23.458
23.4638
23.4696
23.4754
23.4812
23.487
23.4928
23.4986
23.5044
23.5102
23.516
23.5218
23.5276
23.5334
23.5392
23.545
23.5508
23.5566
23.5624
23.5683
23.5741
23.5799
23.5857
23.5915
23.5973
23.6031
23.6089
23.6147
23.6205
23.6263
23.6321
23.6379
23.6437
23.6495
23.6553
23.6611
23.6669
23.6727
23.6785
23.6844
23.6902
23.696
23.7018
23.7076
23.7134
23.7192
23.725
23.7308
23.7366
23.7424
23.7482
23.754
23.7598
23.7656
23.7714
23.7772
23.783
23.7888
23.7946
23.8005
23.8063
23.8121
23.8179
23.8237
23.8295
23.8353
23.8411
23.8469
23.8527
23.8585
23.8643
23.8701
23.8759
23.8817
23.8875
23.8933
23.8991
23.9049
23.9107
23.9166
23.9224
23.9282
23.934
23.9398
23.9456
23.9514
23.9572
23.963
23.9688
23.9746
23.9804
23.9862
23.992
23.9978
24.0036
24.0094
24.0152
24.021
24.0268
24.0327
24.0385
24.0443
24.0501
24.0559
24.0617
24.0675
24.0733
24.0791
24.0849
24.0907
24.0965
24.1023
24.1081
24.1139
24.1197
24.1255
24.1313
24.1371
24.1429
24.1488
24.1546
24.1604
24.1662
24.172
24.1778
24.1836
24.1894
24.1952
24.201
24.2068
24.2126
24.2184
24.2242
24.23
24.2358
24.2416
24.2474
24.2532
24.259
24.2649
24.2707
24.2765
24.2823
24.2881
24.2939
24.2997
24.3055
24.3113
24.3171
24.3229
24.3287
24.3345
24.3403
24.3461
24.3519
24.3577
24.3635
24.3693
24.3751
24.381
24.3868
24.3926
24.3984
24.4042
24.41
24.4158
24.4216
24.4274
24.4332
24.439
24.4448
24.4506
24.4564
24.4622
24.468
24.4738
24.4796
24.4854
24.4912
24.4971
24.5029
24.5087
24.5145
24.5203
24.5261
24.5319
24.5377
24.5435
24.5493
24.5551
24.5609
24.5667
24.5725
24.5783
24.5841
24.5899
24.5957
24.6015
24.6073
24.6132
24.619
24.6248
24.6306
24.6364
24.6422
24.648
24.6538
24.6596
24.6654
24.6712
24.677
24.6828
24.6886
24.6944
24.7002
24.706
24.7118
24.7176
24.7234
24.7293
24.7351
24.7409
24.7467
24.7525
24.7583
24.7641
24.7699
24.7757
24.7815
24.7873
24.7931
24.7989
24.8047
24.8105
24.8163
24.8221
24.8279
24.8337
24.8395
24.8454
24.8512
24.857
24.8628
24.8686
24.8744
24.8802
24.886
24.8918
24.8976
24.9034
24.9092
24.915
24.9208
24.9266
24.9324
24.9382
24.944
24.9498
24.9556
24.9615
24.9673
24.9731
24.9789
24.9847
24.9905
24.9963
25.0021
25.0079
25.0137
25.0195
25.0253
25.0311
25.0369
25.0427
25.0485
25.0543
25.0601
25.0659
25.0717
25.0776
25.0834
25.0892
25.095
25.1008
25.1066
25.1124
25.1182
25.124
25.1298
25.1356
25.1414
25.1472
25.153
25.1588
25.1646
25.1704
25.1762
25.182
25.1878
25.1937
25.1995
25.2053
25.2111
25.2169
25.2227
25.2285
25.2343
25.2401
25.2459
25.2517
25.2575
25.2633
25.2691
25.2749
25.2807
25.2865
25.2923
25.2981
25.3039
25.3097
25.3156
25.3214
25.3272
25.333
25.3388
25.3446
25.3504
25.3562
25.362
25.3678
25.3736
25.3794
25.3852
25.391
25.3968
25.4026
25.4084
25.4142
25.42
25.4258
25.4317
25.4375
25.4433
25.4491
25.4549
25.4607
25.4665
25.4723
25.4781
25.4839
25.4897
25.4955
25.5013
25.5071
25.5129
25.5187
25.5245
25.5303
25.5361
25.542
25.5478
25.5536
25.5594
25.5652
25.571
25.5768
25.5826
25.5884
25.5942
25.6
25.6058
25.6116
25.6174
25.6232
25.629
25.6348
25.6406
25.6464
25.6522
25.658
25.6639
25.6697
25.6755
25.6813
25.6871
25.6929
25.6987
25.7045
25.7103
25.7161
25.7219
25.7277
25.7335
25.7393
25.7451
25.7509
25.7567
25.7625
25.7683
25.7741
25.78
25.7858
25.7916
25.7974
25.8032
25.809
25.8148
25.8206
25.8264
25.8322
25.838
25.8438
25.8496
25.8554
25.8612
25.867
25.8728
25.8786
25.8844
25.8902
25.8961
25.9019
25.9077
25.9135
25.9193
25.9251
25.9309
25.9367
25.9425
25.9483
25.9541
25.9599
25.9657
25.9715
25.9773
25.9831
25.9889
25.9947
26.0005
26.0063
26.0122
26.018
26.0238
26.0296
26.0354
26.0412
26.047
26.0528
26.0586
26.0644
26.0702
26.076
26.0818
26.0876
26.0934
26.0992
26.105
26.1108
26.1166
26.1224
26.1283
26.1341
26.1399
26.1457
26.1515
26.1573
26.1631
26.1689
26.1747
26.1805
26.1863
26.1921
26.1979
26.2037
26.2095
26.2153
26.2211
26.2269
26.2327
26.2385
26.2444
26.2502
26.256
26.2618
26.2676
26.2734
26.2792
26.285
26.2908
26.2966
26.3024
26.3082
26.314
26.3198
26.3256
26.3314
26.3372
26.343
26.3488
26.3546
26.3605
26.3663
26.3721
26.3779
26.3837
26.3895
26.3953
26.4011
26.4069
26.4127
26.4185
26.4243
26.4301
26.4359
26.4417
26.4475
26.4533
26.4591
26.4649
26.4707
26.4766
26.4824
26.4882
26.494
26.4998
26.5056
26.5114
26.5172
26.523
26.5288
26.5346
26.5404
26.5462
26.552
26.5578	283.17
26.5636	270.852
26.5694	277.663
26.5752	278.788
26.581	274.633
26.5868	273.841
26.5927	273.841
26.5985	279.433
26.6043	281.214
26.6101	282.843
26.6159	284.153
26.6217	287.787
26.6275	283.825
26.6333	283.007
26.6391	282.517
26.6449	280.241
26.6507	282.517
26.6565	280.89
26.6623	283.661
26.6681	274.791
26.6739	274.316
26.6797	286.626
26.6855	283.661
26.6913	284.975
26.6971	283.989
26.7029	284.646
26.7088	283.661
26.7146	280.241
26.7204	277.343
26.7262	279.111
26.732	284.975
26.7378	280.89
26.7436	269.292
26.7494	282.843
26.7552	285.305
26.761	287.289
26.7668	273.841
26.7726	277.183
26.7784	271.478
26.7842	282.517
26.79	283.498
26.7958	282.517
26.8016	282.843
26.8074	280.89	388.614
26.8132	280.89	390.865
26.819	282.517	393.356
26.8249	283.661	396.321
26.8307	284.482	398.387
26.8365	286.461	400.001
26.8423	293.495	402.551
26.8481	280.403	406.993
26.8539	291.468	407.463
26.8597	287.787	399.539
26.8655	282.354	395.407
26.8713	279.111	389.063
26.8771	284.318	389.513
26.8829	283.989	381.497
26.8887	278.306	394.95
26.8945	279.111	397.467
26.9003	283.989	402.783
26.9061	283.825	405.117
26.9119	283.007	408.642
26.9177	270.383	398.387
26.9235	278.466	409.587
26.9293	277.343	406.758
26.9351	275.109	403.715
26.941	282.191	394.266
26.9468	283.825	395.864
26.9526	283.661	402.783
26.9584	281.865	389.288
26.9642	282.354	373.861
26.97	280.727	364.058
26.9758	278.788	357.804
26.9816	282.68	340.858
26.9874	282.843
26.9932	273.841
26.999	273.841
27.0048	280.403
27.0106	275.268
27.0164	269.759
27.0222	267.895
27.028	269.136
27.0338	271.322
27.0396	274.791
27.0454	265.125
27.0512	262.989
27.0571	268.515
27.0629	274.474	149.745
27.0687	268.205	151.66
27.0745	151.923
27.0803	155.115
27.0861	155.025
27.0919	155.743
27.0977	155.743
27.1035	154.311
27.1093	152.979
27.1151	152.274
27.1209	151.397
27.1267	150.873
27.1325	150.438
27.1383	149.918
27.1441	149.399
27.1499	148.882
27.1557	148.796
27.1615	148.624
27.1673	148.196
27.1732	148.453
27.179	148.453
27.1848	148.882
27.1906	149.226
27.1964	149.658
27.2022	150.004
27.208	150.264
27.2138	151.048
27.2196	152.538
27.2254	152.714
27.2312	152.538
27.237	152.186
27.2428	151.572
27.2486	151.747
27.2544	151.66
27.2602	151.747
27.266	152.01
27.2718	149.831
27.2776	149.313
27.2834	149.313
27.2893	148.968	598.287
27.2951	148.367	595.872
27.3009	148.624	595.184
27.3067	149.399	593.468
27.3125	149.572	597.596
27.3183	149.572	597.251
27.3241	149.572	596.561
27.3299	149.14	593.125
27.3357	149.485	594.497
27.3415	149.918	596.906
27.3473	150.264	596.217
27.3531	151.135	599.324
27.3589	151.397	597.941
27.3647	151.222	607.34
27.3705	151.572	609.096
27.3763	151.048	593.125
27.3821	150.873	603.493
27.3879	151.135	597.596
27.3937	150.786	604.889
27.3995	151.484	609.448
27.4054	151.923	609.8	305.076
27.4112	153.068	601.405	307.909
27.417	154.578	595.528	310.051
27.4228	154.4	614.397	309.872
27.4286	155.204	612.979	310.051
27.4344	155.115	616.53	311.307
27.4402	155.115	610.505	312.388
27.446	156.194	601.405	313.11
27.4518	155.923	601.058	311.127
27.4576	156.284	598.978	314.016
27.4634	156.646	607.691	313.834
27.4692	156.646	608.744	313.653
27.475	156.827	594.154	312.929
27.4808	155.474	591.756	314.56
27.4866	156.465	591.415	313.472
27.4924	156.284	592.44	311.847
27.4982	155.563	600.017	308.265
27.504	155.923	599.671	309.156
27.5098	154.936	589.369	306.489
27.5156	153.954	591.073	304.548
27.5215	153.068	585.298	300.009
27.5273	151.484	586.99	305.076
27.5331	151.135	594.497	304.9
27.5389	151.484	604.19	303.144
27.5447	152.45	602.796	302.969
27.5505	151.222	594.841	301.572
27.5563	152.803	592.783	300.529
27.5621	151.923	600.017	298.798
27.5679	150.873	604.889	299.489
27.5737	149.572	596.561	295.537
27.5795	149.918	598.632	297.592
27.5853	150.699	595.872	298.453
27.5911	150.612	605.588	300.876
27.5969	609.096	300.876
27.6027	616.886	302.095
27.6085	621.177	295.366
27.6143	623.693	298.798
27.6201	620.459	289.789
27.6259	619.385	294.684
27.6317	639.748	299.316
27.6376	605.238	300.529
27.6434	600.711	299.143
27.6492	604.889	299.662
27.655	608.042	289.957
27.6608	621.895	286.295
27.6666	609.8	282.843
27.6724	609.8	278.949
27.6782	280.08
27.684	276.224
27.6898	278.466
27.6956	275.109
27.7014	277.023
27.7072	277.663
27.713	277.183
27.7188	276.383
27.7246	277.183
27.7304	275.268
27.7362	275.268
27.742	275.268
27.7478	275.268
27.7537	279.595
27.7595	277.984
27.7653	277.663
27.7711	280.403
27.7769	277.824
27.7827	276.703
27.7885	273.999
27.7943	276.703
27.8001	277.824	292.987
27.8059	274.474	299.143
27.8117	271.635	302.444
27.8175	270.227	306.489
27.8233	273.841	309.335
27.8291	270.383	311.307
27.8349	271.322	313.11	313.11
27.8407	267.895	315.47	315.47
27.8465	260.119	318.032	300.009
27.8523	254.031	320.799	295.707
27.8581	257.726	329.628	297.592
27.8639	262.382	327.729	293.834
27.8698	263.598	333.073	296.563
27.8756	268.205	340.464	291.468
27.8814	274.474	331.729	297.077
27.8872	274.474	327.162	298.625
27.893	266.199	327.918	296.905
27.8988	269.136	329.818	294.684
27.9046	265.738	333.073	297.249
27.9104	269.136	324.339	293.156
27.9162	267.895	326.218	293.326
27.922	269.915	318.399	292.311
27.9278	268.67	315.835	294.684
27.9336	273.209	318.583	295.366
27.9394	268.515	315.47	295.878
27.9452	266.814	326.784	295.366
27.951	273.841	332.688	297.249
27.9568	280.241	333.265	297.936
27.9626	333.843	299.489
27.9684	338.308	294.684	140.688
27.9742	339.286	300.529	140.932
27.98	334.809	299.835	139.959
27.9858	335.583	298.971	140.526
27.9917	343.824	303.494	141.585
27.9975	346.415	301.224	140.202
28.0033	349.632	301.572	140.04
28.0091	340.071	300.529	136.525
28.0149	339.875	300.009	138.671
28.0207	341.252	305.253	138.671
28.0265	346.215	298.971	140.688
28.0323	344.221	290.124	139.717
28.0381	292.48	141.585
28.0439	298.625	144.56
28.0497	299.316	144.978
28.0555	300.876	142.57
28.0613	299.316	144.06
28.0671	300.529	143.811	299.316
28.0729	296.734	142.817	299.662
28.0787	287.455	143.811	299.662
28.0845	298.108	143.479	297.42
28.0903	298.971	141.913	297.764
28.0961	302.444	142.652	301.398
28.1019	301.746	143.728	301.224
28.1078	291.805	142.159	294.855
28.1136	290.292	143.645	298.453
28.1194	297.42	143.728	299.489
28.1252	295.707	147.002	300.009
28.131	296.734	148.453	299.143
28.1368	301.746	147.002	299.316
28.1426	301.398	148.538	300.355
28.1484	301.572	149.918	301.05
28.1542	301.746	148.196	301.224
28.16	305.076	149.831	300.009
28.1658	297.936	150.786	299.316
28.1716	150.873	299.489
28.1774	151.222	299.835
28.1832	151.222	301.05
28.189	151.484	300.876
28.1948	151.923	300.529
28.2006	148.624	298.108
28.2064	147.768	297.592
28.2122	142.241	299.143
28.2181	142.241	298.798
28.2239	140.932	299.662
28.2297	146.071	301.746
28.2355	146.071	300.355
28.2413	300.009
28.2471	298.281
28.2529	300.529
28.2587	300.876
28.2645	300.182
28.2703	300.876
28.2761	299.662	300.355
28.2819	299.489	299.316
28.2877	299.316	298.625
28.2935	298.798	298.625
28.2993	298.453	299.489
28.3051	297.249	298.625
28.3109	296.905	300.182
28.3167	296.22	300.355
28.3225	294.855	297.764
28.3283	294.684	300.876
28.3341	294.514	301.05
28.34	291.636	301.05
28.3458	291.468	301.398
28.3516	294.514	302.27
28.3574	299.143	302.095
28.3632	298.281	299.316
28.369	299.316	300.529
28.3748	298.625	299.143
28.3806	298.971	299.143
28.3864	299.316	299.316
28.3922	297.42	297.764
28.398	297.936	298.625
28.4038	298.453	299.143
28.4096	299.489
28.4154	299.662
28.4212	300.009
28.427	298.798
28.4328	299.662
28.4386	298.971
28.4444	299.489
28.4502	301.05
28.4561	299.835
28.4619	300.876
28.4677	300.009
28.4735	300.009
28.4793	300.529
28.4851	301.05
28.4909	301.224
28.4967	301.572
28.5025	301.572
28.5083	298.798
28.5141	300.529
28.5199	299.662
28.5257	298.971
28.5315	297.764
28.5373	297.249
28.5431	296.391
28.5489	294.684
28.5547	294.174	200.116
28.5605	294.004	201.043
28.5663	297.249	200.579
28.5722	298.108	201.159
28.578	298.453	202.091
28.5838	298.971	201.624
28.5896	299.316	200.463
28.5954	298.798	197.589
28.6012	300.355	195.545
28.607	300.876	199.654
28.6128	301.05	201.508
28.6186	300.355	197.475
28.6244	303.845	195.32
28.6302	301.224	193.188
28.636	301.572	201.392
28.6418	301.398	200.579
28.6476	300.009	201.159
28.6534	299.662	200.116
28.6592	298.798	201.275
28.665	299.143	201.392
28.6708	299.489	200.811
28.6766	299.835	201.275
28.6824	299.316	200.463
28.6883	298.798	201.043
28.6941	299.489	198.963
28.6999	299.835	199.078
28.7057	300.182	200.232
28.7115	300.009	201.508
28.7173	299.835	200.927
28.7231	299.489	201.392
28.7289	299.143	199.654
28.7347	299.143	200.695
28.7405	298.971	199.539
28.7463	298.625	200.579
28.7521	299.143	201.508
28.7579	299.143	202.91
28.7637	298.798	201.508
28.7695	299.316	199.539
28.7753	299.662	200
28.7811	299.662	201.275
28.7869	299.835	201.508
28.7927	299.489	200.811
28.7985	299.143	200
28.8044	299.489	200
28.8102	299.489	200.232
28.816	299.662	200.927
28.8218	299.143	201.508
28.8276	299.143	200.695
28.8334	298.798	200.695
28.8392	297.936	201.392
28.845	296.734	200.579
28.8508	294.855	203.379
28.8566	294.174	200.927
28.8624	295.537	201.275
28.8682	296.049	201.275
28.874	296.22	201.043
28.8798	298.625	200.347
28.8856	300.355	201.392
28.8914	300.182	201.043
28.8972	299.143	198.39
28.903	299.489	197.589
28.9088	300.182	199.309
28.9146	298.798	199.885
28.9205	299.143	198.963
28.9263	299.489	199.539	334.422
28.9321	299.143	199.77	333.65
28.9379	299.316	199.77	337.527
28.9437	298.971	199.193	335.389
28.9495	300.182	200.463	335.196
28.9553	299.143	200	334.422
28.9611	298.625	199.424	334.036
28.9669	299.316	200.463	334.036
28.9727	299.316	201.624	333.65
28.9785	299.316	201.741	336.554
28.9843	300.355	202.91	335.971
28.9901	300.009	201.741	335.583
28.9959	299.662	201.624	335.971
29.0017	300.182	200.695	333.843
29.0075	300.009	200.927	334.422
29.0133	299.835	201.974	335.777
29.0191	300.876	201.159	335.777
29.0249	300.182	201.392	335.583
29.0307	300.182	201.159	335.196
29.0366	298.971	200.579	342.041
29.0424	298.625	200.695	335.777
29.0482	297.936	201.741	337.917
29.054	297.42	202.441	338.503
29.0598	297.42	203.027	337.137
29.0656	297.249	201.624	335.971
29.0714	296.049	200.116	332.88
29.0772	297.936	199.424	331.729
29.083	299.662	199.539	333.073
29.0888	299.489	200.695	333.265
29.0946	298.798	199.193	334.036	994.637
29.1004	298.281	198.619	332.688	992.915
29.1062	297.42	198.275	332.496	991.769
29.112	297.42	198.963	333.265	993.489
29.1178	296.563	199.885	332.688	996.938
29.1236	297.42	198.161	333.65	999.244
29.1294	297.077	199.309	333.65	1001.56
29.1352	297.592	200.116	334.036	1003.87
29.141	297.077	201.043	335.196	1005.61
29.1468	296.563	201.275	335.002	1003.87
29.1527	297.936	200.579	331.346	999.821
29.1585	297.936	200.232	332.88	995.787
29.1643	297.764	199.193	330.199	990.052
29.1701	297.936	198.504	329.437	987.196
29.1759	297.592	197.932	330.581	992.915
29.1817	297.764	198.619	331.92	994.637
29.1875	297.936	200.116	332.304	995.212
29.1933	297.077	200	332.112	995.787
29.1991	297.592	198.849	330.963	987.766
29.2049	298.108	199.309	331.346	988.908
29.2107	298.281	332.88	997.514
29.2165	298.798	333.265	995.212
29.2223	298.281	333.65	994.637
29.2281	299.143	334.036	998.667
29.2339	297.936	336.748	1009.1
29.2397	298.108	339.286	1019.65
29.2455	300.702	339.679	1017.89
29.2513	299.316	338.112	1012.61
29.2571	299.143	336.748	1005.61
29.2629	299.143	337.527	1003.87
29.2688	299.662	334.615	1003.87
29.2746	299.489	333.65	1005.61
29.2804	300.009	334.809	1006.19
29.2862	299.662	333.65	1006.19
29.292	299.835	333.458	1007.36
29.2978	299.835	334.615	1005.03
29.3036	299.489	334.809	1009.1
29.3094	298.625	338.895	1030.31
29.3152	298.798	340.858	1039.87
29.321	298.625	336.165	1013.19
29.3268	298.453	333.265	999.821
29.3326	297.249	333.843	999.244
29.3384	298.798	334.809	999.821
29.3442	300.182	334.229	996.362
29.35	297.936	334.229	995.787
29.3558	297.077	335.002	1000.4
29.3616	296.22	335.971	999.821
29.3674	295.025	335.583	999.821
29.3732	296.563	334.229	994.637
29.379	332.88	994.637
29.3849	330.772	995.787	296.22
29.3907	330.772	998.09	296.563
29.3965	335.777	1005.61	297.42
29.4023	332.88	974.731	297.764
29.4081	333.65	1002.13	297.764
29.4139	334.615	1020.83	299.489
29.4197	339.09	994.063	299.662
29.4255	335.002	966.88	298.453
29.4313	336.165	937.728	298.453
29.4371	336.943	297.936
29.4429	337.137	299.143
29.4487	336.943	296.734
29.4545	339.09	298.108
29.4603	340.661	297.936
29.4661	339.679	297.592	1024.97
29.4719	337.137	299.489	1006.19
29.4777	333.843	300.009	996.362
29.4835	332.112	299.835	994.063
29.4893	331.537	300.702	994.637
29.4951	330.772	301.746	995.787
29.501	330.199	302.619	995.787
29.5068	332.496	302.794	996.362
29.5126	331.346	298.971	997.514
29.5184	331.92	298.453	996.362
29.5242	332.304	297.764	995.787
29.53	333.265	298.108	991.769
29.5358	333.265	298.108	1006.78
29.5416	338.112	296.734	1017.3
29.5474	338.699	296.563	1013.19
29.5532	336.943	294.684	1010.27
29.559	334.809	296.049	1007.36
29.5648	336.165	300.009	1010.85
29.5706	335.971	300.009	1012.61
29.5764	335.971	301.05	1009.1
29.5822	337.137	300.876	1005.03
29.588	334.615	1007.36
29.5938	334.615	1003.29	298.453
29.5996	333.65	1000.4	296.049
29.6054	335.196	1006.19	291.973
29.6112	337.722	1020.83	291.131
29.6171	342.634	1023.19	297.764
29.6229	336.165	1021.42	295.707
29.6287	334.422	1007.94	297.077
29.6345	332.688	999.821	297.249
29.6403	332.688	998.09	296.905
29.6461	334.229	1003.29	297.764
29.6519	335.389	1003.87	300.702
29.6577	335.777	1004.45	299.489
29.6635	334.809	999.244	297.592
29.6693	332.496	996.362	297.077
29.6751	332.88	995.212	299.316
29.6809	332.304	996.362	298.108
29.6867	334.615	1006.19	298.281
29.6925	343.427	1035.08	296.905
29.6983	356.772	1035.08	295.707
29.7041	336.748	1052.56	298.281
29.7099	335.971	1017.89	298.453
29.7157	335.002	1011.44	298.453
29.7215	335.002	995.787	299.662
29.7273	299.835
29.7332	299.489
29.739	298.108
29.7448	298.453
29.7506	299.489
29.7564	299.835
29.7622	300.876
29.768	301.224
29.7738	299.662
29.7796	299.662
29.7854	299.835
29.7912	299.143
29.797	299.662
29.8028	298.625
29.8086	300.529
29.8144	298.971
29.8202	299.316
29.826	297.936
29.8318	298.453
29.8376	298.625
29.8434	298.625
29.8493	297.592
29.8551	297.249
29.8609	298.625
29.8667	298.108
29.8725	299.316
29.8783	297.764
29.8841	298.108
29.8899	297.764
29.8957	297.249
29.9015
29.9073
29.9131
29.9189
29.9247
29.9305
29.9363
29.9421
29.9479
29.9537
29.9595
29.9654
29.9712
29.977
29.9828
29.9886
29.9944
30.0002
30.006
30.0118
30.0176
30.0234
30.0292
30.035
30.0408
30.0466
30.0524
30.0582
30.064
30.0698
30.0756
30.0815
