0.853333	1.49769	2096.63	228.601
1.50349	1.75891	1903.84	42.8777
1.6254	1.83438	4123.61	66.0263
1.65442	1.81696	2059.43	301.476
1.81696	2.45551	2384.87	420.896
2.26975	2.39166	1177.38	60.592
2.45551	2.73995	2646.18	195.011
3.29723	3.43075	1835.8	291.066
3.33206	3.8429	3914.72	50.3219
3.43075	3.74422	1957.36	239.237
3.73841	3.91256	1898.34	218.496
3.91256	4.23764	1999.64	218.496
5.96172	6.20553	1522.46	38.3665
6.11265	6.24036	1800.1	428.234
6.24036	7.11111	1983.54	625.351
7.11111	7.51746	1761.02	341.301
8.53333	8.93388	1455.39	396.436
8.68426	8.93968	2973.67	109.118
8.88744	9.08481	1269.19	460.32
8.99193	9.15447	1299.61	439.051
9.3054	9.79302	1329.22	583.294
9.79882	10.1065	1320.03	67.9805
11.2443	11.3778	1847.5	156.643
11.5229	11.668	1904.94	252.159
11.6738	11.9176	1739.78	143.302
11.8364	11.9873	1819.96	373.236
11.9118	12.1963	3948.79	190.664
11.9873	12.2137	1977.82	379.87
12.7942	12.9277	1928.18	216.558
12.9045	13.0961	1950.59	185.962
13.1135	13.4502	2353.39	744.056
13.4502	13.5663	1981.25	441.797
13.7462	14.0713	1878.71	348.318
13.8623	13.99	976.421	51.2572
14.2396	14.408	1788.7	264.579
14.3267	14.9188	4786.29	208.694
14.408	14.5299	2049.93	264.579
14.4602	14.6228	2151.85	94.4985
14.5299	14.8085	2379.36	145.639
14.8085	15.1162	2323.68	81.1025
14.8317	14.9595	794.476	42.1911
16.1611	16.3352	3598.12	77.5586
16.2075	16.3468	1300.36	408.921
16.5036	16.6429	1176.7	43.4308
16.6603	16.8693	1316.99	521.296
16.9796	17.264	2632.46	283.856
17.0028	17.264	1316.99	321.298
17.264	17.4266	1182.15	294.158
17.264	17.5833	2173.08	202.246
17.4266	17.6297	1002.71	236.041
17.5833	18.1232	2371.13	91.4157
17.6181	18.0709	3569.14	146.956
17.6239	18.1232	1187.62	205.911
18.663	18.9475	2925.96	133.598
18.6746	19.0171	1472.3	196.277
19.0113	19.1797	2640.07	42.7011
19.1681	19.3538	2934.42	177.991
19.1797	19.4293	1504.11	181.741
21.2114	21.5191	3080.31	59.1148
21.2346	21.4552	1656.43	202.917
21.3972	21.6468	7179.63	77.5425
21.4552	21.7165	1785.6	256.324
21.5481	21.7745	3614.78	52.6864
21.7223	21.8674	1753.91	310.04
21.9719	22.1228	1818.91	729.976
21.9835	22.1228	3635.72	364.852
22.1228	22.4479	4114.1	364.852
22.1228	22.5117	2057.05	729.976
22.5117	22.6453	1972.11	632.622
22.6453	22.8659	1778.39	418.588
22.6917	22.9123	3540.39	192.827
22.8717	23.1387	1753.91	49.4858
23.6205	23.7134	928.565	129.108
23.6205	23.7134	928.565	129.108
23.6844	23.9224	4041.08	190.013
23.7308	23.9224	1336.92	721.623
23.9282	24.0443	1434.53	369.266
24.0791	24.2416	1332.29	57.4398
24.259	24.5377	1510.2	177.547
26.2327	26.5694	3163.25	594.179
26.6971	26.8713	2315.64	178.5
26.8132	26.9584	4623.25	37.0403
26.8713	27.0977	2594.71	153.495
27.0454	27.6782	3121.51	464.28
27.1151	27.3821	1541.93	425.495
27.4228	27.5331	1628.91	163.259
28.5373	28.6244	810.233	89.0336
28.5373	28.6244	810.233	89.0336
28.5605	28.6883	1518.95	48.7972
28.7985	28.9437	1722.78	179.253
28.9437	29.1643	1928.18	179.253
29.1701	29.292	1960.75	64.0546
29.2978	29.4313	1787.66	110.085
29.4371	29.5822	1838.98	60.5405
29.4371	29.7215	1942.72	237.389
