0.17415	0.499229	3006.48	225.92
0.580499	0.702404	3604.36	515.205
5.06776	5.16063	1391.28	128.351
5.20707	5.89787	2486.14	1467.5
5.9327	6.21714	1966.43	889.417
5.95011	6.21714	3871.99	520.464
6.30422	6.53642	1900.54	1102.16
6.9776	7.19238	1470.6	693.222
7.19819	7.4478	1453.71	1033.63
12.9683	13.1657	3589.81	628.496
13.1367	13.3979	4202.97	489.29
13.276	13.6185	1346.99	799.107
13.4444	13.5779	703.721	283.466
13.7056	13.9552	3985.45	361.3
14.0365	14.2454	3733.62	489.262
14.141	14.408	2149.36	229.453
14.3557	14.5415	3587.74	766.189
14.5647	14.6982	3163.25	417.564
14.5879	14.7563	3039.66	769.958
14.8143	14.913	3194.47	313.702
14.8608	15.0756	3548.58	528.155
15.0988	15.389	3606.44	403.667
15.2729	15.5574	2454.75	406.484
15.4355	15.8592	2611.25	340.855
15.4761	15.8476	2221.31	385.116
15.8534	16.2482	1666.02	343.506
16.1321	16.492	1282.46	261.349
16.3062	16.4571	1674.71	127.469
17.1654	17.3279	2045.2	306.884
17.3279	17.6065	1851.77	306.884
17.444	17.7517	1923.73	187.788
17.7226	17.9432	2997.81	239.117
17.74	18.0071	3125.11	281.122
20.213	20.3987	4473.51	536.182
20.4626	20.6309	3522.03	350.3
20.4974	20.8863	3809.87	519.079
20.8631	21.0141	3119.7	118.708
20.9734	21.0895	2999.54	433.72
21.2288	21.641	4076.25	739.613
21.6468	21.9777	3712.12	371.913
21.9254	22.117	3692.87	709.75
22.2041	22.4537	3894.42	359.701
22.3318	22.4653	596.906	428.397
22.4305	22.7556	2766.53	561.601
22.6569	22.8136	3608.52	227.329
22.7323	22.9819	3332.05	297.679
22.8368	23.1155	2343.9	508.57
