0
0.00580499
0.01161
0.017415
0.02322
0.0290249
0.0348299
0.0406349
0.0464399
0.0522449
0.0580499
0.0638549
0.0696599
0.0754649
0.0812698
0.0870748
0.0928798
0.0986848
0.10449
0.110295
0.1161
0.121905
0.12771
0.133515
0.13932
0.145125
0.15093
0.156735
0.16254
0.168345
0.17415
0.179955
0.18576
0.191565
0.19737
0.203175
0.20898
0.214785
0.22059
0.226395
0.2322
0.238005
0.24381
0.249615
0.255419
0.261224
0.267029
0.272834
0.278639
0.284444
0.290249
0.296054
0.301859
0.307664
0.313469
0.319274
0.325079
0.330884
0.336689
0.342494
0.348299
0.354104
0.359909
0.365714
0.371519
0.377324
0.383129
0.388934
0.394739
0.400544
0.406349
0.412154
0.417959
0.423764
0.429569
0.435374
0.441179
0.446984
0.452789
0.458594
0.464399
0.470204
0.476009
0.481814
0.487619
0.493424
0.499229
0.505034
0.510839
0.516644
0.522449
0.528254
0.534059
0.539864
0.545669
0.551474
0.557279
0.563084
0.568889
0.574694
0.580499
0.586304
0.592109
0.597914
0.603719
0.609524
0.615329
0.621134
0.626939
0.632744
0.638549
0.644354
0.650159	353.286
0.655964	355.333
0.661769	357.804
0.667574	354.308
0.673379	355.538	164.528
0.679184	347.819	175.018
0.684989	346.415	173.508
0.690794	345.416	172.31
0.696599	341.646	171.515
0.702404	341.844	171.119
0.708209	337.527	170.134
0.714014	340.268	170.134
0.719819	342.634	170.922
0.725624	341.449	170.429
0.731429	340.268	170.232
0.737234	341.252	170.527
0.743039	343.229	171.119
0.748844	340.464	170.626
0.754649	339.482	171.021
0.760454	337.917	172.708
0.766258	346.616	166.633
0.772063	330.581	171.021
0.777868	347.016	166.152
0.783673	348.825
0.789478	351.657
0.795283	351.86	352.878
0.801088	351.86	351.657
0.806893	353.694
0.812698	352.064
0.818503	352.064
0.824308	351.657
0.830113	352.878
0.835918	350.238
0.841723	349.834
0.847528	348.825
0.853333	350.036
0.859138	349.834
0.864943	350.643
0.870748	349.228
0.876553	349.027
0.882358	349.43
0.888163	346.016
0.893968	348.221
0.899773	348.624
0.905578	342.437
0.911383	344.818
0.917188	345.018
0.922993	347.618
0.928798	349.632
0.934603	347.417
0.940408	345.616
0.946213	352.878
0.952018	350.441
0.957823	354.922
0.963628	355.127
0.969433	354.103
0.975238	347.618
0.981043	339.875
0.986848	344.818
0.992653	349.632
0.998458	347.016
1.00426	353.49
1.01007	352.267
1.01587	350.846
1.02168	351.048
1.02748	350.643
1.03329	349.43
1.03909	350.238
1.0449	348.825
1.0507	347.618
1.05651	350.643
1.06231	348.02
1.06812	345.616
1.07392	340.071
1.07973	351.86
1.08553	349.027
1.09134	348.02
1.09714	348.221
1.10295	347.618
1.10875	345.416
1.11456	338.112
1.12036	347.417
1.12617	344.42
1.13197	342.437
1.13778	340.071
1.14358	352.267
1.14939	342.437
1.15519	340.858
1.161	344.221	692.431
1.1668	708.207
1.17261	698.456
1.17841	701.692
1.18422	701.286
1.19002	711.076
1.19583	703.721
1.20163	703.721
1.20744	704.942
1.21324	706.164
1.21905	700.881
1.22485	703.315
1.23066	711.898
1.23646	702.097
1.24227	704.128
1.24807	696.04
1.25388	697.65
1.25968	694.033
1.26549	669.617
1.27129	697.65
1.2771	715.608
1.2829	698.86
1.28871	676.616
1.29451	711.076	356.772
1.30032	357.391
1.30612	356.155
1.31193	355.949
1.31773	353.082
1.32354	349.834
1.32934	346.616
1.33515	342.437
1.34095	338.112
1.34676	334.229
1.35256	330.772
1.35837	330.772
1.36417	333.073
1.36998	331.154
1.37578	329.247
1.38159	329.437
1.38739	327.162
1.3932	325.465
1.399	322.658
1.40481	324.152
1.41061	323.965
1.41642	322.099
1.42222	323.217
1.42803	319.32
1.43383	318.583
1.43964	319.689
1.44544	318.951
1.45125	318.399
1.45705	320.244
1.46286	316.565
1.46866	314.379
1.47447	312.929
1.48027	304.9
1.48608	302.969
1.49188	298.108
1.49769	290.795
1.50349	284.482
1.5093	279.433
1.5151	270.071
1.52091	262.079
1.52671	258.77	257.875
1.53252	259.969	259.069
1.53832	261.474	261.777
1.54413	264.36	264.36
1.54993	267.277	268.05
1.55574	269.136	271.322
1.56154	268.67	260.269
1.56735	273.209	258.471
1.57315	285.14	258.173
1.57896	283.17	270.539
1.58476	287.954	278.306
1.59057	292.142	279.756
1.59637	292.142	266.66
1.60218	291.636	259.969
1.60798	290.124	253.884
1.61379	284.318	245.945
1.61959	277.343	236.336
1.6254	274.316	236.745
1.6312	274.95	250.968
1.63701	286.626	243.823
1.64281	288.12	233.217
1.64862	283.661
1.65442	285.305
1.66023	282.517
1.66603	281.377
1.67184	279.918
1.67764	277.343
1.68345	278.145
1.68925	271.635
1.69506	271.165
1.70086	269.136
1.70667	269.915
1.71247	268.67
1.71828	272.893
1.72408	275.745
1.72989	282.191
1.73569	286.792
1.7415	285.965
1.7473	287.455
1.75311	287.621
1.75891	294.004
1.76472	294.004
1.77052	295.707
1.77633	294.855
1.78213	296.049
1.78794	296.563
1.79374	295.707
1.79955	296.905
1.80535	297.249
1.81116	295.878	324.902
1.81696	321.727
1.82277	318.583
1.82857	317.848
1.83438	317.848
1.84018	317.664
1.84599	315.835
1.85179	315.288
1.8576	316.017
1.8634	317.114
1.86921	315.106
1.87501	317.298
1.88082	318.583
1.88662	320.244
1.89243	321.541
1.89823	322.471
1.90404	322.099
1.90984	321.541
1.91565	321.913
1.92145	320.244
1.92726	320.059
1.93306	316.748
1.93887	316.383
1.94467	315.106
1.95048	312.207
1.95628	308.978
1.96209	298.108
1.96789	306.844
1.9737	316.017
1.9795	313.653
1.98531	303.144
1.99111	305.429
1.99692	299.489
2.00272	309.693
2.00853	308.087
2.01433	306.489
2.02014	302.444
2.02594	301.224
2.03175	289.957
2.03755	287.954
2.04336	286.13
2.04916	295.195
2.05497	295.195
2.06077	283.989
2.06658	284.646
2.07238	282.68
2.07819	288.953
2.08399	287.954
2.0898	292.311
2.0956	285.47
2.10141	285.634
2.10721	281.865
2.11302	291.3
2.11882	290.292	313.472
2.12463	297.42	314.379
2.13043	293.665	319.689
2.13624	291.3	311.667
2.14204	283.498	314.924
2.14785	274.633	310.947
2.15365	268.36	307.021
2.15946	260.72	307.731
2.16526	273.367	308.265
2.17107	263.293	308.265
2.17687	309.156	719.338
2.18268	311.847	731.912
2.18848	312.929	750.752
2.19429	315.652	783.991
2.20009	316.383	799.54
2.2059	317.481	815.869
2.2117	319.505	822.018
2.21751	316.2	824.872
2.22331	313.834	845.128
2.22912	314.379	816.34
2.23492	313.11	851.006
2.24073	312.929	851.006
2.24653	311.847	841.718
2.25234	312.568	851.006
2.25814	317.481	858.908
2.26395	320.429	868.386
2.26975	319.32	866.883
2.27556	318.399	872.912
2.28136	319.874	879.492
2.28717	325.465	870.395
2.29297	328.297	898.491
2.29878	330.009	902.652
2.30458	330.009	910.507
2.31039	331.346	917.9
2.31619	333.265	926.422
2.322	335.583	932.328
2.3278	337.722	939.355
2.33361	339.679	938.27
2.33941	341.252	946.982
2.34522	342.041	948.624
2.35102	344.023	955.222
2.35683	346.616	950.819
2.36263	346.415	956.879
2.36844	348.02	948.624
2.37424	347.618	944.251
2.38005	347.217	940.441
2.38585	348.624	932.328
2.39166	347.016	932.328
2.39746	345.616	913.141
2.40327	347.217	922.684
2.40907	346.415	922.151
2.41488	344.221	917.9
2.42068	343.031	921.619
2.42649	341.844	928.029
2.43229	341.646	929.639
2.4381	342.041	936.646
2.4439	344.023	944.796
2.44971	344.818	954.12
2.45551	341.646	961.867
2.46132	344.023	968.557
2.46712	343.427	983.213
2.47293	345.018	976.421
2.47873	344.619	987.196
2.48454	342.832	994.063
2.49034	344.818	997.514
2.49615	342.634	983.781
2.50195	344.818	980.944
2.50776	347.618	975.857
2.51356	344.023	964.649
2.51937	342.239	940.984
2.52517	345.816	931.251
2.53098	342.437	908.406
2.53678	344.42	888.684
2.54258	344.023	886.121
2.54839	345.616	883.565
2.55419	343.229	891.254
2.56	337.137	892.284
2.5658	335.389	903.174
2.57161	340.661	912.086
2.57741	346.816	930.176
2.58322	346.016	935.564
2.58902	342.832	949.172
2.59483	342.239	958.539
2.60063	337.332	969.676
2.60644	334.809	978.68
2.61224	333.073	990.623
2.61805	330.772	996.362
2.62385	326.784	999.821
2.62966	322.844	1009.1
2.63546	320.429	1014.95
2.64127	322.844	1000.98
2.64707	319.505	995.212
2.65288	327.729	978.115
2.65868	315.652	960.201
2.66449	323.217	953.018
2.67029	335.002	936.105
2.6761	338.699	921.087
2.6819	913.668
2.68771	897.972
2.69351	886.121
2.69932	887.145
2.70512	896.417
2.71093	902.131
2.71673	907.357
2.72254	906.309
2.72834	931.789
2.73415	949.721
2.73995	963.535
2.74576	971.92
2.75156	980.944
2.75737	994.063
2.76317	1013.78
2.76898	1016.71
2.77478	1022.6
2.78059	1025.56
2.78639	1020.24
2.7922	1013.19
2.798	1006.78
2.80381	992.915
2.80961	968.557
2.81542	951.368
2.82122	931.789
2.82703	924.284
2.83283	897.972
2.83864	890.739
2.84444	892.284
2.85025	890.225
2.85605	913.141
2.86186	904.74
2.86766	917.37
2.87347	929.102
2.87927	940.984
2.88508	953.569
2.89088	966.88
2.89669	980.944
2.90249	1000.98
2.9083	1003.87
2.9141	1013.78
2.91991	1035.68
2.92571	1044.69	713.133
2.93152	1026.15	708.207
2.93732	1038.67	694.434
2.94313	1030.31	684.873
2.94893	1006.19	680.929
2.95474	1000.4	681.322
2.96054	986.056	676.616
2.96635	956.879	678.181
2.97215	930.713	671.942
2.97796	918.961	683.687
2.98376	899.529	688.045
2.98957	880	691.232
2.99537	869.892	693.231
3.00118	882.036	694.033
3.00698	881.526	697.65	521.742
3.01279	889.197	699.264	521.742
3.01859	903.174	704.128	497.893
3.0244	904.218	713.133	522.647
3.0302	917.37	710.255	522.949
3.03601	937.187	714.782	524.159
3.04181	943.706	713.133	553.086
3.04762	961.867	717.264	556.933
3.05342	980.377	721.002	564.707
3.05923	982.645	726.437	574.91
3.06503	995.212	724.76	566.014
3.07084	990.052	721.836	569.951
3.07664	996.362	726.856	561.131
3.08245	995.212	726.856	568.635
3.08825	994.063	716.436	550.218
3.09406	988.908	726.017	554.686
3.09986	974.168	720.586	558.866	497.893
3.10567	955.222	713.957	537.651	497.319
3.11147	935.564	705.756	545.471	498.469
3.11728	920.555	704.534	533.013	493.313
3.12308	893.316	696.845	530.555	496.744
3.12889	878.984	695.638	525.371	504.552
3.13469	863.385	698.86	517.839	493.598
3.1405	852.482	695.236	516.346	493.028
3.1463	845.617	693.632	532.705	497.319
3.15211	850.515	701.692	524.765	485.118
3.15791	853.468	701.692	519.937	489.905
3.16372	859.901	704.128	535.791	489.905
3.16952	874.932	704.128	529.331	490.472
3.17533	887.145	711.076	535.172	483.44
3.18113	904.74	715.608	544.213	493.028
3.18694	922.684	716.022	536.72	507.475
3.19274	937.728	721.836	516.644
3.19855	943.161	716.022	531.783
3.20435	960.201	724.342	532.705
3.21016	974.168	728.959	535.482
3.21596	974.168	729.801
3.22177	982.077	731.912
3.22757	982.645	735.302
3.23338	982.645	741.701
3.23918	976.985	737.855
3.24499	969.676	742.987
3.25079	959.093	741.701
3.2566	945.888	726.017
3.2624	927.493	731.912
3.26821	927.493	726.437
3.27401	914.196	723.505
3.27982	867.885	713.133
3.28562	840.746	706.98
3.29143	830.13	701.692
3.29723	831.089	704.942
3.30304	835.421	681.322
3.30884	828.214	705.349
3.31465	821.069	701.692
3.32045	859.901	678.181
3.32626	875.437	668.072
3.33206	900.049	683.293
3.33787	917.37	698.053
3.34367	924.284	694.033
3.34948	934.484	696.442
3.35528	949.172	695.638
3.36109	965.764	689.239
3.36689	965.764	696.845
3.3727	975.857	696.04
3.3785	967.997	712.309
3.38431	961.867	711.076
3.39011	980.377	720.586	335.389
3.39592	971.358	334.422
3.40172	965.764	331.346
3.40753	953.569	323.404
3.41333	933.945	333.458
3.41914	917.37	334.809
3.42494	913.668	336.165
3.43075	902.652	335.583
3.43655	837.354	329.628
3.44236	847.573	346.016
3.44816	846.105	347.618
3.45397	842.691	348.624
3.45977	828.214	352.878
3.46558	853.961	348.825
3.47138	859.901	349.632
3.47719	873.417	353.286
3.48299	884.076	355.743
3.4888	896.417	364.269
3.4946	923.217	365.533
3.50041	925.353	360.709
3.50621	931.251	365.111
3.51202	948.077	362.38
3.51782	956.879	377.333
3.52363	969.117
3.52943	980.377
3.53524	988.908
3.54104	987.766
3.54685	980.944
3.55265	974.731
3.55846	970.797
3.56426	959.647
3.57007	955.775
3.57587	942.072
3.58168	913.141
3.58748	902.131
3.59329	895.899
3.59909	872.408
3.6049	884.076
3.6107	882.036
3.61651	881.017
3.62231	871.401
3.62812	892.8
3.63392	902.652
3.63973	914.196
3.64553	913.141
3.65134	920.023	233.486
3.65714	925.353	233.217
3.66295	938.27	234.161
3.66875	951.918	237.293
3.67456	960.201	233.891
3.68036	959.093	229.74
3.68617	959.647	216.221
3.69197	959.647	210.794
3.69778	955.775	210.187
3.70358	952.468	213.614
3.70939	948.077	210.916
3.71519	932.866	201.392
3.721	922.151	199.539
3.7268	894.865	194.981
3.73261	880.509	192.742
3.73841	873.417	189.212
3.74422	869.892	197.475
3.75002	871.401	205.267
3.75583	871.905	212.752
3.76163	883.565
3.76744	873.921
3.77324	894.865
3.77905	906.833
3.78485	925.887
3.79066	922.151
3.79646	930.176
3.80227	937.728
3.80807	943.161
3.81388	945.888
3.81968	953.018
3.82549	956.327
3.83129	955.775
3.8371	950.269
3.8429	949.172
3.84871	946.982
3.85451	943.161
3.86032	933.405
3.86612	914.196
3.87193	891.769
3.87773	880
3.88354	870.898
3.88934	867.885
3.89515	873.921
3.90095	863.884
3.90676	866.883
3.91256	880
3.91837	869.892
3.92417	884.587
3.92998	869.892
3.93578	864.882
3.94159	897.453
3.94739	901.089
3.9532	927.493
3.959	938.27
3.96481	925.887
3.97061	929.639
3.97642	897.972
3.98222	948.624
3.98803	986.056
3.99383	942.072
3.99964	897.972
4.00544	873.921
4.01125	862.886
4.01705	846.594
4.02286	868.888
4.02866	883.055
4.03447	910.507
4.04027	906.309
4.04608	924.819
4.05188	878.984
4.05769	909.456
4.06349	917.9
4.0693	926.958
4.0751	926.422
4.08091	957.985
4.08671	944.251
4.09252	933.945	189.54
4.09832	922.684	186.931
4.10413	913.141	182.45
4.10993	907.357	180.459
4.11574	944.251	176.847
4.12154	919.492	180.251
4.12735	943.706	178.386
4.13315	969.676	176.847
4.13896	951.918	176.847
4.14476	936.105	179.005
4.15057	979.811	174.513
4.15637	976.985	175.727
4.16218	992.915	176.439
4.16798	175.626
4.17379	174.917
4.17959	174.01
4.1854	171.416
4.1912	168.666
4.19701	173.508
4.20281	174.111
4.20862	175.423
4.21442	175.829
4.22023	175.93
4.22603	175.93
4.23184	182.978
4.23764	180.459
4.24345	182.24
4.24925	181.295
4.25506	182.45
4.26086	186.284
4.26667	184.784
4.27247	184.784
4.27828	182.767
4.28408	184.677
4.28989	184.038
4.29569	185.747	429.702
4.3015	179.938	426.487
4.3073	178.902	427.227
4.31311	180.667	442.038
4.31891	180.772	441.273
4.32472	185.318	438.731
4.33052	180.667	434.695
4.33633	422.32
4.34213	431.194
4.34794	436.961
4.35374	425.503
4.35955	416.506
4.36535	419.403
4.37116	416.265
4.37696	414.825
4.38277	413.629
4.38857	406.758
4.39438	407.463
4.40018	402.551
4.40599	404.883
4.41179	388.838
4.4176	390.188
4.4234	392.449
4.42921	398.157	345.217
4.43501	402.783	344.023
4.44082	406.288	344.023
4.44662	402.551	346.215
4.45243	391.995	346.816
4.45823	391.995	351.454
4.46404	396.779	348.422
4.46984	398.617	344.619
4.47565	406.993	347.819
4.48145	410.297	346.616
4.48726	416.025	347.819
4.49306	408.878	351.657
4.49887	415.065	350.036
4.50467	423.542	345.616
4.51048	411.484	345.416
4.51628	396.55	352.471
4.52209	385.484	355.333
4.52789	389.963	359.877
4.5337	359.461
4.5395	351.86
4.54531	355.949
4.55111	352.471
4.55692	349.43
4.56272	353.694
4.56853	350.441
4.57433	346.215
4.58014	354.717
4.58594	349.027
4.59175	359.461
4.59755	360.918
4.60336	360.709
4.60916	361.544
4.61497	366.167
4.62077	367.651	406.054
4.62658	364.058	405.819
4.63238	345.816	393.811
4.63819	349.834	390.639
4.64399	343.229	393.584
4.6498	340.464	374.943
4.6556	342.437	375.593
4.66141	346.616	377.115
4.66721	351.657	383.042
4.67302	349.228	387.269
4.67882	346.016	381.938
4.68463	347.618	372.353
4.69043	343.625	376.679
4.69624	344.42	387.941
4.70204	341.055	400.232
4.70785	337.527	423.786
4.71365	345.217	423.786
4.71946	347.618	418.193
4.72526	348.02	413.629
4.73107	358.218
4.73687	351.454
4.74268	343.031	709.025
4.74848	347.819	700.072
4.75429	356.978	717.264
4.76009	349.228	701.286
4.7659	344.619	730.223
4.7717	336.943	697.65
4.77751	335.777	713.957
4.78331	328.677	690.035
4.78912	340.071	686.061
4.79492	344.818	689.239
4.80073	344.818	692.031
4.80653	347.417	684.478
4.81234	346.816	692.431
4.81814	341.055	698.86
4.82395	343.229	702.097
4.82975	342.634	704.128
4.83556	338.895	706.164
4.84136	344.619	712.309
4.84717	342.437	707.798
4.85297	355.333	696.04
4.85878	355.949	711.487
4.86458	349.632	709.435
4.87039	354.103	698.456
4.87619	343.824	688.045	934.484
4.882	337.527	676.616	930.713
4.8878	343.625	674.664	930.713
4.89361	650.555	924.819
4.89941	652.06	915.781
4.90522	655.08	912.613	279.433
4.91102	654.701	911.033	280.08
4.91683	663.074	925.887	282.517
4.92263	667.686	918.961	282.68
4.92844	660.398	928.029	282.68
4.93424	646.808	937.728	283.17
4.94005	661.162	906.833	283.989
4.94585	661.544	928.029	282.68
4.95166	637.166	947.529	284.482
4.95746	649.053	928.029	284.153
4.96327	661.162	921.619	284.318
4.96907	672.719	931.789	285.634
4.97487	678.573	929.639	286.13
4.98068	666.53	938.812	286.792
4.98649	670.779	939.355	287.123
4.99229	661.544	936.105	288.287
4.9981	676.225	945.888	289.12
5.0039	672.33	940.984	289.455
5.00971	680.535	942.072	289.789
5.01551	671.942	937.187	289.622
5.02132	673.107	937.187	289.789
5.02712	670.779	938.27	290.795
5.03293	666.145	932.328	292.311
5.03873	926.958	293.326	693.231
5.04454	927.493	293.156	688.841
5.05034	898.491	294.174	682.11
5.05615	919.492	295.366	691.631
5.06195	926.958	296.049	687.648
5.06776	923.217	294.684	698.053
5.07356	942.616	294.344	704.942
5.07936	946.435	293.495	659.255
5.08517	916.311	287.621	684.873
5.09097	914.196	277.023	685.269
5.09678	905.786	290.627	682.898
5.10258	887.145	302.444	655.08
5.10839	894.865	302.444	656.974
5.11419	884.587	300.182	657.734
5.12	865.382	286.792	650.555
5.1258	925.353	286.461	678.181
5.13161	912.613	290.292	662.309
5.13741	283.498	657.354
5.14322	298.453	651.307	373.214
5.14902	653.568	360.293
5.15483	639.009	359.877
5.16063	633.131	355.538
5.16644	646.808	357.185
5.17225	629.484	353.286	702.503
5.17805	623.333	352.064	700.072
5.18385	625.497	349.632	696.442
5.18966	634.229	346.816	693.632
5.19546	639.748	344.619	684.873
5.20127	621.535	346.816	652.813
5.20707	626.944	348.825	687.648
5.21288	626.944	346.215	691.232
5.21868	647.93	343.824	693.632
5.22449	667.686	340.661	688.045
5.23029	691.631	338.112	694.033
5.2361	691.631	342.041	684.082
5.2419	685.269	341.252	683.293
5.24771	341.252	685.269
5.25351	334.615	687.251
5.25932	326.407	692.831
5.26512	335.389	696.442
5.27093	335.583	691.232
5.27673	344.221	696.845
5.28254	352.471	694.033
5.28834	345.217	696.442
5.29415	349.228	698.86
5.29995	349.027	700.477
5.30576	353.694	706.164
5.31156	346.415	700.477
5.31737	339.286	716.022
5.32317	340.858	714.782
5.32898	341.646	714.782
5.33478	346.215	713.133	240.328
5.34059	341.844	709.435	240.467
5.34639	335.196	715.608	239.22
5.3522	329.437	696.845	237.705
5.358	338.112	702.503	237.43
5.36381	333.843	703.721	236.609
5.36961	339.09	710.665	235.246
5.37542	332.688	708.616	235.382
5.38122	337.917	712.721	235.518
5.38703	331.729	704.534	232.947
5.39283	339.679	699.668	232.678
5.39864	340.858	690.035	230.938
5.40444	335.002	690.035	232.275
5.41025	322.099	697.65	231.873
5.41605	700.072	229.74
5.42186	695.638	230.139
5.42766	695.236	230.405
5.43347	697.247	227.758
5.43927	692.831	229.078
5.44508	694.033	229.21
5.45088	689.239	228.022
5.45669	695.638	228.813
5.46249	694.835	229.342
5.4683	696.442	229.475
5.4741	693.632	230.405
5.47991	690.035	230.405
5.48571	690.833	230.405
5.49152	686.061	230.405
5.49732	685.665	230.538
5.50313	688.045	233.891
5.50893	708.616	236.745
5.51474	694.434	234.432
5.52054	697.247	235.382
5.52635	681.322	236.199
5.53215	690.035	230.405
5.53796	690.833	231.205
5.54376	689.637	232.007
5.54957	698.456	234.026
5.55537	696.442	232.947
5.56118	696.442	235.654
5.56698	698.456
5.57279	702.097
5.57859	703.315
5.5844	699.668
5.5902	688.443
5.59601	701.286
5.60181	697.65
5.60762	688.045
5.61342	697.65
5.61923	698.86
5.62503	695.236
5.63084	688.045
5.63664	684.478
5.64245	691.232
5.64825	696.845
5.65406	688.841
5.65986	691.232
5.66567	684.873
5.67147	689.239
5.67728	694.033
5.68308	688.443
5.68889	693.632
5.69469	699.264
5.7005	705.349
5.7063	706.572
5.71211	706.572
5.71791	708.207
5.72372	712.721
5.72952	716.022
5.73533	715.195
5.74113	708.207
5.74694	708.207
5.75274	697.247
5.75855	700.881
5.76435	703.721
5.77016	698.86
5.77596	691.232
5.78177	686.457
5.78757	690.035
5.79338	695.236
5.79918	694.033
5.80499	690.035
5.81079	685.269
5.8166	687.648	908.931
5.8224	696.845	919.492
5.82821	679.75	908.406
5.83401	686.457	916.84
5.83982	697.65	935.564
5.84562	687.648	941.528
5.85143	700.072	940.984
5.85723	701.286	937.187
5.86304	707.798	907.357
5.86884	703.721	922.151
5.87465	701.692	933.945
5.88045	700.881	935.024
5.88626	704.128	942.616
5.89206	709.845	944.796
5.89787	707.389	936.646
5.90367	710.665	948.077
5.90948	702.503	941.528
5.91528	696.04	929.102
5.92109	694.835	928.565
5.92689	688.443	920.555
5.9327	696.442	923.751
5.9385	695.236	928.029
5.94431	688.841	932.866
5.95011	694.033	925.887
5.95592	687.648	933.405
5.96172	692.831	940.984
5.96753	695.236	926.422
5.97333	692.831	918.961
5.97914	695.236	932.866
5.98494	701.692	938.812
5.99075	705.349	943.706
5.99655	705.349	944.796
6.00236	711.898	943.161
6.00816	711.898	946.435
6.01397	700.881	952.468
6.01977	712.721	954.12
6.02558	708.616	950.269
6.03138	709.025	950.269
6.03719	713.545	949.721
6.04299	715.195	948.624
6.0488	708.616	946.982
6.0546	703.721	944.796
6.06041	736.152	936.646
6.06621	746.859	931.789
6.07202	702.503	940.984
6.07782	701.692	939.897
6.08363	708.207	946.435
6.08943	704.942	937.187
6.09524	709.025	970.797
6.10104	715.195	942.616
6.10685	703.721	941.528
6.11265	706.164	946.435
6.11846	707.798	956.327
6.12426	690.833	926.422
6.13007	704.942	931.251
6.13587	709.025	952.468
6.14168	947.529
6.14748	944.251
6.15329	918.43
6.15909	930.713
6.1649	935.024
6.1707	955.222
6.17651	1005.61
6.18231	962.979
6.18812	988.337
6.19392
6.19973
6.20553
6.21134
6.21714
6.22295
6.22875	262.382
6.23456	264.36
6.24036	265.431
6.24617	267.123
6.25197	270.852
6.25778	271.322
6.26358	271.792
6.26939	274.633
6.27519	276.224
6.281	277.343	232.678
6.2868	277.824	231.472
6.29261	277.824	230.671
6.29841	280.08	215.971
6.30422	280.89	214.108
6.31002	276.064	229.078
6.31583	284.975	228.153
6.32163	281.539	228.285
6.32744	286.461	228.285
6.33324	288.287	228.285
6.33905	289.455	227.89
6.34485	284.153	229.078
6.35066	281.052	229.74
6.35646	294.004	230.405
6.36227	290.795	231.739
6.36807	290.795	232.947
6.37388	284.153	234.568
6.37968	285.8	233.082
6.38549	272.106	232.141
6.39129	232.947
6.3971	232.141
6.4029	232.007
6.40871	235.926
6.41451	235.246
6.42032	234.568
6.42612	234.568
6.43193
6.43773
6.44354
6.44934
6.45515
6.46095
6.46676
6.47256
6.47837
6.48417
6.48998
6.49578
6.50159
6.50739	244.529
6.5132	262.534
6.519	264.971
6.52481	263.141
6.53061	265.738
6.53642	266.199
6.54222	265.431
6.54803	267.432
6.55383	267.432
6.55964	269.292
6.56544	268.515
6.57125	267.432
6.57705	270.852
6.58286	269.915
6.58866	271.165
6.59447	273.841
6.60027	273.051
6.60608	275.905
6.61188	276.543
6.61769	278.788
6.62349	283.661
6.6293	283.989
6.6351	287.954
6.64091	293.834
6.64671	289.957
6.65252	293.326
6.65832	294.174
6.66413	295.195
6.66993	293.156
6.67574	284.975
6.68154	285.47
6.68735	280.727
6.69315	273.367
6.69896	274.633
6.70476	276.064
6.71057	277.183
6.71637	274.316
6.72218	283.17
6.72798	285.47
6.73379	277.183
6.73959	277.824
6.7454	279.272
6.7512	270.071
6.75701	274.157
6.76281	271.165
6.76862	275.586
6.77442
6.78023
6.78603
6.79184
6.79764
6.80345
6.80925
6.81506
6.82086
6.82667
6.83247
6.83828
6.84408
6.84989
6.85569
6.8615
6.8673
6.87311
6.87891
6.88472
6.89052
6.89633
6.90213
6.90794
6.91374
6.91955
6.92535	935.564
6.93116	936.105
6.93696	928.565
6.94277	921.087
6.94857	920.023
6.95438	923.217
6.96018	926.422
6.96599	940.441
6.97179	926.422
6.9776	920.555
6.9834	906.309
6.98921	926.422
6.99501	914.724
7.00082	914.196
7.00662	931.789
7.01243	926.422
7.01823	937.187
7.02404	954.671
7.02984	933.945
7.03565	926.422
7.04145	941.528
7.04726	936.105
7.05306	896.935
7.05887	951.368
7.06467	930.176
7.07048	921.087
7.07628	926.958
7.08209	956.879
7.08789	945.888
7.0937	950.269
7.0995	945.888
7.10531	937.187
7.11111	913.141
7.11692	916.84
7.12272	935.024
7.12853	946.435
7.13433	964.092
7.14014	945.888
7.14594	936.646
7.15175	931.251
7.15755	931.251
7.16336	937.187
7.16916	949.721
7.17497	944.796
7.18077	936.105
7.18658	953.569
7.19238	971.92
7.19819	935.024
7.20399	930.713
7.2098	948.077
7.2156	931.789
7.22141	942.616
7.22721	914.724
7.23302	937.728
7.23882	916.311
7.24463	935.024
7.25043	957.985
7.25624
7.26204
7.26785
7.27365
7.27946
7.28526
7.29107
7.29687
7.30268
7.30848
7.31429
7.32009
7.3259
7.3317
7.33751
7.34331
7.34912
7.35492
7.36073
7.36653
7.37234
7.37814
7.38395	369.354
7.38975	371.279
7.39556	365.956
7.40136	360.918
7.40717	380.616
7.41297	385.707
7.41878	396.55
7.42458	392.902
7.43039	392.449
7.43619	397.467	238.944
7.442	385.929	246.799
7.4478	387.941	258.173
7.45361	378.424	265.278
7.45941	365.745	270.695
7.46522	372.568	272.263
7.47102	373.43	272.578
7.47683	368.714	264.207
7.48263	365.533	260.269
7.48844	354.513	264.207
7.49424	355.333	272.106
7.50005	274.633
7.50585	275.905
7.51166	269.915
7.51746	262.686
7.52327	262.534
7.52907	262.989
7.53487	264.818
7.54068	272.578
7.54648	273.209
7.55229	278.627
7.55809	287.621
7.5639	286.295
7.56971	293.495
7.57551	290.292
7.58132	284.153
7.58712	277.343
7.59293	283.007
7.59873	284.811
7.60454	287.954	314.197
7.61034	289.957	322.285
7.61615	288.287	336.359
7.62195	297.42	337.527
7.62776	294.344	344.818
7.63356	295.878	336.359	271.478
7.63936	300.182	335.196	255.65
7.64517	314.197	340.071	256.538
7.65097	314.197	339.679	263.598
7.65678	324.902	342.437	264.665
7.66258	324.902	342.041	267.586
7.66839	339.09	271.322
7.67419	344.818	262.989
7.68	342.239	263.902
7.6858	339.286	266.814
7.69161	346.616	269.603
7.69741	343.031	274.157
7.70322	339.286	277.023
7.70902	348.624	262.686
7.71483	344.818	263.293
7.72063	340.268	262.382
7.72644	341.252	260.57
7.73224	347.217	262.534
7.73805	347.819	271.635
7.74385	344.221	274.316
7.74966	350.643	277.984
7.75546	344.42	273.525
7.76127	348.422	278.306
7.76707	351.657	281.539
7.77288	347.618	272.106
7.77868	348.422	277.663
7.78449	352.674	286.461
7.79029	347.016	273.999
7.7961	349.027	267.123
7.8019	349.43
7.80771	348.221
7.81351	350.036
7.81932	352.064
7.82512	354.922
7.83093	352.471
7.83673	352.878
7.84254	354.308
7.84834	351.454
7.85415	349.632
7.85995	355.538
7.86576	350.846
7.87156	349.027
7.87737	347.618
7.88317	349.228
7.88898	347.618
7.89478	346.215
7.90059	345.816
7.90639	348.624
7.9122	348.02
7.918	346.616
7.92381	346.016
7.92961	347.417
7.93542	350.238
7.94122	349.027
7.94703	348.221
7.95283	351.454
7.95864	351.86
7.96444	351.251
7.97025	348.825
7.97605	347.819
7.98186	344.619
7.98766	335.971
7.99347	337.137
7.99927	344.221
8.00508	344.42
8.01088	341.646
8.01669	337.527
8.02249	336.554
8.0283	331.537
8.0341	328.297
8.03991	325.089
8.04571	320.059
8.05152	322.099
8.05732	323.591
8.06313	318.767
8.06893	313.834
8.07474	316.931
8.08054	321.913
8.08635	319.505
8.09215	315.47
8.09796	317.298
8.10376	314.56
8.10957	311.847
8.11537	310.409
8.12118	311.127
8.12698	315.288
8.13279	318.032
8.13859	318.215
8.1444	313.472
8.1502	308.621
8.15601	314.56
8.16181	316.748
8.16762	322.285
8.17342	322.844
8.17923	323.404
8.18503	328.867
8.19084	337.527
8.19664	355.538
8.20245	321.913
8.20825	316.748
8.21406	309.872
8.21986
8.22567
8.23147
8.23728
8.24308
8.24889
8.25469
8.2605	398.387
8.2663	386.822
8.27211	382.6
8.27791	387.493
8.28372	388.614
8.28952	372.353
8.29533	371.065
8.30113	366.167
8.30694	363.428
8.31274	360.085
8.31855	356.566
8.32435	356.36
8.33016	353.49
8.33596	351.251
8.34177	350.441
8.34757	351.251
8.35338	350.643
8.35918	350.238
8.36499	350.441
8.37079	353.286
8.3766	354.513
8.3824	354.103
8.38821	351.657
8.39401	354.717
8.39982	353.082
8.40562	345.018
8.41143	340.071
8.41723	341.646
8.42304	339.286
8.42884	332.304
8.43465
8.44045
8.44626
8.45206
8.45787
8.46367
8.46948
8.47528
8.48109
8.48689	261.173
8.4927	263.902
8.4985	270.383
8.50431	269.292
8.51011	275.427
8.51592	278.466
8.52172	281.214
8.52753	283.334	568.307
8.53333	283.825	569.951
8.53914	285.965	571.929
8.54494	288.12	575.907
8.55075	289.789	578.241
8.55655	291.468	582.599
8.56236	292.142	583.61
8.56816	292.48	582.599
8.57397	292.649	582.936
8.57977	294.344	582.936
8.58558	295.707	588.688
8.59138	293.156	574.247
8.59719	294.855	586.651
8.60299	289.789	586.99
8.6088	290.124	582.263
8.6146	289.957	578.909
8.62041	285.14	583.947
8.62621	576.573
8.63202	578.241
8.63782	574.247
8.64363
8.64943
8.65524
8.66104
8.66685
8.67265
8.67846
8.68426
8.69007
8.69587
8.70168
8.70748
8.71329
8.71909
8.7249
8.7307
8.73651
8.74231
8.74812
8.75392
8.75973	451.065
8.76553	453.416
8.77134	451.326
8.77714	444.599
8.78295	450.024
8.78875	454.728
8.79456	450.284
8.80036	447.95
8.80617	450.805
8.81197	451.848
8.81778	448.727
8.82358	446.142
8.82939	445.113
8.83519	445.627
8.841	447.691
8.8468	448.209
8.85261	445.627
8.85841	445.113
8.86422	445.37
8.87002	434.695
8.87583	419.161
8.88163	414.346
8.88744	417.469
8.89324	406.758
8.89905	408.406
8.90485	401.622
8.91066	392.449
8.91646	402.783
8.92227	391.543
8.92807	383.707
8.93388	383.485
8.93968	369.994
8.94549	364.058
8.95129	357.185
8.9571	357.185
8.9629	360.293
8.96871
8.97451
8.98032	223.975
8.98612	225.403
8.99193	225.142
8.99773	225.012
9.00354	225.533
9.00934	226.185
9.01515	226.316
9.02095	227.627
9.02676	227.101
9.03256	226.839
9.03837	226.708
9.04417	225.663
9.04998	225.663
9.05578	225.663
9.06159	225.012
9.06739	234.432
9.0732
9.079
9.08481
9.09061
9.09642
9.10222
9.10803
9.11383
9.11964
9.12544
9.13125
9.13705
9.14286
9.14866
9.15447
9.16027
9.16608
9.17188
9.17769
9.18349
9.1893
9.1951
9.20091
9.20671
9.21252
9.21832
9.22413
9.22993
9.23574
9.24154
9.24735
9.25315
9.25896
9.26476
9.27057
9.27637
9.28218
9.28798
9.29379
9.29959
9.3054
9.3112
9.31701
9.32281
9.32862
9.33442
9.34023	309.156
9.34603	310.588
9.35184	316.748
9.35764	303.845
9.36345	311.127
9.36925	311.127
9.37506	313.834
9.38086	312.929
9.38667	312.388
9.39247	314.379
9.39828	311.127
9.40408	311.127
9.40989	325.089
9.41569	327.918
9.4215	326.784
9.4273	327.918
9.43311	329.057
9.43891	325.653
9.44472	327.918	222.556
9.45052	332.496	226.577
9.45633	325.841	228.813
9.46213	327.54	232.007
9.46794	323.591	234.839
9.47374	324.527	238.668
9.47955	335.389	241.58
9.48535	326.03	245.945
9.49116	327.54	245.803
9.49696	331.729	244.811
9.50277	327.729	245.519
9.50857	312.388	241.441
9.51438	238.53
9.52018	240.467
9.52599	243.542
9.53179	243.542
9.5376	243.542
9.5434	247.513
9.54921	248.372
9.55501	247.942
9.56082	246.657
9.56662	241.999
9.57243	247.942
9.57823	247.799
9.58404	246.799
9.58984	246.799
9.59565	247.942
9.60145	254.471
9.60726	256.982
9.61306	267.741
9.61887	279.918
9.62467	295.878
9.63048	309.514
9.63628	224.752
9.64209	225.663
9.64789	227.627
9.6537	231.071
9.6595	230.938
9.66531	230.538
9.67111	230.938
9.67692	230.006
9.68272	229.608
9.68853	226.316
9.69433	222.556
9.70014	221.147
9.70594	219.619
9.71175	218.986
9.71755	218.607
9.72336	218.354
9.72916	218.859
9.73497	218.48
9.74077	219.619
9.74658	221.274
9.75238	223.716
9.75819	221.402
9.76399	221.147
9.7698	220.891
9.7756	221.274
9.78141	218.986
9.78721	217.348
9.79302	219.239
9.79882	219.239
9.80463	225.403
9.81043	226.97
9.81624	225.403
9.82204	228.417
9.82785	232.813
9.83365	228.285
9.83946	227.758
9.84526	228.681
9.85107	227.627
9.85687	226.839
9.86268	226.577
9.86848	223.587
9.87429	228.022
9.88009	230.538	379.299
9.8859	230.938	403.482
9.8917	230.538	402.783
9.89751	239.635	407.228
9.90331	238.668	380.396
9.90912	241.58	406.758
9.91492	235.382	409.114	637.166
9.92073	223.846	405.351	611.917
9.92653	226.316	404.883	610.858
9.93234	231.338	405.117	614.752
9.93814	237.43	408.17	633.863
9.94394	244.953	405.819	639.379
9.94975	247.227	418.919	607.34
9.95555	248.947	439.492	616.174
9.96136	247.084	438.478	625.136
9.96716	246.514	454.728	640.117
9.97297	246.514	433.692	665.761
9.97878	244.246	452.37	671.554	334.036
9.98458	238.944	451.848	675.054	337.917
9.99039	228.022	442.038	681.322	342.634
9.99619	687.648	343.427
10.002	691.631	345.616
10.0078	695.638	347.217
10.0136	679.357	347.819
10.0194	686.457	349.228
10.0252	693.632	347.819
10.031	697.247	348.221
10.0368	702.908	349.632
10.0426	685.665	343.824
10.0484	680.535	342.437
10.0542	682.11	341.449
10.06	674.664	348.825
10.0659	671.554	338.503
10.0717	677.007	342.437
10.0775	673.107	339.482
10.0833	684.082	342.634
10.0891	691.631	345.018
10.0949	690.434	345.416
10.1007	689.637	346.816
10.1065	691.232	348.221
10.1123	698.053	349.632
10.1181	707.798	351.657
10.1239	713.133	355.127
10.1297	715.608	356.566
10.1355	718.923	357.804
10.1413	723.505	362.589
10.1471	729.801	361.962
10.1529	734.029	360.918
10.1587	718.508	359.461
10.1645	715.608	360.293
10.1703	715.608	360.293
10.1761	715.608	358.218
10.1819	713.545	358.011
10.1878	712.309	354.513
10.1936	703.315	350.238
10.1994	694.835	346.816
10.2052	693.231	345.416
10.211	692.831	344.023
10.2168	688.443	344.619
10.2226	687.648	346.415
10.2284	690.035	345.217
10.2342	692.831	344.619
10.24	688.841	344.221
10.2458	692.431	346.215
10.2516	696.04	344.42
10.2574	692.831	344.42
10.2632	689.637	345.816
10.269	694.835	346.215
10.2748	693.632	346.415
10.2806	693.231	348.624
10.2864	693.231	347.819
10.2922	703.315	348.422
10.298	694.835	347.417
10.3039	696.845	347.016
10.3097	694.434	354.103
10.3155	696.04	347.016
10.3213	697.247	349.43
10.3271	704.942	352.267
10.3329	706.572	354.308
10.3387	703.721	355.333
10.3445	708.207	355.127
10.3503	707.798	352.878
10.3561	690.434	352.878
10.3619	705.756	358.218
10.3677	706.572	351.454
10.3735	704.942	351.86
10.3793	693.231	347.618
10.3851	699.264	354.308
10.3909	693.632	351.86
10.3967	688.443	344.221
10.4025	692.031	349.834
10.4083	702.097	342.634
10.4141	671.942	341.055
10.42	645.315	344.619
10.4258	656.974	346.016
10.4316	648.304	338.112
10.4374	636.431	357.391
10.4432	634.595	358.839
10.449	646.061	349.834
10.4548	646.434	350.238
10.4606	639.748	349.027
10.4664	351.454
10.4722	349.834
10.478	346.016
10.4838	347.016
10.4896	345.416
10.4954	344.023
10.5012	345.416	691.631
10.507	351.251	688.443
10.5128	343.625	687.648
10.5186	346.616	682.504
10.5244	339.286	680.929
10.5302	334.809	663.074
10.5361	343.031	653.945
10.5419	347.417	616.53
10.5477	345.616	627.669
10.5535	343.031	632.4
10.5593	354.513	629.121
10.5651	349.228	630.94
10.5709	353.286	649.428
10.5767	356.978	679.357
10.5825	342.832	676.616
10.5883	330.009	637.903
10.5941	328.297	626.944
10.5999	347.618	630.212
10.6057	350.846	629.848
10.6115	341.055	612.625
10.6173	340.858
10.6231	346.816
10.6289	331.729
10.6347	348.825
10.6405	341.252
10.6463	344.619
10.6522	342.239
10.658	330.963
10.6638
10.6696
10.6754
10.6812
10.687
10.6928
10.6986
10.7044
10.7102	238.392
10.716	238.944
10.7218	240.467
10.7276	241.302
10.7334	240.606
10.7392	238.806
10.745	237.43
10.7508	232.678
10.7566	228.681
10.7624	225.272
10.7683	225.793
10.7741	217.85
10.7799	214.851
10.7857	213.367
10.7915	212.506
10.7973	213.614
10.8031	215.971
10.8089	217.222
10.8147	217.599
10.8205	212.629
10.8263	211.526
10.8321	201.624
10.8379	214.479
10.8437	224.104
10.8495	231.071
10.8553	231.873
10.8611	230.139
10.8669	229.475
10.8727	229.475
10.8785	238.53
10.8844	237.156
10.8902	236.063
10.896	233.351
10.9018	231.472
10.9076	235.926
10.9134	238.668
10.9192	238.117
10.925	247.799
10.9308	250.1
10.9366	262.079
10.9424
10.9482
10.954
10.9598
10.9656
10.9714
10.9772	194.419
10.983	196.224
10.9888	198.619
10.9946	197.818
11.0005	192.742
11.0063	205.861
11.0121	210.794
11.0179	216.721
11.0237	220.891
11.0295	223.716
11.0353	235.654
11.0411	232.141
11.0469	221.786
11.0527	214.231
11.0585	218.102
11.0643	218.48
11.0701	224.752	202.675
11.0759	230.006	203.496
11.0817	237.705	201.857
11.0875	233.756	197.361
11.0933	233.756	200
11.0991	233.351	197.932
11.1049	231.472	197.589
11.1107	240.745	196.906
11.1166	235.518	196.678
11.1224	239.082	197.932
11.1282	236.336	199.193
11.134	243.683	199.193
11.1398	197.932
11.1456	191.964
11.1514	190.528
11.1572	191.521
11.163	192.186
11.1688	191.19
11.1746	194.981
11.1804	189.103
11.1862	191.964
11.192	189.869
11.1978	191.3
11.2036	193.523
11.2094	191.3
11.2152	188.122
11.221	195.545
11.2268	198.046
11.2327	201.974
11.2385	210.308
11.2443	225.012
11.2501	223.846
11.2559	227.758
11.2617	231.739
11.2675	232.947
11.2733	236.609
11.2791	236.609
11.2849	231.205
11.2907	228.022
11.2965	232.813
11.3023	233.082
11.3081	224.752
11.3139	217.222
11.3197	209.58
11.3255	216.096	337.137
11.3313	218.607	332.112
11.3371	225.403	335.002
11.3429	336.359
11.3488	335.583
11.3546	336.943
11.3604	348.624
11.3662	340.858
11.372	338.503
11.3778	349.632
11.3836	350.238
11.3894	339.875
11.3952	346.016
11.401	348.624
11.4068	342.634
11.4126	341.055
11.4184	342.634
11.4242	342.239
11.43	353.899
11.4358	345.816
11.4416	350.441
11.4474	354.922
11.4532	353.899
11.459	364.269
11.4649	379.518
11.4707	372.568
11.4765	373.645
11.4823	387.941
11.4881	400.926
11.4939
11.4997
11.5055
11.5113
11.5171
11.5229
11.5287
11.5345
11.5403
11.5461
11.5519
11.5577
11.5635
11.5693
11.5751	272.106
11.581	256.982
11.5868	264.818
11.5926	272.893
11.5984	290.795
11.6042	308.265
11.61	301.572
11.6158	304.021
11.6216	313.472
11.6274	324.152
11.6332	325.277
11.639	329.818
11.6448	336.748
11.6506	336.943
11.6564	335.002
11.6622	335.002
11.668	335.583
11.6738	332.88
11.6796	330.581
11.6854	330.39
11.6912	328.867
11.6971	328.108
11.7029	327.54
11.7087	327.54
11.7145	327.351
11.7203	327.918
11.7261	327.918
11.7319	328.297
11.7377	327.54
11.7435	326.218
11.7493	326.595
11.7551	327.54	328.487
11.7609	328.867	327.162
11.7667	322.658	322.658
11.7725	320.984	322.099
11.7783	319.32	321.727
11.7841	317.481	326.407
11.7899	314.56	327.351
11.7957	314.379	323.591
11.8015	325.089	326.973
11.8073	320.799	323.591
11.8132	324.902	324.714
11.819	320.984	323.591
11.8248	319.874	320.244
11.8306	323.965	317.481
11.8364	319.136	314.924
11.8422	313.834	312.749
11.848	305.076	308.087
11.8538	316.565	305.253
11.8596	322.471	319.505
11.8654	322.471	305.253
11.8712	305.782	299.316
11.877	298.625	293.834
11.8828	296.22	292.142
11.8886	310.588	305.605	292.142
11.8944	296.563	294.174	273.209
11.9002	297.249	295.878	268.515
11.906	296.734	266.353
11.9118	296.734	266.66
11.9176	301.921	270.071
11.9234	310.768	270.852
11.9293	308.443	273.525
11.9351	308.265	273.999
11.9409	309.693	275.745
11.9467	322.471	278.306
11.9525	331.346	279.756
11.9583	280.565
11.9641	280.727
11.9699	281.539
11.9757	281.702
11.9815	279.433
11.9873	279.272
11.9931	283.007
11.9989	284.482
12.0047	282.517
12.0105	282.843
12.0163	290.795
12.0221	295.366
12.0279	292.987
12.0337	295.707
12.0395	302.619
12.0454	308.087
12.0512	308.443
12.057	311.127
12.0628	312.568
12.0686	328.677
12.0744	331.154
12.0802	323.03
12.086	326.973
12.0918	326.784
12.0976	334.422
12.1034	336.165
12.1092	341.646
12.115	343.427
12.1208	339.875
12.1266	344.023
12.1324	348.624
12.1382	346.016
12.144	342.041
12.1498	326.973
12.1556	324.527
12.1615	322.658
12.1673	319.32
12.1731	320.614
12.1789	320.799
12.1847	321.355
12.1905	324.152	325.089
12.1963	323.217	324.152
12.2021	322.285	322.658
12.2079	323.778	324.339
12.2137	322.099	321.727
12.2195	318.032	321.541
12.2253	320.799	319.32
12.2311	318.767	317.114
12.2369	326.03	323.404
12.2427	323.965	323.404
12.2485	322.285	321.913
12.2543	320.059	319.874
12.2601	319.874
12.2659	327.351
12.2717	335.389
12.2776	338.308
12.2834	337.137
12.2892	338.308
12.295	341.055
12.3008	340.268
12.3066	340.661
12.3124	344.221
12.3182	342.437
12.324	344.619
12.3298	345.616
12.3356	346.616
12.3414	343.824
12.3472	342.832
12.353	347.016
12.3588	335.777
12.3646	335.777
12.3704	335.002
12.3762	336.943
12.382
12.3878
12.3937
12.3995
12.4053
12.4111
12.4169
12.4227
12.4285
12.4343
12.4401
12.4459
12.4517	309.156
12.4575	312.207
12.4633	320.429
12.4691	321.541
12.4749	323.217
12.4807	324.902
12.4865	324.902
12.4923	323.03
12.4981	323.778
12.5039	320.429
12.5098	312.568
12.5156	309.156
12.5214	307.731
12.5272	304.021
12.533	306.666
12.5388	298.798
12.5446	288.287
12.5504	289.12
12.5562	282.191
12.562	281.865
12.5678	288.287
12.5736	282.843
12.5794	282.517
12.5852	282.68
12.591	280.241
12.5968	283.825
12.6026	279.111
12.6084	273.999
12.6142	265.584
12.62	264.971
12.6258	261.474
12.6317	262.382
12.6375	259.518
12.6433	260.119
12.6491	259.369
12.6549	258.173
12.6607	254.324
12.6665	253.738
12.6723	249.523
12.6781	246.942
12.6839	241.162
12.6897	240.606
12.6955	234.432
12.7013	227.627
12.7071	223.329
12.7129	225.012
12.7187	226.054
12.7245	224.882
12.7303	223.329
12.7361	227.233	374.726
12.742	226.446	380.396
12.7478	227.101	378.424
12.7536	238.944	375.81
12.7594	232.007	359.877
12.7652	230.804	365.322
12.771	230.804	370.636
12.7768	227.101	369.354
12.7826	225.012	373.645
12.7884	226.054	371.923
12.7942	228.549	374.077
12.8	229.608	363.848
12.8058	228.549	360.501
12.8116	228.153	365.533
12.8174	227.89	354.103
12.8232	228.285	361.335
12.829	232.275	355.743
12.8348	227.495	347.819
12.8406	230.405	347.217
12.8464	231.205	351.251
12.8522	229.21	362.799
12.858	229.74	362.171
12.8639	230.671	364.479
12.8697	231.739	365.322
12.8755	231.739	364.058
12.8813	233.351	360.709
12.8871	246.657	367.863
12.8929	233.217	375.593
12.8987	232.947	379.738
12.9045	234.026	374.077
12.9103	234.161	364.69
12.9161	231.873	361.962
12.9219	228.417	367.014
12.9277	229.078	361.753
12.9335	362.38
12.9393	361.335
12.9451	364.269
12.9509	370.636
12.9567	363.638
12.9625
12.9683
12.9741
12.98
12.9858
12.9916
12.9974
13.0032
13.009
13.0148
13.0206
13.0264
13.0322
13.038
13.0438
13.0496
13.0554
13.0612
13.067
13.0728
13.0786
13.0844
13.0902
13.0961
13.1019
13.1077
13.1135
13.1193
13.1251
13.1309
13.1367
13.1425
13.1483
13.1541
13.1599
13.1657
13.1715
13.1773
13.1831
13.1889
13.1947
13.2005
13.2063
13.2122
13.218
13.2238
13.2296
13.2354
13.2412
13.247
13.2528
13.2586
13.2644
13.2702
13.276
13.2818
13.2876
13.2934
13.2992
13.305
13.3108
13.3166
13.3224
13.3283
13.3341
13.3399
13.3457
13.3515
13.3573
13.3631
13.3689
13.3747
13.3805
13.3863	255.207
13.3921	256.982
13.3979	256.686
13.4037	258.77
13.4095	260.419	521.441
13.4153	264.665	526.282
13.4211	263.445	527.195
13.4269	263.75	529.943
13.4327	266.66	531.783
13.4385	268.205	533.629
13.4444	267.895	534.863
13.4502	267.432	534.554
13.456	267.432	535.172
13.4618	269.447	535.172
13.4676	269.292	537.962
13.4734	271.635	544.213
13.4792	272.736	544.842
13.485	273.525	541.078
13.4908	274.474	547.049
13.4966	277.023	554.045
13.5024	278.627	556.933
13.5082	279.111	558.544
13.514	279.111	560.483
13.5198	281.214	561.779
13.5256	282.517	564.055
13.5314	283.007	566.014
13.5372	286.461	571.599
13.543	285.634	571.929
13.5488	284.482	576.573
13.5546	281.539	562.104
13.5605	279.272	558.544
13.5663	276.703	551.172
13.5721	273.367	546.417
13.5779	270.852	544.213
13.5837	267.586	532.397
13.5895	260.269	537.651
13.5953	255.355	550.536
13.6011	249.09	554.365
13.6069	244.387	554.365
13.6127	240.05	548.315
13.6185	239.496	547.681
13.6243	239.635	546.733
13.6301	233.082	538.273
13.6359	233.756	543.27	328.108
13.6417	236.336	539.829	319.689
13.6475	228.945	552.128	327.729
13.6533	225.403	546.102	326.407
13.6591	224.234	556.611	320.614
13.6649	228.549	578.575	325.465
13.6707	226.708	578.241	329.628
13.6766	228.813	569.951	331.92
13.6824	232.141	572.26	334.229
13.6882	239.358	581.59	334.422
13.694	228.813	607.34	335.777
13.6998	240.745	629.121	335.971
13.7056	236.199	335.196
13.7114	232.41	333.843
13.7172	233.756	333.843
13.723	240.328	333.843
13.7288	234.974	334.422
13.7346	229.475	333.65
13.7404	333.265
13.7462	331.729
13.752	333.65
13.7578	333.843	659.255
13.7636	333.843	652.813
13.7694	335.389	633.131
13.7752	338.699	675.444
13.781	339.482	679.75
13.7868	341.449	681.716
13.7927	341.844	682.898
13.7985	679.75	342.239
13.8043	692.431	344.619
13.8101	694.033	346.816
13.8159	689.637	346.016
13.8217	692.031	346.816
13.8275	697.247	348.221
13.8333	702.503	348.624
13.8391	704.942	350.441
13.8449	704.128	353.49
13.8507	709.845	352.878
13.8565	704.534	353.49
13.8623	704.534	353.49
13.8681	701.286	351.454
13.8739	703.721	351.86
13.8797	704.534	352.674
13.8855	706.98	350.643	323.591
13.8913	701.286	348.624	319.689
13.8971	698.053	348.624	327.54
13.9029	698.86	349.632	328.867
13.9088	691.232	349.632	329.247
13.9146	691.232	347.618	327.918
13.9204	707.389	355.743	328.487
13.9262	696.04	349.228	318.767
13.932	682.898	344.619	324.902
13.9378	684.873	341.055	331.92
13.9436	688.443	341.646	335.971
13.9494	688.443	343.427	343.229
13.9552	685.269	343.824	344.42
13.961	672.719	340.858	339.875
13.9668	683.687	339.875	338.699
13.9726	684.478	344.42	342.832
13.9784	686.457	343.427	343.229
13.9842	690.833	345.416	346.016
13.99	694.434	346.816	347.217
13.9958	698.86	348.02
14.0016	700.072	350.441
14.0074	709.435	353.899
14.0132	706.98	356.36
14.019	709.435	353.899
14.0249	705.756	352.471
14.0307	711.076	353.899
14.0365	708.616	354.513
14.0423	701.692	354.308
14.0481	704.128	348.825
14.0539	711.898	347.417
14.0597	711.487	351.454
14.0655	707.798	355.743
14.0713	706.98	355.743
14.0771	712.721	356.772
14.0829	711.487	357.185
14.0887	702.908	351.454
14.0945	700.881	350.441
14.1003	695.236	348.02
14.1061	692.831	347.618
14.1119	687.648	343.427
14.1177	684.082	340.071
14.1235	684.478	344.221
14.1293	683.293	342.239
14.1351	683.293	343.031
14.141	683.293	342.239
14.1468	683.293	345.616
14.1526	686.061	343.427
14.1584	689.637	341.844
14.1642	686.854	348.422
14.17	694.835	346.816
14.1758	693.632	346.415
14.1816	700.477	350.238
14.1874	700.072	350.036
14.1932	699.264	350.036
14.199	699.264	348.624
14.2048	716.849	357.598
14.2106	721.419	360.709
14.2164	713.957	357.598
14.2222	707.389	354.103
14.228	706.98	353.286
14.2338	718.923	359.669
14.2396	712.721	357.185
14.2454	707.389	353.286
14.2512	712.721	356.566
14.2571	711.898	355.333
14.2629	705.756	353.286
14.2687	700.881	349.834
14.2745	697.65	350.643
14.2803	689.637	348.422
14.2861	704.942	344.42	527.195
14.2919	692.031	342.832	541.078
14.2977	679.75	340.071	515.154
14.3035	664.608	334.422	517.54
14.3093	660.398	335.583	509.531
14.3151	667.686	335.971	500.778
14.3209	669.231	334.809	526.891
14.3267	661.926	331.537	496.744
14.3325	651.307	330.009	493.598
14.3383	666.53	332.304	495.026
14.3441	681.716	334.809	501.936
14.3499	669.231	334.229	501.936
14.3557	669.231	335.002	511.005
14.3615	664.224	336.165	514.262
14.3673	668.458	335.196	510.415
14.3732	681.322	337.332	500.199
14.379	685.269	341.844	501.067
14.3848	690.035	344.42	477.887
14.3906	698.053	348.825	488.493
14.3964	701.286	351.048	495.598
14.4022	698.053	349.834	489.623
14.408	703.315	353.49	497.319
14.4138	681.716	355.743
14.4196	703.315	356.772
14.4254	712.721	357.391
14.4312	711.076	357.185
14.437	711.898	355.127
14.4428	710.665	355.538
14.4486	710.255	356.772
14.4544	709.845	353.694
14.4602	703.721	350.643
14.466	691.631	347.217
14.4718	687.251	345.217
14.4776	693.632	346.616
14.4834	685.269	343.427
14.4893	677.398	336.748
14.4951	665.761	333.65
14.5009	669.231	335.196
14.5067	671.942	332.88	505.427
14.5125	674.664	335.971	483.44
14.5183	698.053	334.422	501.646
14.5241	673.107	336.359	511.891
14.5299	671.942	335.583	495.026
14.5357	671.942	336.359	503.97
14.5415	671.554	335.583	519.637
14.5473	676.616	337.527	507.475
14.5531	677.007	337.527	506.596
14.5589	687.251	344.023	514.262
14.5647	692.831	346.816	515.749
14.5705	696.04	347.618	516.047
14.5763	692.431	350.036	493.313
14.5821	687.251	353.899	499.622
14.5879	709.025	355.127	495.026
14.5937	710.255	354.308	489.623
14.5995	713.133	357.185	508.649
14.6054	717.264	357.598	525.978
14.6112	715.195	356.772	525.068
14.617	719.338	361.753	537.03
14.6228	716.022	357.804
14.6286	710.255	355.538
14.6344	710.255	355.127
14.6402	717.264	359.669
14.646	704.942	353.899
14.6518	697.247	348.221
14.6576	696.442	348.422
14.6634	695.236	347.217
14.6692	686.854	343.229
14.675	696.442	341.252
14.6808	680.142	342.832
14.6866	676.225	338.503
14.6924	683.687	335.002
14.6982	687.648	334.809
14.704	695.638	335.971
14.7098	674.664	335.971
14.7156	671.554	335.583
14.7215	670.779	336.165
14.7273	672.33	335.971
14.7331	671.554	335.002
14.7389	668.458	333.843
14.7447	683.293	336.554
14.7505	682.11	336.165
14.7563	677.007	331.729
14.7621	684.082	342.437
14.7679	698.86	349.027
14.7737	705.756	351.454
14.7795	702.503	351.86
14.7853	698.456	347.618
14.7911	705.349	351.657
14.7969	709.025	355.333
14.8027	711.076	355.949
14.8085	714.369	358.425
14.8143	717.678	358.218
14.8201	718.923	357.804
14.8259	711.076	357.185
14.8317	706.572	353.286
14.8376	706.572	352.267
14.8434	704.534	352.878
14.8492	704.534	354.308
14.855	708.616	355.127
14.8608	696.442	348.825
14.8666	692.031	345.616
14.8724	693.632	346.215
14.8782	693.632	344.818
14.884	688.045	345.018
14.8898	692.031	347.016
14.8956	686.061	342.041
14.9014	678.573	339.286
14.9072	678.181	339.09
14.913	675.835	336.943
14.9188	676.616	339.482
14.9246	683.293	341.646
14.9304	685.665	342.437
14.9362	678.573	340.071
14.942	681.716	344.221
14.9478	697.65	350.441
14.9537	696.04	351.657
14.9595	700.881	350.441
14.9653	704.128	351.454
14.9711	695.638	350.036
14.9769	704.128	354.717
14.9827	710.665	353.694
14.9885	704.128	352.267
14.9943	708.207	354.308
15.0001	709.025	354.308
15.0059	704.942	351.251
15.0117	700.072	353.49
15.0175	710.665	357.185
15.0233	704.128	354.717
15.0291	707.389	354.103
15.0349	706.164	353.899
15.0407	698.456	349.632
15.0465	694.835	347.819
15.0523	697.247	346.816
15.0581	694.033	346.616
15.0639	698.456	343.229
15.0697	697.65	348.825
15.0756	693.632	346.616
15.0814	693.632	344.619
15.0872	698.053	349.834
15.093	702.097	351.454
15.0988	696.845	347.819
15.1046	701.286	350.238
15.1104	704.942	352.267
15.1162	701.692	351.454
15.122	709.435	352.471
15.1278	684.478	341.252
15.1336	700.881	335.971
15.1394	705.349	348.422
15.1452	702.097	335.196
15.151	701.286	319.32
15.1568	699.264	321.913
15.1626	712.309	325.465
15.1684	711.076	327.54
15.1742	709.435	331.346
15.18	681.716	335.389
15.1859	677.007	333.458
15.1917	672.719	336.165
15.1975	665.761	335.971
15.2033	660.398	334.809
15.2091	666.145	332.688
15.2149	663.457	330.581
15.2207	653.19	324.902
15.2265	620.101	332.688
15.2323	590.391	336.943
15.2381	566.668	333.073
15.2439	566.668	331.346
15.2497	326.407
15.2555	319.32
15.2613	307.909
15.2671	312.929
15.2729	319.32
15.2787	332.304
15.2845	334.422
15.2903	334.422
15.2961	336.165
15.3019	333.265
15.3078	332.304
15.3136	331.92
15.3194	327.54
15.3252	325.277
15.331	324.714
15.3368	324.527
15.3426	324.902
15.3484	324.902
15.3542	325.089
15.36	325.841
15.3658	324.714
15.3716	323.591
15.3774	323.03
15.3832	323.404
15.389	323.03
15.3948	321.727
15.4006	320.799
15.4064	320.059
15.4122	319.689
15.418	317.481
15.4239	316.017
15.4297	313.834
15.4355	313.11
15.4413	312.388
15.4471	311.307
15.4529	309.693
15.4587	307.731
15.4645	305.959
15.4703	303.845
15.4761	302.27
15.4819	301.398
15.4877	298.798
15.4935	296.734
15.4993	292.818
15.5051	290.627
15.5109	287.954
15.5167	286.461
15.5225	281.539
15.5283	278.145
15.5341	274.633
15.54	270.227
15.5458	267.586
15.5516	264.055
15.5574	261.474
15.5632	256.389
15.569	249.09
15.5748	246.087
15.5806	238.392
15.5864	244.246
15.5922	235.11	300.702
15.598	229.342	292.142
15.6038	234.568	296.905
15.6096	237.705	307.376
15.6154	233.891	314.56
15.6212	235.518	320.059
15.627	228.022	324.152
15.6328	221.019	321.727
15.6386	326.218
15.6444	326.973
15.6502	322.844
15.6561	327.162
15.6619	326.407
15.6677	326.03
15.6735	325.277
15.6793	324.152
15.6851	315.652
15.6909	311.307
15.6967	305.782	274.316
15.7025	299.662	274.474
15.7083	309.514	274.474
15.7141	302.095	276.543
15.7199	308.087	277.503
15.7257	308.265	277.984
15.7315	312.568	279.272
15.7373	310.23	280.403
15.7431	316.565	281.702
15.7489	311.847	282.354
15.7547	312.207	282.028
15.7605	310.588	282.028
15.7663	322.844	281.702
15.7722	308.265	281.052
15.778	315.106	280.241
15.7838	310.947	276.064
15.7896	314.924	270.695
15.7954	314.016	266.66
15.8012	311.307	259.369	560.159
15.807	314.56	266.353	568.635
15.8128	308.087	266.353	564.381
15.8186	307.553	283.661	563.079
15.8244	322.285	283.989	560.483
15.8302	312.568	271.322	557.577
15.836	316.931	551.491
15.8418	316.748	551.809
15.8476	318.032	552.447
15.8534	315.652	550.218
15.8592	313.472	555.006
15.865	310.409	554.365
15.8708	546.733
15.8766	548.315
15.8824	546.733
15.8883	547.049
15.8941	546.733
15.8999	554.045
15.9057	552.766
15.9115	554.045
15.9173	553.406
15.9231	552.128
15.9289	558.544
15.9347	560.483
15.9405	544.213
15.9463	548.948
15.9521	551.172
15.9579	549.265
15.9637	551.491
15.9695	552.766
15.9753	556.611
15.9811	554.686
15.9869	554.365
15.9927	561.779
15.9985	557.255
16.0044	553.086
16.0102	556.933
16.016	557.577
16.0218	557.899
16.0276	553.725
16.0334	559.189
16.0392	551.809
16.045	550.536
16.0508	553.406
16.0566	554.686
16.0624	561.779
16.0682	550.536
16.074	559.189
16.0798	560.483
16.0856	547.681
16.0914	553.406
16.0972	555.648
16.103	567.323
16.1088	554.365
16.1146	549.9
16.1205	537.651
16.1263	540.766
16.1321	550.536
16.1379	556.29
16.1437	556.29
16.1495	580.583
16.1553
16.1611
16.1669
16.1727
16.1785
16.1843
16.1901
16.1959
16.2017
16.2075
16.2133
16.2191
16.2249
16.2307
16.2366
16.2424
16.2482
16.254
16.2598
16.2656
16.2714
16.2772
16.283
16.2888
16.2946
16.3004
16.3062
16.312
16.3178
16.3236
16.3294
16.3352
16.341
16.3468
16.3527
16.3585
16.3643
16.3701
16.3759
16.3817
16.3875
16.3933
16.3991
16.4049
16.4107
16.4165
16.4223
16.4281
16.4339
16.4397
16.4455
16.4513
16.4571
16.4629
16.4688
16.4746
16.4804	351.454
16.4862	352.064
16.492	338.308
16.4978	340.661
16.5036	343.031
16.5094	343.824
16.5152	357.185
16.521	371.708
16.5268	372.783
16.5326	373.43
16.5384	373.645
16.5442	369.781
16.55	373.43
16.5558	387.717
16.5616	394.95
16.5674	388.389
16.5732	387.493
16.579	377.115
16.5849	383.928
16.5907	380.836
16.5965	389.513
16.6023	382.6
16.6081	385.929
16.6139	387.493
16.6197	379.957
16.6255	379.957
16.6313
16.6371
16.6429
16.6487
16.6545
16.6603
16.6661
16.6719
16.6777
16.6835
16.6893
16.6951
16.701
16.7068
16.7126
16.7184
16.7242
16.73
16.7358
16.7416
16.7474
16.7532
16.759
16.7648
16.7706
16.7764
16.7822
16.788
16.7938
16.7996
16.8054
16.8112
16.8171
16.8229
16.8287
16.8345
16.8403
16.8461
16.8519
16.8577
16.8635
16.8693
16.8751
16.8809	487.929
16.8867	493.313
16.8925	497.606
16.8983	500.778
16.9041	503.097
16.9099	501.357
16.9157	501.936
16.9215	499.333
16.9273	494.74
16.9332	492.459
16.939	483.719
16.9448	486.803
16.9506	498.469
16.9564	490.472
16.9622	487.084
16.968	480.101
16.9738	479.269
16.9796	502.807
16.9854	477.336
16.9912	488.211
16.997	477.611
17.0028
17.0086
17.0144
17.0202
17.026
17.0318
17.0376
17.0434
17.0493
17.0551
17.0609
17.0667
17.0725
17.0783
17.0841
17.0899
17.0957
17.1015
17.1073
17.1131
17.1189
17.1247
17.1305
17.1363
17.1421
17.1479
17.1537
17.1595
17.1654
17.1712
17.177
17.1828
17.1886
17.1944
17.2002
17.206
17.2118
17.2176
17.2234
17.2292
17.235
17.2408
17.2466
17.2524
17.2582
17.264
17.2698
17.2756
17.2815
17.2873
17.2931
17.2989
17.3047
17.3105
17.3163
17.3221
17.3279
17.3337
17.3395
17.3453
17.3511
17.3569
17.3627
17.3685
17.3743
17.3801
17.3859
17.3917
17.3976
17.4034
17.4092
17.415
17.4208
17.4266
17.4324
17.4382
17.444
17.4498
17.4556
17.4614
17.4672
17.473
17.4788
17.4846
17.4904
17.4962
17.502
17.5078
17.5137
17.5195
17.5253
17.5311
17.5369
17.5427
17.5485
17.5543
17.5601
17.5659
17.5717
17.5775
17.5833
17.5891
17.5949
17.6007
17.6065
17.6123
17.6181
17.6239
17.6297
17.6356
17.6414
17.6472
17.653
17.6588
17.6646
17.6704	164.338
17.6762	164.909
17.682	167.115
17.6878	169.056	337.722
17.6936	173.508	345.217
17.6994	176.541	353.082
17.7052	176.847	353.49
17.711	177.154	355.127
17.7168	176.337	353.286
17.7226	175.22	349.027
17.7284	173.809	345.816
17.7342	171.614	342.437
17.74	169.056	336.165
17.7458	172.21	344.619
17.7517	179.835	339.482
17.7575	170.036	333.843
17.7633	171.912	330.772
17.7691	171.317	350.036
17.7749	340.661
17.7807
17.7865
17.7923
17.7981
17.8039
17.8097
17.8155
17.8213
17.8271
17.8329
17.8387
17.8445
17.8503
17.8561
17.8619
17.8678
17.8736
17.8794
17.8852
17.891	431.443
17.8968	436.708
17.9026	443.829
17.9084	450.805
17.9142	454.991
17.92	458.685
17.9258	464.015
17.9316	467.512
17.9374	467.512	220.764
17.9432	467.242	234.432
17.949	470.492	234.703
17.9548	467.242	234.161
17.9606	468.594	233.891
17.9664	467.242	233.486
17.9722	467.512	233.217
17.9781	467.782	234.297
17.9839	464.015	246.514
17.9897	463.479	231.606
17.9955	466.164	232.141
18.0013	463.211	233.082
18.0071	463.211	231.606
18.0129	462.676	230.671
18.0187	462.944	231.205
18.0245	461.875	231.338
18.0303	461.875	231.739
18.0361	461.609	232.41
18.0419	462.944	230.671
18.0477	462.944	232.678
18.0535	462.409	231.873
18.0593	462.142	231.873
18.0651	463.479	232.678
18.0709	462.676	232.141
18.0767	465.357	233.486
18.0825	464.551	234.568	234.297
18.0883	462.676	230.938	230.804
18.0941	459.48	229.475	229.078
18.1	456.834	228.549	228.813
18.1058	451.587	226.446	226.054
18.1116	450.284	225.403	225.272
18.1174	449.245	224.104	224.234
18.1232	445.37	222.299	222.685
18.129	441.273	218.607	218.607
18.1348	434.444	216.221	216.221
18.1406	453.941	212.998	212.998
18.1464	454.991	210.551	210.065
18.1522	444.599	205.267	205.267
18.158	447.433	203.496	203.967
18.1638	444.599	203.614	202.91
18.1696	446.916	202.441	201.974
18.1754	445.113	202.558
18.1812	465.357	203.849
18.187	470.492	205.386
18.1928	470.492	206.099
18.1986	457.626	206.456
18.2044	207.053
18.2102	206.695
18.2161	206.456
18.2219	205.861
18.2277	205.505	411.722
18.2335	204.912	411.009
18.2393	204.557	410.535
18.2451	204.085	407.934
18.2509	202.792	406.288
18.2567	201.043	402.783
18.2625	199.309	398.847
18.2683	198.046	395.407
18.2741	197.019	394.266
18.2799	197.589	396.092
18.2857	200	398.157
18.2915	203.027	406.758
18.2973	206.337	410.772
18.3031	210.673	420.373
18.3089	215.971	431.194
18.3147	218.228	436.204
18.3205	221.019	441.783
18.3263	225.272	449.765
18.3322	228.813	457.362
18.338	233.351	465.626
18.3438	236.472	472.125
18.3496	239.496	478.993
18.3554	240.467	480.656
18.3612	240.606	481.489
18.367	482.603	240.884
18.3728	480.933	240.606
18.3786	478.716	239.635
18.3844	477.336	238.668
18.3902	475.684	237.842
18.396	474.038	236.882
18.4018	471.308	236.063
18.4076	471.308	235.246
18.4134	468.052	233.891
18.4192	466.703	233.082
18.425	466.164	231.606
18.4308	464.015	230.538
18.4366	461.609	230.006
18.4424	460.012	229.74
18.4483	462.142	230.405
18.4541	461.609	230.405
18.4599	464.283	231.205
18.4657	465.088	232.141
18.4715	467.512	233.621
18.4773	473.218	237.156
18.4831	475.135	238.53
18.4889	477.336	240.189
18.4947	477.611	240.328
18.5005	477.336	239.912
18.5063	476.509	241.162
18.5121	461.875	246.657
18.5179	443.573	258.322
18.5237	451.848	257.131
18.5295	422.808	266.045
18.5353	421.833	267.277
18.5411
18.5469
18.5527
18.5585
18.5644
18.5702
18.576
18.5818
18.5876
18.5934
18.5992
18.605
18.6108
18.6166
18.6224
18.6282
18.634
18.6398
18.6456
18.6514
18.6572
18.663
18.6688
18.6746
18.6805
18.6863
18.6921
18.6979
18.7037
18.7095
18.7153
18.7211
18.7269
18.7327
18.7385
18.7443
18.7501
18.7559
18.7617
18.7675	230.272
18.7733	234.026
18.7791	235.79
18.7849	236.745
18.7907	237.567
18.7966	237.156
18.8024	237.567
18.8082	238.392
18.814	238.255
18.8198	237.156
18.8256	235.518
18.8314	233.756
18.8372	232.813
18.843	232.141
18.8488	232.275	647.555
18.8546	231.739	643.454
18.8604	231.873	645.315
18.8662	232.007	642.711
18.872	230.938	641.969
18.8778	231.205	643.454
18.8836	230.538	643.082
18.8894	230.405	641.598
18.8952	231.071	643.826
18.901	230.938	644.57
18.9068	230.405	640.857
18.9127	229.21	637.903
18.9185	229.342	639.009	688.045
18.9243	229.21	640.487	685.269
18.9301	227.89	636.431	683.687
18.9359	227.364	632.765	677.007
18.9417	226.577	631.67	677.007
18.9475	225.533	628.758	678.573
18.9533	224.493	624.775	674.275
18.9591	223.329	622.973	669.231
18.9649	221.658	615.462	665.761
18.9707	220.254	613.687	663.457
18.9765	218.102	607.691	654.701
18.9823	216.221	645.688	648.678
18.9881	212.383	636.063	649.053
18.9939	209.338	634.595	635.329
18.9997	204.794	654.701	652.813
19.0055	210.187	649.804	659.636
19.0113	209.097	665.376	666.53
19.0171	204.321	656.974	682.11
19.0229	208.614	616.53	680.142
19.0288	207.173	614.752	709.845
19.0346	697.247
19.0404	694.033
19.0462
19.052
19.0578
19.0636
19.0694
19.0752
19.081
19.0868
19.0926
19.0984
19.1042
19.11
19.1158
19.1216
19.1274
19.1332
19.139
19.1449
19.1507	314.924
19.1565	321.355
19.1623	330.39
19.1681	335.971
19.1739	339.286
19.1797	344.619
19.1855	348.02
19.1913	347.819
19.1971	348.02
19.2029	348.02
19.2087	347.618
19.2145	348.221
19.2203	349.027
19.2261	349.027
19.2319	348.422
19.2377	347.618
19.2435	348.825
19.2493	347.016
19.2551	343.427
19.261	337.527
19.2668	336.359
19.2726	338.699
19.2784	335.971
19.2842	334.809
19.29	347.217
19.2958	341.646
19.3016	343.427
19.3074	345.616
19.3132	349.027
19.319
19.3248
19.3306
19.3364	349.027
19.3422	349.632
19.348	348.422
19.3538	347.417
19.3596	348.422
19.3654	348.02
19.3712	349.43
19.3771	346.816
19.3829	347.217
19.3887	344.619
19.3945	348.825
19.4003	353.49
19.4061	340.661
19.4119	342.239
19.4177	341.844
19.4235	337.527
19.4293	339.482	316.017
19.4351	337.332	319.136
19.4409	320.799	320.059
19.4467	324.527	324.339
19.4525	323.778	323.591
19.4583	321.355	321.913
19.4641	317.664	317.848
19.4699	315.652	315.835
19.4757	315.47	314.924
19.4815	312.749	313.11
19.4873	311.307	311.847
19.4932	309.156
19.499	306.844
19.5048	305.253
19.5106	304.372
19.5164	301.921
19.5222	300.529
19.528	299.489
19.5338	298.798
19.5396	297.592
19.5454	298.453
19.5512	299.489
19.557	301.746
19.5628	303.845
19.5686	308.799
19.5744	310.051
19.5802	314.197
19.586	317.114
19.5918	318.583
19.5976	320.244
19.6034	321.17
19.6093	323.217
19.6151	322.844
19.6209	320.059
19.6267	321.17
19.6325	322.658
19.6383	315.652
19.6441	319.505
19.6499	322.471
19.6557	320.614
19.6615	323.217
19.6673	320.059
19.6731	318.951
19.6789	317.848
19.6847	320.984
19.6905
19.6963
19.7021
19.7079
19.7137
19.7195
19.7254
19.7312
19.737
19.7428
19.7486
19.7544
19.7602
19.766
19.7718
19.7776
19.7834
19.7892
19.795
19.8008
19.8066
19.8124
19.8182
19.824
19.8298
19.8356
19.8415
19.8473
19.8531
19.8589
19.8647
19.8705
19.8763
19.8821
19.8879
19.8937
19.8995
19.9053
19.9111
19.9169
19.9227
19.9285
19.9343
19.9401
19.9459
19.9517
19.9576
19.9634
19.9692
19.975
19.9808
19.9866
19.9924
19.9982
20.004
20.0098
20.0156
20.0214
20.0272
20.033
20.0388
20.0446
20.0504
20.0562
20.062
20.0678
20.0737
20.0795
20.0853
20.0911
20.0969
20.1027
20.1085
20.1143
20.1201
20.1259
20.1317
20.1375
20.1433
20.1491
20.1549
20.1607
20.1665
20.1723
20.1781
20.1839
20.1898
20.1956
20.2014
20.2072
20.213
20.2188
20.2246
20.2304
20.2362
20.242
20.2478
20.2536
20.2594
20.2652
20.271
20.2768
20.2826
20.2884
20.2942
20.3
20.3058
20.3117
20.3175
20.3233
20.3291
20.3349
20.3407
20.3465
20.3523
20.3581
20.3639
20.3697
20.3755
20.3813
20.3871
20.3929
20.3987
20.4045
20.4103
20.4161
20.4219
20.4278
20.4336
20.4394
20.4452
20.451
20.4568
20.4626
20.4684
20.4742
20.48
20.4858
20.4916
20.4974
20.5032
20.509
20.5148
20.5206
20.5264
20.5322
20.538
20.5439	309.872
20.5497	292.142
20.5555	288.12
20.5613	273.367
20.5671	279.111
20.5729	282.191
20.5787	281.539
20.5845	281.539
20.5903	281.865
20.5961	281.214
20.6019	281.539
20.6077	281.377
20.6135	279.433
20.6193	279.272
20.6251	278.466
20.6309	278.949
20.6367	278.627
20.6425	278.627
20.6483	280.08
20.6542	281.052
20.66	281.052
20.6658	281.702
20.6716	282.354
20.6774	282.68
20.6832	282.843
20.689	282.843
20.6948	283.007
20.7006	282.517
20.7064	281.865
20.7122	280.89
20.718	279.433
20.7238	277.343
20.7296	275.427
20.7354	272.578
20.7412	268.05
20.747	262.837
20.7528	253.006
20.7586	235.382
20.7644	235.382
20.7702	234.974
20.7761	234.974
20.7819	226.577
20.7877	226.577
20.7935	213.367
20.7993	201.275
20.8051
20.8109	243.12
20.8167	231.205
20.8225	233.891
20.8283	239.773
20.8341	240.328
20.8399	240.328
20.8457	241.302
20.8515	240.884
20.8573	240.745
20.8631	240.05
20.8689	240.328
20.8747	239.773
20.8805	237.156
20.8863	234.839
20.8922	228.813
20.898	222.043
20.9038	216.846
20.9096	214.231
20.9154	211.771
20.9212	210.429
20.927	210.429
20.9328	212.261
20.9386	216.846
20.9444	222.428	337.722
20.9502	226.446	343.229
20.956	228.945	347.016
20.9618	232.141	349.228
20.9676	238.392	350.238
20.9734	240.745	351.251
20.9792	235.79	352.064
20.985	231.205	353.286
20.9908	231.071	354.103
20.9966	232.544	353.694
21.0024	235.11	354.308
21.0083	236.882	355.127
21.0141	237.019	355.538
21.0199	235.79	353.694
21.0257	238.806	352.878
21.0315	238.392	351.86
21.0373	233.217	351.251
21.0431	236.745	349.228
21.0489	236.745	345.018
21.0547	230.938	337.917
21.0605	220.636	337.332
21.0663	229.74	345.616
21.0721	350.846
21.0779	368.927
21.0837	374.077
21.0895	360.709
21.0953	350.238
21.1011
21.1069
21.1127
21.1185
21.1244
21.1302
21.136
21.1418
21.1476
21.1534
21.1592
21.165
21.1708
21.1766
21.1824	354.103
21.1882	351.86
21.194	350.846
21.1998	349.027
21.2056	351.657
21.2114	369.567
21.2172	359.254
21.223	350.036
21.2288	360.918	315.652
21.2346	354.308	317.848
21.2405	354.922	317.481
21.2463	362.799	323.03
21.2521	367.014	322.658
21.2579	369.567	321.541
21.2637	369.994	318.583
21.2695	367.439	316.565
21.2753	359.046	314.197
21.2811	347.417	315.106
21.2869	353.286	310.409
21.2927	356.772	308.799
21.2985	350.036	306.312
21.3043	353.286	305.253
21.3101	351.251	303.319
21.3159	340.071	302.27
21.3217	339.679	297.936
21.3275	357.598	297.249
21.3333	349.027	297.249
21.3391	346.016	297.249
21.3449	338.895	298.453
21.3507	350.238	300.182
21.3566	338.895	302.619
21.3624	344.42	304.9
21.3682	305.959
21.374	306.666
21.3798	309.156
21.3856	310.947
21.3914	311.487
21.3972	311.307
21.403	312.207
21.4088	314.742
21.4146	317.298
21.4204	313.291
21.4262	312.749
21.432	316.748
21.4378	307.376
21.4436	304.724
21.4494	300.702
21.4552	300.182
21.461	300.529
21.4668	297.42
21.4727	299.662
21.4785	293.156
21.4843	293.495
21.4901	287.621
21.4959	294.344
21.5017
21.5075
21.5133
21.5191
21.5249	307.021
21.5307	316.2
21.5365	301.05
21.5423	300.009
21.5481	301.572
21.5539	307.909
21.5597	302.27
21.5655	298.453
21.5713	300.355
21.5771	306.666
21.5829	308.265
21.5888	314.379
21.5946	308.621
21.6004	299.835
21.6062	302.095
21.612	303.319
21.6178	306.489
21.6236	302.619
21.6294	305.429
21.6352	302.27
21.641	301.05
21.6468	298.453
21.6526	308.621
21.6584	296.391
21.6642	302.794
21.67	302.969
21.6758	305.959
21.6816	304.372
21.6874	298.625
21.6932	300.009
21.699	300.702
21.7049	301.921
21.7107	300.355
21.7165	308.265
21.7223	309.335
21.7281	305.782
21.7339	303.319
21.7397
21.7455
21.7513
21.7571
21.7629
21.7687
21.7745
21.7803
21.7861
21.7919
21.7977
21.8035
21.8093
21.8151
21.821
21.8268
21.8326
21.8384
21.8442
21.85
21.8558
21.8616
21.8674
21.8732
21.879
21.8848
21.8906
21.8964
21.9022
21.908
21.9138
21.9196
21.9254
21.9312
21.9371
21.9429
21.9487
21.9545
21.9603
21.9661
21.9719
21.9777
21.9835
21.9893
21.9951
22.0009
22.0067
22.0125
22.0183
22.0241
22.0299
22.0357
22.0415
22.0473
22.0532
22.059
22.0648
22.0706
22.0764
22.0822
22.088
22.0938
22.0996
22.1054
22.1112
22.117
22.1228
22.1286
22.1344
22.1402
22.146
22.1518
22.1576
22.1634
22.1693
22.1751
22.1809
22.1867
22.1925
22.1983
22.2041
22.2099
22.2157
22.2215
22.2273
22.2331
22.2389
22.2447
22.2505
22.2563
22.2621
22.2679
22.2737
22.2795
22.2854
22.2912
22.297
22.3028
22.3086
22.3144
22.3202
22.326
22.3318
22.3376
22.3434
22.3492
22.355
22.3608	323.965
22.3666	323.965
22.3724	324.339
22.3782	323.778
22.384	325.841
22.3898	325.653
22.3956	323.03
22.4015	322.844
22.4073	321.913
22.4131	320.799
22.4189	323.404
22.4247	322.658
22.4305	320.984
22.4363	323.03
22.4421	325.841
22.4479	325.089
22.4537	325.653
22.4595	327.351
22.4653	328.487
22.4711	327.351
22.4769	332.88
22.4827	337.527
22.4885	336.943
22.4943	338.112
22.5001	340.858
22.5059	344.619
22.5117	344.818
22.5176	347.618
22.5234	350.036
22.5292	349.632
22.535	349.834
22.5408	350.643
22.5466	351.251
22.5524	351.86
22.5582	346.415
22.564	353.082
22.5698	352.267
22.5756	352.267
22.5814	352.471
22.5872	349.43
22.593	347.417
22.5988	347.417
22.6046	346.816
22.6104	349.43
22.6162	348.422
22.622	350.441
22.6278	353.286
22.6336	355.949
22.6395	349.834
22.6453	349.834
22.6511	358.839
22.6569	358.839
22.6627	357.804
22.6685	355.538
22.6743	367.863
22.6801	367.651
22.6859	369.354
22.6917	372.783
22.6975	372.568
22.7033	358.425
22.7091	352.674
22.7149	367.651
22.7207	358.425
22.7265	367.014
22.7323	378.205
22.7381	387.493
22.7439	390.865
22.7498	389.963
22.7556	391.995
22.7614
22.7672
22.773
22.7788
22.7846
22.7904
22.7962
22.802
22.8078
22.8136
22.8194
22.8252
22.831	341.252
22.8368	343.625
22.8426	343.427
22.8484	346.215
22.8542	347.217
22.86	345.018
22.8659	341.646
22.8717	338.112
22.8775	343.427
22.8833	343.625
22.8891	347.016
22.8949	364.058
22.9007	369.781
22.9065	357.391
22.9123	350.238
22.9181	360.293
22.9239	366.167
22.9297	371.923
22.9355	369.781
22.9413	354.717
22.9471	343.427
22.9529	352.267
22.9587
22.9645
22.9703
22.9761
22.9819
22.9878
22.9936
22.9994
23.0052
23.011
23.0168
23.0226
23.0284
23.0342	321.727
23.04	318.583
23.0458	318.399
23.0516	322.658
23.0574	322.658
23.0632	320.059
23.069	318.583
23.0748	316.748
23.0806	315.106
23.0864	312.929
23.0922	310.588
23.098	309.514
23.1039	307.909
23.1097	309.872
23.1155	308.799
23.1213	306.844
23.1271	306.844
23.1329	305.253
23.1387	304.9
23.1445	304.9
23.1503	307.909
23.1561	309.335
23.1619	310.409
23.1677	311.667
23.1735	313.291
23.1793	316.748
23.1851	317.481
23.1909	318.767
23.1967	320.984
23.2025	321.17
23.2083	321.913
23.2141	321.17
23.22	320.984
23.2258	318.767
23.2316	316.2
23.2374	316.931
23.2432	313.472
23.249	314.379
23.2548	306.312
23.2606	306.489
23.2664	306.489
23.2722	319.689
23.278
23.2838
23.2896
23.2954
23.3012
23.307
23.3128
23.3186
23.3244
23.3302
23.3361
23.3419
23.3477
23.3535
23.3593
23.3651
23.3709
23.3767
23.3825
23.3883
23.3941
23.3999
23.4057
23.4115
23.4173
23.4231
23.4289
23.4347
23.4405
23.4463
23.4522
23.458
23.4638
23.4696
23.4754
23.4812
23.487
23.4928
23.4986
23.5044
23.5102
23.516
23.5218
23.5276
23.5334
23.5392
23.545
23.5508
23.5566
23.5624
23.5683
23.5741
23.5799
23.5857
23.5915
23.5973
23.6031
23.6089
23.6147
23.6205
23.6263
23.6321
23.6379
23.6437
23.6495
23.6553
23.6611
23.6669
23.6727
23.6785
23.6844
23.6902
23.696
23.7018
23.7076
23.7134
23.7192
23.725
23.7308
23.7366
23.7424
23.7482
23.754
23.7598
23.7656
23.7714
23.7772
23.783
23.7888
23.7946
23.8005
23.8063
23.8121
23.8179
23.8237
23.8295
23.8353
23.8411
23.8469
23.8527
23.8585
23.8643
23.8701
23.8759
23.8817
23.8875
23.8933
23.8991
23.9049
23.9107
23.9166
23.9224
23.9282
23.934
23.9398
23.9456
23.9514
23.9572
23.963
23.9688
23.9746
23.9804
23.9862
23.992
23.9978
24.0036
24.0094
24.0152
24.021
24.0268
24.0327
24.0385
24.0443
24.0501
24.0559
24.0617
24.0675
24.0733
24.0791
24.0849
24.0907
24.0965
24.1023
24.1081
24.1139
24.1197
24.1255
24.1313
24.1371
24.1429
24.1488
24.1546
24.1604	339.482
24.1662	357.185
24.172	359.669	359.669
24.1778	339.482	339.482
24.1836	318.583	318.583
24.1894	323.03	339.286
24.1952	323.217	343.031
24.201	323.591	344.023
24.2068	320.984	343.427
24.2126	331.92	343.824
24.2184	336.554	346.215
24.2242	346.016	346.215
24.23	343.824	344.42
24.2358	341.844	341.844
24.2416	335.777	336.165
24.2474	340.268	343.427
24.2532	333.073	333.265
24.259	338.503	339.09
24.2649	340.464	341.449
24.2707	339.875	339.679
24.2765	341.844
24.2823	334.036
24.2881	337.917
24.2939	346.616
24.2997	350.846
24.3055	349.43
24.3113	347.417
24.3171	350.441
24.3229	354.103
24.3287	349.43
24.3345	353.286
24.3403	364.901
24.3461	370.85
24.3519	355.949
24.3577	362.38
24.3635	348.02
24.3693	347.819
24.3751	349.228
24.381	348.02
24.3868	352.267
24.3926	359.669
24.3984	354.717
24.4042	352.471
24.41	358.218
24.4158	355.333
24.4216	355.333
24.4274	354.103
24.4332	362.38
24.439	360.501	234.026
24.4448	363.218	243.401
24.4506	360.085	234.839
24.4564	363.009	231.071
24.4622	372.999	225.533
24.468	368.076	218.102
24.4738	363.428	213.367
24.4796	350.441	206.695
24.4854	341.449	202.675
24.4912	339.875	202.675
24.4971	340.071	203.849
24.5029	341.449	206.814
24.5087	356.155	212.016
24.5145	346.215	216.596
24.5203	335.583	221.019
24.5261	226.316
24.5319	231.071
24.5377	228.549
24.5435	231.606	332.88
24.5493	233.756	335.777
24.5551	238.255	342.832
24.5609	243.261	342.832
24.5667	251.694	344.42
24.5725	251.694	345.416
24.5783	266.199	349.834
24.5841	268.205	349.834
24.5899	274.791	352.064
24.5957	282.191	352.064
24.6015	283.334	352.267
24.6073	287.123	352.878
24.6132	289.622	354.717
24.619	295.537	353.286
24.6248	294.684	351.048
24.6306	296.563	342.832
24.6364	297.42	338.699
24.6422	297.249	339.482
24.648	296.391	345.018
24.6538	295.195	344.818
24.6596	296.391	349.43
24.6654	297.936	348.422
24.6712	296.391	346.215
24.677	292.142	342.239
24.6828	297.077	348.02
24.6886	314.924
24.6944	328.867
24.7002	343.427
24.706	348.624
24.7118	351.251
24.7176	351.454
24.7234	368.076
24.7293	371.279
24.7351	372.138
24.7409	368.927
24.7467	370.208
24.7525	383.042
24.7583	378.205
24.7641	372.999
24.7699	369.567
24.7757	379.518
24.7815	380.177
24.7873	377.769
24.7931	382.821
24.7989	379.957
24.8047	387.269	316.383
24.8105	370.636	320.614
24.8163	370.636	319.32
24.8221	369.567	319.874
24.8279	375.593	322.471
24.8337	375.81	319.689
24.8395	383.042	316.748
24.8454	364.058	314.56
24.8512	370.636	312.388
24.857	364.69	311.127
24.8628	310.23
24.8686	309.335
24.8744	307.909
24.8802	307.909
24.886	303.845
24.8918	304.724
24.8976	304.724
24.9034	305.605
24.9092	303.845
24.915	304.196
24.9208	304.372
24.9266	306.844
24.9324	308.265
24.9382	308.621
24.944	310.409
24.9498	311.847
24.9556	311.487
24.9615	311.487
24.9673	315.106
24.9731	314.197
24.9789	313.653
24.9847	313.11
24.9905	311.667
24.9963	308.621
25.0021	305.076
25.0079	302.969
25.0137	300.702
25.0195	307.021
25.0253	309.872
25.0311	298.798
25.0369	290.292
25.0427	295.707
25.0485	289.789
25.0543
25.0601
25.0659
25.0717
25.0776
25.0834
25.0892
25.095
25.1008
25.1066
25.1124
25.1182
25.124
25.1298
25.1356
25.1414
25.1472
25.153
25.1588
25.1646
25.1704
25.1762
25.182
25.1878
25.1937
25.1995
25.2053
25.2111
25.2169
25.2227
25.2285
25.2343
25.2401
25.2459
25.2517
25.2575
25.2633
25.2691
25.2749
25.2807
25.2865
25.2923
25.2981
25.3039
25.3097
25.3156
25.3214
25.3272
25.333
25.3388
25.3446
25.3504
25.3562
25.362
25.3678
25.3736
25.3794
25.3852
25.391
25.3968
25.4026
25.4084
25.4142
25.42
25.4258
25.4317
25.4375
25.4433
25.4491
25.4549
25.4607
25.4665
25.4723
25.4781
25.4839
25.4897
25.4955
25.5013
25.5071
25.5129
25.5187
25.5245
25.5303
25.5361
25.542
25.5478
25.5536
25.5594
25.5652
25.571
25.5768
25.5826
25.5884
25.5942
25.6
25.6058
25.6116
25.6174
25.6232
25.629
25.6348
25.6406
25.6464
25.6522
25.658
25.6639
25.6697
25.6755
25.6813
25.6871
25.6929
25.6987
25.7045
25.7103
25.7161
25.7219
25.7277
25.7335
25.7393
25.7451
25.7509
25.7567
25.7625
25.7683
25.7741
25.78
25.7858
25.7916
25.7974
25.8032
25.809
25.8148
25.8206
25.8264
25.8322
25.838
25.8438
25.8496
25.8554
25.8612
25.867
25.8728
25.8786
25.8844
25.8902
25.8961
25.9019	318.399
25.9077	332.304
25.9135	336.554
25.9193	335.777
25.9251	337.722
25.9309	337.527
25.9367	337.137
25.9425	339.679
25.9483	342.437
25.9541	341.646
25.9599	339.286
25.9657	340.071
25.9715	340.858
25.9773	341.252
25.9831	336.748
25.9889	335.971
25.9947	337.722
26.0005	340.661
26.0063	340.858
26.0122	342.041
26.018	341.055
26.0238	341.844
26.0296	346.415
26.0354	354.308
26.0412	355.127
26.047	353.694
26.0528	354.717
26.0586	356.566
26.0644	357.804
26.0702	354.717
26.076	366.379
26.0818	364.901
26.0876	356.155
26.0934	350.036
26.0992	343.229
26.105	344.023
26.1108
26.1166
26.1224
26.1283
26.1341
26.1399
26.1457
26.1515
26.1573
26.1631
26.1689
26.1747
26.1805
26.1863
26.1921
26.1979
26.2037
26.2095
26.2153
26.2211
26.2269
26.2327
26.2385
26.2444
26.2502
26.256
26.2618
26.2676
26.2734
26.2792
26.285
26.2908
26.2966
26.3024
26.3082
26.314
26.3198
26.3256
26.3314	253.884
26.3372	256.686
26.343	260.57
26.3488	264.055
26.3546	266.353
26.3605	267.895
26.3663	268.826
26.3721	269.447
26.3779	269.136
26.3837	268.05
26.3895	267.895
26.3953	269.292
26.4011	271.008
26.4069	273.999
26.4127	276.383
26.4185	277.663
26.4243	280.89
26.4301	284.482
26.4359	286.792
26.4417	287.954
26.4475	288.287
26.4533	288.953
26.4591	290.627
26.4649	290.795
26.4707	289.455
26.4766	286.957
26.4824	285.965
26.4882	288.787
26.494	288.12
26.4998	288.453
26.5056	283.007
26.5114	282.191
26.5172	280.565
26.523	287.455
26.5288	290.795
26.5346	290.459
26.5404
26.5462
26.552
26.5578
26.5636	338.699
26.5694	342.437
26.5752	347.618
26.581	349.632
26.5868	349.834
26.5927	350.643
26.5985	349.027
26.6043	350.643
26.6101	351.657
26.6159	348.624
26.6217	348.422
26.6275	347.618
26.6333	344.619
26.6391	361.962
26.6449	362.799
26.6507	361.126
26.6565	340.268
26.6623	350.846
26.6681	349.632
26.6739	356.36
26.6797	350.643
26.6855	354.717
26.6913
26.6971
26.7029
26.7088
26.7146
26.7204
26.7262
26.732	313.11
26.7378	313.653
26.7436	316.383
26.7494	317.114
26.7552	318.951
26.761	319.874
26.7668	321.541
26.7726	321.727
26.7784	321.913
26.7842	320.799
26.79	318.399
26.7958	314.56
26.8016	311.667
26.8074	305.782
26.8132	303.494
26.819	302.095
26.8249	300.009
26.8307	298.798
26.8365	298.108
26.8423	295.878
26.8481	296.391
26.8539	297.077
26.8597	298.798
26.8655	302.444
26.8713	307.198
26.8771	312.749
26.8829	314.924
26.8887	318.583
26.8945	323.03
26.9003	324.152
26.9061	325.277
26.9119	326.218
26.9177	327.162
26.9235	324.902
26.9293	323.965
26.9351	320.614
26.941	315.47
26.9468	311.487
26.9526	314.379
26.9584	322.658
26.9642	319.505
26.97	336.165
26.9758	327.918
26.9816	323.778
26.9874	327.351
26.9932
26.999
27.0048
27.0106
27.0164
27.0222
27.028	323.778
27.0338	321.727
27.0396	320.799
27.0454	328.108
27.0512	330.581
27.0571	337.332
27.0629	336.554
27.0687	342.041
27.0745	346.816
27.0803	346.215
27.0861	349.632
27.0919	351.657
27.0977	350.238
27.1035	347.016
27.1093	349.632
27.1151	351.251
27.1209	349.228
27.1267	344.818
27.1325	344.818
27.1383	343.031
27.1441	340.268
27.1499	344.42
27.1557	342.832
27.1615	342.239
27.1673	340.661
27.1732	341.844
27.179	335.777
27.1848	333.843
27.1906	335.389
27.1964	336.359
27.2022	349.632
27.208	344.818
27.2138	339.09	461.342
27.2196	352.878	460.012
27.2254	351.86	460.012
27.2312	359.461	462.676
27.237	345.018	461.875
27.2428	341.844	458.155
27.2486	330.581	462.676
27.2544	339.875	457.626
27.2602	335.196	459.746
27.266	460.277
27.2718	460.277
27.2776	464.551
27.2834	465.357
27.2893	471.853
27.2951	470.492
27.3009	469.406
27.3067	470.764
27.3125	471.58
27.3183	471.853
27.3241	473.764
27.3299	475.959
27.3357	478.993
27.3415	462.944
27.3473	471.58
27.3531	470.22
27.3589	462.944
27.3647
27.3705
27.3763
27.3821
27.3879
27.3937
27.3995
27.4054
27.4112
27.417
27.4228
27.4286
27.4344
27.4402
27.446	446.142
27.4518	453.416
27.4576	461.342
27.4634	461.875
27.4692	456.307
27.475	477.336
27.4808	472.398
27.4866	473.491
27.4924	492.459
27.4982	485.679
27.504	498.757
27.5098	499.911
27.5156	497.319
27.5215	497.031
27.5273	494.74
27.5331	494.74
27.5389	489.905
27.5447	502.516
27.5505	502.516
27.5563	508.062
27.5621	516.047
27.5679	510.12
27.5737	531.169
27.5795	536.72
27.5853	534.554
27.5911	525.371
27.5969	514.856
27.6027	517.54
27.6085	526.891
27.6143	513.372
27.6201	502.226
27.6259	495.884
27.6317	488.775
27.6376	489.623
27.6434	486.241
27.6492	476.784
27.655	480.656
27.6608	481.767
27.6666	468.864
27.6724	480.101
27.6782	480.656
27.684	503.97
27.6898	494.74
27.6956	498.757
27.7014	487.084
27.7072	482.046
27.713	477.336
27.7188	475.684
27.7246	471.036
27.7304	466.972
27.7362	461.342
27.742	470.492
27.7478	476.509
27.7537	477.336
27.7595	489.623
27.7653	486.521
27.7711	481.211
27.7769	477.887
27.7827	474.312
27.7885	501.646	247.084
27.7943	501.357	244.953
27.8001	489.34	247.37
27.8059	502.807	253.884
27.8117	501.646	248.659
27.8175	523.856	252.276
27.8233	521.441	247.799
27.8291	527.195	240.606
27.8349	518.438	240.189
27.8407	528.109	238.117
27.8465	519.337	235.518
27.8523	512.187	233.217
27.8581	522.647	232.141
27.8639	529.331	232.275
27.8698	519.937	232.678
27.8756	232.41
27.8814	230.804
27.8872	228.945
27.893	229.21
27.8988	229.078
27.9046	228.417
27.9104	227.364
27.9162	226.446
27.922	226.316
27.9278	226.97	458.95
27.9336	228.945	460.012
27.9394	230.272	463.211
27.9452	230.538	460.543
27.951	231.739	459.48
27.9568	230.804	459.215
27.9626	232.007	449.765
27.9684	234.297	452.631
27.9742	237.43	437.971
27.98	238.668	450.545
27.9858	238.806	437.719
27.9917	239.22	452.893
27.9975	239.082	451.065
28.0033	238.255	456.57
28.0091	236.472
28.0149	241.999
28.0207	241.999
28.0265	232.544
28.0323	225.403
28.0381	230.538
28.0439	236.063
28.0497	242.279
28.0555	236.882
28.0613	235.11
28.0671	232.141
28.0729	232.41
28.0787
28.0845
28.0903
28.0961
28.1019	336.165
28.1078	335.583
28.1136	334.036
28.1194	331.729
28.1252	332.688
28.131	325.089
28.1368	325.653
28.1426	326.407
28.1484	326.595
28.1542	328.297
28.16	326.784
28.1658	328.487
28.1716	330.963
28.1774	332.112
28.1832	331.537
28.189	338.112
28.1948	337.137
28.2006	337.722
28.2064	340.464
28.2122	342.041
28.2181	339.679
28.2239	339.875
28.2297	336.943
28.2355	336.359
28.2413	335.777
28.2471	335.002
28.2529	336.943
28.2587	337.917
28.2645	321.913
28.2703	331.154
28.2761	335.389
28.2819	333.65
28.2877
28.2935
28.2993
28.3051
28.3109
28.3167
28.3225
28.3283
28.3341
28.34
28.3458
28.3516
28.3574	341.646
28.3632	348.422
28.369	350.643
28.3748	349.228
28.3806	350.238
28.3864	350.643
28.3922	350.643
28.398	350.238
28.4038	348.422
28.4096	347.618
28.4154	350.036
28.4212	355.333
28.427	340.071
28.4328	334.422
28.4386	344.221
28.4444	347.618
28.4502	363.638
28.4561	372.999
28.4619	372.999
28.4677	387.046
28.4735	398.617
28.4793	398.617
28.4851	398.617
28.4909	398.617
28.4967	398.617
28.5025	396.321
28.5083	399.539
28.5141	388.389
28.5199	377.333	305.253
28.5257	365.111	307.909
28.5315	310.23
28.5373	311.487
28.5431	313.472
28.5489	313.834
28.5547	314.56
28.5605	314.197
28.5663	314.924
28.5722	313.834
28.578	313.291
28.5838	310.947
28.5896	305.429
28.5954	304.724
28.6012	303.494
28.607	300.529
28.6128	298.453
28.6186	298.453
28.6244	298.281
28.6302	298.108
28.636	299.662
28.6418	301.746
28.6476	305.782
28.6534	308.621
28.6592	309.514
28.665	312.027
28.6708	314.742
28.6766	316.931
28.6824	318.399
28.6883	319.505
28.6941	319.874
28.6999	318.032
28.7057	316.565
28.7115	315.652
28.7173	310.588
28.7231	304.196
28.7289	300.009
28.7347	303.319
28.7405	316.565
28.7463	317.298
28.7521	308.799
28.7579
28.7637
28.7695
28.7753
28.7811
28.7869
28.7927
28.7985
28.8044
28.8102
28.816
28.8218
28.8276
28.8334
28.8392
28.845
28.8508
28.8566
28.8624
28.8682
28.874
28.8798
28.8856
28.8914
28.8972
28.903
28.9088
28.9146
28.9205
28.9263
28.9321
28.9379
28.9437
28.9495
28.9553
28.9611
28.9669
28.9727
28.9785
28.9843
28.9901
28.9959
29.0017
29.0075
29.0133
29.0191
29.0249
29.0307
29.0366
29.0424
29.0482
29.054
29.0598
29.0656
29.0714
29.0772
29.083
29.0888
29.0946
29.1004
29.1062
29.112
29.1178
29.1236
29.1294
29.1352
29.141
29.1468
29.1527
29.1585
29.1643
29.1701
29.1759
29.1817
29.1875
29.1933
29.1991
29.2049
29.2107
29.2165
29.2223
29.2281
29.2339
29.2397
29.2455
29.2513
29.2571
29.2629
29.2688
29.2746	309.156
29.2804	315.47
29.2862	319.505
29.292	326.973
29.2978	329.818
29.3036	333.458
29.3094	332.304
29.3152	331.92
29.321	332.304
29.3268	333.65
29.3326	333.265
29.3384	333.073
29.3442	333.65
29.35	332.688
29.3558	334.036
29.3616	333.843
29.3674	335.196
29.3732	335.777
29.379	337.917
29.3849	336.943
29.3907	339.09
29.3965	340.268
29.4023	341.055
29.4081	343.031
29.4139	344.221
29.4197	345.816
29.4255	347.217
29.4313	346.816
29.4371	347.618
29.4429	362.38
29.4487	367.863
29.4545	349.834
29.4603	345.416
29.4661	347.217
29.4719	339.09
29.4777	332.112
29.4835	338.308
29.4893	338.308
29.4951	322.099
29.501	315.47
29.5068	318.215
29.5126	309.693
29.5184	311.307
29.5242	311.487
29.53	323.404
29.5358	326.973
29.5416	325.089
29.5474	321.355
29.5532	321.17
29.559	327.54
29.5648
29.5706
29.5764
29.5822
29.588
29.5938
29.5996
29.6054
29.6112
29.6171
29.6229
29.6287
29.6345
29.6403
29.6461
29.6519
29.6577
29.6635
29.6693
29.6751
29.6809
29.6867
29.6925
29.6983
29.7041
29.7099
29.7157
29.7215
29.7273
29.7332
29.739
29.7448
29.7506
29.7564
29.7622
29.768
29.7738
29.7796
29.7854
29.7912
29.797
29.8028
29.8086
29.8144
29.8202
29.826
29.8318
29.8376
29.8434
29.8493
29.8551
29.8609
29.8667
29.8725
29.8783
29.8841
29.8899
29.8957
29.9015
29.9073
29.9131
29.9189
29.9247
29.9305
29.9363
29.9421
29.9479
29.9537
29.9595
29.9654
29.9712
29.977
29.9828
29.9886
29.9944
30.0002
30.006
30.0118
30.0176
30.0234
30.0292
30.035
30.0408
30.0466
