3.97642	4.36535	1372.92	76.5043
4.08671	4.31311	2749	48.9402
4.26086	4.6556	2099.06	385.625
4.80073	5.02712	2101.48	100.601
5.0039	5.49732	1982.39	444.073
5.49732	6.12426	1739.78	259.829
6.30422	6.7454	2101.48	360.992
6.90213	7.06467	1845.37	30.352
7.2156	7.54648	1967.56	60.689
9.73497	9.93814	1796.98	67.8006
9.93814	10.24	2020.54	57.0822
10.3793	10.5767	2099.06	53.9744
10.8669	11.5461	2074.95	171.044
13.6882	14.0016	1751.89	81.2477
13.7404	14.0016	3505.8	51.1484
14.3673	14.6054	3324.36	39.6035
14.7853	15.0465	1970.97	121.771
15.0465	15.7373	1758.98	367.108
15.778	15.9869	1838.98	463.596
15.9869	17.0725	2055.86	880.679
15.9869	17.0725	2055.86	880.679
17.026	17.3105	2033.42	118.783
17.2118	17.4208	1793.87	93.5979
17.4788	17.8736	1679.55	178.572
17.6181	17.8619	3392.25	42.11
17.8503	18.3322	1782.51	366.707
17.8619	18.1638	3554.74	78.0618
18.4773	18.8314	1989.27	95.4678
19.7312	20.0272	1806.35	77.2788
19.8066	19.9285	2615.78	62.5378
19.8124	19.9576	647.181	100.489
19.8937	20.0446	914.724	229.255
19.9343	20.1143	1776.34	797.997
20.1143	20.9212	2000.8	852.686
20.927	21.4552	2036.95	355.184
21.4436	21.6642	2076.15	54.7675
21.7803	22.4827	1748.85	79.4571
21.8442	22.2505	3532.22	37.9774
24.1952	24.3229	1715.83	30.4387
24.5435	24.7699	1756.95	119.402
24.6248	24.7699	3534.26	42.4792
24.7699	25.182	3912.46	94.9762
24.7699	25.8032	1974.39	152.745
25.182	25.6348	3962.49	49.8062
25.7045	25.8612	1807.39	40.5523
26.9932	27.4112	2001.95	82.8808
27.0803	27.2776	3999.28	34.2965
27.5447	27.7769	2093	28.8722
29.0656	29.3268	1299.61	176.27
29.321	29.7332	1275.07	144.88
29.6635	30.0176	2101.48	330.655
