0
0.00580499
0.01161
0.017415
0.02322
0.0290249
0.0348299
0.0406349	304.372
0.0464399	285.8
0.0522449	294.174
0.0580499	296.905
0.0638549	299.835
0.0696599	302.794
0.0754649	306.666
0.0812698	316.931
0.0870748	322.285
0.0928798	316.017	159.937
0.0986848	312.749	158.557
0.10449	318.032	158.283
0.110295	315.835	157.553
0.1161	316.017	157.826
0.121905	313.472	157.371
0.12771	311.127	155.204
0.133515	307.731	151.923
0.13932	302.27	151.66
0.145125	302.27	149.658
0.15093	299.662	149.399
0.156735	295.707	149.572
0.16254	295.707	148.538
0.168345	294.174	147.172
0.17415	289.455	144.895	494.169
0.179955	286.792	141.422	494.169
0.18576	280.241	139.717	494.74
0.191565	272.421	137.952	493.883
0.19737	271.478	135.739	493.313
0.203175	269.136	134.724	494.74
0.20898	268.826	134.413	488.493
0.214785	265.278	133.87	485.118
0.22059	266.814	133.639	481.489
0.226395	265.431	133.639	479.546
0.2322	264.818	133.253	469.677
0.238005	266.506	133.561	467.782
0.24381	269.915	134.413	466.972
0.249615	274.157	135.739	493.598
0.255419	277.663	137.079	488.493
0.261224	281.052	138.431	491.039
0.267029	283.661	137.079	489.623
0.272834	288.62	142.405	497.319
0.278639	294.004	147.512	493.028
0.284444	297.764	150.264	513.668
0.290249	302.095	153.156	517.54
0.296054	304.196	155.384	538.895
0.301859	319.136	159.108	525.978
0.307664	324.339	159.292
0.313469	326.973	162.733
0.319274	164.244	327.918
0.325079	164.244	327.918
0.330884	165.004	333.073
0.336689	167.598	340.464
0.342494	170.626	344.818
0.348299	172.409	348.422
0.354104	172.509	350.643
0.359909	173.408	340.858
0.365714	169.252	342.832
0.371519	168.277	351.454
0.377324	158.191	351.454
0.383129	166.536	351.454
0.388934	351.454
0.394739	339.875
0.400544	327.918
0.406349	331.537
0.412154	319.136
0.417959	324.714
0.423764	327.351
0.429569	338.699
0.435374	339.09
0.441179	350.441
0.446984	344.023
0.452789	347.217
0.458594	350.846
0.464399	352.267
0.470204	353.899
0.476009	348.422
0.481814	348.02
0.487619	344.221
0.493424	352.267
0.499229	350.036
0.505034	347.217
0.510839	339.482
0.516644	325.841
0.522449	342.437
0.528254	339.286	556.933
0.534059	358.011	556.611
0.539864	347.618	555.648
0.545669	553.406
0.551474	542.33
0.557279	544.527
0.563084	542.33
0.568889	533.013
0.574694	531.783
0.580499	515.154
0.586304	527.805
0.592109	523.856
0.597914	533.013
0.603719	536.72
0.609524	535.791	154.668
0.615329	533.937	154.668
0.621134	527.805	156.646
0.626939	523.856	158.557
0.632744	547.681	161.236
0.638549	558.544	161.982
0.644354	569.293	162.076
0.650159	578.241	163.581
0.655964	590.391	164.528
0.661769	590.732	164.909
0.667574	594.841	165.864
0.673379	563.079	167.598
0.679184	553.086	168.569	337.917
0.684989	555.327	169.349	337.917
0.690794	566.014	169.349	336.748
0.696599	565.36	170.232	341.252
0.702404	565.36	170.823	342.041
0.708209	559.512	170.823	342.239
0.714014	575.907	170.823	341.252
0.719819	579.578	171.119	342.239
0.725624	171.416	342.832
0.731429	171.912	344.818
0.737234	172.609	346.016
0.743039	173.308	347.016
0.748844	174.513	348.422
0.754649	176.032	351.251
0.760454	177.052	354.103
0.766258	177.461	352.674
0.772063	176.847	350.846
0.777868	175.22	348.624
0.783673	174.111	347.417
0.789478	176.235	348.422
0.795283	177.769	355.333
0.801088	176.439	353.899
0.806893	187.688	343.427
0.812698	195.885	338.895
0.818503	199.654	323.217
0.824308	197.133	329.628
0.830113	202.324	334.036
0.835918	329.247
0.841723	341.646
0.847528	353.082
0.853333	355.743
0.859138	365.111
0.864943	364.69
0.870748
0.876553
0.882358
0.888163
0.893968
0.899773
0.905578
0.911383
0.917188
0.922993
0.928798
0.934603
0.940408
0.946213
0.952018
0.957823
0.963628
0.969433
0.975238
0.981043
0.986848
0.992653
0.998458
1.00426
1.01007
1.01587
1.02168
1.02748
1.03329
1.03909
1.0449
1.0507
1.05651
1.06231
1.06812
1.07392
1.07973
1.08553
1.09134
1.09714
1.10295
1.10875
1.11456
1.12036
1.12617
1.13197
1.13778
1.14358
1.14939
1.15519
1.161
1.1668
1.17261
1.17841
1.18422
1.19002
1.19583
1.20163
1.20744
1.21324
1.21905
1.22485
1.23066
1.23646
1.24227
1.24807
1.25388
1.25968
1.26549
1.27129
1.2771
1.2829
1.28871
1.29451
1.30032
1.30612
1.31193
1.31773
1.32354
1.32934
1.33515	319.874
1.34095	323.03
1.34676	333.458
1.35256	315.835
1.35837	310.588
1.36417	314.56
1.36998	314.016
1.37578	310.588
1.38159	309.872
1.38739	307.198
1.3932	302.444
1.399	310.768
1.40481	318.583
1.41061	315.47
1.41642	321.913
1.42222	312.929
1.42803	315.47
1.43383	327.54
1.43964	322.471
1.44544	334.615
1.45125	335.777
1.45705	332.88
1.46286	330.963
1.46866	335.389
1.47447	323.217
1.48027	335.583
1.48608	350.238
1.49188	354.717
1.49769	344.221
1.50349	337.527
1.5093	337.137
1.5151	335.002
1.52091	335.389
1.52671	340.071
1.53252	336.554
1.53832	327.54
1.54413	337.527
1.54993	333.073
1.55574	333.65
1.56154	334.422
1.56735	334.809
1.57315	340.268
1.57896	342.239
1.58476	337.917
1.59057	339.679
1.59637	335.196
1.60218	341.055
1.60798	332.688
1.61379	336.165
1.61959	343.427
1.6254	336.554
1.6312	332.688
1.63701	338.699
1.64281	330.199
1.64862	332.112
1.65442	326.03
1.66023	326.218
1.66603	316.2
1.67184	316.383
1.67764	319.874
1.68345	337.917
1.68925	341.449
1.69506	333.073
1.70086	333.073
1.70667	329.057
1.71247	325.653
1.71828	323.03
1.72408	332.304
1.72989	343.427
1.73569	337.137
1.7415	329.628
1.7473	325.277
1.75311	309.335
1.75891	302.969
1.76472	305.429
1.77052	317.664
1.77633	310.23
1.78213	302.619
1.78794	295.025
1.79374	286.792
1.79955	278.145
1.80535	269.136
1.81116	269.136
1.81696	269.136
1.82277	269.915
1.82857	275.905
1.83438	281.865
1.84018	278.466
1.84599	282.68
1.85179	296.391
1.8576	305.076
1.8634	323.217
1.86921	333.65
1.87501
1.88082
1.88662
1.89243
1.89823
1.90404
1.90984
1.91565
1.92145
1.92726
1.93306
1.93887
1.94467
1.95048
1.95628
1.96209
1.96789
1.9737
1.9795
1.98531
1.99111
1.99692
2.00272
2.00853
2.01433
2.02014
2.02594
2.03175
2.03755
2.04336
2.04916
2.05497	119.748
2.06077	122.194
2.06658	127.899
2.07238	129.46
2.07819	136.053
2.08399	141.422
2.0898	144.644
2.0956	150.091
2.10141	153.51
2.10721	157.099
2.11302	159.016	319.874
2.11882	159.66	320.799
2.12463	159.937	321.541
2.13043	160.771	321.727
2.13624	160.029	320.984
2.14204	160.307	321.727
2.14785	159.845	324.152
2.15365	159.752	318.215
2.15946	160.214	321.727
2.16526	159.937	321.541
2.17107	159.845	322.285
2.17687	160.492	321.727
2.18268	162.545	326.595
2.18848	164.624	330.199
2.19429	165.769	330.581
2.20009	165.1	328.297
2.2059	164.149	326.407
2.2117	163.392	325.465
2.21751	163.77	331.154
2.22331	164.338	327.729
2.22912	164.528	322.285	494.454
2.23492	330.199	496.744	165.769
2.24073	330.581	499.333	166.44
2.24653	330.39	501.646	167.115
2.25234	335.196	507.768	169.056
2.25814	340.858	510.12	169.741
2.26395	341.844	513.668	171.021
2.26975	343.229	516.346	172.21
2.27556	345.018	518.438	173.608
2.28136	346.215	520.839	174.211
2.28717	342.832	524.765	174.816
2.29297	350.643	527.5	175.018
2.29878	352.471	528.414	176.643
2.30458	359.254	536.101	178.386
2.31039	363.218	539.829	180.459
2.31619	368.927	545.786	182.661
2.322	370.422	549.265	183.719
2.3278	369.567	549.583	183.613
2.33361	368.501	549.9	184.038
2.33941	368.076	545.471	183.613
2.34522	365.111	545.471	182.661
2.35102	363.848	548.315	181.609
2.35683	358.425	542.957	180.146
2.36263	352.471	522.647	175.524
2.36844	346.816	511.005	172.509
2.37424	340.268	505.427	168.471
2.38005	327.918	501.936	164.719
2.38585	321.727	493.883	162.545
2.39166	310.23	478.716	154.668
2.39746	315.288	478.44	154.668
2.40327	316.748	473.218	155.384
2.40907	323.591	485.96	155.384
2.41488	319.505	155.384
2.42068	321.355
2.42649	318.951
2.43229	320.059
2.4381	327.54
2.4439	331.154
2.44971	341.646
2.45551	329.818
2.46132	325.653
2.46712	328.677
2.47293	328.297
2.47873	329.437
2.48454	330.39	123.899
2.49034	330.963	125.629
2.49615	326.784	125.92
2.50195	316.017	126.869
2.50776	313.653	126.211
2.51356	316.748	126.065
2.51937	307.909	125.992
2.52517	309.872	127.236
2.53098	319.32	128.863
2.53678	330.39	130.134
2.54258	332.688	131.495
2.54839	317.298	132.562
2.55419	133.33
2.56	134.413	268.67
2.5658	135.504	269.136
2.57161	136.053	270.539
2.57741	136.841	278.788
2.58322	137.634	276.383
2.58902	138.431	278.145
2.59483	138.912	275.745
2.60063	138.752	276.383
2.60644	138.591	276.064
2.61224	138.912	277.023
2.61805	139.636	279.918
2.62385	140.202	281.377
2.62966	140.526	281.377
2.63546	141.014	281.539
2.64127	141.749	283.498
2.64707	142.241	284.318
2.65288	143.396	283.007
2.65868	144.227	287.621
2.66449	147.512	295.366
2.67029	148.453	296.391
2.6761	148.624	296.905
2.6819	149.399	301.398
2.68771	149.572	301.398
2.69351	151.747	303.144
2.69932	153.422	302.444
2.70512	154.489	309.335
2.71093	155.653	310.409
2.71673	155.743	313.653
2.72254	156.827	314.742
2.72834	157.008	315.47
2.73415	156.646	314.56
2.73995	157.099	314.924
2.74576	156.465	313.834
2.75156	155.923	312.027
2.75737	155.294	310.768
2.76317	154.043	310.051
2.76898	152.891	307.731
2.77478	152.45	305.605
2.78059	151.835	303.319
2.78639	151.572	303.845
2.7922	151.484	301.224
2.798	151.31	301.746
2.80381	150.786	301.224
2.80961	150.091	300.182
2.81542	149.313	299.316
2.82122	148.538	300.182
2.82703	148.453	296.391
2.83283	148.624	296.563
2.83864	148.281	297.249
2.84444	148.453	297.249
2.85025	148.196	297.077
2.85605	147.002	291.636
2.86186	145.734	291.131
2.86766	144.56	289.957
2.87347	144.895	291.468
2.87927	142.735	289.12
2.88508	141.422	282.028
2.89088	140.202	282.517
2.89669	138.511	280.241
2.90249	137.634	278.145
2.9083	131.647	280.727
2.9141	134.413	281.214
2.91991	127.53	290.292
2.92571	285.8
2.93152	277.023
2.93732	273.999
2.94313	278.788
2.94893	279.756
2.95474	270.852
2.96054	276.224
2.96635	284.811
2.97215
2.97796
2.98376
2.98957
2.99537
3.00118
3.00698
3.01279
3.01859
3.0244
3.0302
3.03601
3.04181
3.04762
3.05342
3.05923
3.06503	314.742
3.07084	316.931
3.07664	317.848
3.08245	318.215
3.08825	305.429
3.09406	305.429
3.09986	304.372	163.298
3.10567	300.009	165.769
3.11147	301.572	166.825
3.11728	308.621	166.729
3.12308	309.693	166.536
3.12889	314.197	166.152
3.13469	321.727	166.152
3.1405	326.973	166.825
3.1463	334.229	167.598
3.15211	335.777	168.471
3.15791	337.722	168.666
3.16372	339.09	169.643
3.16952	340.464	170.823
3.17533	341.252	171.714
3.18113	343.229	171.813
3.18694	346.215	172.808
3.19274	346.215	173.108
3.19855	345.416	175.018
3.20435	349.834	175.22
3.21016	358.425	174.715
3.21596	347.016	174.312
3.22177	339.09	173.008
3.22757	343.229	173.208
3.23338	343.427	171.912
3.23918	344.619	171.021
3.24499	341.252	170.331
3.25079	339.679	169.154
3.2566	337.722	168.471
3.2624	336.554	168.569
3.26821	335.777	168.569
3.27401	336.165	168.471
3.27982	336.359	168.374	508.355
3.28562	336.359	168.083	508.062
3.29143	337.137	167.889	503.679
3.29723	335.583	167.598	503.097
3.30304	333.458	167.308	502.226
3.30884	338.503	167.211	502.516
3.31465	335.196	167.695	502.516
3.32045	335.777	167.598	501.646
3.32626	336.165	167.889	502.516
3.33206	335.583	167.792	500.778
3.33787	336.748	167.792	503.97
3.34367	334.036	167.211	503.679
3.34948	332.304	167.018	502.516
3.35528	332.304	167.501	506.889
3.36109	335.583	167.792	503.679
3.36689	337.332	168.277	502.226
3.3727	336.359	168.083	502.226
3.3785	334.615	166.633	498.757
3.38431	336.554	166.922	500.199
3.39011	336.359	167.018	502.516
3.39592	334.809	167.211	512.779
3.40172	327.54	166.248	500.778
3.40753	326.973	164.338	508.062
3.41333	331.346	165.195	498.757
3.41914	333.265	165.577	495.312
3.42494	328.867	164.149	496.744
3.43075	326.595	163.015	494.169
3.43655	325.277	162.545	489.623
3.44236	324.714	162.17	493.883
3.44816	320.429	161.236	482.882
3.45397	320.799	159.937	479.269
3.45977	319.32	158.466	475.135
3.46558	313.11	156.555	470.764
3.47138	310.947	154.936	461.342
3.47719	309.693	154.489	465.626
3.48299	304.372	151.66	458.155
3.4888	294.344	149.745	454.203
3.4946	295.537	147.257	457.891
3.50041	290.459	145.566	461.342
3.50621	288.287	142.735	483.161
3.51202	291.973	142.323	491.89
3.51782	295.537	143.562	466.164
3.52363	306.666	143.065
3.52943	296.22	146.748
3.53524	295.195	147.342
3.54104	147.087
3.54685	141.422	297.936
3.55265	141.422	293.156
3.55846	293.495
3.56426	294.344
3.57007	295.025
3.57587	292.987
3.58168	295.195
3.58748	295.537
3.59329	294.855
3.59909	294.514	732.335
3.6049	292.987	721.002
3.6107	292.818	710.665
3.61651	293.834	728.538
3.62231	296.391	736.152
3.62812	294.344	722.253
3.63392	297.936	731.912
3.63973	297.936	696.845
3.64553	299.835	706.98
3.65134	298.281	704.534
3.65714	298.625	718.923
3.66295	304.021	727.276
3.66875	299.316	717.264
3.67456	298.625	694.835
3.68036	292.987	686.854
3.68617	289.957	678.573
3.69197	296.22	700.881
3.69778	286.957	707.798
3.70358	285.634	729.38
3.70939	273.999
3.71519	289.455
3.721	294.684
3.7268	299.143
3.73261	302.969
3.73841	297.936
3.74422	298.108
3.75002	302.27
3.75583	314.379
3.76163	315.835
3.76744	312.929
3.77324	319.32
3.77905	312.929
3.78485	317.298
3.79066	325.277
3.79646	327.918
3.80227	334.036
3.80807	325.841
3.81388	338.112
3.81968	356.155
3.82549	351.251	659.636
3.83129	350.238	647.93
3.8371	360.293	649.053
3.8429	358.632	606.989
3.84871	367.651	586.651
3.85451	369.141	589.709
3.86032	379.957	596.906
3.86612	384.372	599.324
3.87193	377.987	603.842
3.87773	391.091	609.448
3.88354	395.635	601.405
3.88934	405.819	608.744	306.312
3.89515	398.617	608.042	310.409
3.90095	616.886	307.731
3.90676	611.917	324.902
3.91256	600.017	319.689
3.91837	597.941	321.355
3.92417	600.017	322.099
3.92998	589.369	322.844
3.93578	575.575	323.591
3.94159	566.995	325.653
3.94739	588.008	324.152
3.9532	581.255	329.437
3.959	572.26	328.487
3.96481	578.909	331.346
3.97061	567.323	321.17
3.97642	546.417	315.288
3.98222	554.365	322.099
3.98803	557.255	323.217	168.764
3.99383	538.895	335.971	167.211
3.99964	542.957	331.537	168.764
4.00544	547.998	334.422	167.404
4.01125	551.491	333.073	166.633
4.01705	548.631	330.009	166.152
4.02286	533.629	330.39	165.769	328.677
4.02866	330.772	165.482	313.653
4.03447	329.247	164.433	309.156
4.04027	329.437	164.338	312.929
4.04608	328.677	164.054	312.749
4.05188	327.918	163.77	311.127
4.05769	326.595	163.865	311.307	490.472
4.06349	325.465	163.203	308.799	463.747
4.0693	324.714	162.263	315.47	487.084
4.0751	324.152	162.17	321.913	486.803
4.08091	323.965	162.076	323.965	486.521
4.08671	324.152	161.982	323.591	488.211
4.09252	324.152	162.17	323.778	486.241
4.09832	323.591	162.263	323.404	487.647
4.10413	324.152	162.263	323.965	488.493
4.10993	324.527	162.263	324.152	486.803
4.11574	324.902	162.451	324.527	487.647
4.12154	325.277	162.639	325.089	488.211
4.12735	163.015	325.277	489.34
4.13315	163.675	327.162	491.606
4.13896	163.959	327.351	491.606
4.14476	163.865	328.867	491.606
4.15057	164.149	328.108	493.028
4.15637	164.338	327.54	493.028
4.16218	163.865	326.407	496.457
4.16798	163.77	327.162	491.606
4.17379	164.338	328.487	493.028
4.17959	164.054	327.918	492.175
4.1854	164.338	329.437	492.459
4.1912	164.338	330.963	492.459
4.19701	163.298	326.973	489.34
4.20281	161.702	324.902	485.399
4.20862	160.863	323.03	482.324
4.21442	160.585	320.799	483.999
4.22023	159.568	317.848	481.489
4.22603	158.557	317.298	487.929
4.23184	158.009	315.106	475.409
4.23764	156.284	313.472	468.052
4.24345	154.757	309.693	470.764
4.24925	152.891	307.553	460.543
4.25506	151.835	304.724	453.941
4.26086	150.612	301.921	459.215
4.26667	149.313	299.489	447.433
4.27247	146.409	293.834
4.27828	144.811	291.468
4.28408	143.313	289.789
4.28989	141.913	284.482
4.29569	141.422	285.305
4.3015	140.445	281.052
4.3073	139.636	273.999
4.31311	138.112	276.383
4.31891	141.585	270.383
4.32472	144.978	261.323
4.33052	147.768	270.852
4.33633	146.578	258.173
4.34213	146.832	259.518
4.34794	144.644	257.28
4.35374	144.143	253.152
4.35955
4.36535
4.37116
4.37696
4.38277
4.38857
4.39438
4.40018
4.40599
4.41179
4.4176
4.4234
4.42921
4.43501
4.44082
4.44662
4.45243
4.45823
4.46404
4.46984
4.47565
4.48145
4.48726
4.49306
4.49887
4.50467
4.51048
4.51628
4.52209
4.52789
4.5337
4.5395
4.54531
4.55111
4.55692
4.56272
4.56853
4.57433
4.58014
4.58594
4.59175
4.59755
4.60336
4.60916
4.61497
4.62077
4.62658
4.63238
4.63819
4.64399
4.6498
4.6556
4.66141
4.66721
4.67302
4.67882
4.68463
4.69043
4.69624
4.70204
4.70785
4.71365
4.71946
4.72526
4.73107
4.73687
4.74268
4.74848
4.75429
4.76009
4.7659
4.7717
4.77751
4.78331
4.78912
4.79492
4.80073
4.80653
4.81234
4.81814
4.82395
4.82975
4.83556
4.84136
4.84717
4.85297
4.85878
4.86458
4.87039
4.87619
4.882
4.8878
4.89361
4.89941
4.90522
4.91102
4.91683
4.92263
4.92844
4.93424
4.94005
4.94585
4.95166
4.95746
4.96327
4.96907	327.729
4.97487	315.106
4.98068	316.748
4.98649	318.399
4.99229	317.298
4.9981	313.653
5.0039	309.872
5.00971	315.835
5.01551	321.355
5.02132	324.527
5.02712	327.162
5.03293	327.729
5.03873	325.277
5.04454	322.099
5.05034	307.376
5.05615	304.021
5.06195	289.789
5.06776	291.636
5.07356	282.028
5.07936	274.95
5.08517	273.367
5.09097	259.219
5.09678
5.10258
5.10839
5.11419
5.12
5.1258
5.13161
5.13741
5.14322
5.14902
5.15483
5.16063
5.16644
5.17225
5.17805
5.18385
5.18966
5.19546
5.20127
5.20707	123.756
5.21288	123.471
5.21868	124.258
5.22449	125.339
5.23029	129.236
5.2361	135.27
5.2419	139.636
5.24771	143.894
5.25351	147.427
5.25932	150.004
5.26512	152.098
5.27093	156.555	475.684
5.27673	161.236	484.278
5.28254	164.338	490.472
5.28834	165.673	495.598
5.29415	166.248	499.045
5.29995	167.018	500.199
5.30576	167.598	501.646
5.31156	169.643	502.807
5.31737	171.416	511.005
5.32317	170.331	510.12
5.32898	169.252	510.415
5.33478	169.252	511.3
5.34059	170.725	514.262
5.34639	170.823	516.644	339.679
5.3522	171.416	516.942	340.071
5.358	170.922	517.241	340.071
5.36381	169.839	513.965	336.748
5.36961	168.666	503.388	339.09
5.37542	169.154	502.516	339.482
5.38122	169.447	508.355	341.252
5.38703	169.741	506.011	341.055
5.39283	169.741	511.3	340.268
5.39864	169.252	510.12	338.699
5.40444	169.252	507.475	339.286
5.41025	170.331	509.531	341.252
5.41605	171.714	513.965	345.217
5.42186	173.008	530.862	347.618
5.42766	173.709	533.629	347.217
5.43347	174.211	546.417	349.632
5.43927	174.211	538.895	350.238
5.44508	173.408	525.068	347.618
5.45088	172.31	518.438	344.619
5.45669	171.119	514.559	342.437
5.46249	169.741	510.71	333.073
5.4683	164.054	497.319	327.729
5.4741	162.076	495.026	321.355
5.47991	157.826	496.744	312.207
5.48571	163.77	496.744	305.782
5.49152	156.827	503.97	294.855
5.49732	166.152	503.97	294.855
5.50313	166.248	519.337	294.855
5.50893
5.51474
5.52054
5.52635
5.53215
5.53796
5.54376
5.54957
5.55537
5.56118
5.56698
5.57279
5.57859
5.5844
5.5902
5.59601
5.60181
5.60762
5.61342
5.61923
5.62503
5.63084
5.63664
5.64245
5.64825
5.65406
5.65986
5.66567
5.67147
5.67728
5.68308
5.68889
5.69469
5.7005
5.7063
5.71211
5.71791
5.72372
5.72952
5.73533
5.74113
5.74694
5.75274
5.75855
5.76435
5.77016
5.77596
5.78177
5.78757
5.79338
5.79918
5.80499
5.81079
5.8166
5.8224
5.82821
5.83401
5.83982
5.84562
5.85143
5.85723
5.86304
5.86884
5.87465
5.88045
5.88626
5.89206
5.89787
5.90367
5.90948
5.91528
5.92109
5.92689
5.9327
5.9385
5.94431
5.95011
5.95592
5.96172
5.96753
5.97333
5.97914
5.98494
5.99075
5.99655
6.00236
6.00816
6.01397
6.01977
6.02558
6.03138	147.512
6.03719	150.178
6.04299	153.51
6.0488	155.115
6.0546	156.465
6.06041	159.016
6.06621	160.678
6.07202	161.609
6.07782	162.17
6.08363	163.392
6.08943	164.909
6.09524	164.909
6.10104	161.982
6.10685	161.702
6.11265	160.956
6.11846	161.329
6.12426	161.609
6.13007	159.016
6.13587	157.917
6.14168	157.462
6.14748	156.374
6.15329	157.462
6.15909	161.795
6.1649	163.203
6.1707	161.702
6.17651	160.122
6.18231	158.557
6.18812	156.646
6.19392	157.735
6.19973	159.845
6.20553	161.982
6.21134	163.203
6.21714	162.921
6.22295	162.545
6.22875	163.015
6.23456	167.211
6.24036	171.119
6.24617	171.515
6.25197	172.111
6.25778	173.208
6.26358	173.408
6.26939	173.108
6.27519	172.808
6.281	172.011
6.2868	172.409
6.29261	172.111
6.29841	167.695
6.30422	165.004
6.31002	167.501
6.31583	167.501
6.32163	169.839
6.32744	163.392
6.33324	164.149
6.33905	167.211
6.34485	171.515
6.35066	173.308
6.35646	176.541
6.36227	176.032
6.36807	173.208
6.37388	174.413
6.37968
6.38549
6.39129
6.3971	157.553
6.4029	157.735
6.40871	157.644
6.41451	157.917
6.42032	159.66
6.42612	159.476
6.43193	158.924
6.43773	158.1
6.44354	156.555
6.44934	152.45
6.45515	150.873
6.46095	150.004
6.46676	145.398
6.47256	143.23
6.47837	142.817	285.965
6.48417	141.177	283.17
6.48998	139.636	282.68
6.49578	137.316	275.905
6.50159	135.504	271.008
6.50739	133.022	265.278
6.5132	131.115	263.141
6.519	129.759	259.219
6.52481	256.538
6.53061	254.913	128.491
6.53642	257.577	128.863
6.54222	259.668	129.609
6.54803	260.871	130.662
6.55383	264.36	131.723
6.55964	265.431	133.561
6.56544	273.367	135.504
6.57125	279.111	137.714
6.57705	281.214	141.095
6.58286	286.957	143.479
6.58866	290.963	145.566
6.59447	294.344	148.196
6.60027	299.489	150.091
6.60608	302.794	151.747
6.61188	305.253	153.777
6.61769	311.667	157.008
6.62349	317.114	158.191
6.6293	319.689	158.832
6.6351	320.984	160.029
6.64091	322.658	161.609
6.64671	324.152	161.982
6.65252	324.902	162.545
6.65832	325.841	162.921
6.66413	327.918	163.015
6.66993	325.277	161.795
6.67574	324.527	161.142
6.68154	317.664	160.585
6.68735	315.652	161.515
6.69315	318.951	159.752
6.69896	321.913	158.009
6.70476	316.2	159.845
6.71057	324.714	159.845
6.71637	320.059	159.384
6.72218	321.355	160.492
6.72798	321.17
6.73379	313.291
6.73959	312.749
6.7454
6.7512	328.108
6.75701	335.196
6.76281	331.346
6.76862	329.247
6.77442	327.351
6.78023	327.351
6.78603	328.108
6.79184	330.772
6.79764	330.772
6.80345	328.867
6.80925	331.537	176.337
6.81506	332.304	171.021
6.82086	335.583	170.725
6.82667	338.503	165.864
6.83247	343.031	165.1
6.83828	336.943	165.577
6.84408	339.875	166.056
6.84989	340.071	166.825
6.85569	343.427	169.056
6.8615	345.018	169.545
6.8673	343.824	170.429
6.87311	342.437	170.823
6.87891	340.661	170.626
6.88472	338.503	169.839
6.89052	335.389	169.154
6.89633	333.265	168.666
6.90213	330.963	167.986
6.90794	330.963	167.404
6.91374	330.963	167.308
6.91955	329.057	167.598
6.92535	336.748	167.695	409.587
6.93116	333.65	167.598	408.642
6.93696	338.503	168.569	411.009
6.94277	337.527	168.569	412.436
6.94857	335.583	168.471	408.878
6.95438	334.615	167.792	416.987
6.96018	329.057	167.018	430.199
6.96599	333.843	166.825	441.528
6.97179	330.772	165.386	421.589
6.9776	331.537	165.864	427.474
6.9834	328.677	166.056	423.542
6.98921	332.112	167.792	428.463
6.99501	329.247	167.308	439.746	316.565
7.00082	329.057	168.277	432.941	319.32
7.00662	342.832	169.154	412.198	337.722
7.01243	355.127	168.764	335.971
7.01823	340.858	166.729	333.073
7.02404	327.918	164.909	327.54
7.02984	163.392	325.841
7.03565	160.214	323.03
7.04145	158.283	332.304
7.04726	157.28	328.108
7.05306	157.462	317.481
7.05887	157.553	307.909
7.06467	159.016	318.951
7.07048	159.016	333.073
7.07628	163.581	321.727
7.08209	163.392	320.059
7.08789	163.392	313.291
7.0937	169.545	319.505
7.0995	174.01	314.379
7.10531	164.338	333.458
7.11111
7.11692
7.12272
7.12853
7.13433
7.14014
7.14594
7.15175
7.15755
7.16336
7.16916
7.17497
7.18077
7.18658
7.19238
7.19819
7.20399	599.324
7.2098	582.263
7.2156	582.263
7.22141	578.909
7.22721	577.573
7.23302	575.242
7.23882	569.621
7.24463	561.455
7.25043	551.491
7.25624	544.842
7.26204	548.315
7.26785	551.809
7.27365	568.964
7.27946	573.252
7.28526	572.921
7.29107	574.578
7.29687	574.91
7.30268	574.578
7.30848	575.575
7.31429	567.651
7.32009	585.636
7.3259	596.906
7.3317	598.287
7.33751	575.907
7.34331	565.36
7.34912
7.35492
7.36073
7.36653
7.37234
7.37814
7.38395
7.38975	143.396
7.39556	145.314
7.40136	149.399
7.40717	154.489
7.41297	156.194
7.41878	157.099
7.42458	158.557
7.43039	160.214
7.43619	162.076
7.442	163.486
7.4478	164.814
7.45361	165.96
7.45941	166.825
7.46522	167.501
7.47102	167.889
7.47683	168.18
7.48263	168.471
7.48844	168.666
7.49424	168.18
7.50005	167.986
7.50585	166.633
7.51166	166.729
7.51746	165.673
7.52327	165.577
7.52907	165.673
7.53487	168.569
7.54068
7.54648
7.55229
7.55809
7.5639
7.56971
7.57551
7.58132
7.58712
7.59293
7.59873
7.60454
7.61034
7.61615
7.62195
7.62776
7.63356
7.63936
7.64517
7.65097
7.65678
7.66258
7.66839
7.67419
7.68
7.6858
7.69161
7.69741
7.70322
7.70902
7.71483
7.72063
7.72644
7.73224
7.73805
7.74385
7.74966
7.75546
7.76127
7.76707
7.77288
7.77868
7.78449
7.79029
7.7961
7.8019
7.80771
7.81351
7.81932
7.82512
7.83093
7.83673
7.84254
7.84834
7.85415
7.85995
7.86576
7.87156
7.87737
7.88317
7.88898
7.89478
7.90059
7.90639
7.9122
7.918
7.92381
7.92961
7.93542
7.94122
7.94703
7.95283
7.95864
7.96444
7.97025
7.97605
7.98186
7.98766
7.99347
7.99927
8.00508
8.01088
8.01669
8.02249
8.0283
8.0341
8.03991
8.04571
8.05152
8.05732
8.06313
8.06893
8.07474
8.08054
8.08635
8.09215
8.09796
8.10376
8.10957
8.11537
8.12118
8.12698
8.13279
8.13859
8.1444
8.1502
8.15601
8.16181
8.16762
8.17342
8.17923
8.18503
8.19084
8.19664
8.20245
8.20825
8.21406
8.21986
8.22567
8.23147
8.23728
8.24308
8.24889
8.25469
8.2605
8.2663
8.27211
8.27791
8.28372
8.28952
8.29533
8.30113
8.30694
8.31274
8.31855
8.32435
8.33016
8.33596
8.34177
8.34757
8.35338
8.35918
8.36499
8.37079
8.3766
8.3824
8.38821
8.39401
8.39982
8.40562
8.41143
8.41723
8.42304
8.42884
8.43465
8.44045
8.44626
8.45206
8.45787
8.46367
8.46948
8.47528
8.48109
8.48689
8.4927
8.4985
8.50431
8.51011
8.51592
8.52172
8.52753
8.53333
8.53914
8.54494
8.55075
8.55655
8.56236
8.56816
8.57397
8.57977
8.58558
8.59138
8.59719
8.60299
8.6088
8.6146
8.62041
8.62621
8.63202
8.63782
8.64363
8.64943
8.65524
8.66104
8.66685
8.67265
8.67846
8.68426
8.69007
8.69587
8.70168
8.70748
8.71329
8.71909
8.7249	185.318
8.7307	173.508
8.73651	180.355
8.74231	183.401
8.74812	186.284
8.75392	188.775
8.75973	191.632
8.76553	193.97
8.77134	198.161
8.77714	199.309
8.78295	198.161
8.78875	196.111
8.79456	192.853
8.80036	189.431
8.80617	184.357
8.81197	178.696
8.81778	172.708
8.82358	163.675
8.82939	158.1
8.83519	154.311
8.841	150.96
8.8468	148.281
8.85261	144.393
8.85841	143.065
8.86422	142.9
8.87002	143.811
8.87583	140.04
8.88163	133.639
8.88744
8.89324
8.89905
8.90485
8.91066
8.91646
8.92227
8.92807
8.93388
8.93968
8.94549
8.95129
8.9571
8.9629
8.96871
8.97451
8.98032
8.98612
8.99193
8.99773
9.00354
9.00934
9.01515
9.02095
9.02676
9.03256
9.03837
9.04417
9.04998
9.05578
9.06159
9.06739
9.0732
9.079
9.08481
9.09061
9.09642
9.10222
9.10803
9.11383
9.11964
9.12544
9.13125
9.13705
9.14286
9.14866
9.15447
9.16027
9.16608
9.17188
9.17769
9.18349
9.1893
9.1951
9.20091
9.20671
9.21252
9.21832
9.22413
9.22993
9.23574
9.24154
9.24735
9.25315
9.25896
9.26476
9.27057
9.27637
9.28218
9.28798
9.29379
9.29959
9.3054
9.3112
9.31701
9.32281	223.975
9.32862	217.976
9.33442	220
9.34023	223.587
9.34603	224.493
9.35184	225.403
9.35764	223.2
9.36345	218.607
9.36925	215.099
9.37506	204.557
9.38086	201.392
9.38667	195.545
9.39247	206.218
9.39828	216.846
9.40408	208.133
9.40989	208.735
9.41569	212.506
9.4215	222.685
9.4273
9.43311
9.43891
9.44472
9.45052
9.45633
9.46213
9.46794
9.47374
9.47955
9.48535
9.49116
9.49696
9.50277
9.50857
9.51438
9.52018
9.52599
9.53179
9.5376
9.5434
9.54921
9.55501
9.56082
9.56662
9.57243
9.57823
9.58404	190.308
9.58984	193.635
9.59565	196.338
9.60145	198.275
9.60726	199.77
9.61306	199.77
9.61887	198.734
9.62467	196.678
9.63048	194.307
9.63628	190.418
9.64209	193.635	177.974
9.64789	189.54	173.709
9.6537	188.557	165.673
9.6595	187.688	161.236
9.66531	190.859	154.846
9.67111	189.54	151.572
9.67692	187.688	150.264
9.68272	190.528	151.923
9.68853	191.079	153.866
9.69433	190.859	156.374
9.70014	156.374
9.70594	155.743	190.418
9.71175	155.294	191.742
9.71755	155.563	192.853	379.518
9.72336	150.438	193.746	386.375
9.72916	150.264	192.742	385.707
9.73497	150.264	192.853	384.594
9.74077	150.264	192.408	383.928
9.74658	156.374	192.297	383.485
9.75238	192.075	384.594
9.75819	191.853	385.484
9.76399	192.519	385.929
9.7698	192.965	387.493
9.7756	193.523	388.165
9.78141	192.519	387.046
9.78721	192.297	378.643
9.79302	190.638	378.643
9.79882	189.759	379.738
9.80463	189.54	371.279
9.81043	187.471	368.289
9.81624	185.318	369.781
9.82204	186.931	375.159
9.82785	187.039	387.941
9.83365	186.392	376.027
9.83946	185.532	370.422
9.84526	182.24	367.651
9.85107	180.772	363.218
9.85687	180.876	363.638
9.86268	181.819	360.293
9.86848	183.825	360.501
9.87429	362.171
9.88009	361.126
9.8859	362.799
9.8917
9.89751
9.90331
9.90912
9.91492
9.92073
9.92653
9.93234
9.93814
9.94394
9.94975
9.95555
9.96136
9.96716
9.97297
9.97878
9.98458	515.452
9.99039	517.54
9.99619	517.54
10.002	520.237
10.0078	521.441
10.0136	515.154
10.0194	521.14
10.0252	531.783
10.031	533.629
10.0368	531.783
10.0426	542.643
10.0484	552.128
10.0542	522.647
10.06	525.675
10.0659	529.943
10.0717	536.41	363.848
10.0775	533.321	180.355	362.38
10.0833	529.637	180.251	360.709
10.0891	532.397	177.769	354.717
10.0949	537.962	176.337	352.267
10.1007	536.72	174.816	349.834
10.1065	529.637	173.208	348.422
10.1123	529.025	172.908	346.816
10.1181	519.337	171.614	343.229
10.1239	522.949	169.056	337.332
10.1297	514.559	166.152	338.308
10.1355	512.483	166.633	333.265
10.1413	520.237	164.054	324.714
10.1471	524.159	160.585	321.727
10.1529	540.141	157.826	318.951
10.1587	547.681	156.284	313.653
10.1645	545.471	155.833	312.388
10.1703	532.705	157.008	314.742
10.1761	520.237	157.917	319.874
10.1819	536.72	157.735	320.244
10.1878	516.644	159.016	333.265
10.1936	513.965	161.142	320.984
10.1994	518.737	161.889	321.913
10.2052	519.937	163.015	322.285
10.211	522.949	163.77	323.404
10.2168	501.936	164.149	323.404
10.2226	164.528	318.215
10.2284	164.909	318.399
10.2342	165.386	330.772
10.24	166.056	332.496
10.2458	167.018	333.843
10.2516	167.986	335.583
10.2574	168.861	338.699
10.2632	170.429	341.844
10.269	170.626	339.679
10.2748	171.119	327.729
10.2806	172.908	330.199
10.2864	174.111	330.581
10.2922	174.513	330.581
10.298	174.816	344.818
10.3039	176.134	344.221	328.677
10.3097	176.541	341.844	350.846
10.3155	177.359	349.228	355.538
10.3213	178.077	355.743	357.598
10.3271	179.212	358.839
10.3329	179.316	360.293
10.3387	363.638	180.667
10.3445	365.322	180.563
10.3503	367.651	178.902
10.3561	368.501	176.847
10.3619	377.115	173.208
10.3677	389.738	173.308
10.3735	411.009	176.541
10.3793	407.228	179.316
10.3851	400.926	184.357
10.3909	381.497	188.557
10.3967	387.717	189.321
10.4025	384.15	190.638
10.4083	367.227	184.251
10.4141	377.333	189.212
10.42	364.479
10.4258	367.651
10.4316	373.43
10.4374	371.493
10.4432	381.497
10.449	392.675
10.4548	393.811
10.4606	384.372
10.4664	381.717
10.4722	385.261
10.478	382.158
10.4838	389.063
10.4896	370.422
10.4954	372.568
10.5012
10.507
10.5128
10.5186
10.5244
10.5302
10.5361
10.5419	189.979
10.5477	192.853
10.5535	192.853
10.5593	193.188
10.5651	190.198
10.5709	188.122
10.5767	185.318
10.5825	183.825
10.5883	182.24
10.5941	182.45
10.5999	182.45
10.6057	181.714
10.6115	181.504
10.6173	179.627
10.6231	177.666
10.6289	174.513	345.816
10.6347	172.409	344.221
10.6405	169.252	340.464
10.6463	164.338	327.351
10.6522	160.771	323.404
10.658	157.462	320.244
10.6638	154.846	310.409
10.6696	152.45	305.605
10.6754	152.01	302.969
10.6812	150.264	301.746
10.687	143.562	294.004
10.6928	145.734	300.876
10.6986	152.186	306.489
10.7044	153.688	310.23
10.7102	314.742
10.716	320.429
10.7218	324.339
10.7276	331.537	149.485
10.7334	343.031	145.65
10.7392	320.799	143.977
10.745	320.799	144.31
10.7508	325.465	146.155
10.7566	321.355	147.257
10.7624	148.968
10.7683	148.71
10.7741	149.572
10.7799	150.178
10.7857	150.351
10.7915	150.351
10.7973	150.96
10.8031	152.01
10.8089	152.979
10.8147	155.384
10.8205	157.644
10.8263	158.74
10.8321	160.307
10.8379	161.515
10.8437	162.451
10.8495	163.015
10.8553	162.733
10.8611	162.545
10.8669	161.982
10.8727	161.889
10.8785	162.076
10.8844	161.609
10.8902	162.921
10.896	164.054
10.9018	164.244
10.9076	165.769
10.9134	166.729	329.437
10.9192	165.29	337.137
10.925	164.433	343.625
10.9308	163.486	328.867
10.9366	167.792	311.127
10.9424	172.509	311.667
10.9482	169.056	313.834
10.954	161.795	315.288
10.9598	163.203	309.156
10.9656	167.598	317.114
10.9714	170.134	319.689
10.9772	172.808	336.554	160.771
10.983	172.31	337.527	172.21
10.9888	343.031	173.308
10.9946	341.646	172.708
11.0005	343.625	172.111
11.0063	339.482	171.614
11.0121	338.699	169.643
11.0179	336.943	168.471
11.0237	338.112	168.277
11.0295	336.165	167.695
11.0353	330.199	165.577
11.0411	327.729	164.149
11.0469	323.217	161.889
11.0527	319.505	159.845
11.0585	317.114	157.826
11.0643	312.388	155.204
11.0701	312.207	152.803
11.0759	303.67	152.538
11.0817	300.182	150.699
11.0875	299.316	150.351
11.0933	296.22	148.968
11.0991	288.953	142.652
11.1049	283.498	143.23
11.1107	287.787	145.566
11.1166	284.646	149.054
11.1224	281.214	145.818
11.1282	283.989	149.14	126.649
11.134	280.89	127.899
11.1398	268.515	131.343
11.1456	268.515	132.256
11.1514	135.818
11.1572	136.999
11.163	137.555
11.1688	138.912
11.1746	141.177
11.1804	143.23
11.1862	145.482
11.192	147.087
11.1978	149.572
11.2036	150.96
11.2094	152.626
11.2152	154.4
11.221	156.736
11.2268	158.832
11.2327	160.307
11.2385	161.609
11.2443	164.528
11.2501	168.083
11.2559	171.317
11.2617	175.119
11.2675	176.949
11.2733	178.18
11.2791	177.256
11.2849	174.917
11.2907	174.111
11.2965	173.608
11.3023	173.408
11.3081	170.922
11.3139	168.471
11.3197	167.695
11.3255	167.501
11.3313	167.598
11.3371	167.792
11.3429	168.277
11.3488	166.152
11.3546	158.009
11.3604	167.986
11.3662	157.917
11.372	151.66
11.3778	160.122
11.3836	158.283
11.3894
11.3952
11.401
11.4068
11.4126
11.4184
11.4242
11.43
11.4358
11.4416
11.4474
11.4532
11.459
11.4649
11.4707
11.4765
11.4823
11.4881
11.4939
11.4997
11.5055
11.5113
11.5171
11.5229
11.5287
11.5345
11.5403
11.5461
11.5519
11.5577
11.5635
11.5693
11.5751
11.581
11.5868
11.5926
11.5984
11.6042	171.021
11.61	170.626
11.6158	171.119
11.6216	172.21
11.6274	171.416
11.6332	171.218
11.639	171.912
11.6448	174.312
11.6506	170.527
11.6564	170.134
11.6622	174.715
11.668	172.011
11.6738	171.021
11.6796	171.218
11.6854	172.609
11.6912	176.541
11.6971	177.564
11.7029	176.847
11.7087	175.322
11.7145	175.322
11.7203	178.283
11.7261	183.295
11.7319	180.772
11.7377	176.745
11.7435	176.643
11.7493	177.872
11.7551	178.592
11.7609	179.42
11.7667	182.661
11.7725	182.45
11.7783	186.823
11.7841	188.557
11.7899	190.198
11.7957	191.521
11.8015	192.965
11.8073	194.644
11.8132	193.188
11.819	198.275
11.8248	185.854
11.8306
11.8364
11.8422
11.848
11.8538
11.8596
11.8654
11.8712
11.877
11.8828
11.8886
11.8944
11.9002
11.906
11.9118
11.9176
11.9234
11.9293
11.9351
11.9409
11.9467
11.9525
11.9583
11.9641	153.688
11.9699	154.4
11.9757	154.757
11.9815	155.563
11.9873	155.653
11.9931	155.115
11.9989	154.846
12.0047	155.294
12.0105	155.833
12.0163	156.194
12.0221	156.736
12.0279	158.009
12.0337	160.4
12.0395	163.486
12.0454	165.1
12.0512	166.633
12.057	168.471
12.0628	171.317
12.0686	172.409
12.0744	172.609
12.0802	173.809
12.086	174.917
12.0918	176.235
12.0976	176.745
12.1034	177.974
12.1092	180.563
12.115	182.345
12.1208	183.189
12.1266	184.144
12.1324	184.89
12.1382	185.425
12.144	185.211
12.1498	185.318
12.1556	184.677
12.1615	180.251
12.1673	178.283
12.1731	175.829
12.1789	174.413
12.1847	171.515
12.1905	167.404
12.1963	167.695
12.2021	165.96
12.2079	164.528
12.2137	161.889
12.2195
12.2253
12.2311
12.2369
12.2427
12.2485
12.2543
12.2601
12.2659
12.2717
12.2776
12.2834
12.2892	294.174
12.295	280.241
12.3008	284.975
12.3066	266.506
12.3124	267.741
12.3182	270.539
12.324	279.595
12.3298	281.052
12.3356	281.214
12.3414	283.498
12.3472	285.47
12.353	286.461
12.3588	290.292
12.3646	291.636
12.3704	293.834
12.3762	295.195
12.382	296.391
12.3878	296.563
12.3937	297.936
12.3995	297.936
12.4053	297.592
12.4111	294.344
12.4169	288.787
12.4227	283.007
12.4285	280.08
12.4343	275.427
12.4401	269.447
12.4459	264.818
12.4517	256.241
12.4575	251.839
12.4633	249.378
12.4691	244.387
12.4749	242.559
12.4807	242.419
12.4865	234.161
12.4923	232.141
12.4981	236.882
12.5039	227.495
12.5098	227.758
12.5156	224.363
12.5214	224.104
12.5272	225.142
12.533	222.942
12.5388	223.975
12.5446	224.493
12.5504	224.363
12.5562	226.316
12.562	228.945
12.5678	231.739
12.5736	224.752
12.5794	222.171
12.5852	230.804
12.591	234.297
12.5968	244.529
12.6026	243.683
12.6084	244.811
12.6142	244.387
12.62	241.999
12.6258	246.087
12.6317	249.378
12.6375	251.113
12.6433	253.884
12.6491	247.656
12.6549	249.955
12.6607	249.667
12.6665	254.031
12.6723	248.947
12.6781	244.387
12.6839	247.227
12.6897	249.667
12.6955	253.884
12.7013	249.811
12.7071	256.686
12.7129	258.919
12.7187	258.322
12.7245	256.982	201.624
12.7303	252.714	203.144
12.7361	255.798	203.027
12.742	261.474	202.441
12.7478	276.064	203.027
12.7536	274.474	204.439
12.7594	267.895	204.912
12.7652	204.203
12.771	203.144
12.7768	208.373
12.7826	202.558
12.7884	205.623
12.7942	205.623
12.8	210.065
12.8058	208.253
12.8116	205.149
12.8174	207.532
12.8232	205.386
12.829	207.413
12.8348	208.253
12.8406	206.337
12.8464	204.675
12.8522	204.675
12.858
12.8639
12.8697
12.8755
12.8813
12.8871
12.8929	168.18
12.8987	177.256
12.9045	170.823
12.9103	172.21
12.9161	177.974
12.9219	179.523
12.9277	182.134
12.9335	183.613
12.9393	184.251
12.9451	184.57
12.9509	184.677
12.9567	184.89
12.9625	182.556
12.9683	179.938
12.9741	177.974
12.98	174.111
12.9858	174.917
12.9916	172.111
12.9974	172.011
13.0032	176.337
13.009	185.104
13.0148	187.58
13.0206	185.747
13.0264
13.0322
13.038
13.0438
13.0496
13.0554
13.0612
13.067
13.0728
13.0786
13.0844
13.0902
13.0961
13.1019
13.1077
13.1135
13.1193
13.1251
13.1309
13.1367
13.1425
13.1483
13.1541
13.1599
13.1657
13.1715
13.1773
13.1831
13.1889
13.1947
13.2005
13.2063
13.2122
13.218
13.2238
13.2296
13.2354
13.2412
13.247
13.2528
13.2586
13.2644
13.2702
13.276
13.2818
13.2876
13.2934
13.2992
13.305
13.3108	362.589
13.3166	371.279
13.3224	384.372
13.3283	370.85
13.3341	389.513
13.3399	386.599
13.3457	364.69
13.3515	369.781
13.3573	374.294
13.3631	373.861
13.3689	376.027
13.3747	367.651
13.3805	369.781
13.3863	374.726
13.3921	378.205
13.3979	374.51
13.4037	374.51
13.4095	384.15
13.4153	387.493
13.4211	390.639
13.4269	378.861
13.4327	378.861
13.4385	378.643
13.4444	381.056
13.4502	377.769
13.456	384.372	141.177
13.4618	368.076	142.9
13.4676	364.901	143.396
13.4734	378.424	144.06
13.4792	390.865	145.734
13.485	147.683
13.4908	149.831
13.4966	151.66
13.5024	154.4
13.5082	156.374	544.527
13.514	157.553	530.555
13.5198	159.384	535.172
13.5256	161.702	565.034
13.5314	170.429	526.586
13.5372	171.416	539.518
13.543	180.042	538.273
13.5488	179.005	537.03
13.5546	178.18	538.584
13.5605	176.847	540.766
13.5663	177.052	531.476
13.5721	174.01	523.553
13.5779	168.471	520.538
13.5837	170.626	513.372
13.5895	172.111	523.856
13.5953	173.008	522.044
13.6011	173.008	514.559
13.6069	180.042	527.805
13.6127	176.439	536.41
13.6185	538.584
13.6243	520.839
13.6301
13.6359
13.6417
13.6475
13.6533
13.6591
13.6649
13.6707
13.6766
13.6824
13.6882	179.835
13.694	188.014
13.6998	179.316
13.7056	185.639
13.7114	194.644
13.7172	193.97
13.723	196.338
13.7288	195.658
13.7346	193.858
13.7404	187.58
13.7462	186.607
13.752	181.295
13.7578	178.386
13.7636	177.974
13.7694	178.799
13.7752	178.592
13.781	177.359
13.7868	177.872
13.7927	174.715
13.7985	174.513
13.8043	182.029
13.8101	175.423
13.8159	178.18
13.8217	187.147
13.8275	186.715
13.8333	185.854
13.8391	181.714
13.8449	174.111
13.8507
13.8565
13.8623
13.8681
13.8739
13.8797
13.8855
13.8913
13.8971
13.9029
13.9088
13.9146
13.9204	383.485
13.9262	388.389
13.932	399.539
13.9378	384.15
13.9436	386.599
13.9494	385.039	175.727
13.9552	382.821	168.959
13.961	385.484	173.508
13.9668	392.675	169.252
13.9726	386.375	164.814
13.9784	388.389	164.814
13.9842	402.783	166.152
13.99	403.016	165.769
13.9958	409.824	165.386
14.0016	412.198	165.004
14.0074	413.868	163.77
14.0132	412.913	163.865
14.019	423.542	163.675
14.0249	423.053	163.486
14.0307	422.076	163.865
14.0365	423.542	164.528
14.0423	420.616	165.769
14.0481	419.403	167.115
14.0539	437.466	169.349
14.0597	422.808	170.922
14.0655	426.241	171.515
14.0713	442.038	171.813
14.0771	436.456	173.608
14.0829	441.018	174.211
14.0887	419.403	175.829
14.0945	434.695	177.359
14.1003	429.702	177.974
14.1061	431.692	178.799
14.1119	434.444	179.731
14.1177	449.505	181.714
14.1235	439.238	182.767
14.1293	181.819
14.1351	183.084	168.277
14.141	183.613	167.018
14.1468	183.189	166.633
14.1526	183.189	166.152
14.1584	182.24	167.598
14.1642	182.134	168.083
14.17	181.924	168.083
14.1758	181.399	168.666
14.1816	181.504	177.154
14.1874	182.345	175.119
14.1932	183.084	177.154
14.199	182.134	181.714
14.2048	180.772	177.872
14.2106	180.459	181.19
14.2164	179.42	179.316
14.2222	178.386	179.42
14.228	174.111	173.91
14.2338	173.008	172.21
14.2396	173.308	173.208
14.2454	172.908	173.308
14.2512	171.317
14.2571	169.937
14.2629	166.633
14.2687	166.44
14.2745	164.528
14.2803	163.109
14.2861	161.795
14.2919	160.307
14.2977	158.74
14.3035	157.917
14.3093
14.3151
14.3209
14.3267
14.3325	163.203
14.3383	163.298
14.3441	171.515
14.3499	182.556
14.3557	188.557
14.3615	185.104
14.3673	184.464
14.3732	185.425
14.379	185.854
14.3848	185.104
14.3906	182.24
14.3964	182.45
14.4022	185.639
14.408	176.745
14.4138	183.507
14.4196	183.507
14.4254	179.835
14.4312	172.111
14.437	171.515
14.4428	172.808
14.4486	171.119
14.4544	173.308
14.4602	173.308
14.466
14.4718
14.4776
14.4834
14.4893
14.4951
14.5009
14.5067
14.5125
14.5183
14.5241
14.5299	193.076
14.5357	193.858
14.5415	195.094
14.5473	196.338
14.5531	196.906
14.5589	196.111
14.5647	194.419
14.5705	190.088
14.5763	185.318
14.5821	179.731
14.5879	175.626
14.5937	175.018
14.5995	171.813
14.6054	176.439
14.6112	176.643
14.617	184.89
14.6228	189.759
14.6286
14.6344
14.6402
14.646
14.6518
14.6576
14.6634
14.6692
14.675
14.6808
14.6866
14.6924
14.6982
14.704
14.7098
14.7156
14.7215
14.7273
14.7331	322.285
14.7389	340.661
14.7447	343.427
14.7505	346.816
14.7563	356.772
14.7621	360.501
14.7679	363.638
14.7737	365.745
14.7795	369.994
14.7853	371.923	187.471
14.7911	365.745	188.231
14.7969	358.839	188.122
14.8027	353.694	188.122
14.8085	353.082	196.678
14.8143	350.643	196.906
14.8201	360.293	200.927
14.8259	375.376	202.324
14.8317	364.69	197.247
14.8376	381.276	200.232
14.8434	385.039	201.275
14.8492	375.593	204.794
14.855	380.396	208.976
14.8608	391.543	218.607
14.8666	391.543	227.364
14.8724	403.016	235.654
14.8782	399.539	241.162
14.884	409.351	241.162
14.8898	401.158
14.8956	405.819
14.9014	380.396
14.9072	372.353
14.913	371.923
14.9188
14.9246
14.9304
14.9362
14.942
14.9478
14.9537
14.9595
14.9653
14.9711
14.9769
14.9827
14.9885
14.9943
15.0001
15.0059
15.0117
15.0175
15.0233
15.0291
15.0349
15.0407
15.0465
15.0523
15.0581
15.0639
15.0697
15.0756
15.0814
15.0872
15.093
15.0988
15.1046
15.1104
15.1162
15.122
15.1278
15.1336
15.1394
15.1452	158.557
15.151	157.735
15.1568	160.307
15.1626	159.66
15.1684	158.374
15.1742	158.283
15.18	159.016
15.1859	160.863
15.1917	162.451
15.1975	165.004
15.2033	165.769
15.2091	168.471
15.2149	170.626
15.2207	173.008
15.2265	175.119
15.2323	177.461
15.2381	179.212
15.2439	181.504
15.2497	185.104
15.2555	185.961
15.2613	185.961
15.2671	187.905
15.2729	190.198
15.2787	190.418
15.2845	191.411
15.2903	192.742
15.2961	193.523
15.3019	193.188
15.3078	192.742
15.3136	192.297
15.3194	191.411
15.3252	189.869
15.331	188.884
15.3368	186.284
15.3426	185.104
15.3484	181.924
15.3542	180.146
15.36	174.312
15.3658	167.501
15.3716	164.433
15.3774	161.236
15.3832	154.311
15.389	152.803
15.3948
15.4006
15.4064
15.4122
15.418
15.4239
15.4297
15.4355
15.4413
15.4471
15.4529
15.4587
15.4645
15.4703
15.4761
15.4819
15.4877
15.4935
15.4993
15.5051	114.87
15.5109	116.743
15.5167	120.303
15.5225	128.491
15.5283	128.565
15.5341	129.909
15.54	133.561
15.5458	136.289
15.5516	137.475
15.5574	138.591
15.5632	140.445
15.569	141.503
15.5748	144.227
15.5806	145.818
15.5864	147.002
15.5922	147.342
15.598	147.512
15.6038	147.087
15.6096	146.748
15.6154	146.155
15.6212	145.987
15.627	145.566
15.6328	143.894
15.6386	143.148
15.6444	142.488
15.6502	141.177
15.6561	140.851
15.6619	139.959
15.6677	138.511
15.6735	139.233
15.6793	136.447
15.6851	135.348
15.6909	137.555
15.6967	137.079
15.7025	136.762
15.7083	137.079
15.7141
15.7199
15.7257
15.7315
15.7373
15.7431
15.7489
15.7547	374.077
15.7605	364.69
15.7663	380.836
15.7722	365.322
15.778	356.155
15.7838	362.799
15.7896	361.544
15.7954	363.428
15.8012	364.901
15.807	366.803
15.8128	365.956
15.8186	357.804
15.8244	352.064
15.8302	348.624
15.836	342.239
15.8418	330.772
15.8476	321.541
15.8534	316.2
15.8592	314.742	275.745
15.865	316.931	261.474
15.8708	319.689	279.595
15.8766	317.481	277.503
15.8824	323.217	277.663
15.8883	325.089	266.353
15.8941	327.351	268.515
15.8999	327.351	275.268
15.9057	327.918	272.106
15.9115	330.009	270.071
15.9173	326.973	266.199
15.9231	330.581	273.683
15.9289	328.867	269.915
15.9347	330.009	273.209
15.9405	331.92	282.354
15.9463	332.88	278.466
15.9521	334.036	277.023
15.9579	342.634	272.578
15.9637	341.844	271.792
15.9695	346.016	275.745
15.9753	347.819	276.064
15.9811	341.252	283.334
15.9869	338.699	280.727
15.9927	338.895	283.661
15.9985	337.137	273.525
16.0044	330.39	275.586
16.0102	324.714	273.209
16.016	331.346	277.023
16.0218	336.554	275.905
16.0276	336.554	277.343
16.0334	349.43	287.123
16.0392	351.454	283.498
16.045	286.295
16.0508	277.503
16.0566	266.506
16.0624	262.534
16.0682	274.633
16.074
16.0798
16.0856
16.0914
16.0972
16.103
16.1088
16.1146
16.1205
16.1263
16.1321
16.1379
16.1437
16.1495
16.1553
16.1611
16.1669
16.1727
16.1785
16.1843
16.1901
16.1959
16.2017
16.2075
16.2133
16.2191	528.72
16.2249	513.965
16.2307	480.656
16.2366	507.768
16.2424	503.679
16.2482	533.629
16.254	529.637
16.2598	533.321
16.2656	540.141
16.2714	532.09
16.2772	525.371
16.283	528.109
16.2888	513.668
16.2946	508.649
16.3004	509.826
16.3062	508.649
16.312	515.749
16.3178	511.891
16.3236	518.737
16.3294	524.159
16.3352	542.016
16.341	542.33
16.3468	536.72
16.3527	525.675
16.3585	537.341
16.3643	542.643
16.3701	543.27
16.3759	557.899
16.3817	553.406
16.3875	572.26
16.3933	565.034
16.3991	571.269
16.4049	551.172
16.4107	562.429
16.4165	559.512
16.4223	541.391	367.651
16.4281	523.251	369.567
16.4339	532.397	370.85
16.4397	525.978	352.267	186.823
16.4455	524.159	375.376	187.688
16.4513	530.555	377.115	188.34
16.4571	532.397	379.08	189.869
16.4629	532.705	377.987	203.849
16.4688	533.013	380.396	189.979
16.4746	540.141	380.396	189.869
16.4804	562.754	380.616	190.638
16.4862	556.29	381.938	190.418
16.492	387.493	189.979
16.4978	377.987	188.448
16.5036	377.333	187.905
16.5094	374.726	187.797
16.5152	374.943	187.147
16.521	372.353	185.961
16.5268	371.065	185.318
16.5326	366.591	184.251
16.5384	375.81	183.825
16.5442	367.651	182.45
16.55	361.753	181.19
16.5558	360.918	182.134
16.5616	356.566	178.386
16.5674	368.289	177.461
16.5732	355.333	175.018
16.579	357.391	173.91
16.5849	364.058	173.008
16.5907	361.335	172.31
16.5965	353.082	173.508
16.6023	350.643	175.119
16.6081	350.036	176.439
16.6139	346.616	173.508
16.6197	342.437	171.813	173.608
16.6255	341.646	171.218	176.643
16.6313	341.844	170.429	173.608
16.6371	336.554	168.471	171.912
16.6429	339.875	167.018	169.643
16.6487	330.772	164.338	166.825
16.6545	322.285	165.195	160.492
16.6603	319.874	160.678	159.568
16.6661	321.913	160.863	159.66
16.6719	322.471	160.956	159.66	185.318
16.6777	313.653	160.678	154.668	173.208
16.6835	319.505	156.646	157.553	176.032
16.6893	152.01	157.735	180.355
16.6951	152.979	151.484	184.89
16.701	157.917	152.803	191.079
16.7068	154.489	192.965
16.7126	154.132	195.207
16.7184	154.132	195.658
16.7242	157.371	197.475
16.73	160.863	195.432
16.7358	156.736	190.198
16.7416	155.653	191.411
16.7474	153.688	188.231
16.7532	152.186	194.981
16.759	190.308
16.7648
16.7706	368.714
16.7764	366.379
16.7822	368.714
16.788	369.567
16.7938	368.714
16.7996	368.076
16.8054	370.208
16.8112	372.568	245.094
16.8171	370.636	228.153
16.8229	369.141	227.364
16.8287	359.046	228.945
16.8345	365.956	225.272
16.8403	374.726	226.839
16.8461	369.354	229.873
16.8519	371.493	231.071
16.8577	365.533	230.804
16.8635	360.501	229.873
16.8693	359.877	228.153
16.8751	360.085	227.495
16.8809	355.949	225.793
16.8867	349.632	225.142
16.8925	351.86	224.104
16.8983	360.293	225.142
16.9041	362.171	225.793
16.9099	358.425	225.403
16.9157	356.155	224.493
16.9215	351.454	222.428
16.9273	348.624	220.127
16.9332	345.416	218.354
16.939	338.112	217.222
16.9448	341.055	215.722
16.9506	338.503	214.108
16.9564	336.748	212.752
16.9622	334.036	209.944
16.968	331.154	207.652
16.9738	330.199	206.456
16.9796	323.03	206.934
16.9854	337.332	202.91
16.9912	331.729	201.624
16.997	338.895	198.619
17.0028	339.679	197.361
17.0086	333.458	192.965
17.0144	332.496	192.408
17.0202	319.505	184.464
17.026	332.88	182.556
17.0318	320.614	185.532
17.0376	185.104
17.0434	184.144
17.0493	180.667
17.0551	182.978
17.0609	184.89
17.0667	189.54	194.419
17.0725	195.32	195.885
17.0783	192.186	196.678
17.0841	200.347	196.565
17.0899	193.858	195.998
17.0957	192.853	194.981
17.1015	193.411
17.1073	193.299
17.1131	194.419
17.1189	195.545
17.1247	196.565
17.1305	199.424
17.1363	200.347
17.1421	200.579
17.1479	200.232
17.1537	199.885
17.1595	199.654
17.1654	199.539
17.1712	198.504
17.177	197.475
17.1828	195.885
17.1886	194.307
17.1944	193.635
17.2002	193.188	385.039
17.206	193.076	385.707
17.2118	192.408	381.497
17.2176	191.964	380.836
17.2234	191.742	381.717
17.2292	191.521	383.042
17.235	191.632	379.08
17.2408	192.186	378.205
17.2466	192.631	384.15
17.2524	193.076	384.816
17.2582	192.075	384.816
17.264	191.3	383.928
17.2698	188.231	381.276
17.2756	187.363	380.836
17.2815	186.823	381.276
17.2873	189.103	377.769
17.2931	191.079	381.276
17.2989	191.079	379.518
17.3047	191.079	380.836
17.3105	190.969	381.276
17.3163	190.859	380.396
17.3221	190.969	382.158
17.3279	190.528	381.056
17.3337	189.65	379.08
17.3395	188.994	378.643
17.3453	187.471	374.943
17.3511	186.823	374.943
17.3569	185.961	371.708
17.3627	184.997	369.354
17.3685	183.401	367.439
17.3743	182.24	365.111
17.3801	181.609	362.589
17.3859	180.042	360.709
17.3917	178.696	356.978
17.3976	177.872	356.566
17.4034	177.256	354.308
17.4092	176.847	354.717
17.415	177.666	354.717
17.4208	178.18	358.632
17.4266	178.696	358.632
17.4324	179.627	361.753
17.4382	180.146	364.058
17.444	180.146	361.962
17.4498	180.876	361.544	183.295
17.4556	182.134	361.962	182.134
17.4614	182.767	362.589	181.924
17.4672	184.464	361.335	185.211
17.473	187.255	365.745	192.408
17.4788	189.212	370.208	192.853
17.4846	192.631	378.205	194.531
17.4904	195.094	384.816	196.224
17.4962	196.792	394.722	197.703
17.502	198.619	400.232	199.193
17.5078	199.424	400.001	200.116
17.5137	199.654	400.001	200.579
17.5195	200.347	401.158	200.927
17.5253	201.043	398.157	201.392
17.5311	201.857	400.001	201.392
17.5369	401.158	199.539
17.5427	403.016	199.539
17.5485	397.467	198.046
17.5543	392.675	197.019
17.5601	391.543	196.678
17.5659	391.091	196.338
17.5717	393.356	196.111
17.5775	197.019
17.5833	195.207
17.5891	196.906
17.5949	198.734
17.6007	197.818
17.6065	197.932
17.6123	196.678
17.6181	194.083
17.6239	191.521
17.6297	193.97
17.6356	198.161
17.6414	203.967
17.6472	193.858
17.653	190.198
17.6588	190.748
17.6646	194.981
17.6704	189.979
17.6762
17.682
17.6878
17.6936
17.6994
17.7052
17.711
17.7168
17.7226
17.7284
17.7342
17.74
17.7458
17.7517
17.7575
17.7633
17.7691
17.7749
17.7807
17.7865	522.044
17.7923	498.181
17.7981	496.171
17.8039	499.911
17.8097	498.757
17.8155	497.031
17.8213	498.469
17.8271	504.844
17.8329	504.552
17.8387	501.646
17.8445	489.057
17.8503	486.521
17.8561	495.026
17.8619	486.241
17.8678	502.516
17.8736	512.483
17.8794	526.282
17.8852	512.779	160.678
17.891	507.768	161.142
17.8968	513.075	164.338
17.9026	511.3	164.338
17.9084	495.884	165.96
17.9142	496.457	168.569
17.92	502.807	169.349
17.9258	507.182	171.614
17.9316	514.559	174.111
17.9374	516.644	175.93
17.9432	531.476	177.052
17.949	533.013	179.109
17.9548	541.391	180.251
17.9606	521.441	181.19
17.9664	521.14	181.924
17.9722	520.538	181.19
17.9781	512.779	181.504
17.9839	512.779	187.471
17.9897	484.838	191.742
17.9955	482.324	192.965
18.0013	495.884	195.32
18.0071	194.644
18.0129	195.432
18.0187	195.545
18.0245	196.224
18.0303	197.133
18.0361	197.703
18.0419	197.932
18.0477	198.619
18.0535	198.849
18.0593	198.046
18.0651	195.771
18.0709	193.97
18.0767	191.742
18.0825	187.797
18.0883	188.231
18.0941	183.295
18.1	173.608
18.1058	175.22
18.1116	181.399
18.1174	179.109
18.1232	184.784
18.129	189.103
18.1348	187.797
18.1406
18.1464
18.1522
18.158
18.1638
18.1696
18.1754
18.1812
18.187
18.1928
18.1986
18.2044
18.2102
18.2161
18.2219
18.2277
18.2335
18.2393	173.709
18.2451	175.93
18.2509	181.924
18.2567	184.251
18.2625	186.284
18.2683	188.34
18.2741	188.448
18.2799	188.014
18.2857	188.231
18.2915	187.905
18.2973	187.255
18.3031	185.961
18.3089	183.507
18.3147	178.592
18.3205	175.119
18.3263	184.997
18.3322	184.997
18.338	181.295
18.3438	191.964
18.3496	194.644
18.3554	194.981
18.3612	199.539
18.367
18.3728
18.3786
18.3844
18.3902
18.396
18.4018
18.4076
18.4134
18.4192
18.425
18.4308
18.4366
18.4424
18.4483
18.4541
18.4599
18.4657
18.4715
18.4773
18.4831
18.4889
18.4947
18.5005
18.5063
18.5121
18.5179
18.5237
18.5295
18.5353
18.5411
18.5469
18.5527
18.5585
18.5644
18.5702
18.576
18.5818
18.5876
18.5934
18.5992
18.605
18.6108
18.6166
18.6224
18.6282
18.634
18.6398
18.6456
18.6514
18.6572
18.663
18.6688	175.727
18.6746	165.29
18.6805	172.31
18.6863	172.609
18.6921	172.111
18.6979	174.111
18.7037	176.032
18.7095	179.316
18.7153	182.134
18.7211	185.211
18.7269	187.58
18.7327	189.54
18.7385	194.195
18.7443	196.906
18.7501	199.309
18.7559	200.463
18.7617	201.043
18.7675	202.91
18.7733	203.144
18.7791	203.732
18.7849	204.675
18.7907	204.439
18.7966	203.967
18.8024	203.261
18.8082	202.441
18.814	202.091
18.8198	201.392
18.8256	200.116
18.8314	198.734
18.8372	197.247
18.843	195.998
18.8488	195.32
18.8546	195.432
18.8604	194.195
18.8662	193.188
18.872	192.519
18.8778	190.748	379.08
18.8836	189.431	376.679
18.8894	187.58	374.943
18.8952	185.854	370.208
18.901	183.295	366.379
18.9068	180.355	356.155
18.9127	178.077	354.922
18.9185	176.745	351.454
18.9243	176.134	349.834
18.9301	173.709	346.016
18.9359	171.912	343.625
18.9417	167.404	332.88
18.9475	165.673	332.688
18.9533	166.152	336.359
18.9591	154.132	341.055
18.9649	155.653	344.221
18.9707	164.054	344.619
18.9765	169.056	345.018
18.9823	348.02
18.9881	351.657
18.9939	354.103
18.9997	364.479
19.0055	356.772
19.0113	344.221
19.0171	348.02
19.0229	335.196
19.0288	337.332
19.0346	329.057
19.0404	323.217
19.0462	330.39
19.052	324.527
19.0578	330.963
19.0636	340.268	167.695
19.0694	330.39	171.317
19.0752	330.581	172.808
19.081	339.286	178.386
19.0868	341.449	186.069
19.0926	331.346	187.797
19.0984	329.818	189.321
19.1042	334.615	188.994
19.11	334.615	189.103
19.1158	346.415	189.212
19.1216	355.949	189.212
19.1274	188.666
19.1332	186.823
19.139	183.719
19.1449	180.667
19.1507	175.322
19.1565	166.633
19.1623	163.581
19.1681	157.099
19.1739	172.111
19.1797	170.331
19.1855	165.482
19.1913	172.509	374.726
19.1971	361.335
19.2029	349.228
19.2087	349.834
19.2145	351.657
19.2203	350.643
19.2261	367.439
19.2319	343.824
19.2377	343.427
19.2435	357.598
19.2493	348.02
19.2551	357.185
19.261	338.895
19.2668	344.221
19.2726	334.809
19.2784	333.265
19.2842	327.351
19.29	332.304
19.2958	342.634
19.3016	348.422
19.3074	346.616
19.3132	344.818
19.319	342.239
19.3248	340.858
19.3306	340.858
19.3364	339.875
19.3422	339.679	190.088
19.348	343.824	188.666
19.3538	333.458	186.931
19.3596	337.332	187.905
19.3654	337.332	188.775
19.3712	334.809	192.631
19.3771	338.503	193.746
19.3829	345.217	194.644
19.3887	340.268	194.419
19.3945	336.554	196.451
19.4003	338.699	197.133
19.4061	347.417	196.565
19.4119	330.39	193.858
19.4177	329.818	193.523
19.4235	193.635
19.4293	193.523
19.4351	192.631
19.4409	192.965
19.4467	193.076
19.4525	193.299
19.4583	192.519
19.4641	191.964
19.4699	192.186
19.4757	191.632
19.4815	192.075
19.4873	192.853
19.4932	190.528
19.499	189.979
19.5048	186.284
19.5106	185.532
19.5164	184.464
19.5222	183.719
19.528	184.677
19.5338	187.688
19.5396
19.5454	687.251
19.5512	688.841
19.557	685.665
19.5628	686.061
19.5686	682.898
19.5744	691.631
19.5802	688.443
19.586	684.873
19.5918	695.236
19.5976	684.873
19.6034	698.456
19.6093	680.142
19.6151	664.608
19.6209	687.648
19.6267	711.487
19.6325	702.908
19.6383	702.908	178.696
19.6441	695.236	181.714
19.6499	705.349	181.399
19.6557	708.207	185.104
19.6615	724.342	186.499
19.6673	700.072	188.34
19.6731	694.033	190.198
19.6789	190.528
19.6847	191.742
19.6905	191.632
19.6963	192.853
19.7021	193.635
19.7079	194.644
19.7137	195.32
19.7195	195.998
19.7254	197.589
19.7312	198.849
19.737	200.463
19.7428	201.508
19.7486	203.144
19.7544	204.321
19.7602	204.439
19.766	205.267
19.7718	206.456
19.7776	207.413
19.7834	208.133
19.7892	209.701	419.403
19.795	211.16	417.469
19.8008	211.404	420.616
19.8066	211.648	421.102
19.8124	211.893	423.297
19.8182	211.648	422.808
19.824	211.282	421.833
19.8298	211.404	419.161
19.8356	211.771	423.297
19.8415	212.016	424.031
19.8473	210.308	423.053
19.8531	211.038	420.859
19.8589	211.404	421.589
19.8647	209.944	425.258
19.8705	211.16	428.215
19.8763	210.551	426.241
19.8821	212.506	408.642
19.8879	208.133	420.859
19.8937	206.576	418.677
19.8995	196.111	431.443
19.9053	187.688	424.767	529.025
19.9111	186.607	439.238	528.72
19.9169	180.981	428.463	538.895
19.9227	178.799	429.95	532.397
19.9285	177.461	424.276	527.805
19.9343	177.769	418.435	527.195
19.9401	179.835	422.32	526.282
19.9459	180.251	428.958	519.337
19.9517	174.01	436.204	527.195
19.9576	171.714	433.191	521.742
19.9634	176.235	441.528	522.647
19.9692	170.922	465.088	515.749
19.975	168.083	440	513.668
19.9808	166.344	438.478	515.452
19.9866	162.263	437.971	517.54
19.9924	432.941	511.3
19.9982	450.024	522.345
20.004	515.154
20.0098	520.237
20.0156	514.559
20.0214	516.942
20.0272	517.241
20.033	526.586	189.212
20.0388	537.962	187.147
20.0446	554.365	187.255
20.0504	532.705	190.638
20.0562	533.629	180.146
20.062	541.704	180.563
20.0678	553.406	182.134
20.0737	542.33	183.295
20.0795	547.365	183.613
20.0853	557.255	183.507
20.0911	554.365	182.556
20.0969	544.842	181.609
20.1027	180.981
20.1085	179.523
20.1143	178.077
20.1201	176.949
20.1259	174.211
20.1317	171.416
20.1375	165.004
20.1433	161.515
20.1491	153.51
20.1549	151.923
20.1607	149.399
20.1665	144.727
20.1723	145.062
20.1781	145.23
20.1839	161.329
20.1898	168.471
20.1956	166.825
20.2014
20.2072
20.213
20.2188
20.2246
20.2304	163.865
20.2362	169.056
20.242	168.666
20.2478	167.018
20.2536	166.248
20.2594	165.195
20.2652	167.889
20.271	172.011
20.2768	175.018
20.2826	177.359
20.2884	179.212
20.2942	179.731
20.3	179.316
20.3058	180.459
20.3117	181.924
20.3175	182.978
20.3233	184.464
20.3291	185.961
20.3349	185.639
20.3407	183.189
20.3465	182.872
20.3523	181.819
20.3581	180.146
20.3639	178.799
20.3697	178.283
20.3755	179.835
20.3813	179.523
20.3871	175.524
20.3929	169.349
20.3987
20.4045
20.4103
20.4161
20.4219
20.4278
20.4336
20.4394
20.4452
20.451
20.4568
20.4626	171.714
20.4684	171.416
20.4742	165.673
20.48	165.195
20.4858	163.959
20.4916	163.675
20.4974	160.678
20.5032	159.568
20.509	159.937
20.5148	158.924
20.5206	159.66
20.5264	159.752
20.5322	159.2
20.538	158.283
20.5439	156.284
20.5497	155.294
20.5555	151.923
20.5613	153.688
20.5671	153.866
20.5729	159.016
20.5787	166.344
20.5845	168.959
20.5903	176.134
20.5961
20.6019
20.6077
20.6135
20.6193
20.6251
20.6309
20.6367
20.6425
20.6483
20.6542
20.66
20.6658
20.6716
20.6774
20.6832
20.689
20.6948
20.7006
20.7064
20.7122
20.718
20.7238
20.7296
20.7354
20.7412
20.747
20.7528	172.509
20.7586	173.508
20.7644	171.912
20.7702	171.218
20.7761	170.823
20.7819	170.823
20.7877	170.626
20.7935	170.527
20.7993	171.416
20.8051	173.508
20.8109	177.359
20.8167	178.902
20.8225	179.731
20.8283	180.772
20.8341	181.19
20.8399	181.19
20.8457	182.345
20.8515	183.189
20.8573	183.719
20.8631	183.507
20.8689	182.767
20.8747	182.556
20.8805	181.714
20.8863	180.876
20.8922	179.731
20.898	178.799	355.949
20.9038	179.212	356.155
20.9096	179.316	354.308
20.9154	179.523	355.127
20.9212	177.256	355.538
20.927	176.847	355.949
20.9328	175.018	359.254
20.9386	173.308	354.717
20.9444	172.708	348.825
20.9502	171.912	343.427
20.956	171.021	352.471
20.9618	170.232	344.42
20.9676	170.134	343.427
20.9734	170.429	340.268
20.9792	171.714	341.646
20.985	174.111	347.618
20.9908	177.974	354.103
20.9966	179.316	364.058
21.0024	180.772	366.167
21.0083	181.399	364.479
21.0141	181.504	362.171
21.0199	180.042	360.918
21.0257	178.696	359.877
21.0315	176.745	353.082
21.0373	173.709	344.42
21.0431	171.813	343.824
21.0489	169.741	338.895
21.0547	164.624	335.583
21.0605	161.049	339.482
21.0663	156.555	334.036
21.0721	158.557	334.809
21.0779	155.653	345.616
21.0837	151.048	334.422
21.0895	148.882	332.88
21.0953	147.512	330.199
21.1011	146.409	330.199
21.1069	314.379
21.1127
21.1185
21.1244
21.1302
21.136
21.1418
21.1476
21.1534
21.1592
21.165
21.1708
21.1766
21.1824
21.1882
21.194
21.1998
21.2056
21.2114
21.2172
21.223
21.2288
21.2346	200.811
21.2405	201.043
21.2463	202.208
21.2521	201.624
21.2579	201.857
21.2637	202.558
21.2695	201.974
21.2753	202.441
21.2811	203.027
21.2869	203.027
21.2927	202.91
21.2985	203.027
21.3043	202.441
21.3101	203.027
21.3159	203.496
21.3217	203.614
21.3275	204.321
21.3333	204.675
21.3391	204.794
21.3449	205.149
21.3507	205.505
21.3566	205.623
21.3624	205.505
21.3682	206.099
21.374	207.053
21.3798	197.703
21.3856	197.703
21.3914	189.759
21.3972	188.666
21.403	189.103
21.4088
21.4146
21.4204
21.4262	188.448
21.432	188.994
21.4378	186.607
21.4436	183.719
21.4494	180.772
21.4552	177.461
21.461	175.018
21.4668	173.508
21.4727	171.614
21.4785	170.331
21.4843	170.232
21.4901	171.218
21.4959	172.111
21.5017	173.308
21.5075	174.413
21.5133	176.134
21.5191	179.523
21.5249	184.464
21.5307	186.499
21.5365	187.58
21.5423	187.688
21.5481	188.014
21.5539	187.471
21.5597	188.014
21.5655	188.014
21.5713	188.122
21.5771	187.58
21.5829	186.931
21.5888	186.607
21.5946	186.392
21.6004	186.499
21.6062	186.176
21.612	186.284
21.6178	186.176
21.6236	186.176
21.6294	185.854
21.6352	185.425
21.641	184.251
21.6468	183.719
21.6526	182.45
21.6584	180.667
21.6642	179.109
21.67	177.359
21.6758	176.643
21.6816	175.524
21.6874	174.413
21.6932	173.008
21.699	172.31
21.7049	171.714
21.7107	168.959
21.7165	169.545
21.7223
21.7281
21.7339
21.7397
21.7455
21.7513
21.7571
21.7629
21.7687
21.7745
21.7803
21.7861
21.7919
21.7977
21.8035
21.8093	205.267
21.8151	208.494
21.821	209.823
21.8268	210.916
21.8326	209.217
21.8384	214.479
21.8442	211.038
21.85	210.916
21.8558	208.855
21.8616	209.338
21.8674	200
21.8732	203.496
21.879	206.099
21.8848	206.934
21.8906	205.742
21.8964	200.347
21.9022	199.885
21.908	199.885	496.171
21.9138	495.884
21.9196	497.606
21.9254	499.622
21.9312	500.778
21.9371	500.488
21.9429	494.169
21.9487	498.469
21.9545	501.646
21.9603	508.062
21.9661	497.606
21.9719	493.883
21.9777	482.882
21.9835	492.175
21.9893	498.757	286.792
21.9951	511.891	299.316
22.0009	514.262	288.787	144.393
22.0067	521.14	307.021	154.4
22.0125	512.187	315.652	158.191
22.0183	516.942	316.931	158.557
22.0241	514.262	315.835	157.553
22.0299	503.679	310.409	154.132
22.0357	511.005	306.489	152.274
22.0415	517.54	302.969	150.612
22.0473	498.469	311.847	149.658
22.0532	497.893	299.662	148.71
22.059	482.046	291.636	147.002
22.0648	474.312	291.3	145.65
22.0706	472.671	290.627	144.811
22.0764	478.163	287.123	143.728
22.0822	475.959	287.123	142.9
22.088	480.656	289.455	143.313
22.0938	478.163	287.455	143.562
22.0996	482.046	285.965	143.728
22.1054	490.189	288.12	143.811
22.1112	488.775	290.292	144.727
22.117	500.199	287.455	146.24
22.1228	295.366	147.768
22.1286	295.537	149.054
22.1344	297.592	149.831
22.1402	301.746	151.048
22.146	300.009	151.397
22.1518	301.746	152.01
22.1576	300.182	152.626
22.1634	302.27	154.132
22.1693	299.316	154.311
22.1751	300.876	153.688
22.1809	301.746	155.743
22.1867	300.529	156.013
22.1925	307.376
22.1983	308.265
22.2041	310.947
22.2099	306.135
22.2157	300.702
22.2215	300.702	198.046
22.2273	305.959	190.859
22.2331	298.453	192.853
22.2389	303.67	195.545
22.2447	313.834	197.361
22.2505	309.156	197.589
22.2563	302.794	197.703
22.2621	296.22	197.247
22.2679	287.787	197.589
22.2737	290.795	196.338
22.2795	194.644
22.2854	192.631
22.2912	190.528
22.297	187.255
22.3028	183.932
22.3086	183.507
22.3144	183.295
22.3202	184.038
22.326	183.932
22.3318	185.854
22.3376	188.448
22.3434	190.528
22.3492	193.076
22.355	191.3	201.508
22.3608	201.159	203.496
22.3666	203.732	203.496
22.3724	205.623	204.912
22.3782	205.742	205.03
22.384	204.557	204.675
22.3898	203.732	203.379
22.3956	202.091	202.675
22.4015	201.043	202.441
22.4073	202.208	202.558
22.4131	202.208	203.261
22.4189	201.741	203.261
22.4247	203.379	203.732
22.4305	201.857	203.261
22.4363	203.261	203.614
22.4421	204.675	205.267
22.4479	205.267	409.824
22.4537	205.505	411.96
22.4595	205.505	412.674
22.4653	205.386	411.009
22.4711	205.03	409.824
22.4769	204.794	410.535
22.4827	204.085	408.878
22.4885	203.496	400.926
22.4943	203.027	391.091
22.5001	199.193	387.046
22.5059	199.193	390.639
22.5117	195.771	390.865
22.5176	195.658	386.822
22.5234	197.818	394.266
22.5292	197.361	393.584
22.535	197.133	392.449
22.5408	195.207	389.963
22.5466	387.941
22.5524	386.599
22.5582	386.822
22.564	386.375
22.5698	388.389
22.5756	396.779
22.5814	399.77
22.5872	396.092
22.593	395.178
22.5988	403.715
22.6046	412.198
22.6104	407.699
22.6162	398.617
22.622	398.847
22.6278	408.406
22.6336	408.17
22.6395	403.715
22.6453	418.193	281.865
22.6511	278.145
22.6569	271.165
22.6627	263.293
22.6685	265.584
22.6743	252.422
22.6801	259.219
22.6859	259.668
22.6917	269.136
22.6975	269.759
22.7033	271.635
22.7091	267.586
22.7149	261.928
22.7207	261.928
22.7265	257.726
22.7323	271.322
22.7381	255.798
22.7439	259.518
22.7498	259.518
22.7556	268.05
22.7614	266.66	227.233
22.7672	258.024	229.078
22.773	230.804
22.7788	235.382
22.7846	235.11
22.7904	234.974
22.7962	236.336
22.802	235.11
22.8078	234.839
22.8136	235.518
22.8194	235.518
22.8252	235.79
22.831	234.297
22.8368	233.486
22.8426	232.141
22.8484	223.587
22.8542	214.479
22.86	208.976
22.8659	202.91
22.8717	202.91
22.8775	202.91
22.8833
22.8891
22.8949
22.9007
22.9065
22.9123
22.9181
22.9239
22.9297
22.9355
22.9413
22.9471
22.9529
22.9587
22.9645
22.9703
22.9761
22.9819
22.9878
22.9936
22.9994
23.0052
23.011
23.0168
23.0226
23.0284
23.0342
23.04
23.0458
23.0516
23.0574
23.0632
23.069
23.0748
23.0806
23.0864	395.178
23.0922	395.864
23.098	406.993	234.568
23.1039	411.484	237.979
23.1097	416.025	233.082
23.1155	419.403	224.493
23.1213	421.345	211.893
23.1271	424.276	212.261
23.1329	429.95	215.348
23.1387	418.677	220.382
23.1445	406.993	217.222
23.1503	403.016	220.891
23.1561	385.707	223.846
23.1619	390.639	228.022	247.656
23.1677	401.854	226.316	251.258
23.1735	399.539	234.839	256.686
23.1793	407.699	237.705	258.322
23.1851	404.649	228.945	259.969
23.1909	405.117	227.89	260.269
23.1967	413.39	227.89	262.686
23.2025	413.868	226.446	262.989
23.2083	411.246	224.752	263.293
23.2141	397.238	226.839	264.36
23.22	413.868	227.233	263.75
23.2258	227.627	264.207
23.2316	227.627	264.665
23.2374	227.364	263.902
23.2432	225.272	262.686
23.249	222.428	261.022
23.2548	223.716	259.969
23.2606	230.006	259.069
23.2664	235.79	256.834
23.2722	235.382	255.798
23.278	239.22	254.471
23.2838	234.974	254.324
23.2896	254.178
23.2954	251.694
23.3012	248.659
23.307	250.389
23.3128	240.884
23.3186	240.328
23.3244	246.372
23.3302	242.279
23.3361	245.236
23.3419	241.441
23.3477	247.227
23.3535	247.656
23.3593	257.577
23.3651
23.3709
23.3767
23.3825
23.3883
23.3941
23.3999
23.4057
23.4115
23.4173
23.4231
23.4289
23.4347
23.4405
23.4463
23.4522
23.458
23.4638
23.4696
23.4754
23.4812
23.487
23.4928
23.4986
23.5044
23.5102
23.516
23.5218
23.5276	208.494
23.5334	199.078
23.5392	203.144
23.545	205.98
23.5508	211.282
23.5566	214.603
23.5624	216.221
23.5683	217.097
23.5741	216.47
23.5799	215.348
23.5857	212.875
23.5915	210.308
23.5973	206.099
23.6031	203.144
23.6089	200.347
23.6147	196.792
23.6205	196.792
23.6263	192.631
23.6321	191.19
23.6379	189.321
23.6437	182.872
23.6495	192.408
23.6553	207.413
23.6611	204.557
23.6669	204.557
23.6727	205.861
23.6785
23.6844
23.6902
23.696
23.7018
23.7076
23.7134
23.7192
23.725
23.7308
23.7366
23.7424
23.7482
23.754
23.7598
23.7656
23.7714
23.7772
23.783
23.7888
23.7946	136.289
23.8005	133.484
23.8063	132.027
23.8121	131.571
23.8179	131.191
23.8237	130.737
23.8295	129.834	258.471
23.8353	128.863	241.302
23.8411	128.417	258.471
23.8469	128.195	247.227
23.8527	127.456	254.471
23.8585	126.357	252.568
23.8643	125.629	253.006
23.8701	125.412	251.694
23.8759	123.756	249.378
23.8817	121.841	251.403
23.8875	120.372	255.946
23.8933	119.748	250.823
23.8991	116.811	256.093
23.9049	113.289	243.261
23.9107	108.988	247.084
23.9166	108.988	250.389
23.9224	108.988	258.919
23.9282	257.131
23.934	257.428
23.9398	255.355
23.9456	258.173
23.9514	256.686
23.9572	256.686
23.963	254.618
23.9688	247.37
23.9746	254.618
23.9804	257.28
23.9862	245.236
23.992	258.621
23.9978	249.955
24.0036	253.591
24.0094	245.945
24.0152	253.152
24.021	246.087
24.0268	243.12
24.0327	249.667
24.0385	258.919
24.0443	250.968
24.0501	255.502
24.0559	255.502
24.0617	255.502
24.0675
24.0733
24.0791
24.0849
24.0907
24.0965
24.1023
24.1081
24.1139
24.1197
24.1255
24.1313
24.1371
24.1429
24.1488
24.1546
24.1604
24.1662
24.172
24.1778
24.1836
24.1894
24.1952
24.201
24.2068
24.2126
24.2184
24.2242
24.23
24.2358
24.2416
24.2474
24.2532
24.259
24.2649
24.2707
24.2765
24.2823
24.2881
24.2939
24.2997
24.3055
24.3113
24.3171
24.3229
24.3287
24.3345
24.3403
24.3461	226.577
24.3519	232.275
24.3577	239.358
24.3635	242.559
24.3693	243.542
24.3751	242.699
24.381	241.72
24.3868	240.328
24.3926	239.22
24.3984	237.979
24.4042	236.882
24.41	235.926
24.4158	233.891
24.4216	231.338
24.4274	229.608
24.4332	228.549
24.439	237.019
24.4448	240.884
24.4506	240.884
24.4564	233.756
24.4622	237.567
24.468	230.006
24.4738	245.519
24.4796
24.4854
24.4912
24.4971
24.5029
24.5087
24.5145
24.5203
24.5261
24.5319
24.5377
24.5435
24.5493
24.5551
24.5609
24.5667
24.5725
24.5783
24.5841
24.5899
24.5957
24.6015	189.979
24.6073	196.678
24.6132	204.203
24.619	208.133
24.6248	212.998
24.6306	215.722
24.6364	216.846
24.6422	220.891
24.648	223.716
24.6538	226.577
24.6596	228.945
24.6654	232.141
24.6712	232.678
24.677	231.739
24.6828	232.41
24.6886	233.621
24.6944	233.351
24.7002	231.472
24.706	231.606
24.7118	230.405
24.7176	229.74
24.7234	228.813
24.7293	227.364
24.7351	226.054
24.7409	225.533
24.7467	225.533
24.7525	224.623
24.7583	224.234
24.7641	223.587
24.7699	222.556
24.7757	221.402
24.7815	220.509
24.7873	218.607
24.7931	215.099
24.7989
24.8047
24.8105
24.8163
24.8221
24.8279
24.8337
24.8395
24.8454
24.8512
24.857
24.8628
24.8686
24.8744
24.8802
24.886
24.8918
24.8976
24.9034
24.9092
24.915
24.9208
24.9266
24.9324
24.9382
24.944
24.9498
24.9556
24.9615
24.9673
24.9731
24.9789
24.9847
24.9905	435.197
24.9963	432.691
25.0021	449.245
25.0079	444.599
25.0137	454.728
25.0195	434.193
25.0253	431.692	216.47
25.0311	423.542	213.49
25.0369	424.767	212.016
25.0427	428.71	213.861
25.0485	428.71	215.348
25.0543	429.95	217.097
25.0601	448.467	221.53
25.0659	443.06	221.019
25.0717	441.018	220.254
25.0776	438.478	218.859
25.0834	436.961	219.366
25.0892	447.691	213.367
25.095	447.691	216.096
25.1008	448.727	222.556
25.1066	462.944	233.351
25.1124	480.933	233.621
25.1182	460.277	234.297
25.124
25.1298	497.606
25.1356	496.744
25.1414	496.744
25.1472	498.757
25.153	499.622
25.1588	497.031
25.1646	499.333
25.1704	520.538
25.1762	502.226
25.182	503.097	264.971
25.1878	508.943	255.946
25.1937	508.062	238.806
25.1995	497.606	239.912
25.2053	495.312	238.53
25.2111	484.278	241.302
25.2169	484.558	241.58
25.2227	483.44	240.745
25.2285	477.06	238.53
25.2343	474.586	236.882
25.2401	473.764	236.882
25.2459	458.685	235.79
25.2517	454.203	240.189
25.2575	450.284	244.105
25.2633	469.677	242.98
25.2691	485.399	242.279
25.2749	487.084	243.542
25.2807	484.838	241.999
25.2865	480.378	241.162
25.2923	479.823	239.773
25.2981	476.234	237.567
25.3039	470.22	234.974
25.3097	461.076	231.472
25.3156	455.78	227.364
25.3214	446.142	224.104
25.3272	432.941	217.222
25.333	426.981	214.355
25.3388	422.32	210.794
25.3446	419.888	206.456
25.3504	418.435	199.193
25.3562	411.009	197.361
25.362	437.213	194.869
25.3678	444.085	192.853	176.337
25.3736	440	189.979	176.643
25.3794	432.441	178.696
25.3852	431.692	180.667
25.391	428.958	183.825
25.3968	425.995	184.89
25.4026	436.961	190.638
25.4084	426.981	189.979
25.4142	416.747	190.638
25.42	411.484	191.3
25.4258	417.952	193.299
25.4317	428.463	194.531
25.4375	423.297	195.207
25.4433	422.564	193.746
25.4491	431.443	193.411
25.4549	425.503	193.188
25.4607	407.934	194.195
25.4665	202.441
25.4723	206.934
25.4781	201.043
25.4839	197.932
25.4897
25.4955
25.5013
25.5071
25.5129
25.5187
25.5245
25.5303
25.5361
25.542
25.5478
25.5536
25.5594
25.5652
25.571
25.5768
25.5826
25.5884
25.5942
25.6
25.6058
25.6116
25.6174
25.6232
25.629
25.6348
25.6406
25.6464
25.6522
25.658
25.6639
25.6697	528.72
25.6755	524.765
25.6813	526.586
25.6871	529.331
25.6929	531.169
25.6987	530.555
25.7045	529.943
25.7103	528.414
25.7161	529.637
25.7219	529.637
25.7277	530.249	355.743
25.7335	534.246	355.538
25.7393	538.273	354.513	177.052
25.7451	539.518	343.229	171.714
25.7509	543.898	345.616	173.408
25.7567	539.206	348.624	173.408
25.7625	538.584	352.674	176.337
25.7683	538.584	353.694	175.829
25.7741	537.341	354.513	175.119
25.78	530.862	351.454	175.119
25.7858	528.414	350.036	175.322
25.7916	528.72	351.454	176.032
25.7974	529.025	354.103	177.359
25.8032	530.555	356.566	178.283
25.809	535.791	360.918	180.355
25.8148	545.156	364.901	182.45
25.8206	549.9	367.439	183.719
25.8264	551.809	369.994	184.784
25.8322	550.854	375.376	187.147
25.838	566.014	378.205	189.321
25.8438	573.583	380.177	189.759
25.8496	576.906	384.816	190.748
25.8554	576.906	385.707	192.408
25.8612	588.348	389.063	194.419
25.867	588.348	387.941	194.981
25.8728	590.05	391.091	195.658
25.8786	591.756	388.614	194.981
25.8844	585.298	391.091	195.32
25.8902	584.96	391.995	196.678
25.8961	589.028	394.266	197.247
25.9019	590.732	397.009	198.046
25.9077	590.732	393.811	198.275
25.9135	597.251	396.321	198.849
25.9193	596.561	400.463	199.424
25.9251	594.841	397.009	197.932
25.9309	592.44	397.238	198.39
25.9367	592.098	395.178	197.932
25.9425	590.732	396.321	197.703
25.9483	588.348	393.356	197.019
25.9541	585.636	393.356	196.111
25.9599	582.936	391.091	195.207
25.9657	582.936	390.188	194.869
25.9715	580.919	389.063	194.307
25.9773	585.298	388.165	194.083
25.9831	580.919	390.865	193.299
25.9889	577.907	387.493	192.519
25.9947	575.575	384.594	192.408
26.0005	576.573	384.816	192.297
26.0063	575.242	383.928	192.186
26.0122	581.255	380.396	190.859
26.018	577.573	379.299	190.638
26.0238	576.573	379.957	190.528
26.0296	570.28	381.938	190.748
26.0354	566.995	381.938	190.528
26.0412	564.055	381.056	189.979
26.047	560.159	374.51	186.499
26.0528	556.611	370.85	187.905
26.0586	561.455	371.708	186.823
26.0644	564.055	367.014	183.401
26.0702	571.599	367.014	187.471
26.076	573.252	356.36	193.188
26.0818	568.964	353.49	195.32
26.0876	574.247	348.422	198.504
26.0934	595.184	352.267	189.759
26.0992	573.583	358.011
26.105	559.512	358.839
26.1108	572.26	360.709
26.1166	579.913
26.1224	584.284
26.1283	572.26
26.1341	574.578
26.1399	566.995
26.1457	544.213
26.1515	558.221
26.1573	546.733
26.1631	517.241
26.1689
26.1747
26.1805
26.1863
26.1921
26.1979
26.2037
26.2095
26.2153
26.2211	358.839
26.2269	374.943	174.01
26.2327	360.085	170.922
26.2385	341.449	174.312
26.2444	363.638	177.154
26.2502	365.111	182.24
26.256	368.927	184.464
26.2618	371.493	185.211
26.2676	373.214	186.069
26.2734	378.205	187.363
26.2792	383.485	189.212
26.285	389.063	193.97
26.2908	397.238	200.695
26.2966	402.086	200.463
26.3024	401.622	200.811
26.3082	404.883	200.463
26.314	403.016	200.463
26.3198	400.001	198.39
26.3256	394.039	195.885
26.3314	385.261	192.631
26.3372	384.594	192.186
26.343	393.129	191.632
26.3488	394.494	193.523
26.3546	395.635	186.715
26.3605	384.816	188.448
26.3663	394.266	194.419
26.3721	391.317	188.014
26.3779	398.157
26.3837	387.493
26.3895
26.3953
26.4011
26.4069
26.4127
26.4185
26.4243
26.4301
26.4359	167.018
26.4417	171.218
26.4475	171.416
26.4533	171.021
26.4591	169.741
26.4649	167.889
26.4707	163.581
26.4766	160.771
26.4824	159.016
26.4882	156.736
26.494	155.384
26.4998	155.653
26.5056	156.736
26.5114	158.374
26.5172	161.515
26.523	164.433
26.5288	169.447
26.5346	171.317
26.5404	178.18
26.5462	184.677
26.552	189.65	558.544
26.5578	186.499	576.24
26.5636	193.299	578.241
26.5694	194.869	582.263
26.5752	195.658	583.61
26.581	197.818	581.927
26.5868	197.019	592.783
26.5927	200.232	596.217	408.406
26.5985	202.792	611.917	406.758
26.6043	204.085	616.174	403.482
26.6101	199.193	610.858	394.95
26.6159	198.161	592.783	395.178
26.6217	198.39	593.125	395.178
26.6275	199.539	601.752	397.697
26.6333	201.043	605.238	400.695
26.6391	202.441	609.8	404.415
26.6449	202.792	608.744	404.182
26.6507	204.085	610.505	409.587
26.6565	205.03	604.889	412.913
26.6623	213.737	579.913	415.065
26.6681	206.099	592.44	414.825
26.6739	202.558	618.67	414.346
26.6797	202.441	618.67	410.535
26.6855	196.906	600.364	399.078
26.6913	189.54	628.758	390.188
26.6971	393.811
26.7029	395.178
26.7088	399.77
26.7146	383.928
26.7204	391.769
26.7262	394.266
26.732	394.266
26.7378	385.039
26.7436	382.821
26.7494	380.396
26.7552	378.643
26.761	383.707
26.7668	387.269
26.7726	394.494
26.7784	385.929
26.7842	382.821
26.79	383.707
26.7958	371.923
26.8016	376.679
26.8074	367.227
26.8132	385.261
26.819	398.157
26.8249	396.092
26.8307	393.356
26.8365
26.8423
26.8481
26.8539
26.8597
26.8655
26.8713
26.8771
26.8829
26.8887
26.8945
26.9003
26.9061
26.9119
26.9177
26.9235
26.9293
26.9351
26.941
26.9468
26.9526
26.9584
26.9642
26.97
26.9758
26.9816
26.9874
26.9932
26.999
27.0048
27.0106
27.0164
27.0222
27.028
27.0338
27.0396
27.0454
27.0512
27.0571
27.0629
27.0687
27.0745
27.0803
27.0861
27.0919
27.0977
27.1035
27.1093	193.411
27.1151	192.519
27.1209	191.3
27.1267	190.859
27.1325	189.54
27.1383	189.431
27.1441	187.363
27.1499	186.284
27.1557	186.176
27.1615	186.176
27.1673	186.499
27.1732	186.931
27.179	187.147
27.1848	186.284
27.1906	185.854
27.1964	186.607
27.2022	187.58
27.208	184.997
27.2138	184.784
27.2196	182.556
27.2254	178.386
27.2312	175.322
27.237	174.413
27.2428	173.008
27.2486	169.447
27.2544	168.471
27.2602	168.861
27.266	169.154
27.2718	169.839
27.2776	170.232
27.2834	171.813
27.2893	172.409
27.2951	174.01
27.3009	175.423
27.3067	177.564
27.3125	178.592
27.3183	547.365	179.835
27.3241	538.584	180.667
27.3299	544.842	181.504
27.3357	552.766	180.667
27.3415	552.766	182.24
27.3473	569.951	182.24
27.3531	552.128	181.19
27.3589	561.779	177.359
27.3647	563.73	173.108
27.3705	561.455	163.109
27.3763	560.483	169.741
27.3821	555.648	168.471
27.3879	570.609	168.471
27.3937	561.779	166.729
27.3995	561.779	169.154
27.4054	582.599	176.235
27.4112	576.573	176.235
27.417	557.899	176.235
27.4228	573.915
27.4286
27.4344	346.215
27.4402	359.669
27.446	343.625
27.4518	349.632
27.4576	359.461
27.4634	358.839
27.4692	365.956
27.475	353.899
27.4808	360.501
27.4866	361.335
27.4924	344.619
27.4982	342.041
27.504	342.437
27.5098	340.464
27.5156	336.359
27.5215	336.359
27.5273	348.02
27.5331	334.422
27.5389	334.615
27.5447	336.748
27.5505	348.02
27.5563	353.286
27.5621	352.064
27.5679	368.927
27.5737	385.261
27.5795	385.929
27.5853	383.485
27.5911	380.177
27.5969	373.861
27.6027	373.861
27.6085	382.158
27.6143
27.6201
27.6259
27.6317
27.6376
27.6434
27.6492
27.655
27.6608
27.6666
27.6724
27.6782
27.684
27.6898
27.6956
27.7014
27.7072
27.713
27.7188
27.7246
27.7304
27.7362
27.742
27.7478
27.7537
27.7595
27.7653
27.7711
27.7769
27.7827
27.7885
27.7943
27.8001
27.8059
27.8117
27.8175
27.8233
27.8291
27.8349
27.8407
27.8465
27.8523
27.8581
27.8639
27.8698
27.8756
27.8814
27.8872
27.893
27.8988
27.9046
27.9104
27.9162
27.922
27.9278
27.9336
27.9394
27.9452
27.951
27.9568
27.9626
27.9684
27.9742
27.98
27.9858
27.9917
27.9975
28.0033
28.0091
28.0149
28.0207
28.0265
28.0323
28.0381
28.0439
28.0497
28.0555
28.0613
28.0671
28.0729
28.0787
28.0845
28.0903
28.0961
28.1019
28.1078
28.1136
28.1194
28.1252	178.489
28.131	183.613
28.1368	195.094
28.1426	193.746
28.1484	194.307
28.1542	196.111
28.16	199.424
28.1658	200.579
28.1716	199.539
28.1774	198.275
28.1832	207.892
28.189	213.367
28.1948	216.971
28.2006	216.971
28.2064	216.345
28.2122	216.345
28.2181	218.986
28.2239	221.786
28.2297	224.104
28.2355	224.752
28.2413	223.2
28.2471	223.2
28.2529	214.108
28.2587	205.742
28.2645	214.479
28.2703
28.2761
28.2819
28.2877
28.2935
28.2993
28.3051
28.3109
28.3167
28.3225
28.3283
28.3341	417.711
28.34	408.17
28.3458	406.993	204.321
28.3516	402.318	202.091
28.3574	394.722	198.849
28.3632	393.584	197.247
28.369	392.902	196.451
28.3748	391.995	196.678
28.3806	389.738	195.658
28.3864	389.738	195.094
28.3922	386.375	193.188
28.398	384.594	192.297
28.4038	380.836	189.979
28.4096	369.994	185.532
28.4154	370.85	181.19
28.4212	372.568	181.714
28.427	379.518	188.557
28.4328	379.738	184.784
28.4386	387.941	190.418
28.4444	391.091	191.853
28.4502	389.513	191.411
28.4561	388.838	188.666
28.4619	375.159	190.748
28.4677	367.439	193.523
28.4735	370.422
28.4793	359.461
28.4851	351.251
28.4909	353.286
28.4967	345.217
28.5025	337.527
28.5083	352.267
28.5141	357.804
28.5199	366.167
28.5257	355.949
28.5315	339.482
28.5373	326.784
28.5431	347.417
28.5489
28.5547
28.5605
28.5663
28.5722	154.757
28.578	155.923
28.5838	158.191
28.5896	159.568
28.5954	159.568
28.6012	162.733
28.607	164.528
28.6128	166.536
28.6186	167.404
28.6244	166.056
28.6302	163.392
28.636	160.678
28.6418	159.476
28.6476	159.752
28.6534	159.752
28.6592	160.029	451.326
28.665	160.678	482.324
28.6708	161.049	450.805
28.6766	161.049	483.44
28.6824	161.142	483.44
28.6883	161.422	484.838
28.6941	161.982	487.365
28.6999	162.357	488.775
28.7057	161.795	488.775
28.7115	161.049	486.521
28.7173	161.422	483.719
28.7231	161.142	482.603
28.7289	161.049	484.558
28.7347	161.889	485.399
28.7405	160.863	482.882
28.7463	160.307	481.489
28.7521	160.863	483.161
28.7579	161.142	483.44
28.7637	161.049	481.211
28.7695	161.049	481.489
28.7753	161.236	483.44
28.7811	161.609	482.882
28.7869	161.795	487.084
28.7927	162.263	487.084
28.7985	162.17	487.365
28.8044	162.545	487.929	325.841
28.8102	163.203	485.679	326.03
28.816	163.581	491.322	327.351
28.8218	164.149	482.603	330.39
28.8276	165.1	481.767	330.199
28.8334	165.004	493.313	331.154
28.8392	165.673	494.169	328.297
28.845	165.482	495.884	332.496
28.8508	165.482	496.457	331.729
28.8566	165.386	497.319	330.963
28.8624	165.195	496.744	330.772
28.8682	165.1	496.744	330.963
28.874	165.482	496.171	330.581
28.8798	165.29	494.74	329.818
28.8856	164.149	492.459	327.729
28.8914	162.921	492.743	324.527
28.8972	165.482	493.313	324.152
28.903	164.433	492.459	331.346
28.9088	161.609	485.96	323.217
28.9146	160.4	483.719	317.481
28.9205	159.845	484.558	321.17
28.9263	159.292	477.06	324.527
28.9321	159.108	478.716	320.059
28.9379	163.015	475.409	318.951
28.9437	165.195	485.118	322.285
28.9495	163.298	486.241	315.106
28.9553	164.244	475.684	310.768
28.9611	158.009	471.853	301.572
28.9669	157.826	479.546	295.878
28.9727	165.195	494.169	297.42
28.9785	172.509	506.889	291.805	414.346
28.9843	499.622	295.195	400.001
28.9901	507.475	303.494	423.297
28.9959	518.138	313.11	404.182
29.0017	537.651	298.281	426.734	210.065
29.0075	555.969	294.004	429.702	215.099
29.0133	559.836	299.662	445.885	221.658
29.0191	304.372	453.678	229.475
29.0249	305.782	460.012	234.026
29.0307	301.398	469.135	234.839
29.0366	310.947	473.764	237.156
29.0424	314.379	474.038	237.43
29.0482	317.481	471.036	235.518
29.054	304.021	468.323	234.568
29.0598	306.135	470.764	234.297
29.0656	486.521	233.351
29.0714	506.889	243.542
29.0772	513.372	247.799
29.083	504.552	248.803
29.0888	512.779	241.58
29.0946	510.415	248.659
29.1004	535.172	244.953
29.1062	247.084
29.112	259.518
29.1178	259.518
29.1236
29.1294
29.1352
29.141
29.1468
