0
0.00580499
0.01161
0.017415
0.02322
0.0290249
0.0348299
0.0406349
0.0464399
0.0522449
0.0580499
0.0638549	210.673
0.0696599	214.851
0.0754649	220
0.0812698	228.022
0.0870748	233.082
0.0928798	238.392
0.0986848	243.542
0.10449	254.324
0.110295	258.024
0.1161	264.36
0.121905	272.578
0.12771	273.367
0.133515	272.736
0.13932	272.893
0.145125	267.432
0.15093	265.891
0.156735	263.598
0.16254	266.199
0.168345	268.67
0.17415	270.539
0.179955	269.447
0.18576	270.071
0.191565	270.227
0.19737	271.008
0.203175	270.852
0.20898	269.292
0.214785	270.071
0.22059	263.141
0.226395	268.515
0.2322	260.871
0.238005	260.57
0.24381	258.322
0.249615	248.085
0.255419	239.496
0.261224	233.756
0.267029	237.705
0.272834	238.944
0.278639	230.671
0.284444	228.813
0.290249	226.054
0.296054	232.141
0.301859	233.486
0.307664	231.071
0.313469	227.101
0.319274	224.363
0.325079	221.53
0.330884	222.043
0.336689	225.793
0.342494	224.493
0.348299	225.663
0.354104	228.549
0.359909	229.475
0.365714	233.351
0.371519	235.518
0.377324	234.161
0.383129	236.063
0.388934	230.804
0.394739	233.621
0.400544	241.58
0.406349	241.302
0.412154	248.372
0.417959	235.654
0.423764	235.79
0.429569	231.606
0.435374	234.432
0.441179	237.156
0.446984
0.452789
0.458594
0.464399
0.470204
0.476009
0.481814
0.487619
0.493424
0.499229
0.505034
0.510839
0.516644
0.522449
0.528254
0.534059
0.539864
0.545669
0.551474
0.557279
0.563084
0.568889
0.574694
0.580499
0.586304
0.592109
0.597914
0.603719
0.609524
0.615329
0.621134
0.626939
0.632744
0.638549
0.644354
0.650159
0.655964
0.661769
0.667574
0.673379
0.679184
0.684989
0.690794
0.696599
0.702404
0.708209
0.714014
0.719819	261.022
0.725624	257.28
0.731429	257.875
0.737234	264.513
0.743039	259.818
0.748844	260.72
0.754649	271.165
0.760454	268.205
0.766258	262.534
0.772063	260.419
0.777868	261.777
0.783673	252.13
0.789478	259.219
0.795283	256.241
0.801088	261.323
0.806893	261.323
0.812698	264.971
0.818503	251.985
0.824308	247.799
0.830113	256.241
0.835918	252.422
0.841723	246.087
0.847528	242.559
0.853333	245.803
0.859138	236.472
0.864943	241.441
0.870748	249.378
0.876553	247.513
0.882358	256.241
0.888163	254.031
0.893968	248.803
0.899773	257.577
0.905578	267.586
0.911383	266.045
0.917188	269.136
0.922993	273.841
0.928798	259.219
0.934603	257.726
0.940408	262.686
0.946213	267.895
0.952018	277.824
0.957823	290.795
0.963628	306.489
0.969433	306.489
0.975238
0.981043
0.986848
0.992653
0.998458
1.00426
1.01007
1.01587
1.02168
1.02748
1.03329
1.03909
1.0449
1.0507
1.05651
1.06231
1.06812
1.07392
1.07973
1.08553
1.09134
1.09714
1.10295
1.10875
1.11456
1.12036
1.12617
1.13197
1.13778
1.14358
1.14939
1.15519
1.161
1.1668
1.17261	276.064
1.17841	291.3
1.18422	278.145
1.19002	283.989
1.19583	284.975
1.20163	283.334
1.20744	279.918
1.21324	277.663
1.21905	272.893
1.22485	269.759
1.23066	270.852
1.23646	272.421
1.24227	269.447
1.24807	269.136
1.25388	267.277
1.25968	265.891
1.26549	263.75
1.27129	259.518
1.2771	259.518
1.2829	258.77	540.766
1.28871	259.069	516.942
1.29451	257.875	519.037
1.30032	256.389	525.371
1.30612	258.024	521.441
1.31193	258.024	520.237
1.31773	259.369	531.783
1.32354	258.322	524.159
1.32934	255.798	523.856
1.33515	255.65	515.749
1.34095	258.322	521.14
1.34676	259.668	508.649
1.35256	256.538	520.839
1.35837	510.12	251.985
1.36417	504.844	249.955
1.36998	498.181	246.799
1.37578	493.883	246.657
1.38159	495.026	247.084
1.38739	503.679	247.799
1.3932	496.171	245.945
1.399	486.803	243.401
1.40481	488.211	242.419
1.41061	491.606	241.023
1.41642	479.269	239.496
1.42222	480.101	240.745
1.42803	478.163	240.328
1.43383	480.656	240.189
1.43964	477.06	239.358
1.44544	477.06	236.745
1.45125	476.784	237.567
1.45705	475.135	236.882
1.46286	468.594	234.026
1.46866	467.242	233.351
1.47447	468.594	234.297
1.48027	471.58	234.703
1.48608	471.58	235.518
1.49188	472.944	237.979
1.49769	473.491	237.43
1.50349	479.546	238.255
1.5093	478.163	239.773
1.5151	470.492	237.567
1.52091	464.015	231.338
1.52671	462.676	221.658
1.53252	470.22	219.239
1.53832	472.944	210.794
1.54413	477.611	208.494
1.54993	485.679	199.885
1.55574	490.472	197.475
1.56154	491.039	194.419
1.56735	488.775	193.411
1.57315	200.232
1.57896	202.91
1.58476	202.324
1.59057	198.963
1.59637	204.912
1.60218
1.60798
1.61379
1.61959
1.6254
1.6312
1.63701
1.64281
1.64862
1.65442	554.365
1.66023	547.681
1.66603	550.536
1.67184	551.491
1.67764	545.786
1.68345	524.765
1.68925	553.086
1.69506	544.842
1.70086	532.397
1.70667	535.482
1.71247	539.206
1.71828	536.41
1.72408	535.791
1.72989	519.337
1.73569	521.441
1.7415	509.531
1.7473	497.319	551.491
1.75311	495.026	539.206
1.75891	503.388	541.391
1.76472	509.237	547.681
1.77052	508.943	553.086
1.77633	519.637	555.969
1.78213	529.331	554.686
1.78794	541.078	555.327
1.79374	530.249	538.895
1.79955	556.933	562.754
1.80535	537.341	554.686
1.81116	547.049	547.998
1.81696	557.899	558.221
1.82277	556.29	573.583
1.82857	563.079	565.36
1.83438	581.59	574.578
1.84018	595.184	590.391
1.84599	608.744	609.8
1.85179	619.028
1.8576	626.944
1.8634	621.895
1.86921	646.434
1.87501	656.595	231.338
1.88082	649.804	238.806
1.88662	649.804	244.811
1.89243	249.09
1.89823	252.714
1.90404	257.428
1.90984	259.818
1.91565	260.72
1.92145	261.777
1.92726	254.031
1.93306	252.276
1.93887	252.276
1.94467	246.657
1.95048	245.945
1.95628	245.803
1.96209	243.261
1.96789	243.261
1.9737	244.105
1.9795	253.884
1.98531	255.946
1.99111	255.355
1.99692	256.686
2.00272	252.714
2.00853	250.823
2.01433	253.006
2.02014	252.13
2.02594	252.276	508.355
2.03175	251.549	509.237
2.03755	249.955	489.623
2.04336	247.799	499.333
2.04916	249.378	506.011
2.05497	249.378	496.171
2.06077	248.085	496.744
2.06658	245.519	515.452
2.07238	243.823	513.075
2.07819	244.246	501.646
2.08399	243.823	518.138
2.0898	248.085	522.345
2.0956	245.094	515.154
2.10141	245.945	501.067
2.10721	244.67	487.929
2.11302	245.803	483.719
2.11882	253.884	478.716
2.12463	259.969	480.101
2.13043	254.031	482.882
2.13624	242.279	486.241
2.14204	494.169
2.14785	483.719
2.15365	487.084
2.15946	496.744
2.16526	499.622
2.17107	499.045
2.17687	487.929
2.18268	505.135
2.18848	501.067
2.19429	499.333
2.20009	497.893
2.2059	497.893
2.2117	492.175
2.21751	495.884
2.22331	505.427	376.244
2.22912	501.646	381.276
2.23492	501.067	372.999
2.24073	498.469	374.294
2.24653	503.97	383.928
2.25234	493.028	389.063
2.25814	503.679	385.261
2.26395	510.71	383.264
2.26975	528.109	389.513
2.27556	538.584	394.722
2.28136	545.471	393.584
2.28717	534.246	397.009
2.29297	530.249	394.266
2.29878	547.049	412.198
2.30458	555.006	420.859
2.31039	405.351
2.31619	404.182	255.798
2.322	415.065	254.031
2.3278	411.009	255.355
2.33361	410.297	260.119
2.33941	417.952	273.051
2.34522	405.117	261.323
2.35102	422.076	267.895
2.35683	422.808	264.207
2.36263	413.868	264.207
2.36844	417.711	269.136
2.37424	410.535	267.432
2.38005	416.265	265.738
2.38585	430.945	261.777
2.39166	262.382
2.39746	262.534
2.40327	263.902
2.40907	263.598
2.41488	262.989
2.42068	261.626
2.42649	261.928
2.43229	266.814
2.4381	263.902
2.4439	258.322
2.44971	256.834
2.45551	258.919
2.46132	262.686
2.46712	253.445
2.47293	254.766
2.47873	262.231
2.48454	271.635
2.49034	268.05
2.49615	277.503
2.50195	273.209
2.50776	281.377
2.51356	289.455
2.51937	294.004
2.52517	298.108
2.53098	298.625
2.53678	290.963
2.54258	278.466
2.54839	270.383
2.55419	267.586
2.56	269.292
2.5658	264.36
2.57161	275.109
2.57741	266.66
2.58322	260.57
2.58902	261.173
2.59483	266.66
2.60063	254.031
2.60644	254.766
2.61224	245.094	484.278
2.61805	239.773	460.543
2.62385	485.399
2.62966	489.623
2.63546	488.493
2.64127	488.493
2.64707	482.046
2.65288	482.046
2.65868	483.161
2.66449	502.516
2.67029	500.199
2.6761	497.893
2.6819	499.045
2.68771	489.057
2.69351	489.905
2.69932	507.182
2.70512	503.097
2.71093	503.097
2.71673	506.011
2.72254	521.742
2.72834	504.261
2.73415	508.649
2.73995	501.067
2.74576	478.716
2.75156	471.58
2.75737
2.76317
2.76898
2.77478
2.78059
2.78639
2.7922
2.798
2.80381
2.80961
2.81542
2.82122
2.82703
2.83283
2.83864
2.84444
2.85025
2.85605
2.86186
2.86766
2.87347
2.87927
2.88508
2.89088
2.89669
2.90249
2.9083
2.9141
2.91991
2.92571
2.93152
2.93732
2.94313
2.94893
2.95474
2.96054
2.96635
2.97215
2.97796
2.98376
2.98957
2.99537
3.00118
3.00698
3.01279
3.01859
3.0244
3.0302
3.03601	134.49
3.04181	133.407
3.04762	131.951
3.05342	131.951
3.05923	131.04
3.06503	130.285
3.07084	129.46
3.07664	129.236
3.08245	128.863
3.08825	128.491
3.09406	127.973
3.09986	127.089
3.10567	125.92
3.11147	129.46
3.11728	130.285
3.12308	131.419
3.12889	133.793
3.13469	126.722
3.1405	126.503
3.1463	122.406
3.15211	121.21
3.15791	119.334
3.16372	124.114	388.614
3.16952	374.077
3.17533	377.551
3.18113	386.152
3.18694	382.6
3.19274	382.379
3.19855	387.269
3.20435	385.929
3.21016	376.462
3.21596	369.567
3.22177	366.591
3.22757	362.799
3.23338	368.501
3.23918	369.141
3.24499	383.042
3.25079	391.543
3.2566	396.55
3.2624	389.738
3.26821	383.042
3.27401	392.449
3.27982	392.222
3.28562	395.635
3.29143	386.822
3.29723	385.484
3.30304	390.188
3.30884	387.941
3.31465	379.957
3.32045	389.738
3.32626	384.372
3.33206	387.941
3.33787	388.838
3.34367	383.264
3.34948	387.941
3.35528	384.15
3.36109	376.679
3.36689	372.783
3.3727	369.354
3.3785	387.941
3.38431	387.493
3.39011	390.865
3.39592	393.129
3.40172	394.494
3.40753	399.308
3.41333	390.865
3.41914	396.321
3.42494	391.543
3.43075
3.43655
3.44236
3.44816
3.45397
3.45977
3.46558
3.47138
3.47719
3.48299
3.4888
3.4946
3.50041
3.50621
3.51202
3.51782
3.52363
3.52943
3.53524
3.54104
3.54685
3.55265
3.55846
3.56426
3.57007
3.57587
3.58168
3.58748
3.59329
3.59909
3.6049
3.6107
3.61651
3.62231
3.62812
3.63392
3.63973
3.64553
3.65134
3.65714	219.746
3.66295	212.138
3.66875	215.348
3.67456	221.147
3.68036	226.054
3.68617	231.873
3.69197	237.842
3.69778	247.513
3.70358	261.022
3.70939	269.915
3.71519	270.695
3.721	268.981
3.7268	266.66
3.73261	265.584
3.73841	262.989
3.74422	265.891
3.75002	267.123
3.75583	268.36
3.76163	267.586
3.76744	268.981
3.77324	268.05
3.77905	268.981
3.78485	263.445
3.79066	269.136
3.79646	262.989
3.80227	261.173
3.80807	261.777
3.81388	262.837
3.81968	262.686
3.82549	260.57
3.83129	262.231
3.8371	252.568
3.8429	250.244
3.84871	248.516
3.85451	246.942
3.86032	249.234
3.86612	247.513
3.87193	246.372
3.87773	246.087
3.88354	248.803
3.88934	249.955
3.89515	249.955
3.90095	249.955
3.90676	249.955
3.91256	249.955
3.91837	257.131
3.92417	259.369
3.92998	265.891
3.93578	262.382
3.94159	260.119
3.94739	255.798
3.9532	258.322
3.959
3.96481	266.353
3.97061	262.231
3.97642	262.079
3.98222	275.745
3.98803	292.142
3.99383	278.306
3.99964	260.119
4.00544	264.818
4.01125	262.231
4.01705	262.534
4.02286	267.123
4.02866	264.818
4.03447	265.125
4.04027	269.603
4.04608	268.205
4.05188	259.518
4.05769	259.969
4.06349	262.989
4.0693	255.798
4.0751	267.741
4.08091	266.045
4.08671	266.66
4.09252	268.67
4.09832	269.915
4.10413	274.474
4.10993	275.268
4.11574	274.474
4.12154	273.841
4.12735	269.292
4.13315	270.227
4.13896	259.069
4.14476	255.502
4.15057	256.686
4.15637	258.024
4.16218	265.278
4.16798	265.278
4.17379	265.431
4.17959	269.292
4.1854	269.292
4.1912
4.19701
4.20281
4.20862
4.21442
4.22023
4.22603
4.23184
4.23764
4.24345
4.24925
4.25506
4.26086
4.26667
4.27247
4.27828
4.28408
4.28989
4.29569
4.3015
4.3073
4.31311
4.31891
4.32472
4.33052
4.33633
4.34213
4.34794
4.35374
4.35955
4.36535
4.37116
4.37696
4.38277
4.38857
4.39438
4.40018
4.40599
4.41179
4.4176
4.4234
4.42921
4.43501
4.44082
4.44662	246.514
4.45243	253.152
4.45823	259.219
4.46404	265.125
4.46984	264.36
4.47565	249.09
4.48145	241.441
4.48726	243.683
4.49306	245.519
4.49887	244.811
4.50467	246.657
4.51048	254.178
4.51628	256.093
4.52209	259.668
4.52789	262.686
4.5337	257.875
4.5395	256.093
4.54531	253.298
4.55111	251.403
4.55692	252.86
4.56272	251.113
4.56853	255.502
4.57433	253.445
4.58014	247.799
4.58594	244.246
4.59175	234.974
4.59755	243.542
4.60336	257.577
4.60916	240.745
4.61497	236.336
4.62077
4.62658
4.63238
4.63819
4.64399
4.6498
4.6556
4.66141
4.66721
4.67302
4.67882
4.68463
4.69043
4.69624
4.70204
4.70785
4.71365	275.905
4.71946	284.811
4.72526	283.334
4.73107	286.13
4.73687	294.174
4.74268	293.495
4.74848	291.636
4.75429	289.455
4.76009	285.305
4.7659	279.433
4.7717	276.863
4.77751	274.95
4.78331	272.578
4.78912	272.578
4.79492	272.263	542.957
4.80073	270.383	515.154
4.80653	270.852	514.559
4.81234	267.277	531.169
4.81814	261.626	520.538
4.82395	251.258	515.452
4.82975	252.714	539.518
4.83556	251.694	533.629
4.84136	250.1	529.025
4.84717	250.1	536.101
4.85297	251.985	538.895
4.85878	252.276	539.518
4.86458	253.591	541.391
4.87039	249.955	539.206
4.87619	248.659	557.899
4.882	246.799	556.611
4.8878	246.799	563.404
4.89361	246.514	544.842
4.89941	246.799	543.584
4.90522	246.229	533.321
4.91102	244.953	542.33
4.91683	246.087	526.282
4.92263	244.953
4.92844	246.514
4.93424	241.999
4.94005	241.023
4.94585	246.229
4.95166	245.661
4.95746	241.58
4.96327	242.139
4.96907	242.419
4.97487	238.944
4.98068	240.884
4.98649	241.302
4.99229	242.84
4.9981	238.255
5.0039	234.432
5.00971	232.947
5.01551	234.026
5.02132	237.705
5.02712	233.891
5.03293	233.486
5.03873	232.007
5.04454	238.255
5.05034	232.275
5.05615	226.446
5.06195	226.446
5.06776	217.724
5.07356	215.971
5.07936	213.49
5.08517	213.244
5.09097	211.404
5.09678	213.121
5.10258	213.49
5.10839	214.603
5.11419	213.737
5.12	215.971
5.1258	215.846
5.13161	215.722
5.13741
5.14322
5.14902
5.15483
5.16063
5.16644
5.17225
5.17805
5.18385
5.18966
5.19546
5.20127
5.20707
5.21288
5.21868
5.22449
5.23029
5.2361
5.2419
5.24771
5.25351
5.25932
5.26512
5.27093
5.27673
5.28254
5.28834
5.29415
5.29995
5.30576
5.31156
5.31737
5.32317
5.32898
5.33478
5.34059
5.34639
5.3522
5.358
5.36381
5.36961
5.37542
5.38122
5.38703
5.39283
5.39864
5.40444
5.41025
5.41605	258.77
5.42186	253.006
5.42766	255.65
5.43347	266.506
5.43927	270.539
5.44508	271.478
5.45088	268.515
5.45669	280.403
5.46249	276.703
5.4683	276.703
5.4741	278.145
5.47991	282.517
5.48571	275.109
5.49152	275.109
5.49732	264.665
5.50313	263.293
5.50893	260.72
5.51474	257.131
5.52054	255.502
5.52635	255.207
5.53215	258.919
5.53796	258.919
5.54376	252.13
5.54957	248.947
5.55537	247.084
5.56118	242.84
5.56698	251.839
5.57279	244.811
5.57859	238.806
5.5844	241.999
5.5902	242.98
5.59601	244.953	122.76
5.60181	244.811	122.264
5.60762	244.67	122.406
5.61342	242.419	121.63
5.61923	243.12	120.303
5.62503	239.22	120.93
5.63084	241.441	119.334
5.63664	239.635	118.236
5.64245	239.358	118.168
5.64825	238.117	118.715
5.65406	237.567	118.304
5.65986	235.79	118.1
5.66567	238.53	117.487
5.67147	236.609	117.895
5.67728	237.567	119.265
5.68308	240.606	120.372
5.68889	241.302	121.28
5.69469	241.86	121
5.7005	244.67	121.912	257.726
5.7063	246.229	124.833	262.686
5.71211	245.378	128.343	270.227
5.71791	243.542	131.495	273.209
5.72372	241.162	134.724	268.981
5.72952	241.162	138.591	268.826
5.73533	247.942	138.832	276.703
5.74113	243.683	138.992	277.984
5.74694	249.523	138.112	277.663
5.75274	238.392	136.368	275.905
5.75855	241.302	136.289	277.343
5.76435	246.087	140.688	279.595
5.77016	250.1	142.159	284.153
5.77596	238.255	141.667	285.305
5.78177	144.06	290.292
5.78757	290.795
5.79338	299.143
5.79918	305.782
5.80499	302.444
5.81079	305.429
5.8166	315.106
5.8224	308.978
5.82821	305.782
5.83401	316.383
5.83982	320.799
5.84562	320.614
5.85143	318.215
5.85723	320.429
5.86304	321.355
5.86884	329.628
5.87465	320.614
5.88045	318.767
5.88626	320.429
5.89206	326.03
5.89787	327.351
5.90367	325.841
5.90948	320.059
5.91528	328.677
5.92109	336.943
5.92689	330.963
5.9327	326.784
5.9385	317.114
5.94431	316.2
5.95011	317.664
5.95592	317.481
5.96172	315.288
5.96753	320.429
5.97333	320.614
5.97914	329.628
5.98494	335.196
5.99075	335.777
5.99655	329.057
6.00236	328.677
6.00816	329.437
6.01397	327.729
6.01977	330.963
6.02558	334.036
6.03138	337.917
6.03719	329.818
6.04299	330.581
6.0488	334.229
6.0546	330.39
6.06041	318.032
6.06621	326.595
6.07202	329.628
6.07782	325.653	345.816
6.08363	320.059	347.618
6.08943	326.973	347.417
6.09524	314.742	352.064
6.10104	317.848	358.011
6.10685	319.32	341.646
6.11265	328.108	339.09
6.11846	331.346	334.422
6.12426	335.971	336.165
6.13007	350.441	340.661
6.13587	369.781	334.809
6.14168	334.615
6.14748	334.422
6.15329	332.496
6.15909	334.615
6.1649	327.162
6.1707	334.229
6.17651	334.036
6.18231	333.65
6.18812	337.332
6.19392	340.071
6.19973	342.634
6.20553	343.824
6.21134	345.416
6.21714	342.832
6.22295	340.661	684.082
6.22875	349.43	685.269
6.23456	352.878	689.637
6.24036	341.449	663.074
6.24617	336.748	666.915
6.25197	348.624	683.293
6.25778	346.415	696.845
6.26358	340.464	686.854
6.26939	338.699	678.965
6.27519	339.286	672.719
6.281	330.772	661.544
6.2868	330.39	658.494
6.29261	335.971	670.779
6.29841	338.895	674.275
6.30422	336.359	685.665
6.31002	342.437	682.11
6.31583	336.748	680.929
6.32163	336.359	690.434
6.32744	323.778	700.072
6.33324	325.089	704.128
6.33905	325.841	696.845
6.34485	325.465	694.835
6.35066	332.496	670.004
6.35646	337.527	680.535
6.36227	342.437	688.045
6.36807	342.239	684.478
6.37388	339.286	678.573
6.37968	339.09	676.225
6.38549	338.308	678.181
6.39129	339.679	678.573
6.3971	336.748	680.142
6.4029	330.963	664.608
6.40871	334.615	652.813
6.41451	330.199	660.398
6.42032	330.199	663.457
6.42612	332.496	665.761
6.43193	333.265	667.686
6.43773	337.527	672.719
6.44354	334.615	675.054
6.44934	337.527	675.054
6.45515	335.971	671.942
6.46095	331.537	665.376
6.46676	327.351	656.974
6.47256	327.351	655.458
6.47837	327.54	653.19
6.48417	329.057	658.874
6.48998	332.88	663.841
6.49578	327.54	653.945
6.50159	329.437	660.017
6.50739	661.544
6.5132	664.992
6.519	664.224
6.52481	655.837
6.53061	663.457
6.53642	641.598
6.54222	639.009
6.54803	644.942
6.55383	646.434
6.55964	645.688
6.56544	643.826
6.57125	638.271	1340.78
6.57705	629.848	1338.46
6.58286	624.054	1328.45
6.58866	616.174	1323.09
6.59447	610.858	1327.68
6.60027	626.582	1321.56
6.60608	626.582	1331.52
6.61188	619.743	1323.85
6.61769	603.144	1322.32	308.443
6.62349	608.393	1320.8	317.848
6.6293	611.211	1301.11	303.67
6.6351	623.693	1304.87	301.05
6.64091	637.535	1284.68	297.936
6.64671	637.903	1264.07	292.142
6.65252	637.166	1273.6	290.627
6.65832	630.212	1264.8	291.131
6.66413	637.903	1329.98	286.792
6.66993	643.454	1329.98	281.702
6.67574	644.198	1329.98	281.539
6.68154	633.497	287.787
6.68735	627.306	287.787
6.69315	624.414	279.595
6.69896	637.903	278.306
6.70476	640.487	274.474
6.71057	634.962	276.703
6.71637	649.428	283.17
6.72218	665.376	281.865
6.72798	686.061	277.183	627.669
6.73379	732.335	277.023	622.613
6.73959	727.276	270.227	644.198
6.7454	724.342	262.231	659.255
6.7512	727.276	265.278	667.686
6.75701	743.846	268.826	666.53
6.76281	264.665	664.224
6.76862	280.89	677.789
6.77442	279.918	636.063
6.78023	275.905	618.67
6.78603	277.023	626.582
6.79184	280.727	624.775
6.79764	277.023	617.956
6.80345	277.023	605.588
6.80925	281.865	603.842
6.81506	275.427	625.497
6.82086	272.421	641.228
6.82667	271.635	639.748
6.83247	270.695	632.765
6.83828	272.263	633.497
6.84408	269.136	634.229
6.84989	267.741	643.454
6.85569	647.555
6.8615	649.428
6.8673	651.307
6.87311	665.376
6.87891	672.719
6.88472	674.275
6.89052	662.691
6.89633	653.568
6.90213	656.595
6.90794	655.458
6.91374	654.701
6.91955	654.323
6.92535	656.974
6.93116	644.198
6.93696	657.734
6.94277	663.457
6.94857	661.544
6.95438	665.761
6.96018
6.96599
6.97179
6.9776
6.9834
6.98921
6.99501
7.00082
7.00662
7.01243
7.01823
7.02404
7.02984
7.03565
7.04145
7.04726
7.05306
7.05887
7.06467
7.07048
7.07628
7.08209
7.08789
7.0937
7.0995
7.10531
7.11111
7.11692
7.12272
7.12853
7.13433
7.14014
7.14594
7.15175
7.15755
7.16336
7.16916
7.17497
7.18077
7.18658
7.19238
7.19819
7.20399
7.2098
7.2156
7.22141
7.22721
7.23302
7.23882
7.24463
7.25043
7.25624
7.26204
7.26785
7.27365
7.27946
7.28526
7.29107
7.29687
7.30268
7.30848
7.31429
7.32009
7.3259
7.3317
7.33751
7.34331
7.34912
7.35492
7.36073
7.36653
7.37234
7.37814
7.38395
7.38975
7.39556
7.40136
7.40717
7.41297
7.41878
7.42458
7.43039
7.43619
7.442
7.4478
7.45361
7.45941
7.46522
7.47102
7.47683
7.48263
7.48844
7.49424
7.50005
7.50585
7.51166
7.51746
7.52327
7.52907
7.53487
7.54068
7.54648
7.55229
7.55809
7.5639
7.56971
7.57551
7.58132
7.58712
7.59293
7.59873
7.60454
7.61034
7.61615
7.62195
7.62776
7.63356
7.63936
7.64517
7.65097
7.65678
7.66258
7.66839
7.67419
7.68
7.6858
7.69161
7.69741
7.70322
7.70902
7.71483
7.72063
7.72644
7.73224
7.73805
7.74385
7.74966
7.75546
7.76127
7.76707
7.77288
7.77868
7.78449
7.79029
7.7961
7.8019
7.80771
7.81351
7.81932
7.82512
7.83093
7.83673
7.84254
7.84834
7.85415
7.85995
7.86576
7.87156
7.87737
7.88317
7.88898
7.89478
7.90059
7.90639
7.9122
7.918
7.92381
7.92961
7.93542
7.94122
7.94703
7.95283
7.95864
7.96444
7.97025
7.97605
7.98186
7.98766
7.99347
7.99927
8.00508
8.01088
8.01669
8.02249
8.0283
8.0341
8.03991
8.04571
8.05152
8.05732
8.06313
8.06893
8.07474
8.08054
8.08635
8.09215
8.09796
8.10376
8.10957
8.11537
8.12118
8.12698
8.13279
8.13859
8.1444
8.1502
8.15601
8.16181
8.16762
8.17342
8.17923
8.18503
8.19084
8.19664
8.20245
8.20825
8.21406
8.21986
8.22567
8.23147
8.23728
8.24308
8.24889
8.25469
8.2605
8.2663
8.27211
8.27791
8.28372
8.28952
8.29533
8.30113
8.30694
8.31274
8.31855
8.32435
8.33016
8.33596
8.34177
8.34757
8.35338
8.35918
8.36499
8.37079
8.3766
8.3824
8.38821
8.39401
8.39982
8.40562
8.41143
8.41723
8.42304
8.42884
8.43465
8.44045
8.44626
8.45206
8.45787
8.46367
8.46948
8.47528
8.48109
8.48689
8.4927
8.4985
8.50431
8.51011
8.51592
8.52172
8.52753
8.53333
8.53914
8.54494
8.55075
8.55655
8.56236
8.56816
8.57397
8.57977
8.58558
8.59138
8.59719
8.60299
8.6088
8.6146
8.62041
8.62621
8.63202
8.63782
8.64363
8.64943
8.65524
8.66104
8.66685
8.67265
8.67846
8.68426
8.69007
8.69587
8.70168
8.70748
8.71329
8.71909
8.7249
8.7307
8.73651
8.74231
8.74812
8.75392
8.75973
8.76553
8.77134
8.77714
8.78295
8.78875
8.79456
8.80036
8.80617
8.81197
8.81778
8.82358
8.82939
8.83519
8.841
8.8468
8.85261
8.85841
8.86422
8.87002
8.87583
8.88163
8.88744
8.89324
8.89905
8.90485
8.91066
8.91646
8.92227
8.92807
8.93388
8.93968
8.94549
8.95129
8.9571
8.9629
8.96871
8.97451
8.98032
8.98612
8.99193
8.99773
9.00354
9.00934
9.01515
9.02095
9.02676
9.03256
9.03837
9.04417
9.04998
9.05578
9.06159
9.06739
9.0732
9.079
9.08481
9.09061
9.09642
9.10222
9.10803
9.11383
9.11964
9.12544
9.13125
9.13705
9.14286
9.14866
9.15447
9.16027
9.16608
9.17188
9.17769
9.18349
9.1893
9.1951
9.20091
9.20671
9.21252
9.21832
9.22413
9.22993
9.23574
9.24154
9.24735
9.25315
9.25896
9.26476
9.27057
9.27637
9.28218
9.28798
9.29379
9.29959
9.3054
9.3112
9.31701
9.32281
9.32862
9.33442
9.34023
9.34603
9.35184
9.35764
9.36345
9.36925
9.37506
9.38086
9.38667
9.39247
9.39828
9.40408
9.40989
9.41569
9.4215
9.4273
9.43311
9.43891
9.44472
9.45052
9.45633
9.46213
9.46794
9.47374
9.47955
9.48535
9.49116
9.49696
9.50277
9.50857
9.51438
9.52018
9.52599
9.53179
9.5376
9.5434
9.54921
9.55501
9.56082
9.56662
9.57243
9.57823
9.58404
9.58984
9.59565
9.60145
9.60726
9.61306
9.61887
9.62467
9.63048
9.63628
9.64209
9.64789
9.6537
9.6595
9.66531
9.67111
9.67692
9.68272
9.68853
9.69433
9.70014
9.70594
9.71175
9.71755
9.72336
9.72916
9.73497
9.74077
9.74658
9.75238
9.75819
9.76399
9.7698
9.7756
9.78141
9.78721
9.79302
9.79882
9.80463
9.81043
9.81624
9.82204
9.82785
9.83365
9.83946
9.84526
9.85107
9.85687
9.86268
9.86848
9.87429
9.88009
9.8859
9.8917
9.89751
9.90331
9.90912
9.91492
9.92073
9.92653
9.93234
9.93814
9.94394
9.94975
9.95555
9.96136
9.96716
9.97297
9.97878
9.98458
9.99039
9.99619
10.002
10.0078
10.0136
10.0194
10.0252
10.031
10.0368
10.0426
10.0484
10.0542
10.06
10.0659
10.0717
10.0775
10.0833
10.0891
10.0949
10.1007
10.1065
10.1123
10.1181
10.1239
10.1297
10.1355
10.1413
10.1471
10.1529
10.1587
10.1645
10.1703
10.1761
10.1819
10.1878
10.1936
10.1994
10.2052
10.211
10.2168
10.2226
10.2284
10.2342
10.24
10.2458
10.2516
10.2574
10.2632
10.269
10.2748
10.2806
10.2864
10.2922
10.298
10.3039
10.3097
10.3155
10.3213
10.3271
10.3329
10.3387
10.3445
10.3503
10.3561
10.3619
10.3677
10.3735
10.3793
10.3851
10.3909
10.3967
10.4025
10.4083
10.4141
10.42
10.4258
10.4316
10.4374
10.4432
10.449
10.4548
10.4606
10.4664
10.4722
10.478
10.4838
10.4896
10.4954
10.5012
10.507
10.5128
10.5186
10.5244
10.5302
10.5361
10.5419
10.5477
10.5535
10.5593
10.5651
10.5709
10.5767
10.5825
10.5883
10.5941
10.5999
10.6057
10.6115
10.6173
10.6231
10.6289
10.6347
10.6405
10.6463
10.6522
10.658
10.6638
10.6696
10.6754
10.6812
10.687
10.6928
10.6986
10.7044
10.7102
10.716
10.7218
10.7276
10.7334
10.7392
10.745
10.7508
10.7566
10.7624
10.7683
10.7741
10.7799
10.7857
10.7915
10.7973
10.8031
10.8089
10.8147
10.8205
10.8263
10.8321
10.8379
10.8437
10.8495
10.8553
10.8611
10.8669
10.8727
10.8785
10.8844
10.8902
10.896
10.9018
10.9076
10.9134
10.9192
10.925
10.9308
10.9366
10.9424
10.9482
10.954
10.9598
10.9656
10.9714
10.9772
10.983
10.9888
10.9946
11.0005
11.0063
11.0121
11.0179
11.0237
11.0295
11.0353
11.0411
11.0469
11.0527
11.0585
11.0643
11.0701
11.0759
11.0817
11.0875
11.0933
11.0991
11.1049
11.1107
11.1166
11.1224
11.1282
11.134
11.1398
11.1456
11.1514
11.1572
11.163
11.1688
11.1746
11.1804
11.1862
11.192
11.1978
11.2036
11.2094
11.2152
11.221
11.2268
11.2327
11.2385
11.2443
11.2501
11.2559
11.2617
11.2675
11.2733
11.2791
11.2849
11.2907
11.2965
11.3023
11.3081
11.3139
11.3197
11.3255
11.3313
11.3371
11.3429
11.3488
11.3546
11.3604
11.3662
11.372
11.3778
11.3836
11.3894
11.3952
11.401
11.4068
11.4126
11.4184
11.4242
11.43
11.4358
11.4416
11.4474
11.4532
11.459
11.4649
11.4707
11.4765
11.4823
11.4881
11.4939
11.4997
11.5055
11.5113
11.5171
11.5229
11.5287
11.5345
11.5403
11.5461
11.5519
11.5577
11.5635
11.5693
11.5751
11.581
11.5868
11.5926
11.5984
11.6042
11.61
11.6158
11.6216
11.6274
11.6332
11.639
11.6448
11.6506
11.6564
11.6622
11.668
11.6738
11.6796
11.6854
11.6912
11.6971
11.7029
11.7087
11.7145
11.7203
11.7261
11.7319
11.7377
11.7435
11.7493
11.7551
11.7609
11.7667
11.7725
11.7783
11.7841
11.7899
11.7957
11.8015
11.8073
11.8132
11.819
11.8248
11.8306
11.8364
11.8422
11.848
11.8538
11.8596
11.8654
11.8712
11.877
11.8828
11.8886
11.8944
11.9002
11.906
11.9118
11.9176
11.9234
11.9293
11.9351
11.9409
11.9467
11.9525
11.9583
11.9641
11.9699
11.9757
11.9815
11.9873
11.9931
11.9989
12.0047
12.0105
12.0163
12.0221
12.0279
12.0337
12.0395
12.0454
12.0512
12.057
12.0628
12.0686
12.0744
12.0802
12.086
12.0918
12.0976
12.1034
12.1092
12.115
12.1208
12.1266
12.1324
12.1382
12.144
12.1498
12.1556
12.1615
12.1673
12.1731
12.1789
12.1847
12.1905
12.1963
12.2021
12.2079
12.2137
12.2195
12.2253
12.2311
12.2369
12.2427
12.2485
12.2543
12.2601
12.2659
12.2717
12.2776
12.2834
12.2892
12.295
12.3008
12.3066
12.3124
12.3182
12.324
12.3298
12.3356
12.3414
12.3472
12.353
12.3588
12.3646
12.3704
12.3762
12.382
12.3878
12.3937
12.3995
12.4053
12.4111
12.4169
12.4227
12.4285
12.4343
12.4401
12.4459
12.4517
12.4575
12.4633
12.4691
12.4749
12.4807
12.4865
12.4923
12.4981
12.5039
12.5098
12.5156
12.5214
12.5272
12.533
12.5388
12.5446
12.5504
12.5562
12.562
12.5678
12.5736
12.5794
12.5852
12.591
12.5968
12.6026
12.6084
12.6142
12.62
12.6258
12.6317
12.6375
12.6433
12.6491
12.6549
12.6607
12.6665
12.6723
12.6781
12.6839
12.6897
12.6955
12.7013
12.7071
12.7129
12.7187
12.7245
12.7303
12.7361
12.742
12.7478
12.7536
12.7594
12.7652
12.771
12.7768
12.7826
12.7884
12.7942
12.8
12.8058
12.8116
12.8174
12.8232
12.829
12.8348
12.8406
12.8464
12.8522
12.858
12.8639
12.8697
12.8755
12.8813
12.8871
12.8929
12.8987
12.9045
12.9103
12.9161
12.9219
12.9277
12.9335
12.9393
12.9451
12.9509
12.9567
12.9625
12.9683
12.9741
12.98
12.9858
12.9916
12.9974
13.0032
13.009
13.0148
13.0206
13.0264
13.0322
13.038	245.661
13.0438	246.372
13.0496	250.968
13.0554	256.686
13.0612	259.818
13.067	260.419
13.0728	260.72
13.0786	260.57
13.0844	260.119
13.0902	259.668
13.0961	259.818
13.1019	258.024
13.1077	258.322
13.1135	261.626
13.1193	263.75
13.1251	269.603
13.1309	267.123
13.1367	266.969
13.1425	267.586
13.1483	265.125
13.1541	264.513
13.1599	269.915
13.1657	267.741
13.1715	273.999
13.1773	276.383
13.1831	279.756
13.1889	282.68
13.1947	287.455
13.2005	290.292
13.2063	291.805
13.2122	291.468
13.218	291.636
13.2238	291.636
13.2296	295.025
13.2354	294.855
13.2412	295.195
13.247	295.878
13.2528	303.494
13.2586	301.05
13.2644	304.196	671.942
13.2702	311.127	681.322
13.276	310.588	680.142
13.2818	303.845	682.11
13.2876	305.076	636.798
13.2934	297.764	680.142
13.2992	293.665	685.269
13.305	289.622	681.716
13.3108	297.936	684.873
13.3166	307.909	675.835
13.3224	307.909	663.841
13.3283	312.207	670.004
13.3341	679.357
13.3399	687.251
13.3457	708.207
13.3515	722.67
13.3573	715.195
13.3631	702.908
13.3689	678.573
13.3747	683.293
13.3805	686.457
13.3863	688.045
13.3921	694.434
13.3979	684.082
13.4037	680.929
13.4095	680.535
13.4153	695.236
13.4211	671.554
13.4269	670.004
13.4327	678.181
13.4385	698.053
13.4444	670.779
13.4502	689.239
13.456	670.779
13.4618	646.808	586.99
13.4676	584.96
13.4734	584.284
13.4792	579.578
13.485	583.61
13.4908	571.599
13.4966	562.754
13.5024	562.754
13.5082	555.327
13.514	561.131
13.5198	565.687
13.5256	568.307
13.5314	569.951
13.5372	575.575
13.543	578.909
13.5488	575.575
13.5546	578.241
13.5605	579.578
13.5663	581.255
13.5721	585.298
13.5779	583.61
13.5837	585.298
13.5895	574.578
13.5953	584.96
13.6011	577.573
13.6069	578.241
13.6127	580.583
13.6185	573.583
13.6243	587.669
13.6301	588.688
13.6359	599.324
13.6417	602.1
13.6475	591.756
13.6533	602.448
13.6591	594.154
13.6649	588.688
13.6707	571.269
13.6766	569.293
13.6824	592.783
13.6882	579.913	753.794
13.694	565.034	723.505
13.6998	597.941	726.437
13.7056	609.096	723.505
13.7114	620.459	724.76
13.7172	617.599	721.836
13.723	599.671	726.017
13.7288	571.599	702.908
13.7346	579.578	685.269
13.7404	588.008	700.477
13.7462	591.415	704.128
13.752	586.313	684.873
13.7578	592.098	702.908
13.7636	596.561	702.908
13.7694	606.288	682.11
13.7752	604.54	665.761
13.781	577.907	652.06
13.7868	563.079	655.837
13.7927	544.842	653.568
13.7985	663.074
13.8043	668.458
13.8101	650.93
13.8159	652.436
13.8217	625.136
13.8275	623.333
13.8333	620.101
13.8391	620.459
13.8449	614.042
13.8507	614.752
13.8565	612.979
13.8623	619.385
13.8681	644.942
13.8739	644.942
13.8797	651.683
13.8855	689.239
13.8913	677.398
13.8971	676.616
13.9029	697.65
13.9088	711.487	250.533
13.9146	694.434	249.955
13.9204	688.443	247.513
13.9262	241.441
13.932	240.467
13.9378	238.117
13.9436	236.472
13.9494	235.654
13.9552	233.891
13.961	232.41
13.9668	233.621
13.9726	232.947
13.9784	232.41
13.9842	232.813
13.99	231.472
13.9958	228.417
14.0016	228.549
14.0074	227.495
14.0132	227.89
14.019	225.533
14.0249	223.846
14.0307	225.793
14.0365	221.274
14.0423	216.721
14.0481	212.629
14.0539	211.282
14.0597	206.814
14.0655	216.345
14.0713	207.532
14.0771	208.855
14.0829	207.053
14.0887	201.043
14.0945	190.969
14.1003	192.075
14.1061	192.075
14.1119	188.775
14.1177
14.1235
14.1293
14.1351	253.298
14.141	248.372
14.1468	236.063
14.1526	251.549
14.1584	255.207
14.1642	239.082
14.17	241.86
14.1758	242.98
14.1816	242.84
14.1874	244.105
14.1932	243.401
14.199	243.823
14.2048	244.529
14.2106	246.799
14.2164	247.513
14.2222	246.372
14.228	247.227
14.2338	246.087
14.2396	246.514
14.2454	246.942
14.2512	246.799
14.2571	248.229
14.2629	250.389
14.2687	251.403
14.2745	252.86
14.2803	251.839
14.2861	245.661
14.2919	245.945
14.2977	242.98	121.35
14.3035	241.441	120.79
14.3093	241.023	120.303
14.3151	241.023	120.025
14.3209	242.279	120.303
14.3267	239.358	119.748
14.3325	239.496	119.265
14.3383	238.255	118.921
14.3441	237.156	118.304
14.3499	236.199	117.759
14.3557	235.382	117.555
14.3615	233.891	117.148	686.854
14.3673	233.217	117.013	679.357
14.3732	235.518	117.148	685.665
14.379	235.654	117.352	645.688
14.3848	235.382	117.284	681.322
14.3906	235.518	117.284	714.782
14.3964	235.382	117.352	700.072
14.4022	234.297	117.013	682.11
14.408	233.486	116.676	678.181
14.4138	234.297	116.474	683.687
14.4196	234.839	116.811	676.225
14.4254	235.926	117.013	677.398
14.4312	235.246	117.013	674.664
14.437	236.472	117.555	681.716
14.4428	236.336	118.1	680.929
14.4486	236.199	116.811	684.082
14.4544	233.217	115.669	700.477
14.4602	231.071	112.832	658.114
14.466	233.486	112.506	684.082
14.4718	232.41	114.143	690.035
14.4776	233.351	116.474	680.929
14.4834	233.891	116.541	683.293
14.4893	234.432	117.284	684.478
14.4951	234.703	117.216	681.716
14.5009	234.026	116.878	682.898
14.5067	232.544	116.541	692.831
14.5125	232.813	116.608	687.251
14.5183	233.082	116.878	686.061
14.5241	232.947	117.759	675.444
14.5299	233.756	117.148	672.33
14.5357	234.568	116.946	680.535
14.5415	233.621	117.081	689.637
14.5473	233.486	116.878	663.074
14.5531	234.568	117.284	678.965
14.5589	234.026	117.216	680.535
14.5647	234.297	117.081	680.142
14.5705	234.839	116.541	665.376
14.5763	233.891	116.608	664.224
14.5821	233.621	116.474	674.275
14.5879	233.756	116.339	682.11
14.5937	234.432	116.676	674.664
14.5995	234.568	117.419	661.926
14.6054	235.11	117.759	659.255
14.6112	235.518	117.691	663.457
14.617	234.703	117.691	664.224
14.6228	235.654	117.555	646.808
14.6286	236.609	117.759	633.131
14.6344	235.79	117.691	652.06
14.6402	235.246	117.487	655.08
14.646	235.79	117.487	626.582
14.6518	117.555	622.973
14.6576	117.013	627.306
14.6634	117.555	631.305
14.6692	118.1	653.19
14.675	117.895	653.19
14.6808	117.555	693.231
14.6866	117.148
14.6924	117.148
14.6982	117.623
14.704	117.827
14.7098	117.963
14.7156	118.304
14.7215	118.1
14.7273	117.895
14.7331	117.419
14.7389	117.352
14.7447	115.937
14.7505	116.946
14.7563	118.99
14.7621	120.651	416.265
14.7679	120.233	410.535
14.7737	120.095	415.785
14.7795	119.887	415.785
14.7853	119.61	404.415
14.7911	118.578	411.722
14.7969	118.784	414.825
14.8027	119.265	407.934	817.756
14.8085	119.196	401.158	825.825
14.8143	118.852	399.078	823.92
14.8201	119.403	401.854	822.018
14.8259	120.372	402.086	831.569
14.8317	121.28	402.318	829.65
14.8376	121.07	403.016	834.457
14.8434	120.86	410.297	836.87
14.8492	120.025	403.948	840.746
14.855	120.372	401.854	845.617
14.8608	120.164	402.318	838.806
14.8666	120.581	393.129	847.083
14.8724	120.303	400.695	837.354
14.8782	120.233	403.715	838.321
14.884	120.095	403.482	832.531
14.8898	119.956	408.17	834.939
14.8956	119.679	401.39	836.87
14.9014	119.403	391.317	834.457
14.9072	118.441	381.938	819.647
14.913	118.852	372.353	826.303
14.9188	118.1	383.264	820.595
14.9246	117.555	382.158	842.691
14.9304	117.827	400.695	826.78
14.9362	118.1	822.493
14.942	117.148	826.78
14.9478	116.474	826.78
14.9537	116.071	839.775
14.9595	116.071	813.516
14.9653	115.469	797.234
14.9711	116.004	821.069
14.9769	115.136	829.171
14.9827	114.804	821.543
14.9885	114.87	851.006
14.9943	114.671	864.383
15.0001	115.003	862.886
15.0059	114.936	845.617
15.0117	115.536	868.888
15.0175	115.336	843.178
15.0233	115.602	850.515
15.0291	115.136	840.746
15.0349	113.945	803.243
15.0407	113.748	804.172
15.0465	113.223	824.872
15.0523	112.766	830.609
15.0581	113.093	860.398
15.0639	112.117	870.395
15.0697	111.987	864.882
15.0756	112.117	875.437
15.0814	112.636	882.036
15.0872	113.616	864.882
15.093	115.469	870.395
15.0988	117.827	835.421
15.1046	113.093	834.457
15.1104	115.87	812.107
15.1162	113.945	824.396
15.122	112.376	830.609
15.1278	114.671	815.869
15.1336	115.136	826.78
15.1394	114.539	826.78
15.1452	114.737	800.927
15.151	115.469	833.012
15.1568	114.473	858.908
15.1626	115.069	822.493
15.1684	114.936	814.927
15.1742	111.794	817.284
15.18	115.669	802.779
15.1859	114.077	814.456
15.1917	116.811	829.171
15.1975	822.493
15.2033	834.939
15.2091	829.65
15.2149	825.825
15.2207	824.872
15.2265	826.78
15.2323	840.261
15.2381	836.87
15.2439	833.493	228.813
15.2497	813.046	243.12
15.2555	826.78	244.529
15.2613	849.533	241.999
15.2671	842.691	240.05
15.2729	844.64	243.261
15.2787	833.975	244.529
15.2845	842.691	245.094
15.2903	830.13	245.094
15.2961	790.357	245.378
15.3019	803.243	245.236
15.3078	823.92	242.84
15.3136	817.756	242.699
15.3194	830.13	241.58
15.3252	820.595	240.189
15.331	818.228	235.11
15.3368	820.121	237.842
15.3426	824.872	237.156
15.3484	850.024	237.842
15.3542	805.566	236.199
15.36	818.228	235.382
15.3658	820.595	234.297	117.419
15.3716	815.869	232.947	117.148
15.3774	800.002	233.891	116.608
15.3832	232.813	115.803
15.389	232.007	116.406
15.3948	232.947	115.937
15.4006	233.351	115.87
15.4064	230.804	116.004
15.4122	231.205	116.004
15.418	231.472	115.469
15.4239	230.538	115.136
15.4297	229.74	114.936
15.4355	229.078	114.407
15.4413	228.813	114.737
15.4471	230.272	114.804
15.4529	234.161	115.602
15.4587	236.063	115.669
15.4645	231.205	115.469
15.4703	232.141	113.813
15.4761	231.873	115.736
15.4819	241.58	117.148
15.4877	241.72	118.304
15.4935	237.156	116.608
15.4993	235.79	116.339
15.5051	234.026	115.602
15.5109	234.161	116.071
15.5167	233.621	118.578
15.5225	234.161	117.352
15.5283	233.891
15.5341	234.026
15.54	232.007
15.5458	233.082
15.5516	226.316
15.5574	237.43
15.5632
15.569
15.5748
15.5806
15.5864
15.5922
15.598
15.6038
15.6096
15.6154
15.6212
15.627
15.6328
15.6386
15.6444
15.6502
15.6561
15.6619
15.6677
15.6735
15.6793	374.726
15.6851	390.414
15.6909	387.717
15.6967	395.864
15.7025	407.699
15.7083	400.463
15.7141	405.585
15.7199	392.675
15.7257	389.738
15.7315	387.493	363.638
15.7373	382.6	357.804
15.7431	391.769	352.471
15.7489	401.39	349.027
15.7547	400.695	354.922
15.7605	412.198	361.126
15.7663	401.39	338.308
15.7722	398.847	341.055
15.778	396.779	341.055
15.7838	411.722	342.239
15.7896	423.786	348.422
15.7954	423.297	354.717
15.8012	427.968	361.753
15.807	412.436	363.428
15.8128	420.13	349.834
15.8186	411.722	353.49
15.8244	407.228	365.322
15.8302	395.178	367.863
15.836	410.061	356.566
15.8418	418.435	366.591
15.8476	411.722	371.493	281.052
15.8534	403.249	389.513	283.17
15.8592	419.888	389.513	279.595
15.865	399.539	276.224
15.8708	395.178	273.683
15.8766	401.622	275.109	129.684
15.8824	394.722	264.207	132.18
15.8883	396.321	264.055	131.495
15.8941	392.222	261.474	130.21
15.8999	385.261	261.928	129.684
15.9057	387.717	260.119	129.31
15.9115	387.941	257.726	129.385
15.9173	387.941	258.024	129.236
15.9231	387.941	259.069	129.086
15.9289	388.838	259.518	129.236
15.9347	388.165	258.173	128.937
15.9405	385.039	256.093	128.417
15.9463	381.938	254.471	127.677
15.9521	381.938	254.913	127.677
15.9579	381.056	254.031	126.869
15.9637	380.396	254.324	126.942
15.9695	379.08	253.152	126.503
15.9753	376.897	251.549	125.847
15.9811	379.957	251.403	125.557
15.9869	379.957	252.714	125.702
15.9927	374.726	250.968	125.92
15.9985	379.738	250.968	125.267
16.0044	382.6	253.006	125.05
16.0102	376.679	248.947	124.473
16.016	373.645	249.523	124.833
16.0218	371.279	247.513	124.33
16.0276	370.636	247.227	124.761
16.0334	372.568	250.1	124.617
16.0392	361.126	250.1	124.905
16.045	372.999	249.378	124.473
16.0508	374.726	247.799	123.899
16.0566	369.781	247.227	123.756
16.0624	372.353	248.229	123.828
16.0682	371.708	247.656	123.328
16.074	369.141	246.229	123.328
16.0798	368.289	244.811	122.902
16.0856	361.753	245.661	123.044
16.0914	364.479	244.67	122.618
16.0972	368.076	244.67	122.123
16.103	385.707	247.656	121.771
16.1088	383.264	243.542	121.49
16.1146	374.294	242.84	121.14
16.1205	360.501	241.999	121.07
16.1263	361.962	241.72	121
16.1321	362.38	241.72	120.93
16.1379	362.171	239.22	120.93
16.1437	366.167	236.063	124.401
16.1495	364.901	237.293	118.647
16.1553	368.927	231.071	116.004
16.1611	367.014	231.606	115.803
16.1669	369.141	231.338
16.1727	369.781	229.21
16.1785	367.651	230.804
16.1843	362.799	232.813
16.1901	368.289	231.071
16.1959	368.927	227.364
16.2017	367.651	228.153
16.2075	363.848	227.758
16.2133	365.533	227.233
16.2191	364.479	226.054
16.2249	359.669	226.054
16.2307	365.956	227.89
16.2366	358.425	222.428
16.2424	362.171	228.285
16.2482	376.027	229.078
16.254	382.379	229.475
16.2598	381.938	228.945
16.2656	383.042	227.364
16.2714	386.152	227.233
16.2772	400.232	223.975
16.283	404.649	225.272
16.2888	416.747	225.533
16.2946	412.436	221.147
16.3004	420.616	215.722
16.3062	428.215	213.244
16.312	435.701	211.038
16.3178	435.701	209.944
16.3236	448.727	202.091
16.3294	451.848	200
16.3352	451.848	197.247
16.341	456.57	197.133
16.3468	457.362	198.619
16.3527	469.949	202.441
16.3585	476.784	204.912	393.584
16.3643	482.046	212.506	405.585
16.3701	492.743	216.47	406.523
16.3759	511.891	212.138	403.482
16.3817	525.068	218.48	413.868
16.3875	543.584	227.495	395.178
16.3933	534.554	223.329	400.232
16.3991	215.722	399.078
16.4049	409.114
16.4107	405.117
16.4165	400.001
16.4223	414.107
16.4281	408.406
16.4339	410.772
16.4397	407.699
16.4455	393.129
16.4513	401.622
16.4571	418.677
16.4629	403.016
16.4688	404.649
16.4746	413.151
16.4804	413.629
16.4862	413.629
16.492	430.945
16.4978	438.478
16.5036	436.708
16.5094	436.961
16.5152	416.747
16.521	413.868
16.5268	412.198
16.5326	411.246
16.5384	398.617
16.5442	395.178
16.55	409.587
16.5558	410.297
16.5616	405.117
16.5674	424.276
16.5732	428.215
16.579	423.786
16.5849	422.564
16.5907	421.833
16.5965	417.711
16.6023	407.699
16.6081	425.503
16.6139	424.031
16.6197	427.721
16.6255	414.586
16.6313	403.249
16.6371	411.009
16.6429	421.102
16.6487	419.645
16.6545	409.351
16.6603	411.009
16.6661	392.449
16.6719	378.205
16.6777	377.551
16.6835	380.396
16.6893	394.494
16.6951	394.722
16.701	410.061
16.7068	408.878
16.7126	400.232
16.7184	415.305
16.7242	416.025
16.73	401.854
16.7358	403.948
16.7416	391.995
16.7474	386.822
16.7532	371.708
16.759	377.551
16.7648	367.227
16.7706	365.111
16.7764	364.269
16.7822	368.076
16.788	375.159
16.7938	383.707
16.7996	377.769
16.8054	373.214	626.944
16.8112	369.567	609.096
16.8171	372.353	597.941
16.8229	371.279	624.414
16.8287	387.269	626.582
16.8345	394.95	648.678
16.8403	392.449	612.271
16.8461	403.249	634.962
16.8519	397.238	637.903
16.8577	637.903
16.8635	619.028
16.8693	619.028
16.8751	609.448
16.8809	602.448
16.8867	592.783
16.8925	611.564
16.8983	603.493
16.9041	585.974
16.9099	584.284
16.9157	582.936
16.9215	576.24
16.9273	595.528
16.9332	611.564
16.939	634.962
16.9448	622.254
16.9506	597.596
16.9564	601.058
16.9622	604.54
16.968	608.744
16.9738	609.096
16.9796	589.709
16.9854	610.858
16.9912	603.144
16.997	599.324
17.0028	600.711
17.0086	595.184
17.0144	584.96
17.0202	616.174
17.026	607.34
17.0318	604.54
17.0376	624.414
17.0434	633.863
17.0493	605.938
17.0551	604.54
17.0609	597.941
17.0667	580.248
17.0725	600.711
17.0783	630.212
17.0841	652.436
17.0899	623.333
17.0957	615.818
17.1015	614.397
17.1073	618.67	124.545
17.1131	616.886	123.471
17.1189	610.505	122.335
17.1247	614.752	121.28
17.1305	603.842	121.42
17.1363	610.153	121.912
17.1421	622.973	121.14
17.1479	638.64	121.07
17.1537	609.8	120.86
17.1595	598.978	119.196
17.1654	607.691	118.784
17.1712	601.058	118.784
17.177	596.906	118.715	542.643
17.1828	597.596	118.921	534.554
17.1886	619.028	117.759	542.33
17.1944	116.071	531.783
17.2002	116.676	538.584
17.206	116.272	531.783
17.2118	116.272	535.172
17.2176	115.803	539.829
17.2234	115.87	517.839
17.2292	113.813	506.304
17.235	113.879	504.552
17.2408	114.143	495.598
17.2466	114.143	502.226
17.2524	113.158	508.943
17.2582	114.011	518.737
17.264	120.164	510.12
17.2698	505.719
17.2756	505.719
17.2815	501.646
17.2873	489.057
17.2931	483.719
17.2989	471.853
17.3047	472.125
17.3105	458.42
17.3163	470.492
17.3221	463.747
17.3279	470.764	485.399
17.3337	472.398	515.154
17.3395	488.493	521.441
17.3453	497.893	532.09
17.3511	476.784	517.241
17.3569	472.944	519.937
17.3627	462.944	518.138
17.3685	452.37	514.262
17.3743	427.474	508.355
17.3801	500.778
17.3859	494.454
17.3917	492.459
17.3976	486.521
17.4034	492.743
17.4092	496.744
17.415	478.163
17.4208	469.949
17.4266	472.125
17.4324	465.895
17.4382	464.819
17.444	485.679
17.4498	469.135
17.4556	462.676
17.4614	478.716
17.4672	484.278
17.473	487.929
17.4788	486.241
17.4846	491.89
17.4904	506.304
17.4962	507.475
17.502	502.807
17.5078	490.755
17.5137	497.031
17.5195	507.475
17.5253	500.778
17.5311	495.312
17.5369	503.388
17.5427	505.135
17.5485	512.779
17.5543	506.304
17.5601	501.357
17.5659	513.075
17.5717	504.844
17.5775	518.438
17.5833	522.949
17.5891	513.965
17.5949	501.357
17.6007	492.459
17.6065	498.469
17.6123	483.999	247.656
17.6181	511.005	251.258
17.6239	267.586
17.6297	271.949
17.6356	272.578
17.6414	268.826
17.6472	268.67
17.653	266.969
17.6588	279.272
17.6646	277.824
17.6704	284.153
17.6762	273.209
17.682	260.269
17.6878	259.668
17.6936	258.471
17.6994	253.591
17.7052	251.839
17.711	256.686
17.7168	253.738
17.7226	251.403
17.7284	250.968
17.7342	249.955
17.74	249.09
17.7458	247.513
17.7517	247.227
17.7575	246.942
17.7633	246.799	521.742
17.7691	247.227	554.686
17.7749	248.659	554.686
17.7807	247.942	518.138
17.7865	244.953	542.957
17.7923	243.261	540.141
17.7981	242.139	542.643
17.8039	241.86	535.791
17.8097	242.699	536.72
17.8155	241.441	540.141
17.8213	242.98	539.206
17.8271	245.519	540.453
17.8329	246.087	537.341
17.8387	244.105	536.101
17.8445	243.964	527.805
17.8503	244.529	542.33	123.328
17.8561	246.372	548.315	123.044
17.8619	245.378	544.842	121.912
17.8678	243.401	542.016	121.56
17.8736	241.58	533.013	121.49
17.8794	241.999	537.651	121.21	484.558
17.8852	241.72	538.895	120.581	484.558
17.891	239.635	536.72	120.651	481.489
17.8968	240.467	528.414	120.79	481.489
17.9026	240.884	519.337	120.93	476.509
17.9084	241.58	522.044	121.49	479.823
17.9142	241.441	533.321	121.56	482.882
17.92	243.823	546.733	122.123	479.823
17.9258	248.085	537.962	122.123	479.546
17.9316	250.244	547.998	125.339	490.472
17.9374	249.234	549.9	123.328	505.719
17.9432	246.372	545.786	123.971	500.488
17.949	248.803	547.049	122.264	501.357
17.9548	247.799	537.341	124.186	499.622
17.9606	244.529	535.791	123.899	491.322
17.9664	242.559	541.704	119.541	479.269
17.9722	243.542	121.07	487.084
17.9781	242.98	116.406	480.656
17.9839	244.246	482.603
17.9897	242.699	486.241
17.9955	243.261	481.489
18.0013	242.139	495.598
18.0071	241.302	482.603
18.0129	242.279	481.489
18.0187	240.467	482.882
18.0245	494.74
18.0303	479.269
18.0361	480.101
18.0419	475.959
18.0477	470.22
18.0535	467.242
18.0593	469.677
18.0651	469.677
18.0709
18.0767
18.0825
18.0883
18.0941
18.1
18.1058
18.1116
18.1174
18.1232	471.58
18.129	491.606
18.1348	478.163
18.1406	477.887
18.1464	453.678
18.1522	455.78
18.158	458.155
18.1638	459.215
18.1696	459.215
18.1754	448.986
18.1812	470.764
18.187	462.676
18.1928	447.691
18.1986	454.991
18.2044	449.765
18.2102	443.316
18.2161	465.357
18.2219	461.076
18.2277	464.015
18.2335	467.242
18.2393	480.656
18.2451	484.838
18.2509	485.96
18.2567	466.164
18.2625	453.941
18.2683	456.834
18.2741	449.505
18.2799	441.528
18.2857	456.307
18.2915	462.944
18.2973	443.829
18.3031	441.018
18.3089	418.677
18.3147	424.031
18.3205	412.674
18.3263	423.542
18.3322
18.338
18.3438
18.3496
18.3554
18.3612
18.367	242.84
18.3728	240.05
18.3786	240.606
18.3844	240.884
18.3902	241.58
18.396	241.441
18.4018	241.023
18.4076	240.328
18.4134	242.84
18.4192	240.467
18.425	238.806
18.4308	237.705
18.4366	236.063
18.4424	236.472
18.4483	235.11
18.4541	234.568
18.4599	233.621
18.4657	232.41
18.4715	232.141
18.4773	232.275
18.4831	232.007
18.4889	231.338
18.4947	231.472
18.5005	233.486
18.5063	234.568
18.5121	230.671
18.5179	228.022
18.5237	230.272
18.5295	238.255
18.5353	239.082
18.5411	240.884
18.5469	237.019	797.234
18.5527	237.842	854.454
18.5585	240.606	848.552
18.5644	238.255	835.904
18.5702	244.953	820.121
18.576	242.98	820.121
18.5818	240.884	811.638
18.5876	233.082	818.701
18.5934	226.839	836.87
18.5992	235.926	817.284	272.578
18.605	233.621	825.825	279.918
18.6108	844.64	279.595
18.6166	811.638	282.354
18.6224	804.636	295.366
18.6282	798.617	300.529
18.634	806.498	312.027
18.6398	827.736	311.667
18.6456	822.968	304.9
18.6514	824.396	298.453
18.6572	832.531	309.156
18.663	835.421	304.724
18.6688	801.389	311.667
18.6746	788.077	301.572
18.6805	822.018	311.127
18.6863	810.233	303.494
18.6921	782.634	312.749
18.6979	814.456	325.465
18.7037	332.496
18.7095	325.841
18.7153	323.965
18.7211	323.965	241.302
18.7269	330.581	256.389
18.7327	327.729	263.902
18.7385	327.54	266.969
18.7443	324.527	265.125
18.7501	322.099	258.322
18.7559	328.108	256.538
18.7617	329.628	256.982
18.7675	327.54	254.766	126.649
18.7733	331.154	251.839	124.978
18.7791	328.677	248.372	124.043
18.7849	328.677	246.942	123.685
18.7907	332.88	247.227	123.899
18.7966	339.09	246.514	123.685
18.8024	332.88	246.514	123.257
18.8082	331.92	245.945	122.902
18.814	332.688	245.803	122.831
18.8198	329.628	244.529	122.406
18.8256	337.917	244.387	121.982
18.8314	335.583	244.529	121.701
18.8372	341.252	242.98	121.56
18.843	327.918	243.261	121.14
18.8488	328.487	241.999	120.93
18.8546	326.595	241.023	120.372
18.8604	326.973	240.328	118.852
18.8662	328.677	240.745	119.058
18.872	327.918	237.842	118.1
18.8778	326.03	234.839	117.827
18.8836	329.437	232.141	119.887
18.8894	332.304	237.705	119.887
18.8952	344.42	237.705	116.004
18.901	356.772	236.472	115.602
18.9068	356.36	232.544	111.471
18.9127	373.43	236.745	108.36
18.9185	354.513	233.756
18.9243	358.425	238.392
18.9301	374.51	248.229
18.9359	359.046	248.085
18.9417	356.566	250.244
18.9475	371.493	254.324
18.9533	368.501	250.678
18.9591	362.38	243.542
18.9649	373.861	243.12
18.9707	369.354	239.912
18.9765	370.422	240.467
18.9823	369.994	241.58
18.9881	375.81	242.279
18.9939	393.811	243.542
18.9997	394.266	243.261
19.0055	377.333	244.953
19.0113	374.943	245.519
19.0171	363.638	245.094
19.0229	247.37
19.0288	251.258	247.227
19.0346	247.084	253.006
19.0404	234.568	264.055
19.0462	232.41	266.506
19.052	231.873	269.603
19.0578	231.205	270.539
19.0636	228.285	270.071
19.0694	224.234	268.05
19.0752	227.758	257.577
19.081	257.726
19.0868	257.131
19.0926	254.913
19.0984	253.738	126.503
19.1042	250.244	123.756
19.11	248.516	123.542
19.1158	247.227	123.257
19.1216	246.799	123.257
19.1274	245.803	123.115
19.1332	245.378	122.264
19.139	244.67	121.982
19.1449	243.261	121.912
19.1507	243.964	121.56
19.1565	244.246	121.841
19.1623	244.67	121.841
19.1681	244.811	121.771
19.1739	242.699	121.35
19.1797	240.467	120.79
19.1855	241.023	120.511
19.1913	240.884	120.303
19.1971	239.22	120.164
19.2029	239.358	120.303
19.2087	241.162	120.095
19.2145	243.823	119.956
19.2203	253.738	117.623
19.2261	254.618	115.136
19.2319	253.591	116.608
19.2377	260.119	110.573
19.2435	252.714	104.79
19.2493	264.971
19.2551	263.598
19.261	267.123
19.2668	259.668
19.2726	269.603
19.2784	263.598
19.2842	258.919
19.29	248.947
19.2958	254.913
19.3016	255.06
19.3074	255.355
19.3132	267.741
19.319	262.837
19.3248	266.353
19.3306	257.28
19.3364	248.803
19.3422	242.699
19.348	243.401
19.3538	241.162
19.3596	248.947
19.3654
19.3712
19.3771
19.3829
19.3887
19.3945
19.4003
19.4061
19.4119
19.4177
19.4235
19.4293
19.4351
19.4409
19.4467
19.4525
19.4583
19.4641
19.4699
19.4757
19.4815
19.4873
19.4932
19.499
19.5048
19.5106
19.5164	263.445
19.5222	253.006
19.528	259.518
19.5338	260.72
19.5396	248.085
19.5454	250.823
19.5512	261.022
19.557	261.022
19.5628	262.079
19.5686	264.207
19.5744	258.471
19.5802	261.173
19.586	258.471
19.5918	268.36
19.5976	263.445
19.6034	251.113
19.6093	251.694
19.6151	260.57
19.6209	254.031
19.6267	259.818
19.6325	266.66
19.6383	261.474
19.6441	253.006
19.6499	251.985
19.6557	244.67
19.6615	254.178
19.6673	252.13
19.6731	248.803
19.6789	243.542
19.6847	241.441
19.6905	247.37
19.6963	249.667
19.7021	251.258
19.7079	250.244
19.7137	245.661
19.7195	238.944
19.7254	247.942
19.7312	237.567
19.737	243.12
19.7428	250.533
19.7486	241.72
19.7544	232.141
19.7602	233.082
19.766	231.606
19.7718	229.078
19.7776	235.654
19.7834	242.559
19.7892	246.942
19.795	244.67
19.8008	250.968
19.8066	249.09
19.8124	249.09
19.8182	240.745
19.824	240.745
19.8298
19.8356
19.8415
19.8473
19.8531
19.8589
19.8647
19.8705
19.8763
19.8821
19.8879
19.8937
19.8995
19.9053
19.9111
19.9169
19.9227
19.9285
19.9343
19.9401
19.9459
19.9517
19.9576
19.9634
19.9692
19.975
19.9808
19.9866
19.9924
19.9982
20.004
20.0098
20.0156
20.0214
20.0272
20.033
20.0388
20.0446
20.0504
20.0562
20.062
20.0678
20.0737
20.0795
20.0853
20.0911
20.0969
20.1027
20.1085
20.1143
20.1201
20.1259
20.1317
20.1375
20.1433
20.1491
20.1549
20.1607
20.1665
20.1723
20.1781
20.1839
20.1898
20.1956
20.2014
20.2072
20.213
20.2188
20.2246
20.2304
20.2362
20.242
20.2478
20.2536
20.2594
20.2652
20.271
20.2768
20.2826
20.2884
20.2942
20.3
20.3058
20.3117
20.3175
20.3233
20.3291
20.3349
20.3407
20.3465
20.3523
20.3581
20.3639
20.3697
20.3755
20.3813
20.3871
20.3929
20.3987
20.4045
20.4103
20.4161
20.4219
20.4278
20.4336
20.4394
20.4452
20.451
20.4568
20.4626
20.4684
20.4742
20.48
20.4858
20.4916
20.4974
20.5032
20.509
20.5148
20.5206
20.5264
20.5322	247.513
20.538	256.538
20.5439	255.06
20.5497	249.378
20.5555	247.084
20.5613	248.372
20.5671	248.803
20.5729	247.942
20.5787	247.942
20.5845	247.942
20.5903	246.942
20.5961	244.387
20.6019	245.945
20.6077	247.799
20.6135	247.084
20.6193	248.947
20.6251	249.667
20.6309	250.389
20.6367	251.403
20.6425	250.1
20.6483	247.656
20.6542	247.513
20.66	247.513
20.6658	248.516
20.6716	248.085
20.6774	247.942
20.6832	243.964
20.689	236.472
20.6948	229.078
20.7006	235.382
20.7064	246.372
20.7122	245.236
20.718	249.667
20.7238	248.085
20.7296	251.694
20.7354	255.65
20.7412	258.77
20.747
20.7528
20.7586
20.7644
20.7702
20.7761
20.7819
20.7877
20.7935
20.7993
20.8051
20.8109
20.8167
20.8225
20.8283
20.8341
20.8399
20.8457
20.8515
20.8573
20.8631
20.8689
20.8747
20.8805
20.8863
20.8922
20.898
20.9038
20.9096
20.9154
20.9212
20.927
20.9328
20.9386
20.9444
20.9502
20.956
20.9618
20.9676
20.9734
20.9792
20.985
20.9908
20.9966
21.0024
21.0083
21.0141
21.0199
21.0257
21.0315
21.0373
21.0431
21.0489
21.0547
21.0605
21.0663
21.0721
21.0779
21.0837
21.0895
21.0953
21.1011
21.1069
21.1127
21.1185
21.1244
21.1302
21.136
21.1418
21.1476
21.1534
21.1592
21.165
21.1708
21.1766
21.1824
21.1882
21.194
21.1998
21.2056
21.2114
21.2172
21.223
21.2288
21.2346
21.2405
21.2463
21.2521
21.2579
21.2637
21.2695
21.2753
21.2811
21.2869
21.2927
21.2985
21.3043
21.3101
21.3159
21.3217
21.3275
21.3333
21.3391
21.3449
21.3507
21.3566
21.3624
21.3682
21.374
21.3798
21.3856
21.3914
21.3972
21.403
21.4088	477.06
21.4146	469.949
21.4204	472.671
21.4262	478.716
21.432	473.491
21.4378	479.823
21.4436	475.684
21.4494	495.026
21.4552	502.226
21.461	501.646
21.4668	487.647
21.4727	489.905
21.4785	490.189
21.4843	483.161
21.4901	477.887
21.4959	486.521
21.5017	481.489
21.5075	481.211
21.5133	481.211
21.5191	481.767	120.86
21.5249	483.999	121.14
21.5307	482.603	120.79
21.5365	483.161	120.72
21.5423	482.882	120.79
21.5481	482.324	120.511
21.5539	480.378	120.372
21.5597	480.656	120.581
21.5655	485.118	120.86
21.5713	484.278	120.72
21.5771	483.44	120.93
21.5829	481.211	120.79
21.5888	483.719	120.79
21.5946	483.999	121.14
21.6004	480.101	120.86
21.6062	488.493	120.651
21.612	486.521	120.581
21.6178	483.44	121.07
21.6236	480.656	120.581
21.6294	480.656	120.651
21.6352	481.767	120.303
21.641	481.211	119.887
21.6468	481.489	119.748
21.6526	479.269	119.887
21.6584	473.218	119.887
21.6642	475.684	119.956
21.67	481.767	120.233
21.6758	481.489	120.025
21.6816	480.378	119.541
21.6874	480.101	119.61
21.6932	479.823	119.541
21.699	480.101	119.403
21.7049	477.887	119.196
21.7107	477.611	118.647
21.7165	479.269	118.51
21.7223	477.611	118.578
21.7281	473.764	118.168	818.228
21.7339	471.308	117.759	817.284
21.7397	473.218	117.759	824.396
21.7455	472.125	117.759	827.736	616.53
21.7513	467.782	117.419	823.444	598.978
21.7571	464.819	117.148	827.736	600.017
21.7629	465.357	116.608	822.018	591.415
21.7687	466.164	116.205	824.872	594.497
21.7745	464.283	116.205	809.765	586.651
21.7803	463.747	116.406	818.228	583.273	229.74
21.7861	464.283	116.138	818.228	584.284	231.338
21.7919	462.409	116.071	817.284	582.263	233.082
21.7977	458.95	115.602	811.638	581.255	231.606
21.8035	465.626	115.003	810.701	578.909	230.538
21.8093	461.875	116.071	813.516	575.242	219.873
21.8151	460.277	115.402	814.927	576.24	229.21
21.821	462.142	114.671	826.78	579.244	228.813
21.8268	458.42	113.748	807.896	573.252	228.285
21.8326	444.599	112.897	791.727	573.915	228.813
21.8384	436.456	112.311	776.33	559.512	225.533
21.8442	437.466	110.191	784.444	551.809	223.329
21.85	433.692	109.051	763.875	560.159	219.746
21.8558	430.199	109.114	813.986	566.668	217.599
21.8616	430.199	106.437	788.077	582.936	222.171
21.8674	445.885	102.871	573.915	222.556
21.8732	450.284	104.066	577.907	227.758
21.879	453.678	107.054	598.632	233.756
21.8848	466.164	109.493	589.028	240.467
21.8906	474.586	588.688	241.441
21.8964	478.993	591.756	237.293
21.9022	490.755	599.671	243.683
21.908	493.883	599.324	241.302
21.9138	480.656	602.448	242.84
21.9196	495.598	611.917	235.654
21.9254	479.823	600.711
21.9312	613.687
21.9371	626.582
21.9429	622.254
21.9487	616.174
21.9545	622.254
21.9603	615.107
21.9661	613.333
21.9719	636.063
21.9777	630.94
21.9835	648.304
21.9893	646.434
21.9951	619.385
22.0009	644.57
22.0067	616.174
22.0125	620.101
22.0183	606.288
22.0241	603.493
22.0299	617.242
22.0357	632.035
22.0415	630.94
22.0473	627.669
22.0532	621.535
22.059	643.082
22.0648	646.808
22.0706	647.555
22.0764	612.979
22.0822	614.752
22.088
22.0938
22.0996
22.1054
22.1112
22.117
22.1228
22.1286
22.1344
22.1402
22.146
22.1518
22.1576
22.1634
22.1693
22.1751
22.1809
22.1867
22.1925
22.1983
22.2041
22.2099
22.2157
22.2215
22.2273
22.2331
22.2389
22.2447
22.2505	292.818
22.2563	275.268
22.2621	256.241
22.2679	255.06
22.2737	257.28
22.2795	256.538
22.2854	255.798
22.2912	254.031
22.297	253.006	124.258
22.3028	247.656	123.828
22.3086	247.084	123.756
22.3144	247.942	123.899
22.3202	248.372	124.043
22.326	248.947	124.186
22.3318	249.378	123.899
22.3376	247.942	123.828
22.3434	247.37	123.685
22.3492	246.799	123.542
22.355	246.087	123.257
22.3608	247.227	123.4
22.3666	244.529	122.194
22.3724	241.999	120.442
22.3782	240.05	119.887
22.384	238.668	119.196
22.3898	236.199	118.51
22.3956	235.79	118.51
22.4015	233.891	116.878
22.4073	232.007	115.937
22.4131	231.071	115.602
22.4189	228.681	112.962
22.4247	234.161	115.136
22.4305	234.161	115.336
22.4363	234.161	116.474
22.4421	234.161	116.474
22.4479	248.803	112.766
22.4537	256.834	115.469
22.4595	255.207	113.879
22.4653	251.694	111.407
22.4711	111.407
22.4769	250.968
22.4827	247.656
22.4885	250.533
22.4943	246.799
22.5001	250.244
22.5059	244.67
22.5117	245.945
22.5176	244.529
22.5234	245.661
22.5292	245.661
22.535	251.258
22.5408	254.618
22.5466	255.355
22.5524	253.445
22.5582	252.276	921.087
22.564	249.523	946.435
22.5698	250.389	936.105
22.5756	254.178	937.728
22.5814	247.513	938.27
22.5872	253.006	946.982
22.593	260.269	945.342
22.5988	248.803	946.982
22.6046	244.811	945.888
22.6104	243.12	949.721
22.6162	251.113	965.206
22.622	250.244	961.311
22.6278	251.549	964.649
22.6336	256.093	979.245
22.6395	253.591	973.605
22.6453	251.694	998.09
22.6511	253.006	978.115
22.6569	265.278	983.213
22.6627	258.621	990.623
22.6685	252.276	1011.44
22.6743	256.686	1047.11
22.6801	255.207	1013.19
22.6859	259.069	1027.93
22.6917	250.968	1048.92
22.6975	254.618	1022.01
22.7033	266.506
22.7091	270.539
22.7149	262.989
22.7207	269.603
22.7265	261.626
22.7323	257.28
22.7381	245.236
22.7439	249.378
22.7498	241.162
22.7556	241.58
22.7614	239.358
22.7672	246.372
22.773
22.7788
22.7846
22.7904
22.7962
22.802
22.8078
22.8136
22.8194
22.8252
22.831
22.8368
22.8426
22.8484
22.8542
22.86
22.8659
22.8717
22.8775
22.8833
22.8891
22.8949
22.9007
22.9065
22.9123
22.9181
22.9239
22.9297
22.9355
22.9413
22.9471
22.9529
22.9587
22.9645
22.9703
22.9761
22.9819
22.9878
22.9936
22.9994
23.0052
23.011
23.0168
23.0226
23.0284	241.999
23.0342	230.804
23.04	237.156	118.99
23.0458	247.227	118.441
23.0516	240.328	118.715
23.0574	235.382	118.373
23.0632	237.842	118.031
23.069	234.432	118.1
23.0748	235.11	117.487
23.0806	235.246	117.623
23.0864	235.926	117.963
23.0922	234.568	118.168
23.098	236.336	117.963
23.1039	237.019	118.373
23.1097	236.063	118.236
23.1155	235.382	118.51
23.1213	235.926	118.921
23.1271	236.472	119.265
23.1329	234.839	120.233
23.1387	238.53	120.511
23.1445	235.11	122.973
23.1503	235.654	118.99
23.1561	239.082	116.474
23.1619	238.117	112.182
23.1677	238.392	117.284
23.1735	238.668
23.1793	235.382
23.1851	241.58	121.49
23.1909	242.84	121.14
23.1967	246.942	120.72
23.2025	242.279	120.651
23.2083	240.884	120.651
23.2141	240.606	120.72
23.22	240.05	120.095
23.2258	239.912	120.095
23.2316	239.496	119.887
23.2374	239.496	119.679
23.2432	239.358	119.472
23.249	238.806	119.403
23.2548	238.392	119.127
23.2606	237.979	118.784
23.2664	237.842	118.784
23.2722	237.019	118.852
23.278	236.472	118.784
23.2838	236.199	118.578
23.2896	236.472	118.236
23.2954	236.472	118.1
23.3012	235.926	117.827
23.307	234.839	117.419
23.3128	234.568	117.284
23.3186	233.756	116.946
23.3244	232.947	116.811
23.3302	232.947	116.608	465.088
23.3361	232.544	116.474	464.283
23.3419	232.41	116.272	468.323
23.3477	231.873	115.469	465.357
23.3535	231.338	115.669	469.135
23.3593	230.804	115.402	462.676
23.3651	230.272	114.936	463.211
23.3709	229.21	114.936	463.211
23.3767	228.945	114.539	459.48
23.3825	229.21	114.539	462.142
23.3883	227.627	114.143	456.043
23.3941	226.708	113.748	456.307
23.3999	225.793	113.289	455.517
23.4057	225.924	112.962	450.284
23.4115	224.493	112.571	450.805
23.4173	223.846	111.858	448.467
23.4231	224.234	111.664	447.174
23.4289	223.329	111.6	445.885
23.4347	223.2	111.536	446.142
23.4405	220.891	110.573	440.509
23.4463	219.112	110.446	439.238
23.4522	218.354	110.127	439.238
23.458	218.354	109.683	442.293
23.4638	216.971	108.799	447.691
23.4696	216.721	108.423	448.209
23.4754	215.971	108.235	464.819
23.4812	215.099	107.923	461.875
23.487	214.479	108.36	463.747
23.4928	214.851	107.426	465.357
23.4986	213.367	106.869	468.323
23.5044	211.526	106.008	459.746
23.5102	210.308	105.154	461.076
23.516	210.065	104.669	461.342
23.5218	209.338	104.006	454.991
23.5276	207.652	102.812	446.916
23.5334	204.439	102.16	444.599
23.5392	203.732	102.16	447.691
23.545	203.614	100.987	447.433
23.5508	200.116	100.987	433.441
23.5566	197.818	99.7119	437.466
23.5624	198.504	100.058	435.701
23.5683	207.413	98.1121	426.487
23.5741	202.792	99.5967	420.373
23.5799	193.635	98.8516	413.151
23.5857	103.826	405.585
23.5915	106.008	422.564
23.5973	107.985	430.696
23.6031	440.509
23.6089	441.273
23.6147	434.444
23.6205	429.206
23.6263	447.433
23.6321	462.944
23.6379	478.993
23.6437	471.58
23.6495	456.57	583.947
23.6553	459.215	614.752
23.6611	441.273	605.588
23.6669	438.478	597.596
23.6727	439.492	602.796
23.6785	454.991	600.017
23.6844	589.709
23.6902	585.974
23.696	582.936
23.7018	597.596
23.7076	612.979
23.7134	599.671
23.7192	591.415
23.725	599.324
23.7308	597.941
23.7366	600.017
23.7424	611.917
23.7482	596.217
23.754	579.244
23.7598	593.811
23.7656	600.711
23.7714	593.811
23.7772	600.711
23.783	600.364
23.7888	602.1
23.7946	605.238
23.8005	603.493
23.8063	597.596
23.8121	624.414
23.8179	607.34
23.8237	584.96
23.8295	568.964
23.8353	603.493
23.8411	600.711
23.8469	596.906
23.8527	591.073
23.8585	599.671
23.8643	606.638
23.8701	595.872
23.8759	611.564
23.8817	592.098
23.8875	598.978
23.8933	592.098
23.8991	587.33
23.9049	598.287
23.9107	581.927
23.9166	604.19
23.9224	590.732
23.9282	600.364
23.934	606.638
23.9398	601.058
23.9456	605.588
23.9514	608.042
23.9572	604.54
23.963	600.711
23.9688	602.1
23.9746	597.596
23.9804	617.599
23.9862	629.121
23.992	625.136
23.9978	621.895
24.0036	607.34
24.0094	597.596
24.0152	580.583
24.021	588.688
24.0268
24.0327
24.0385
24.0443	589.028
24.0501	589.369
24.0559	590.391
24.0617	585.298
24.0675	583.947
24.0733	585.636
24.0791	582.599
24.0849	585.636
24.0907	579.244
24.0965	580.919
24.1023	581.255
24.1081	561.455
24.1139	573.583
24.1197	575.575
24.1255	571.929
24.1313	585.298
24.1371	590.732
24.1429	602.448
24.1488	601.752
24.1546	607.691
24.1604	590.391
24.1662	596.561
24.172	589.369
24.1778	605.588
24.1836	595.184
24.1894	595.872
24.1952	594.841
24.201	573.915
24.2068	589.709
24.2126	589.028
24.2184	583.61
24.2242	579.913
24.23	575.907
24.2358	579.244	236.336
24.2416	573.915	237.293
24.2474	586.651	250.389
24.2532	578.241	242.98
24.259	585.636	247.942
24.2649	567.979	250.678
24.2707	567.323	257.428
24.2765	577.907	263.902
24.2823	581.255	265.738
24.2881	600.017	268.36
24.2939	594.154	264.665
24.2997	610.858	262.382
24.3055	586.99	252.86
24.3113	253.445
24.3171	249.234
24.3229	247.942
24.3287	247.227
24.3345	247.942
24.3403	247.227
24.3461	247.513
24.3519	248.516
24.3577	245.945
24.3635	245.236
24.3693	244.811
24.3751	244.811
24.381	244.105
24.3868	243.542	121.28
24.3926	241.86	120.93
24.3984	241.023	120.86
24.4042	240.328	120.303
24.41	238.806	119.887
24.4158	239.912	119.541
24.4216	238.806	119.127
24.4274	235.246	119.748
24.4332	234.161	119.334
24.439	233.351	117.284
24.4448	233.621	116.878
24.4506	234.568	115.87
24.4564	228.153	115.469
24.4622	225.142	121.07
24.468	232.813	119.679
24.4738	243.261	117.216
24.4796	250.678	122.053
24.4854	256.093	116.608
24.4912	121.56
24.4971	122.476
24.5029	122.618
24.5087	119.679
24.5145	115.336
24.5203
24.5261
24.5319
24.5377
24.5435
24.5493
24.5551
24.5609	247.084
24.5667	243.964
24.5725	241.441
24.5783	240.884
24.5841	240.05
24.5899	243.542
24.5957	244.529
24.6015	246.799
24.6073	251.258
24.6132	253.006
24.619	257.577
24.6248	257.875
24.6306	255.798
24.6364	253.738
24.6422	246.942
24.648	251.985
24.6538	250.678
24.6596	246.942
24.6654	246.657
24.6712	246.087
24.677	243.964
24.6828	245.661
24.6886	246.229
24.6944	244.953
24.7002	244.529
24.706	246.087
24.7118	247.513	123.614
24.7176	246.372	122.973
24.7234	245.378	122.053
24.7293	242.419	121.42
24.7351	243.401	121.912
24.7409	244.387	121.56
24.7467	241.72	120.86
24.7525	239.773	120.372	360.085
24.7583	238.806	119.956	357.185
24.7641	238.117	118.784	355.127
24.7699	235.926	118.373	356.36
24.7757	236.609	118.441	356.36
24.7815	236.336	118.441	358.425
24.7873	234.161	117.352	379.957
24.7931	233.756	116.811	384.816
24.7989	234.974	117.284	386.599
24.8047	236.336	117.691	382.379
24.8105	238.806	118.51	388.165
24.8163	240.328	117.284	397.009
24.8221	239.912	116.811	402.318
24.8279	233.756	116.811	407.228
24.8337	237.293	119.127	414.346	300.702
24.8395	239.082	119.679	406.758	304.196
24.8454	241.441	116.541	421.102	300.182
24.8512	241.023	116.541	427.227	304.372
24.857	240.328	117.623	429.206	305.429
24.8628	241.162	117.691	428.215	304.9
24.8686	239.22	117.827	430.447	306.489
24.8744	239.496	115.736	426.734	298.798
24.8802	236.336	116.608	429.454	304.548
24.886	238.944	116.743	427.721	302.969
24.8918	241.023	117.081	427.474	292.142
24.8976	244.387	118.373	433.441	294.855
24.9034	241.86	117.827	433.942	293.665
24.9092	240.467	120.025	433.942	299.316
24.915	426.241	296.22
24.9208	437.466	294.855
24.9266	439.492	286.957
24.9324	451.587	287.787
24.9382	462.409	287.289
24.944	469.406	288.287
24.9498	453.416	287.123
24.9556	460.543	286.295
24.9615	471.58	285.965
24.9673	463.747	280.565
24.9731	477.06	285.47
24.9789	436.204	285.47
24.9847	283.498
24.9905	291.131
24.9963	282.517
25.0021	280.89
25.0079	284.153
25.0137	284.646	383.264
25.0195	295.195	385.261
25.0253	381.497
25.0311	387.046
25.0369	389.288
25.0427	387.493
25.0485	383.707
25.0543	392.902
25.0601	398.387
25.0659	386.375
25.0717	388.165
25.0776	402.086
25.0834	400.232
25.0892	402.783
25.095	404.415
25.1008	417.228
25.1066	410.297
25.1124	404.883
25.1182	406.288
25.124	397.697
25.1298	394.266
25.1356	397.927
25.1414	393.129
25.1472	397.697
25.153	397.009
25.1588	400.232
25.1646	410.297
25.1704	425.503
25.1762	410.297
25.182	422.564
25.1878	407.228
25.1937	411.009
25.1995	433.692
25.2053	443.316
25.2111	436.708
25.2169
25.2227
25.2285
25.2343
25.2401
25.2459
25.2517
25.2575
25.2633
25.2691
25.2749
25.2807
25.2865
25.2923
25.2981
25.3039
25.3097
25.3156
25.3214
25.3272
25.333
25.3388
25.3446
25.3504
25.3562
25.362
25.3678
25.3736
25.3794
25.3852
25.391
25.3968
25.4026
25.4084
25.4142
25.42
25.4258
25.4317	370.422
25.4375	371.923
25.4433	367.863
25.4491	365.956
25.4549	361.335
25.4607	360.918
25.4665	360.293
25.4723	358.218
25.4781	358.632
25.4839	358.425
25.4897	358.011
25.4955	356.978
25.5013	349.027
25.5071	347.417
25.5129	343.031
25.5187	335.389
25.5245	336.748
25.5303	344.42
25.5361	344.42
25.542	352.878
25.5478	347.217
25.5536	350.036
25.5594	363.009
25.5652	364.479
25.571	367.651
25.5768	362.171
25.5826	364.269
25.5884	346.816
25.5942	357.391
25.6	362.171
25.6058	361.126
25.6116	359.254
25.6174	364.058
25.6232	364.479
25.629	364.058
25.6348	361.335
25.6406	366.379
25.6464	364.269
25.6522	359.046
25.658	375.81
25.6639	377.551
25.6697	374.077
25.6755	372.138	617.599
25.6813	368.927	609.8
25.6871	356.36	610.505
25.6929	367.863	617.242
25.6987	352.471	650.93
25.7045	357.391	616.886
25.7103	361.753	613.687
25.7161	369.781	611.917
25.7219	382.158	591.756
25.7277	382.379	602.448
25.7335	377.769	600.364
25.7393	609.448
25.7451	620.459
25.7509	616.174
25.7567	628.758
25.7625	631.67
25.7683	630.94
25.7741	628.758
25.78	624.414
25.7858	621.535
25.7916	618.313
25.7974	629.848
25.8032	628.394	243.823
25.809	628.394	241.999
25.8148	630.212	241.999
25.8206	606.989	242.279
25.8264	598.978	241.023
25.8322	578.575	243.12
25.838	606.288	241.58
25.8438	588.688	239.773
25.8496	571.929	238.53
25.8554	610.505	246.799
25.8612	590.732	241.86
25.867	582.263	241.162
25.8728	241.441
25.8786	243.401
25.8844	242.419
25.8902	242.139
25.8961	243.12
25.9019	238.944
25.9077	243.542
25.9135	247.227
25.9193	237.293
25.9251	238.806
25.9309	239.496
25.9367	238.944
25.9425	235.654
25.9483	242.279
25.9541	236.336
25.9599	251.258
25.9657	250.968
25.9715	250.1
25.9773	247.799
25.9831	248.085
25.9889	251.549
25.9947	249.09
26.0005	255.502
26.0063	251.113
26.0122	256.538
26.018	257.28
26.0238	252.276
26.0296	253.152
26.0354	246.372
26.0412	244.529
26.047	255.355
26.0528	255.355
26.0586	245.236
26.0644	242.98
26.0702	237.979
26.076	247.227
26.0818	241.162
26.0876	245.094
26.0934	250.678
26.0992
26.105	501.357
26.1108	496.744
26.1166	511.3
26.1224	501.067
26.1283	501.357
26.1341	498.757
26.1399	480.378
26.1457	493.883
26.1515	491.322
26.1573	486.803
26.1631	485.96
26.1689	489.34
26.1747	487.084
26.1805	484.838
26.1863	484.558
26.1921	481.767
26.1979	486.803
26.2037	481.767
26.2095	484.278
26.2153	484.278
26.2211	481.767
26.2269	479.269
26.2327	479.546
26.2385	479.823
26.2444	479.546
26.2502	464.819
26.256	480.933
26.2618	475.959
26.2676	473.764
26.2734	475.409
26.2792	473.764
26.285	489.057
26.2908	469.135
26.2966	466.972
26.3024	468.864
26.3082	468.594
26.314	469.135
26.3198	464.819
26.3256	467.242
26.3314	461.342
26.3372	465.088
26.343	460.809
26.3488	461.342
26.3546	461.076	361.962
26.3605	459.48	342.239
26.3663	460.012	328.867
26.3721	460.277	351.048
26.3779	462.944	348.825
26.3837	465.626	352.471
26.3895	469.677	355.333
26.3953	478.163	353.899
26.4011	476.234	350.036
26.4069	474.86	353.694
26.4127	475.684	352.674
26.4185	478.993	356.772
26.4243	479.823	352.267
26.4301	482.882	354.103
26.4359	483.999	356.155
26.4417	487.084	352.267
26.4475	493.028	367.863
26.4533	494.454	359.669
26.4591	488.775	357.804
26.4649	481.211	351.86
26.4707	482.882	368.289
26.4766	473.218	355.127
26.4824	484.278	350.441
26.4882	482.603	360.709
26.494	486.521	365.533
26.4998	480.933	365.111
26.5056	484.838	363.638	254.324
26.5114	491.322	374.077	236.745
26.5172	495.312	369.567	241.72
26.523	484.838	370.422	229.873
26.5288	488.775	366.591	237.019
26.5346	366.379	241.72
26.5404	367.439	233.217
26.5462	366.803	234.568
26.552	357.598	239.082
26.5578	371.708	233.756
26.5636	372.783	239.635
26.5694	365.322	244.67
26.5752	375.159	245.094
26.581	245.094
26.5868	244.105
26.5927	244.105
26.5985	244.529
26.6043	244.67
26.6101	244.529
26.6159	245.803
26.6217	244.529
26.6275	244.246
26.6333	249.523
26.6391	244.246
26.6449	239.22
26.6507	233.621
26.6565	236.609
26.6623	232.813
26.6681	238.53
26.6739	243.542
26.6797	240.05
26.6855	238.944
26.6913	233.486
26.6971	237.43
26.7029	237.567
26.7088	233.082
26.7146	242.279
26.7204	246.799
26.7262	237.979
26.732	229.342
26.7378	234.432
26.7436	239.773
26.7494	241.162
26.7552	241.58
26.761	245.661
26.7668	246.229
26.7726	245.519
26.7784	242.279
26.7842	241.86
26.79	242.419
26.7958	242.279
26.8016	246.942
26.8074	244.811
26.8132	240.606
26.819	239.773
26.8249	239.773
26.8307	248.229
26.8365	245.094
26.8423	253.152
26.8481	241.86
26.8539	237.842
26.8597	244.67
26.8655	233.621
26.8713	238.255
26.8771	245.236
26.8829	247.656
26.8887	246.514
26.8945	257.875
26.9003	258.77
26.9061	256.982
26.9119	259.969
26.9177	258.621
26.9235	254.031
26.9293	260.419
26.9351	259.069
26.941
26.9468
26.9526
26.9584	348.825
26.9642	350.643
26.97	352.674
26.9758	352.674
26.9816	347.217
26.9874	351.048
26.9932	352.878
26.999	350.441
27.0048	353.082
27.0106	350.441
27.0164	348.02
27.0222	345.816
27.028	343.625
27.0338	344.221
27.0396	342.041
27.0454	344.023
27.0512	349.228
27.0571	344.023
27.0629	339.286
27.0687	337.722
27.0745	334.809
27.0803	331.729
27.0861	333.458
27.0919	336.359
27.0977	341.844
27.1035	336.554
27.1093	343.427
27.1151	335.971
27.1209	337.722
27.1267	332.304
27.1325	334.422
27.1383	334.229
27.1441	340.071
27.1499	354.922
27.1557	351.251
27.1615	348.624
27.1673	346.215
27.1732	338.112
27.179	341.449
27.1848	337.917
27.1906	325.277
27.1964	316.748
27.2022	324.527
27.208	336.943
27.2138	336.748
27.2196	321.913
27.2254	317.114
27.2312	309.335
27.237	317.298
27.2428	320.429
27.2486	310.051
27.2544	312.027
27.2602	310.051
27.266	316.383
27.2718	317.481
27.2776	315.47
27.2834	306.844
27.2893	317.481
27.2951	318.399
27.3009	317.114
27.3067	312.027
27.3125	314.742
27.3183	318.032
27.3241	307.553
27.3299	325.277
27.3357	326.784
27.3415
27.3473
27.3531
27.3589
27.3647
27.3705
27.3763
27.3821
27.3879
27.3937
27.3995
27.4054
27.4112
27.417
27.4228
27.4286
27.4344
27.4402
27.446
27.4518
27.4576
27.4634
27.4692
27.475
27.4808
27.4866
27.4924
27.4982
27.504
27.5098
27.5156
27.5215
27.5273
27.5331
27.5389
27.5447
27.5505
27.5563
27.5621
27.5679
27.5737
27.5795
27.5853
27.5911
27.5969
27.6027
27.6085
27.6143
27.6201
27.6259
27.6317
27.6376
27.6434
27.6492
27.655
27.6608
27.6666
27.6724
27.6782
27.684
27.6898
27.6956
27.7014
27.7072
27.713
27.7188
27.7246
27.7304
27.7362
27.742
27.7478	120.581
27.7537	119.817
27.7595	119.334
27.7653	118.852
27.7711	118.373
27.7769	118.031
27.7827	117.555
27.7885	116.541
27.7943	115.536
27.8001	114.605
27.8059	114.077
27.8117	113.42
27.8175	110.765
27.8233	109.619
27.8291	108.862
27.8349	109.051
27.8407	114.011
27.8465	114.011
27.8523	108.11
27.8581	108.11
27.8639	113.289
27.8698
27.8756
27.8814
27.8872
27.893
27.8988
27.9046
27.9104
27.9162
27.922
27.9278
27.9336
27.9394
27.9452
27.951
27.9568
27.9626
27.9684
27.9742
27.98
27.9858
27.9917
27.9975
28.0033
28.0091
28.0149
28.0207
28.0265
28.0323
28.0381
28.0439
28.0497
28.0555
28.0613
28.0671
28.0729
28.0787
28.0845
28.0903
28.0961
28.1019
28.1078	192.742
28.1136	204.557
28.1194	205.267
28.1252	216.846
28.131	215.722
28.1368	219.366
28.1426	223.716
28.1484	230.405
28.1542	232.947
28.16	237.43
28.1658	241.441
28.1716	242.279
28.1774	242.84
28.1832	245.519
28.189	252.714
28.1948	252.422
28.2006	250.968
28.2064	248.229
28.2122	250.533
28.2181	250.244
28.2239	247.942
28.2297	248.803
28.2355	247.656
28.2413	245.661
28.2471	246.514
28.2529	246.514
28.2587	246.799
28.2645	247.227
28.2703	245.094
28.2761	241.999	121.35
28.2819	242.559	121.35
28.2877	241.86	120.303
28.2935	240.328	120.095
28.2993	240.606	120.72
28.3051	241.999	120.303
28.3109	241.58	120.442
28.3167	240.745	120.025
28.3225	239.358	119.679
28.3283	239.358	119.748
28.3341	239.358	119.127
28.34	237.567	118.168
28.3458	238.255	118.441
28.3516	235.654	118.373
28.3574	235.926	117.963
28.3632	236.063	118.031
28.369	235.926	117.963
28.3748	235.518	117.352
28.3806	234.703	117.419
28.3864	234.568	117.216
28.3922	233.082	116.608
28.398	233.621	116.676
28.4038	232.678	116.474
28.4096	232.544	115.87
28.4154	231.338	115.069
28.4212	229.21	114.341
28.427	226.446	113.223
28.4328	224.623	113.223
28.4386	225.533	113.354
28.4444	222.814	113.42
28.4502	225.403	119.679
28.4561	218.48	118.715
28.4619	217.473	114.936
28.4677	220.382	114.936
28.4735	227.758	113.879
28.4793	240.189	119.817
28.4851	238.944
28.4909	236.745
28.4967	232.41
28.5025
28.5083
28.5141
28.5199
28.5257
28.5315
28.5373
28.5431
28.5489
28.5547
28.5605
28.5663
28.5722
28.578
28.5838
28.5896
28.5954
28.6012
28.607
28.6128
28.6186
28.6244
28.6302
28.636
28.6418
28.6476
28.6534
28.6592
28.665
28.6708
28.6766
28.6824
28.6883
28.6941	497.031
28.6999	488.775
28.7057	483.719
28.7115	497.606
28.7173	501.936
28.7231	491.89
28.7289	484.838
28.7347	454.728
28.7405	458.155
28.7463	457.626
28.7521	454.203
28.7579	464.283	297.764
28.7637	479.823	308.799
28.7695	482.882	305.076
28.7753	484.838	304.196
28.7811	497.606	301.746
28.7869	499.045	302.794
28.7927	501.936	284.482
28.7985	493.883	270.383
28.8044	495.312	271.635
28.8102	494.454	270.852
28.816	487.365	265.891
28.8218	493.313	261.474
28.8276	498.469	262.534
28.8334	505.427	269.292
28.8392	478.163	268.205
28.845	471.308	272.736
28.8508	477.06	276.064
28.8566	478.993	280.08
28.8624	469.949	269.136
28.8682	274.474
28.874	274.633
28.8798	268.826
28.8856	268.67
28.8914	273.683
28.8972	268.826
28.903	271.322
28.9088	265.738
28.9146	275.427
28.9205	278.466
28.9263	263.445	607.691
28.9321	266.199	612.271
28.9379	266.969	597.941
28.9437	260.72	584.622
28.9495	264.665	577.573
28.9553	266.66	584.284
28.9611	264.971	627.669
28.9669	255.798	614.397
28.9727	256.982	608.042
28.9785	258.024	612.979
28.9843	266.506	625.497
28.9901	264.513	625.497
28.9959	268.36	625.497
29.0017	268.981	623.333
29.0075	266.814	621.895
29.0133	267.741	617.599
29.0191	267.123	628.031
29.0249	261.777	628.031
29.0307	262.534	600.017
29.0366	252.86	602.448
29.0424	239.358	602.1
29.0482	240.606	608.744
29.054	240.189	611.917
29.0598	237.567	622.613
29.0656	237.567	627.669
29.0714	237.842	621.177
29.0772	237.979	601.752
29.083	238.806	605.588
29.0888	237.43	581.59
29.0946	236.063	575.907
29.1004	231.071	585.636
29.1062	236.063	580.583
29.112	232.275	580.919
29.1178	237.43	591.756
29.1236	231.205	593.468
29.1294	236.472	598.978
29.1352	237.705	586.99
29.141	237.43	586.313
29.1468	228.285	583.947
29.1527	220.382	573.252
29.1585	575.575
29.1643	567.323
29.1701	588.688
29.1759	599.671
29.1817	602.448
29.1875	619.743
29.1933	606.288
29.1991	597.596
29.2049	573.915
29.2107	582.263
29.2165	568.964
29.2223	584.96
29.2281	574.91
29.2339	593.468
29.2397	597.596
29.2455	583.947
29.2513	603.842
29.2571	622.254
29.2629	611.564
29.2688	608.042
29.2746	584.622
29.2804	599.324	516.047
29.2862	589.369	511.005
29.292	604.54	508.355
29.2978	590.05	503.388
29.3036	589.369	510.415
29.3094	601.405	505.719
29.3152	615.818	493.028
29.321	640.487	493.883
29.3268	617.599	490.472
29.3326	493.883
29.3384	500.199
29.3442	498.469
29.35	488.775
29.3558	491.89
29.3616	492.459
29.3674	488.211
29.3732	489.905
29.379	489.34
29.3849	488.211
29.3907	493.883
29.3965	485.399
29.4023	482.324
29.4081	483.161
29.4139	482.324
29.4197	483.999
29.4255	482.603
29.4313	483.161
29.4371	483.161
29.4429	481.767
29.4487	482.324
29.4545	485.399
29.4603	478.44
29.4661	470.764
29.4719	473.218
29.4777	470.492
29.4835	471.036
29.4893	467.782
29.4951	462.944
29.501	466.703
29.5068	454.728
29.5126	459.215	494.169
29.5184	461.875	495.598
29.5242	468.864	493.598
29.53	465.626	500.199
29.5358	463.479	495.598
29.5416	460.543	495.026
29.5474	471.58	491.89
29.5532	488.493	506.304
29.559	485.118	510.71
29.5648
29.5706
29.5764
29.5822
29.588
29.5938
29.5996
29.6054
29.6112
29.6171
29.6229
29.6287
29.6345
29.6403
29.6461
29.6519
29.6577
29.6635
29.6693
29.6751
29.6809
29.6867
29.6925
29.6983
29.7041
29.7099
29.7157
29.7215
29.7273
29.7332
29.739
29.7448
29.7506
29.7564
29.7622
29.768
29.7738
29.7796
29.7854
29.7912
29.797
29.8028
29.8086
29.8144
29.8202
29.826
29.8318
29.8376
29.8434
29.8493
29.8551
29.8609
29.8667
29.8725
29.8783
29.8841
29.8899
29.8957
29.9015
29.9073
29.9131
29.9189
29.9247
29.9305
29.9363
29.9421
29.9479
29.9537
29.9595
29.9654
29.9712
29.977
29.9828
29.9886
29.9944
30.0002
30.006
30.0118
30.0176
30.0234
30.0292
30.035
30.0408
30.0466
