0.801088	0.969433	1788.7	43.1277
0.835918	1.11456	3955.63	25.3539
1.11456	1.36998	3874.23	8.59218
1.19002	1.45705	1893.96	34.6651
1.34676	1.8576	2073.75	12.1984
1.42222	1.88662	1041.68	6.65647
2.36263	2.54839	3250.31	5.69294
6.57125	7.06467	2965.09	5.69277
9.71175	10.2052	1783.54	100.047
10.3909	10.8263	1796.98	16.6528
10.42	10.7857	1037.47	9.53659
10.7566	10.9714	4066.84	22.8138
10.8205	11.0469	7015.64	42.4062
11.0411	11.4358	7154.79	9.34627
11.1746	11.372	1886.32	10.2151
11.9641	12.1673	1335.37	76.2771
12.086	12.2543	3623.14	15.5314
12.1498	12.4923	2119.77	14.5302
13.7404	13.9784	3957.92	5.70548
13.8159	13.9552	3608.52	5.89099
14.884	15.18	3996.98	22.4395
15.331	15.9231	3978.55	39.8756
16.4223	16.997	4205.4	52.669
16.701	17.2118	2020.54	60.2963
17.3917	17.5949	5366.23	57.9427
17.5369	18.6456	3980.85	103.581
17.7052	19.0636	1978.96	103.986
18.7501	19.2377	1316.99	17.5952
19.3654	19.7312	1316.99	108.481
19.5222	20.4916	2640.07	138.59
19.6151	20.8399	2088.17	134.321
19.9053	20.1607	1332.29	39.2888
20.5497	21.0373	2641.59	16.9453
21.2811	21.6468	2697.1	24.3498
22.593	22.7207	1658.34	10.5521
23.5973	23.7482	4596.63	7.10482
26.0586	26.1863	3459.53	9.58797
26.4591	27.1557	2379.36	19.0246
26.5752	27.0512	1169.24	8.34653
27.179	27.4402	2391.76	5.80124
27.5853	30.006	2630.93	76.6455
27.7072	28.3574	1319.27	33.8251
28.2645	28.6534	1316.99	81.939
28.5257	29.0191	2090.59	129.112
28.7289	29.083	1311.67	60.9294
28.8044	30.0176	3130.53	37.4852
28.8682	29.2107	4181.18	40.7751
28.9205	29.1294	6210.64	28.2698
29.0133	29.3907	2086.97	46.7645
29.1701	29.4487	1047.71	25.9623
