0.545669	0.992653	1302.61	236.109
0.655964	1.20744	2656.9	72.5392
1.07392	1.28871	1329.98	342.345
1.20163	1.34676	2643.12	118.73
1.45125	1.91565	1511.08	672.24
1.6312	1.90984	3074.98	251.423
2.39746	2.59483	1607.41	87.6294
2.80961	3.09986	1503.24	859.499
3.22177	3.47719	1492.86	528.965
3.58748	3.90095	1431.22	654.554
3.98803	4.20281	1248.83	704.949
4.23764	4.48145	2294.33	334.104
4.24345	4.48726	1139.9	618.497
4.56272	4.82395	4580.72	105.772
4.79492	4.95166	2590.22	324.972
4.81814	4.95166	1295.86	352.149
5.17805	5.52635	1401.76	806.616
5.27093	5.57859	2816.51	264.435
5.68889	5.99075	2239.34	345.328
5.71211	5.97914	1112.58	569.427
6.89052	7.05306	3020.41	363.005
6.89633	7.05306	1511.95	615.514
7.04726	7.29687	3057.27	217.331
7.08209	7.71483	1573.43	1072.29
7.36653	7.70902	3099.94	445.83
7.98186	8.24889	1527.75	535.735
8.07474	8.21406	7527.87	177.707
8.37079	8.60299	3714.26	234.296
8.39401	8.77134	3117.9	322.939
8.41143	8.75973	1597.23	542.726
8.94549	9.54921	1315.47	625.105
9.20671	9.52599	2647.7	84.0861
9.61306	9.96716	1326.15	510.242
9.71755	9.96716	2659.97	275.521
10.0368	10.3039	1536.6	543.003
10.1878	10.3039	1747.84	214.107
10.1878	10.3271	3364.93	285.381
10.9424	11.2152	7980.11	89.2018
11.0701	11.3313	1613.93	275.482
11.2675	11.5461	1586.2	189.048
11.4823	11.6564	1536.6	460.494
11.6622	11.9757	1534.83	268.512
11.7841	12.2485	3108.91	112.567
11.9931	12.0976	1532.17	649.81
12.1034	12.2427	1534.83	113.656
12.562	12.8755	1587.12	225.488
12.8116	13.0322	1553.56	1046.74
13.0844	13.247	1553.56	631.225
13.2528	13.4676	1527.75	89.7345
13.4037	13.5895	1567.08	588.134
13.6011	13.8565	1565.27	339.003
13.6649	13.8159	3235.32	119.09
13.8913	14.3325	1508.46	1001.61
14.1468	14.2222	1390.47	448.598
14.4428	14.7098	3312.86	441.664
14.5009	14.7563	1671.81	595.551
14.8143	15.0117	2544.25	75.1429
15.2149	15.4122	2611.25	261.298
15.2497	15.4239	1276.54	454.144
15.5051	15.7896	1522.46	325.602
15.627	15.7315	1829.45	75.4195
15.7547	16.4049	9451.71	75.1479
15.8418	17.026	1577.06	109.573
16.0972	17.0493	2372.5	63.6025
17.0725	17.3395	1376.89	1080.61
17.5311	17.9722	1158.49	381.679
17.5659	17.9258	1749.86	325.392
17.5659	17.9258	1749.86	325.392
17.6181	18.0245	2929.34	177.608
17.9316	18.1174	1336.14	197.147
18.0129	18.1812	2051.12	77.9073
20.2884	20.4974	2094.21	927.547
20.4045	20.7064	1842.17	770.988
20.689	20.8283	1427.09	193.403
20.7819	21.0373	1744.82	577.88
21.1011	21.3624	3112.5	108.616
21.1766	21.3682	1558.05	633.237
21.2869	21.461	1533.05	969.657
21.4378	21.641	3108.91	499.811
21.4785	21.699	1554.45	934.644
21.6874	21.8442	1104.26	447.085
21.908	22.3492	1171.95	487.869
22.3144	22.6104	1328.45	524.483
23.6205	23.9166	1311.67	873.186
24.0559	24.4971	2208.51	659.942
24.2765	24.7293	3725	437.241
24.4971	25.6	2343.9	410.322
24.5319	25.5478	1571.61	568.043
25.2343	25.5361	4704.07	243.73
25.4723	25.6639	1978.96	190.304
25.6987	25.8844	1384.06	552.234
25.8844	26.1921	1384.06	95.6107
25.9773	26.1979	3030.89	63.6474
26.1863	26.4824	1141.22	480.727
26.3256	26.494	1481.69	244.609
26.4766	26.6159	3652.56	129.635
26.5578	26.9119	1316.99	545.27
