0.464399	0.824308	1298.86	88.4603
0.830113	1.05651	1171.95	67.9371
2.49615	2.66449	903.696	53.4552
2.50776	2.65288	1811.57	60.0979
2.64707	2.88508	1917.08	61.7171
2.69351	2.88508	972.481	124.537
2.94313	3.15211	1243.07	416.638
3.15791	3.32045	1265.53	139.193
3.15791	3.32626	2523.76	161.178
3.41333	3.73841	1316.23	279.276
3.63392	3.73841	7852.08	63.9965
3.87193	3.98222	1317.75	230.842
4.06349	4.21442	1105.53	207.028
4.22603	4.45243	879.492	158.8
4.35955	4.59755	1944.96	130.456
4.44082	4.58014	960.756	208.033
4.52209	4.73107	1301.11	60.9244
4.70204	4.85297	1250.27	94.0404
4.89941	5.19546	1285.42	275.089
5.12	5.32317	1309.4	616.996
5.29995	5.42186	1286.16	300.585
5.54376	5.66567	1346.99	419.404
5.75274	5.9327	1125.51	211.822
5.79338	5.95011	2567.88	63.1077
5.79338	5.96172	3254.06	83.1944
5.94431	6.10685	889.711	189.893
6.11265	6.26358	979.245	136.59
6.20553	6.3971	1289.88	65.3926
6.3971	6.58866	1256.79	241.771
6.6351	6.78603	1196.57	90.0886
6.78603	7.18658	1280.97	277.533
6.9776	7.17497	2588.73	177.883
6.9776	7.17497	2588.73	177.883
7.2156	7.41878	1286.91	225.142
7.45361	7.71483	1151.81	188.92
7.51746	7.83093	4422.13	153.717
7.62195	7.83093	1115.8	335.452
7.86576	8.0341	974.168	188.32
8.03991	8.56816	854.454	82.8526
8.13859	8.44626	1722.78	40.3079
8.33016	8.48109	2136.98	98.9159
8.52753	8.70168	3339.75	97.1928
8.56236	8.73651	2143.16	178.473
8.73651	8.90485	3355.22	108.343
8.78875	8.98612	2161.81	196.84
8.9571	9.35184	3443.58	273.373
9.03837	9.24735	2168.07	378.88
9.23574	9.47955	1851.77	684.417
9.24735	9.48535	4017.81	378.88
9.46794	9.62467	1782.51	41.0788
9.62467	9.74077	1138.58	66.19
9.75238	9.96716	1583.45	447.553
10.0252	10.1761	1240.92	264.589
10.2458	10.3909	1218.19	299.268
10.4722	10.5709	1349.33	117.425
10.6347	10.8785	1456.23	358.01
10.8089	10.954	1437.02	507.004
11.0701	11.3546	1562.56	325.988
11.2791	11.3546	1349.33	223.901
11.3546	11.5519	1324.62	65.1782
11.4707	11.6738	1569.79	537.402
11.6796	11.8886	1077.79	91.6818
11.906	12.0744	1289.88	397.529
11.9815	12.0976	2512.13	75.3192
12.1266	12.2717	1085.91	153.505
12.2369	12.5968	2621.83	166.402
12.2776	12.62	1307.14	376.087
13.0206	13.1309	1464.67	266.006
13.1889	13.6069	1921.51	754.608
13.5837	13.7346	1877.62	549.469
13.7404	13.8681	1727.77	481.315
13.99	14.1584	1906.04	526.933
14.17	14.3325	1903.84	406.619
14.3151	14.5067	1906.04	209.35
14.4428	14.5995	1805.3	513.456
14.6634	14.8376	1595.39	147.891
14.8782	15.1452	1845.37	529.046
15.1452	15.2903	1715.83	529.046
15.2787	15.5167	1623.28	353.891
15.5225	15.6502	1465.52	385.763
15.7083	16.0682	1285.42	386.05
15.8302	16.0972	2563.43	115.385
16.0102	16.1611	3235.32	58.2055
16.1205	16.5442	2183.15	685.718
16.6023	16.8054	1705.95	496.451
17.0434	17.2466	1737.78	571.535
17.5078	17.8271	1642.14	609.719
17.5195	17.8329	3254.06	197.445
17.9142	18.0767	1468.06	135.735
18.0825	18.2219	1266.26	70.2144
18.3089	18.576	2243.23	155.627
18.4076	18.5818	1473.15	522.715
18.5527	18.9707	2894.02	428.765
18.6108	18.7733	2151.85	205.614
18.7037	18.9881	1451.2	390.371
19.5628	19.7718	5774.68	134.298
19.5744	19.6905	2380.74	114.771
19.6325	19.8124	1078.41	431.032
19.7834	19.9459	1108.73	327.969
19.9517	20.2478	1326.15	651.09
20.1201	20.3755	11324.8	83.617
20.2536	20.3929	1292.87	242.502
20.3987	20.6135	1290.63	348.418
20.4684	20.5903	3885.43	54.8969
20.6367	20.7354	1296.61	378.165
20.7064	20.8225	3263.47	47.2146
20.8341	21.2056	1172.63	455.265
20.9966	21.2405	2211.07	133.668
21.2869	21.4901	1074.06	262.443
21.4959	22.0125	1302.61	537.269
21.8906	22.0125	5006.87	57.562
22.146	22.3318	4050.43	94.3946
22.2854	22.4247	3530.18	217.016
22.3956	22.5466	12874.2	80.4204
22.3956	22.5466	12874.2	80.4204
22.4769	22.5756	3398.13	53.2346
22.4769	22.5756	3398.13	53.2346
23.0226	23.098	1386.46	87.9999
23.1967	23.4405	2927.65	164.506
23.1967	23.458	1459.6	238.191
23.3883	23.6321	1733.77	670.685
23.6321	23.9282	1736.77	670.685
24.0559	24.2765	1511.95	268.32
24.0733	24.259	3046.69	164.736
24.2358	24.4622	2165.56	643.91
24.4622	24.619	1950.59	435.483
24.6654	24.944	1561.65	650.381
24.944	25.1762	1532.17	900.551
24.9556	25.1472	10224.1	55.2453
25.1762	25.4433	1749.86	900.551
25.4433	25.9947	1611.13	586.756
25.5129	25.8322	3166.91	116.34
25.6871	25.8902	6729.85	154.174
25.7103	25.8961	3378.56	231.93
25.7741	25.8961	4348.67	153.68
26.2676	26.494	2285.08	292.803
26.4011	26.6101	2281.12	293.924
26.6043	27.1732	2429.36	441.351
26.8074	27.1732	4895.34	233.529
27.1732	27.266	4578.08	252.18
27.1732	27.3821	2278.49	548.902
27.4576	28.0207	2094.21	277.527
27.6956	28.0207	3973.96	133.277
28.0961	28.4677	1523.34	343.53
28.3864	28.5722	2895.69	71.788
28.4677	29.1468	1718.81	343.53
28.5722	28.7695	3477.56	143.269
28.5722	28.7695	3477.56	143.269
28.7695	28.8334	3188.94	113.692
28.7695	28.874	3163.25	139.527
28.874	29.2862	2217.46	139.527
