0.15093	0.818503	3680.09	96.379
0.946213	1.25968	3025.64	215.928
1.2829	2.14204	3177.9	223.212
2.94893	3.21596	3066.11	617.427
3.0302	3.21016	6107.47	287.888
3.0302	3.21016	6107.47	287.888
3.2566	3.53524	2859.13	630.485
3.75002	4.16218	2761.74	1012.98
4.26667	4.71365	2140.69	859.094
4.49887	4.72526	4303.69	407.853
4.55692	4.73687	9381	215.368
4.62077	4.91102	4604.6	191.4
4.71365	5.22449	2110	577.391
4.72526	5.01551	3712.12	407.853
4.80073	5.0039	5397.32	230.058
4.87039	5.12	4249.35	798.926
5.12	5.28254	3987.75	673.731
5.40444	6.0546	3190.78	782.423
6.00816	6.18231	2302.3	240.793
6.18231	6.42612	2722.14	434.749
6.42612	6.57705	2477.54	434.749
6.57705	6.71057	2308.96	320.541
6.71057	7.19238	2085.76	242.082
10.1819	10.3329	1264.8	275.472
10.2632	10.3735	1468.06	252.958
10.3503	10.5535	1600.93	418.348
10.4606	10.6638	1628.91	279.651
10.5767	10.7741	1560.75	210.278
10.6754	10.9076	2088.17	379.209
10.8553	10.9772	1410.7	273.806
10.925	11.1398	3098.15	632.662
10.9424	11.0353	1541.04	250.549
11.0585	11.192	1758.98	728.407
11.2036	11.3894	1605.56	439.186
11.2501	11.3488	2954.83	201.367
11.2675	11.3894	1577.06	438.408
11.43	11.5461	1816.81	548.931
11.581	11.6738	1602.78	637.782
11.7029	11.8422	2958.25	205.344
11.7899	11.9118	9506.46	318.888
11.8015	12.1789	1448.68	1129.97
12.4111	12.6026	3324.36	299.227
12.4343	12.5968	1656.43	136.463
12.5446	12.6375	1873.29	800.633
12.7071	13.038	1734.77	864.776
12.9509	13.1483	1634.57	669.05
13.038	13.2063	2937.81	215.602
13.1831	13.3515	1557.15	274.554
13.2992	13.5198	1841.11	843.965
13.5488	13.6649	1864.66	1075.05
13.6766	14.1351	2983.99	578.555
13.7288	13.8159	1659.3	231.674
14.0713	14.4312	1566.17	981.377
14.617	14.7389	1553.56	614.69
14.7156	14.8434	2339.84	173.131
14.8027	14.9072	1753.91	866
14.9188	15.1452	1586.2	475.108
15.18	15.2903	1886.32	792.819
15.3194	15.5283	1647.84	856.459
15.5864	15.8824	1711.87	714.791
15.8244	16.0914	3589.81	237.038
15.9289	16.0624	1828.39	887.659
16.0276	16.1205	3218.55	100.104
16.074	16.3004	1828.39	146.326
16.1785	16.2946	1734.77	119.994
16.1843	16.3875	3227.85	225.647
16.312	16.4339	1989.27	949.069
16.4397	16.5442	1673.74	657.744
16.5674	16.7648	1775.32	249.182
16.6719	16.8229	1872.21	630.335
16.8054	17.0202	1663.14	620.243
16.9041	17.0202	1577.06	317.401
16.9854	17.1363	6403.71	155.096
17.0957	17.3395	1757.97	788.842
17.1479	17.3627	2686.22	791.944
17.4266	17.5717	1937.11	441.584
17.5485	17.7691	2377.99	469.798
17.6007	17.8213	3078.53	284.775
17.6762	17.8097	1887.41	447.76
17.6936	17.8213	1532.17	431.799
17.8445	18.0651	1738.78	736.372
17.8619	18.0419	3467.53	439.144
18.0883	18.2451	1684.41	363.067
18.1812	18.4366	4414.48	387.747
18.1928	18.4134	1756.95	761.379
18.2683	18.5295	2150.6	738.406
18.4192	18.6224	1852.84	323.466
18.576	18.9881	1580.71	905.78
18.7153	18.9417	1903.84	255.219
18.7153	18.9417	1903.84	255.219
19.11	19.2493	2045.2	611.25
19.2551	19.4873	1850.71	468.026
19.4061	19.5106	1665.06	455.54
19.5164	19.737	1676.64	348.205
19.6847	19.8066	3849.69	326.18
19.8647	19.9924	3112.5	254.781
19.9111	19.9866	1497.17	407.212
20.0214	20.242	1751.89	879.815
20.2594	20.509	1497.17	335.244
20.2652	20.3813	3036.15	261.86
20.3987	20.509	1678.58	673.861
20.5206	20.6367	1849.64	420.011
20.6483	20.7354	1695.15	368.088
20.7935	20.9038	1775.32	867.815
20.9038	21.0024	1825.23	614.191
21.0199	21.1069	1491.13	247.452
21.1244	21.2463	1837.92	284.1
21.2579	21.3682	1766.11	297.227
21.2753	21.4262	3445.57	109.038
21.3391	21.4378	1352.45	191.627
21.374	21.4901	1658.34	403.341
21.5481	21.641	1878.71	960.097
21.6526	21.7687	1619.53	103.205
21.7397	21.9603	1598.16	953.302
21.9196	22.0183	1870.05	1112.84
22.0183	22.1576	1754.92	1054.87
22.1751	22.4305	1672.77	356.316
22.3376	22.4305	1883.06	561.854
22.4015	22.5001	3673.72	287.584
22.4015	22.5001	3673.72	287.584
22.4073	22.5292	1853.92	211.213
22.5176	22.6453	1606.49	360.507
22.593	22.7381	1878.71	110.923
22.6743	22.8891	3554.74	366.707
22.7033	22.9471	1781.48	673.752
22.8659	22.9529	2151.85	385.013
23.0284	23.3999	4644.67	220.326
23.0574	23.1677	2111.22	439.379
23.1677	23.4173	2322.33	480.762
23.6031	23.754	4901	181.856
23.6844	23.8411	1774.29	471.718
23.7888	23.8817	1967.56	582.928
23.9282	24.0791	1931.53	635.601
24.0327	24.1255	1823.12	773.43
24.1488	24.259	1902.74	967.957
24.2881	24.439	1671.81	214.873
24.4158	24.5957	2121	663.293
24.5551	24.7699	1439.51	1104.65
24.7873	24.9847	1782.51	652.823
24.9092	25.1182	1941.59	400.834
25.1066	25.2169	1728.77	411.966
25.2749	25.391	1686.36	1132.2
25.3794	25.4839	1583.45	723.674
25.5129	25.5942	1547.29	312.616
25.6232	25.8786	4190.85	313.595
25.6348	25.8728	1388.87	809.956
25.8961	26.0412	1724.78	391.851
26.0354	26.2037	1823.12	617.199
26.0702	26.3082	2262.75	502.44
26.1283	26.256	5391.08	308.417
26.2211	26.3721	1655.47	576.716
26.3198	26.4766	1917.08	544.475
26.4069	26.8074	2094.21	635.291
26.5056	26.6565	3309.03	273.117
26.5114	26.7262	1504.98	429.8
26.7784	26.941	3905.68	135.278
26.8829	27.0861	1507.59	495.525
26.8829	27.0861	1507.59	495.525
27.1615	27.3183	1852.84	651.054
27.266	27.4808	2070.16	308.614
27.4228	27.5969	1618.59	220.741
27.5098	27.7362	2415.37	669.737
27.5563	27.742	3725	264.086
27.8756	28.0729	2899.04	568.326
28.1774	28.2645	3034.39	351.683
28.3109	28.4096	3224.13	339.582
28.4561	28.6012	3744.42	308.647
28.6012	28.7637	3295.68	302.05
28.7637	29.4139	3796.69	288.392
29.1933	29.35	4055.11	86.3356
29.4023	29.6867	1597.23	124.092
