0.191565	0.417959	3284.28	52.2566
0.238005	0.586304	2523.76	68.2396
0.516644	0.905578	2842.66	172.159
1.21324	1.52091	2308.96	130.197
1.399	1.6312	1063.57	115.479
1.48608	1.80535	3948.79	150.984
1.48608	1.80535	3948.79	150.984
4.44082	4.79492	3598.12	239.029
4.94585	5.2361	4556.97	148.867
5.28834	5.54957	2160.56	360.101
5.55537	5.65986	2826.29	216.86
5.5844	5.74113	2032.25	285.145
5.83982	6.23456	2086.97	342.974
6.15909	6.65252	3351.35	114.579
6.44934	6.69896	6363.15	55.0772
9.0732	9.27057	1320.03	49.8039
9.13705	9.50277	6149.95	268.273
9.1951	9.38667	3057.27	234.461
9.21832	9.4273	3073.2	202.908
9.25896	9.4215	1511.08	199.957
9.32281	9.5376	9875.88	59.3832
9.52018	9.88009	2731.59	374.49
9.56662	9.83365	6100.42	200.416
9.78141	10.1065	3025.64	235.252
10.2052	10.478	2494.77	545.463
10.478	10.6522	1488.55	239.032
10.5477	10.716	3059.03	203.536
10.8263	11.4997	2275.86	506.974
11.134	11.3836	2827.92	305.643
11.459	11.8306	3276.7	359.014
13.5488	13.7927	2646.18	214.147
14.2977	14.4428	2814.88	274.422
14.5009	14.7911	2584.24	331.418
14.6866	14.9595	2040.48	364.609
14.8782	15.1742	2526.68	450.642
15.1162	15.6909	2020.54	300.793
18.4599	18.5876	11456.3	70.1146
18.6108	18.7733	4690.5	71.5508
19.3306	19.6325	6253.84	61.2876
19.6093	19.737	2591.72	39.1504
19.795	19.9053	6315.55	27.6078
19.9169	20.242	3697.14	139.836
20.2884	20.4568	2036.95	213.699
21.0373	21.3391	1889.59	265.03
21.1882	21.3101	949.172	166.343
21.4378	21.67	1736.77	151.089
21.5075	22.0299	3080.31	153.868
21.908	22.1809	3107.11	29.0181
22.0009	22.146	3831.94	39.2941
23.1967	23.3535	5103.22	88.1224
23.3593	23.5276	2390.38	206.732
23.5915	23.7482	2675.38	87.9473
23.8933	24.1197	4036.42	64.7296
24.0036	24.1546	4356.22	104.527
24.0327	24.3403	2130.82	90.2259
24.2358	24.4274	3372.71	131.669
24.3926	24.6073	8910.93	64.6024
24.6364	24.8395	2920.89	94.6676
24.9266	25.1937	4059.8	290.115
25.1646	25.7509	3461.53	211.356
25.4723	25.9889	3885.43	59.494
25.6348	25.9947	3347.48	76.4286
25.8206	26.3082	3854.14	31.7283
26.5578	26.6797	3612.69	85.61
26.6275	26.7552	4992.43	52.0991
26.732	26.9584	8880.1	64.7655
26.7494	26.8597	962.422	103.014
26.9119	27.2138	1889.59	159.747
26.9584	27.1267	2761.74	85.2678
26.9642	27.1441	7501.83	50.8933
27.0919	27.2544	2383.49	120.911
27.2718	28.0033	3887.68	208.987
27.4402	27.5505	12616.5	83.8049
27.5447	27.6492	12207.9	86.1158
27.7769	27.8814	9875.88	29.9228
27.8814	28.1252	2949.71	79.1805
28.0555	28.2587	4406.83	41.1055
