0
0.00580499
0.01161
0.017415
0.02322
0.0290249
0.0348299
0.0406349
0.0464399
0.0522449
0.0580499
0.0638549
0.0696599
0.0754649
0.0812698
0.0870748
0.0928798
0.0986848
0.10449
0.110295
0.1161
0.121905
0.12771
0.133515
0.13932
0.145125
0.15093
0.156735
0.16254
0.168345
0.17415
0.179955
0.18576
0.191565
0.19737
0.203175
0.20898
0.214785
0.22059
0.226395
0.2322
0.238005
0.24381
0.249615
0.255419
0.261224
0.267029
0.272834
0.278639
0.284444
0.290249
0.296054
0.301859
0.307664
0.313469
0.319274
0.325079
0.330884
0.336689
0.342494
0.348299
0.354104
0.359909
0.365714
0.371519
0.377324
0.383129
0.388934
0.394739
0.400544
0.406349	233.351
0.412154	233.351
0.417959	233.621
0.423764	233.217
0.429569	232.141
0.435374	233.351
0.441179	232.275
0.446984	231.739
0.452789	230.938
0.458594	230.538
0.464399	230.405
0.470204	229.475
0.476009	229.342
0.481814	229.608
0.487619	229.475
0.493424	229.342
0.499229	229.475
0.505034	229.078
0.510839	228.813
0.516644	229.078
0.522449	229.74
0.528254	230.272
0.534059	230.006
0.539864	230.139
0.545669	230.671
0.551474	231.205
0.557279	231.739
0.563084	232.141
0.568889	232.947
0.574694	233.891
0.580499	235.11
0.586304	236.199
0.592109	237.43
0.597914	238.806
0.603719	239.358
0.609524	240.467
0.615329	241.302
0.621134	240.884
0.626939	240.884
0.632744	239.22
0.638549	238.117
0.644354	236.063
0.650159	234.568
0.655964	231.739
0.661769	229.078
0.667574	226.708
0.673379	224.623
0.679184	222.942
0.684989	221.914
0.690794	221.658
0.696599	221.658
0.702404	223.587
0.708209	225.533
0.714014	226.839
0.719819	229.21
0.725624	231.472
0.731429	233.351
0.737234	235.926
0.743039	237.842
0.748844	240.745
0.754649	242.84
0.760454	244.246
0.766258	245.236
0.772063	245.803
0.777868	247.227
0.783673	246.942
0.789478	246.514
0.795283	245.378
0.801088	243.542
0.806893	241.023
0.812698	237.979
0.818503	235.654
0.824308	233.217
0.830113	230.804
0.835918	227.758
0.841723	226.446
0.847528	224.752
0.853333	224.363
0.859138	223.975
0.864943	224.493
0.870748	225.142
0.876553	227.101
0.882358	228.285
0.888163	230.938
0.893968	233.891
0.899773	237.293
0.905578	240.328
0.911383	244.246
0.917188	246.514
0.922993	248.659
0.928798	249.955
0.934603	251.403
0.940408	251.694
0.946213	251.549
0.952018	251.694
0.957823	250.678
0.963628	248.803
0.969433	246.657
0.975238	244.529
0.981043	241.58	483.719
0.986848	239.358	478.44
0.992653	236.336	471.308
0.998458	235.246	469.406
1.00426	230.405	461.076
1.01007	230.405	459.215
1.01587	228.153	456.57
1.02168	227.364	455.78
1.02748	227.89	455.517
1.03329	227.89	455.517
1.03909	228.945	458.155
1.0449	230.006	460.543
1.0507	233.217	466.164
1.05651	235.246	468.864
1.06231	238.392	474.586
1.06812	240.745	481.211
1.07392	243.683	487.084
1.07973	246.799	491.322
1.08553	249.523	496.744
1.09134	250.678	501.067
1.09714	251.258	502.807
1.10295	251.403	502.807
1.10875	251.549	501.936
1.11456	251.258	501.936
1.12036	249.955	500.199
1.12617	248.372	496.744
1.13197	245.519	491.039
1.13778	241.999	483.999
1.14358	239.496	479.546
1.14939	236.609	473.491
1.15519	234.568	468.594
1.161	231.606	465.088
1.1668	229.342	458.95
1.17261	227.627	455.78
1.17841	226.577	452.37
1.18422	226.577	452.37
1.19002	226.97	453.155
1.19583	227.364	454.203
1.20163	229.342	457.891
1.20744	229.873	459.48
1.21324	231.338	461.076
1.21905	233.351	466.433
1.22485	234.839	469.135
1.23066	237.019	473.764
1.23646	239.22	479.269
1.24227	241.441	482.882
1.24807	243.401	486.803
1.25388	247.513	491.322
1.25968	248.659	497.319
1.26549	249.811	498.469
1.27129	249.667	498.757
1.2771	249.09	498.469
1.2829	247.513	495.884
1.28871	245.661	491.89
1.29451	244.387	489.34
1.30032	242.699	485.679
1.30612	240.328	480.933
1.31193	236.882	474.586
1.31773	235.246	470.764
1.32354	234.161	463.211
1.32934	231.739	463.479
1.33515	230.272	459.48
1.34095	227.233	456.834
1.34676	226.708	453.941
1.35256	226.316	452.109
1.35837	226.054	453.416
1.36417	227.233	454.728
1.36998	227.89	455.517
1.37578	230.272	459.746
1.38159	230.671	461.609
1.38739	232.678	465.357
1.3932	236.336	470.492
1.399	239.358	478.993
1.40481	241.58	483.719
1.41061	244.105	487.084
1.41642	245.945	492.459
1.42222	247.37	495.026
1.42803	248.803	497.031
1.43383	249.09	496.744
1.43964	249.234	498.757
1.44544	248.085	497.031
1.45125	245.945	493.028
1.45705	243.823	487.929
1.46286	241.58	480.933
1.46866	238.944	477.887
1.47447	237.567	474.586
1.48027	235.11	469.677
1.48608	233.621	466.972
1.49188	230.938	460.809
1.49769	228.285	459.746
1.50349	226.577	452.37
1.5093	225.403	450.284
1.5151	224.623	448.986
1.52091	223.975	448.467
1.52671	224.882	451.065
1.53252	225.924	451.587
1.53832	230.006	457.098
1.54413	230.139	460.809
1.54993	233.486	466.703
1.55574	236.472	472.944
1.56154	238.944	479.269
1.56735	241.58	482.046
1.57315	244.811	489.057
1.57896	246.372	492.743
1.58476	247.656	497.319
1.59057	248.085	496.171
1.59637	247.942	496.457
1.60218	247.799	495.312
1.60798	246.514	493.598
1.61379	244.246	489.057
1.61959	241.58	483.719
1.6254	238.255	477.611
1.6312	235.654	472.671
1.63701	231.205	462.142
1.64281	228.153	455.517
1.64862	225.924	452.631
1.65442	223.329	446.916
1.66023	222.814	445.113
1.66603	222.299	445.885
1.67184	222.556	445.37
1.67764	223.458	446.4
1.68345	225.142	450.545
1.68925	228.153	457.098
1.69506	230.938	460.809
1.70086	234.026	467.782
1.70667	236.472	470.492
1.71247	239.912	479.546
1.71828	242.84	486.803
1.72408	243.823	489.34
1.72989	245.519	490.755
1.73569	245.236	490.755
1.7415	244.953	490.189
1.7473	244.529	489.34
1.75311	242.419	484.558
1.75891	240.328	479.823
1.76472	237.567	475.684
1.77052	234.703	469.949
1.77633	232.544	465.626
1.78213	230.671	462.142
1.78794	229.475	461.076
1.79374	228.417	456.834
1.79955	228.813	457.626
1.80535	228.417	457.098
1.81116	230.006	459.746
1.81696	231.071	462.409
1.82277	232.678	464.819
1.82857	234.432	469.135
1.83438	236.472	472.671
1.84018	237.019	477.611
1.84599	238.392	475.409
1.85179	237.979	472.944
1.8576	237.567	482.882
1.8634	248.085	491.322
1.86921	250.678	501.357
1.87501	253.298	486.803
1.88082	248.516	493.028
1.88662	249.667	494.454
1.89243	249.378	499.333
1.89823	249.378	498.757
1.90404	246.942	492.459
1.90984	243.401	488.211
1.91565	240.606	480.101
1.92145	235.382	471.58
1.92726	233.082	465.626
1.93306	230.139	461.342
1.93887	228.681	457.098
1.94467	227.495	454.728
1.95048	227.758	456.307
1.95628	228.022	457.362
1.96209	230.538	461.609
1.96789	232.544	467.242
1.9737	235.654	469.949
1.9795	237.842	475.409
1.98531	240.328	482.046
1.99111	242.84	485.118
1.99692	245.519	491.322
2.00272	247.799	494.74
2.00853	249.378	497.031
2.01433	249.955	499.333
2.02014	249.667	500.199
2.02594	249.667
2.03175	247.513
2.03755	245.945
2.04336	243.683
2.04916	239.496
2.05497	236.472
2.06077	233.351
2.06658	229.873
2.07238	227.101
2.07819	224.363
2.08399	221.786
2.0898	221.53
2.0956	221.658
2.10141	223.329
2.10721	225.793
2.11302	228.285
2.11882	230.405
2.12463	233.082
2.13043	235.246
2.13624	237.43
2.14204	238.392
2.14785	238.944
2.15365	239.635
2.15946	240.05
2.16526	239.22
2.17107	238.944
2.17687	237.842
2.18268	236.063
2.18848	235.246
2.19429	235.79
2.20009	235.518
2.2059	235.11
2.2117	234.432
2.21751	233.486
2.22331	234.568
2.22912	235.518
2.23492	234.974
2.24073	234.703
2.24653	236.472
2.25234	237.293
2.25814	241.302
2.26395
2.26975
2.27556
2.28136
2.28717	261.022
2.29297	259.069
2.29878	256.834
2.30458	257.28
2.31039	257.428
2.31619	257.28
2.322	259.069
2.3278	258.77
2.33361	257.577
2.33941	256.982
2.34522	255.355
2.35102	252.568
2.35683	251.113
2.36263	249.378
2.36844	246.229
2.37424	242.699
2.38005	241.441
2.38585	241.441
2.39166	241.162
2.39746	240.884
2.40327	241.441
2.40907	244.105
2.41488	247.227
2.42068	250.389
2.42649	253.591
2.43229	256.834
2.4381	260.269
2.4439	262.382
2.44971	263.902
2.45551	266.66
2.46132	268.515
2.46712	268.826
2.47293	268.826
2.47873	268.205
2.48454	266.814
2.49034	264.513
2.49615	262.231
2.50195	258.621
2.50776	255.06
2.51356	249.667
2.51937	246.372
2.52517	243.964
2.53098	243.683
2.53678	243.401
2.54258	243.823
2.54839	245.519
2.55419	247.227
2.56	248.372
2.5658	250.678
2.57161	254.618
2.57741	257.131
2.58322	260.72
2.58902	262.534
2.59483	264.818
2.60063	265.891
2.60644	266.045
2.61224	264.818
2.61805	261.928
2.62385	257.875
2.62966	248.659
2.63546	236.336
2.64127	235.518
2.64707	249.667
2.65288	253.152
2.65868	258.173
2.66449	257.428
2.67029	266.353
2.6761	265.584
2.6819	260.269
2.68771	264.207
2.69351	261.323
2.69932
2.70512
2.71093
2.71673
2.72254
2.72834
2.73415
2.73995
2.74576
2.75156
2.75737
2.76317
2.76898	266.353
2.77478	261.474
2.78059	265.584
2.78639	264.207
2.7922	257.28
2.798	264.513
2.80381	274.316
2.80961	260.269
2.81542	263.293
2.82122	261.777
2.82703	268.515
2.83283	271.949
2.83864	271.949
2.84444	268.826
2.85025	266.353
2.85605	264.818
2.86186	263.75
2.86766	261.474
2.87347	258.024
2.87927	254.471
2.88508	254.178
2.89088	256.093
2.89669	251.694
2.90249	251.549
2.9083	251.403
2.9141	252.714
2.91991	253.006
2.92571	254.031
2.93152	255.207
2.93732	257.875
2.94313	258.322
2.94893	258.024
2.95474	259.369
2.96054	260.57
2.96635	261.474
2.97215	261.928
2.97796	261.777
2.98376	260.871
2.98957	260.119
2.99537	259.069
3.00118	257.577
3.00698	254.471
3.01279	251.403
3.01859	249.955
3.0244	248.229
3.0302	247.227
3.03601	246.514
3.04181	247.799
3.04762	249.378
3.05342	250.533
3.05923	253.445
3.06503	255.06
3.07084	257.577
3.07664	259.818
3.08245	260.871
3.08825	262.079
3.09406	263.902
3.09986	264.665
3.10567	265.125
3.11147	265.125
3.11728	264.818
3.12308	263.445
3.12889	262.231
3.13469	261.022
3.1405	258.919
3.1463	255.946
3.15211	252.86
3.15791	252.13
3.16372	251.549
3.16952	252.13
3.17533	253.006
3.18113	255.355
3.18694	256.982
3.19274	258.173
3.19855	259.818
3.20435	260.269
3.21016	260.57
3.21596	261.022
3.22177	260.871
3.22757	261.022
3.23338	260.119
3.23918	261.323
3.24499	258.024
3.25079	252.422
3.2566	258.322
3.2624	260.72
3.26821	262.686
3.27401	261.323
3.27982	260.57
3.28562	258.173
3.29143	257.875
3.29723
3.30304
3.30884
3.31465
3.32045
3.32626
3.33206
3.33787
3.34367
3.34948
3.35528
3.36109
3.36689	257.428
3.3727	252.276
3.3785	254.031
3.38431	258.471
3.39011	258.173
3.39592	258.322
3.40172	260.871
3.40753	258.919
3.41333	258.024
3.41914	258.77	207.532
3.42494	259.969	208.012
3.43075	248.229	208.494
3.43655	248.947	205.505
3.44236	258.77	202.324
3.44816	258.77	201.392
3.45397	258.621	200.927
3.45977	260.72	198.619
3.46558	256.834	198.39
3.47138	262.079	197.475
3.47719	260.269	197.589
3.48299	260.269	200.232
3.4888	257.428	199.885
3.4946	258.322	200.347
3.50041	258.77	201.624
3.50621	259.069	203.379
3.51202	257.875	206.456
3.51782	258.621	207.413
3.52363	258.77	208.976
3.52943	256.538	209.823
3.53524	254.766	211.038
3.54104	255.355	212.629
3.54685	255.798	212.752
3.55265	255.502	211.648
3.55846	258.173	212.016
3.56426	257.428	212.506
3.57007	259.969	212.016
3.57587	260.871	210.673
3.58168	258.024	209.944
3.58748	257.726	209.459
3.59329	254.178	208.012
3.59909	256.538	206.099
3.6049	254.913	206.218
3.6107	253.445	203.614
3.61651	251.113	209.097
3.62231	251.839	209.459
3.62812	254.913	214.851
3.63392	256.538	214.851
3.63973	259.818	200.811
3.64553	258.024	204.794
3.65134	262.686	208.012
3.65714	258.471	208.373
3.66295	257.131	210.794
3.66875	258.919
3.67456	255.798
3.68036	249.955
3.68617	255.502
3.69197	256.686
3.69778	255.502
3.70358	252.86
3.70939	255.946
3.71519	259.818
3.721	262.382
3.7268	262.231
3.73261	258.919
3.73841	254.031
3.74422	253.298
3.75002	262.231
3.75583	261.777	241.86
3.76163	262.231	246.799
3.76744	258.024	240.467
3.77324	259.219	258.173
3.77905	261.022	259.069
3.78485	261.777	260.871
3.79066	259.818	260.72
3.79646	261.777	261.474
3.80227	261.777	261.173
3.80807	261.626	261.323
3.81388	258.919	259.518
3.81968	256.538	258.322
3.82549	259.518	259.219
3.83129	258.621	258.471
3.8371	258.322
3.8429	257.875
3.84871	256.982
3.85451	256.389
3.86032	254.913
3.86612	255.207
3.87193	253.738
3.87773	253.006
3.88354	253.006
3.88934	252.568
3.89515	253.298
3.90095	253.152
3.90676	254.178
3.91256	255.06
3.91837	256.686
3.92417	258.322
3.92998	259.518
3.93578	259.518
3.94159	260.419
3.94739	261.323
3.9532	262.079
3.959	262.534
3.96481	262.534
3.97061	262.382
3.97642	262.534
3.98222	262.534
3.98803	262.686
3.99383	262.837
3.99964	262.534
4.00544	262.231
4.01125	260.871
4.01705	259.668
4.02286	258.621
4.02866	259.369
4.03447	253.006
4.04027	260.119
4.04608	262.231
4.05188	261.474	260.269
4.05769	264.055	257.428
4.06349	261.323	258.621
4.0693	262.079	261.173
4.0751	261.474
4.08091	263.598
4.08671	264.513
4.09252	265.738
4.09832	266.969
4.10413	269.136
4.10993	270.227
4.11574	272.263
4.12154	273.367
4.12735	274.633
4.13315	276.224
4.13896	276.064
4.14476	276.224
4.15057	277.183
4.15637	277.663
4.16218	277.503
4.16798	277.663
4.17379	277.503
4.17959	277.663
4.1854	276.703
4.1912	277.023
4.19701	277.343
4.20281	277.824
4.20862	278.306
4.21442	278.627
4.22023	279.756
4.22603	281.377
4.23184	283.334
4.23764	285.634
4.24345	286.957
4.24925	288.287
4.25506	289.789
4.26086	290.627
4.26667	292.649
4.27247	293.665
4.27828	295.195
4.28408	296.563
4.28989	298.625
4.29569	300.182
4.3015	302.444
4.3073	304.021
4.31311	305.429
4.31891	307.553
4.32472	309.693
4.33052	311.847
4.33633	313.653
4.34213	315.47
4.34794	316.931
4.35374	317.848
4.35955	317.298
4.36535	318.032
4.37116	317.481
4.37696	316.2
4.38277	315.106
4.38857	313.653
4.39438	311.847
4.40018	310.588
4.40599	310.051
4.41179	307.553
4.4176	305.605
4.4234	304.372
4.42921	302.095
4.43501	300.876
4.44082	299.835
4.44662	300.529
4.45243	301.05
4.45823	301.398
4.46404	304.021
4.46984	306.489
4.47565	309.514
4.48145	313.11
4.48726	315.288
4.49306	318.215
4.49887	320.244
4.50467	322.844
4.51048	324.152
4.51628	325.653
4.52209	326.03
4.52789	326.784
4.5337	327.351
4.5395	326.407
4.54531	325.277
4.55111	324.339
4.55692	322.471
4.56272	320.244
4.56853	317.481
4.57433	314.924
4.58014	312.388
4.58594	310.051
4.59175	306.844
4.59755	302.969
4.60336	301.05
4.60916	299.489
4.61497	298.971
4.62077	298.798
4.62658	299.316
4.63238	302.444
4.63819	305.253
4.64399	306.844
4.6498	310.409
4.6556	313.834
4.66141	316.748
4.66721	320.984
4.67302	324.714
4.67882	326.595
4.68463	329.247
4.69043	332.112
4.69624	332.496
4.70204	333.65
4.70785	333.65
4.71365	332.496
4.71946	331.537
4.72526	329.437
4.73107	327.729
4.73687	323.965
4.74268	320.429
4.74848	317.481
4.75429	314.379
4.76009	310.23
4.7659	306.844
4.7717	304.724
4.77751	301.746
4.78331	300.702
4.78912	300.529
4.79492	300.355
4.80073	301.572
4.80653	303.319
4.81234	304.9
4.81814	307.731
4.82395	310.588
4.82975	311.847
4.83556	315.106
4.84136	316.931
4.84717	319.505
4.85297	322.285
4.85878	325.089
4.86458	326.595
4.87039	327.162
4.87619	329.057
4.882	330.199
4.8878	330.39
4.89361	330.772
4.89941	331.154
4.90522	329.247
4.91102	327.54
4.91683	324.902
4.92263	322.099
4.92844	320.429
4.93424	315.47
4.94005	312.929
4.94585	308.621
4.95166	306.312
4.95746	305.076
4.96327	303.319
4.96907	301.746
4.97487	301.398
4.98068	302.095
4.98649	302.794
4.99229	303.67
4.9981	305.076
5.0039	308.087
5.00971	310.409
5.01551	313.653
5.02132	314.742
5.02712	316.931
5.03293	319.505
5.03873	322.658
5.04454	325.277
5.05034	326.407
5.05615	327.54
5.06195	330.009
5.06776	330.39
5.07356	330.772
5.07936	330.772
5.08517	330.772
5.09097	328.867
5.09678	327.918
5.10258	325.089
5.10839	321.913
5.11419	318.951
5.12	314.197
5.1258	310.947
5.13161	307.731
5.13741	305.429
5.14322	302.27
5.14902	300.876
5.15483	299.316
5.16063	299.662
5.16644	299.316
5.17225	300.529
5.17805	302.27
5.18385	303.494
5.18966	305.253
5.19546	308.978
5.20127	311.307
5.20707	314.924
5.21288	318.399
5.21868	321.541
5.22449	323.965
5.23029	324.902
5.2361	328.297
5.2419	331.154
5.24771	332.112
5.25351	334.422
5.25932	335.389
5.26512	333.843
5.27093	333.073
5.27673	331.92
5.28254	330.963
5.28834	328.487
5.29415	323.217
5.29995	319.874
5.30576	316.383
5.31156	312.207
5.31737	308.443
5.32317	307.909
5.32898	304.021
5.33478	302.794
5.34059	302.794
5.34639	303.67
5.3522	302.619
5.358	303.494
5.36381	306.666
5.36961	309.693
5.37542	312.388
5.38122	315.835
5.38703	319.689
5.39283	322.285
5.39864	325.089
5.40444	326.973
5.41025	329.057
5.41605	331.92	661.162
5.42186	333.65	666.53
5.42766	334.036	670.004
5.43347	334.422	667.301
5.43927	333.843	667.686
5.44508	333.843	666.915
5.45088	332.88	667.686
5.45669	331.729	666.53
5.46249	329.628	660.78
5.4683	326.595	657.734
5.4741	321.727	646.808
5.47991	316.2	628.394
5.48571	313.472	626.22
5.49152	310.409	618.67
5.49732	308.087	615.462
5.50313	306.844	611.211
5.50893	305.959	612.625
5.51474	305.253	610.858
5.52054	306.489	612.271
5.52635	307.198	614.397
5.53215	308.443	617.956
5.53796	311.847	623.333
5.54376	314.016	625.497
5.54957	317.481	635.696
5.55537	320.429	640.117
5.56118	323.965	647.555
5.56698	326.973	654.701
5.57279	329.437	655.837
5.57859	332.496	664.992
5.5844	334.036	667.686
5.5902	336.748	675.835
5.59601	338.308
5.60181	337.722
5.60762	337.527
5.61342	336.748
5.61923	335.002
5.62503	332.304
5.63084	329.247
5.63664	323.965
5.64245	320.614
5.64825	317.298
5.65406	312.929
5.65986	310.947
5.66567	308.621
5.67147	306.666
5.67728	305.253
5.68308	305.605
5.68889	307.909
5.69469	309.335
5.7005	311.667
5.7063	314.197
5.71211	317.298
5.71791	319.689
5.72372	323.404
5.72952	324.902	648.678
5.73533	326.595	651.683
5.74113	328.867	652.813
5.74694	332.112	660.78
5.75274	331.729	664.992
5.75855	332.112	665.376
5.76435	331.537	662.691
5.77016	330.39	659.255
5.77596	328.867	657.354
5.78177	326.218	653.19
5.78757	323.217	648.678
5.79338	320.429	640.117
5.79918	316.931	633.497
5.80499	311.487	630.212
5.81079	309.872	616.886
5.8166	306.844	611.917
5.8224	305.253	610.505
5.82821	303.144	605.588	670.004
5.83401	304.548	610.153	669.231
5.83982	306.489	610.858	650.555
5.84562	308.621	617.242	661.544
5.85143	311.127	622.973	669.231
5.85723	314.379	628.758	670.391
5.86304	316.931	633.131	664.992
5.86884	319.874	637.903	655.837
5.87465	324.152	647.555	652.813
5.88045	327.162	654.701	654.701
5.88626	328.867	656.974	656.974
5.89206	330.772	661.544	657.734
5.89787	331.346	660.78	659.255
5.90367	331.729	663.841	663.457
5.90948	329.818	660.398	661.544
5.91528	328.867	656.974	656.595
5.92109	326.407	652.06	651.683
5.92689	323.778
5.9327	320.799
5.9385	316.2
5.94431	310.051
5.95011	305.076
5.95592	298.625
5.96172	292.987
5.96753	289.12
5.97333	283.007
5.97914	280.08
5.98494	277.824
5.99075	274.633
5.99655	273.209
6.00236	272.736
6.00816	271.478
6.01397	271.635
6.01977	271.635
6.02558	271.478
6.03138	271.478
6.03719	271.008
6.04299	272.106
6.0488	271.635
6.0546	271.008
6.06041	269.603
6.06621	268.205
6.07202	266.506
6.07782	264.818
6.08363	262.382
6.08943	257.726
6.09524	254.913
6.10104	249.234
6.10685	246.087
6.11265	240.884
6.11846	238.944
6.12426	235.926
6.13007	233.351
6.13587	231.071
6.14168	230.272
6.14748	230.139
6.15329	230.139
6.15909	228.813
6.1649	230.538
6.1707	230.938
6.17651	231.205
6.18231	231.606
6.18812	233.217
6.19392	234.703
6.19973	235.382
6.20553	237.43
6.21134	236.199
6.21714	234.297
6.22295	232.813
6.22875	231.739
6.23456	234.839
6.24036	237.43
6.24617	238.668
6.25197	236.472
6.25778	235.246
6.26358	236.199
6.26939	234.703
6.27519	235.382
6.281	234.432
6.2868	234.839
6.29261	234.432
6.29841	235.246
6.30422	237.156
6.31002	238.53
6.31583	240.189
6.32163	241.58
6.32744	243.401
6.33324	244.105
6.33905	244.811
6.34485	245.945
6.35066	247.227
6.35646	245.945
6.36227	244.529
6.36807	242.279
6.37388	240.467
6.37968	238.668
6.38549	233.891
6.39129	230.405
6.3971	228.945
6.4029	227.364
6.40871	224.752
6.41451	226.577
6.42032	227.101
6.42612	228.285
6.43193	232.007
6.43773	234.568
6.44354	238.117
6.44934	240.745
6.45515	242.699
6.46095	244.811
6.46676	247.084
6.47256	247.513
6.47837	244.953
6.48417	242.139
6.48998	238.53
6.49578	234.026
6.50159	228.285
6.50739	230.272
6.5132	235.382
6.519	237.705
6.52481	239.22
6.53061	236.336
6.53642	243.542
6.54222	244.529
6.54803
6.55383
6.55964
6.56544
6.57125
6.57705
6.58286
6.58866	241.441
6.59447	236.199
6.60027	242.139
6.60608	243.12
6.61188	242.699
6.61769	243.823
6.62349	236.882
6.6293	237.705
6.6351	236.472
6.64091	235.246
6.64671	237.019
6.65252	239.358
6.65832	243.12
6.66413	234.568
6.66993	237.43
6.67574	238.255
6.68154	241.302
6.68735	239.496
6.69315	246.514
6.69896	248.229
6.70476	239.082
6.71057	239.22
6.71637	244.246
6.72218	243.964
6.72798	245.803
6.73379	244.811
6.73959	242.699
6.7454	240.467
6.7512	239.912
6.75701	246.942
6.76281	243.261
6.76862	239.22
6.77442	241.58
6.78023	242.699
6.78603	244.529
6.79184	243.964
6.79764	237.979
6.80345	237.567
6.80925	237.979
6.81506	243.823
6.82086	241.162
6.82667	237.567
6.83247	241.999	225.142
6.83828	237.842	227.495
6.84408	237.156	244.246
6.84989	246.229	228.549
6.85569	243.401	228.417
6.8615	234.568	230.804
6.8673	230.671	233.891
6.87311	236.472	237.019
6.87891	242.279	240.189
6.88472	244.387	241.999
6.89052	242.699
6.89633	242.84
6.90213	242.279
6.90794	239.912
6.91374	237.293
6.91955	234.026
6.92535	231.472	460.809
6.93116	228.022	452.893
6.93696	224.363	447.95
6.94277	222.428	442.549
6.94857	221.274	441.018
6.95438	220.127	439.746
6.96018	221.019	441.018
6.96599	223.587	443.573
6.97179	225.533	449.245
6.9776	227.758	456.307
6.9834	231.873	464.551
6.98921	234.568	469.406
6.99501	236.745	473.764
7.00082	239.358	478.993
7.00662	240.328	480.933
7.01243	241.999	484.278
7.01823	242.98	486.241
7.02404	242.699	484.838
7.02984	241.999	482.603
7.03565	239.496	478.716
7.04145	235.246	469.406
7.04726	232.007	463.211
7.05306	227.758	455.254
7.05887	224.493	451.065
7.06467	219.873	444.599
7.07048	217.724	435.701
7.07628	214.231	429.95
7.08209	214.355	427.721
7.08789	215.099	429.95
7.0937	216.096	432.191
7.0995	218.607	435.449
7.10531	221.274	440
7.11111	225.012	447.95
7.11692	227.364	455.517
7.12272	231.205	463.211
7.12853	235.246	469.677
7.13433	237.156	472.671
7.14014	239.635	479.269
7.14594	239.912	480.378
7.15175	238.944	476.509
7.15755	238.255	476.509
7.16336	235.79	472.671
7.16916	232.007	460.012
7.17497	229.21	457.626
7.18077	226.97	447.95
7.18658	216.596	431.194
7.19238	216.221	427.474
7.19819	216.971	456.307
7.20399	216.721	435.701
7.2098	226.185	437.719
7.2156	235.11	433.191
7.22141	237.567	437.466
7.22721	238.944	439.492
7.23302	439.746
7.23882	447.691
7.24463	443.316
7.25043	429.95
7.25624	438.478
7.26204	442.038	228.681
7.26785	456.043	225.793
7.27365	460.543	217.222
7.27946	438.478	213.984
7.28526	435.701	216.596
7.29107	440.763	220.764
7.29687	445.885	220.891
7.30268	443.06	222.043
7.30848	441.528	221.402
7.31429	445.885	223.071
7.32009	444.599	222.428
7.3259	440.509	221.147
7.3317	439.492	220
7.33751	437.466	218.228
7.34331	437.719	217.724
7.34912	433.441	216.47
7.35492	424.767	214.479
7.36073	423.297	213.121
7.36653	423.786	211.404
7.37234	423.297	210.673
7.37814	423.297	210.794
7.38395	426.241	213.49
7.38975	429.454	214.727
7.39556	432.691	216.096
7.40136	435.952	217.599
7.40717	439.238	219.366
7.41297	444.599	222.428
7.41878	449.765	224.752
7.42458	454.991	225.663
7.43039	457.362	228.153
7.43619	456.834	229.342
7.442	458.685	229.74
7.4478	458.42	228.945
7.45361	455.517	227.627
7.45941	453.155	227.233
7.46522	448.986	225.142
7.47102	443.573	222.299
7.47683	436.708	219.619
7.48263	431.942	215.722
7.48844	424.031	213.121
7.49424	422.32	211.648
7.50005	420.13	209.823
7.50585	420.373	209.701
7.51166	420.13	210.916
7.51746	423.053	211.282
7.52327	424.276	211.648
7.52907	428.71	214.851
7.53487	435.449	217.222
7.54068	442.038	219.873
7.54648	447.174	223.846
7.55229	450.545	225.924
7.55809	451.587	226.839
7.5639	451.587	226.708
7.56971	451.326	225.793
7.57551	448.727	223.846
7.58132	440	219.366
7.58712	441.783	216.596
7.59293	425.503	213.614
7.59873	418.919	210.429
7.60454	441.528	212.138
7.61034	430.696	216.345
7.61615	443.316	220.891
7.62195	441.528	216.721
7.62776	446.916	223.2
7.63356	449.765	224.623
7.63936	456.043	225.403
7.64517	446.4	225.272
7.65097	458.685	230.405
7.65678	454.991	230.938
7.66258	454.203	234.839
7.66839	442.805	230.804
7.67419	449.505	239.496
7.68	453.416	231.205
7.6858	441.018	230.538
7.69161	451.848	234.161
7.69741	447.95	229.078
7.70322	438.224	223.846
7.70902	428.215	223.458
7.71483	431.194	223.2
7.72063	441.783	222.171
7.72644	436.456	218.733
7.73224	443.316	219.239
7.73805	465.088	226.446
7.74385	458.155	227.627
7.74966	448.467	227.233
7.75546	443.573	226.446	196.451
7.76127	444.599	223.846	194.083
7.76707	445.37	224.104	192.075
7.77288	446.4	222.814	190.528
7.77868	448.986	226.708	191.853
7.78449	448.209	224.234	192.631
7.79029	438.224	220.636	193.746
7.7961	445.627	223.2	193.411
7.8019	451.326	225.924	193.299
7.80771	459.48	226.054	192.631
7.81351	457.098	227.627	192.965
7.81932	458.95	229.873	193.299
7.82512	472.125	225.012	192.519
7.83093	458.42	228.022	191.3
7.83673	464.283	225.403	191.742
7.84254	472.944	228.549	190.748
7.84834	469.677	224.104	189.54
7.85415	479.269	229.74	189.103
7.85995	478.993	225.272	189.212
7.86576	225.793	190.418
7.87156	224.234	190.969
7.87737	225.012	191.521
7.88317	193.076
7.88898	193.858
7.89478	194.419
7.90059	196.565
7.90639	197.932
7.9122	199.539
7.918	201.974
7.92381	202.91
7.92961	203.261
7.93542	203.144
7.94122	202.792
7.94703	202.558
7.95283	200.579
7.95864	198.734
7.96444	195.885
7.97025	194.083
7.97605	191.742
7.98186	188.014
7.98766	190.859
7.99347	183.613
7.99927	184.251
8.00508	184.997
8.01088	186.176
8.01669	187.255
8.02249	189.212
8.0283	192.519
8.0341	195.32
8.03991	196.906
8.04571	198.849
8.05152	202.091
8.05732	203.849
8.06313	204.912
8.06893	206.099
8.07474	206.814
8.08054	205.98
8.08635	203.144
8.09215	199.654
8.09796	197.019
8.10376	195.998
8.10957	196.451
8.11537	201.857
8.12118	203.496
8.12698	208.133
8.13279	212.138
8.13859	210.551
8.1444	204.203
8.1502	204.675
8.15601	204.912
8.16181	207.772
8.16762
8.17342
8.17923	230.139
8.18503	228.417
8.19084	227.627
8.19664	227.627
8.20245	228.813
8.20825	231.338
8.21406	235.518
8.21986	239.496
8.22567	241.441
8.23147	244.811
8.23728	248.085
8.24308	250.968
8.24889	251.839
8.25469	251.694
8.2605	250.678
8.2663	250.533
8.27211	250.244
8.27791	249.378
8.28372	248.516
8.28952	247.942
8.29533	247.942
8.30113	247.227
8.30694	246.799
8.31274	247.227
8.31855	248.229
8.32435	249.234
8.33016	251.549
8.33596	253.884
8.34177	256.093
8.34757	259.219
8.35338	261.173
8.35918	263.598
8.36499	266.506
8.37079	269.447
8.3766	272.106
8.3824	276.064
8.38821	280.241
8.39401	283.17
8.39982	285.634
8.40562	288.453
8.41143	289.789
8.41723	290.795
8.42304	291.468
8.42884	292.818
8.43465	292.649
8.44045	292.311
8.44626	291.636
8.45206	290.963
8.45787	289.455
8.46367	286.957
8.46948	284.318
8.47528	281.377
8.48109	280.08
8.48689	277.503
8.4927	276.703
8.4985	276.863
8.50431	277.824
8.51011	280.403
8.51592	282.517
8.52172	286.461
8.52753	290.292
8.53333	293.495
8.53914	298.108
8.54494	302.969
8.55075	307.021
8.55655	310.588
8.56236	311.667
8.56816	313.653
8.57397	316.931
8.57977	315.652
8.58558	316.748
8.59138	315.47
8.59719	313.11
8.60299	309.156
8.6088	305.959
8.6146	300.876
8.62041	293.326
8.62621	288.453
8.63202	284.482
8.63782	280.241
8.64363	279.918
8.64943	273.841
8.65524	273.209
8.66104	273.999
8.66685	275.109
8.67265	277.183
8.67846	280.727
8.68426	283.989
8.69007	287.787
8.69587	295.366
8.70168	302.095
8.70748	308.978
8.71329	310.588
8.71909	313.653
8.7249	316.017
8.7307	318.399
8.73651	318.215
8.74231	317.664
8.74812	316.565
8.75392	314.016
8.75973	312.388
8.76553	308.443
8.77134	305.959
8.77714	300.702
8.78295	295.707
8.78875	290.124
8.79456	286.957
8.80036	281.702
8.80617	279.595
8.81197	281.865
8.81778	278.466
8.82358	279.111
8.82939	281.052
8.83519	282.354
8.841	286.13
8.8468	292.142
8.85261	295.707
8.85841	301.398
8.86422	306.666
8.87002	307.909
8.87583	312.027
8.88163	315.652
8.88744	317.848
8.89324	317.848
8.89905	316.565
8.90485	315.47
8.91066	314.742
8.91646	310.947
8.92227	307.021
8.92807	304.9
8.93388	299.316
8.93968	294.344
8.94549	289.12
8.95129	284.482
8.9571	282.028
8.9629	279.918
8.96871	280.89
8.97451	280.08
8.98032	280.727
8.98612	283.007
8.99193	287.787
8.99773	292.818
9.00354	297.936
9.00934	301.224
9.01515	307.021
9.02095	309.514
9.02676	310.947
9.03256	311.847
9.03837	312.388
9.04417	311.847
9.04998	310.409
9.05578	309.514
9.06159	307.909
9.06739	304.9
9.0732	298.625
9.079	294.174
9.08481	289.957
9.09061	285.14
9.09642	284.646
9.10222	283.661
9.10803	284.482
9.11383	285.305
9.11964	286.957
9.12544	289.12
9.13125	291.636
9.13705	296.391
9.14286	299.489
9.14866	302.794
9.15447	303.67
9.16027	304.9
9.16608	304.9
9.17188	302.619
9.17769	298.625
9.18349	289.957
9.1893	283.007
9.1951	273.841
9.20091	264.818	244.953
9.20671	265.584	242.419
9.21252	296.905	238.53
9.21832	295.707	234.974
9.22413	306.135	233.351
9.22993	300.529	232.544
9.23574	305.959	231.472
9.24154	301.224	227.89
9.24735	306.844	226.839
9.25315	298.971	224.363
9.25896	300.009	224.234
9.26476	298.625	224.234
9.27057	287.787	223.846
9.27637	284.646	225.403
9.28218	287.455	227.758
9.28798	287.455	229.21
9.29379	283.498	235.382
9.29959	290.124	239.082
9.3054	294.514	239.496
9.3112	284.153	241.023
9.31701	282.517	241.999
9.32281	241.72
9.32862	240.884
9.33442	237.43
9.34023	233.351
9.34603	230.671
9.35184	227.758
9.35764	219.366
9.36345	217.85
9.36925	217.348
9.37506	212.998
9.38086	210.308
9.38667	213.737
9.39247	212.261
9.39828	214.231
9.40408	217.222
9.40989	220.764
9.41569	223.458
9.4215	224.623
9.4273	234.703
9.43311	239.496
9.43891	242.84
9.44472	243.823
9.45052	248.229
9.45633	248.659
9.46213	248.085
9.46794	247.37
9.47374	245.378
9.47955	241.162
9.48535	238.255
9.49116	234.297
9.49696	230.538
9.50277	228.285
9.50857	226.185
9.51438	223.975
9.52018	223.2
9.52599	223.2
9.53179	222.814
9.5376	224.752
9.5434	227.495
9.54921	229.21
9.55501	231.071
9.56082	228.022
9.56662	236.745
9.57243	237.979
9.57823	236.745
9.58404	236.745
9.58984	237.705
9.59565	235.926
9.60145	239.496
9.60726	246.942
9.61306	250.823
9.61887	248.947
9.62467	239.635
9.63048	232.141
9.63628	227.495
9.64209	227.364
9.64789	236.745
9.6537	244.529
9.6595	245.945
9.66531	253.884
9.67111	257.726
9.67692	259.219
9.68272	261.626
9.68853	249.378
9.69433	248.229
9.70014	247.656
9.70594	249.378
9.71175	251.258
9.71755	253.298
9.72336	244.246
9.72916	243.261
9.73497	248.803
9.74077	256.834
9.74658	258.173
9.75238	266.506
9.75819	259.219
9.76399	257.577
9.7698	258.919
9.7756	262.382
9.78141	262.382
9.78721	261.626
9.79302	262.079	262.382
9.79882	262.231	261.928
9.80463	261.022	259.668
9.81043	260.57	259.518
9.81624	260.419	259.668
9.82204	260.419	259.219
9.82785	259.969	259.518
9.83365	259.369	260.269
9.83946	258.77	258.919
9.84526	257.428	256.834
9.85107	256.538	256.538
9.85687	254.618
9.86268	254.031
9.86848	253.445
9.87429	253.884
9.88009	255.502
9.8859	257.726
9.8917	260.57
9.89751	261.928
9.90331	264.665
9.90912	267.277
9.91492	269.447
9.92073	271.478
9.92653	271.635
9.93234	271.478
9.93814	270.227
9.94394	268.826
9.94975	266.969
9.95555	264.36
9.96136	262.231
9.96716	259.369
9.97297	256.834
9.97878	254.913
9.98458	253.591
9.99039	252.714
9.99619	248.659
10.002	243.542
10.0078	255.65
10.0136	267.741
10.0194	268.205
10.0252	256.982
10.031	257.577
10.0368	262.837
10.0426	262.989
10.0484
10.0542
10.06
10.0659
10.0717
10.0775
10.0833
10.0891	316.565
10.0949	312.568
10.1007	308.978
10.1065	305.782
10.1123	306.666
10.1181	304.372
10.1239	302.444
10.1297	302.444
10.1355	300.529
10.1413	295.537
10.1471	291.973
10.1529	288.12
10.1587	282.843
10.1645	279.756
10.1703	277.023
10.1761	274.157
10.1819	273.683
10.1878	274.316
10.1936	275.586
10.1994	277.023
10.2052	280.08
10.211	282.843
10.2168	285.634
10.2226	289.287
10.2284	294.344
10.2342	297.42
10.24	301.398
10.2458	303.494
10.2516	305.605
10.2574	307.021
10.2632	308.265
10.269	308.265
10.2748	307.376
10.2806	307.198
10.2864	305.959
10.2922	303.67
10.298	300.529
10.3039	297.077
10.3097	290.627
10.3155	287.455
10.3213	283.007
10.3271	281.052
10.3329	279.111
10.3387	274.316
10.3445	276.383
10.3503	274.791
10.3561	277.503
10.3619	278.949
10.3677	281.702
10.3735	286.792
10.3793	289.287
10.3851	292.818
10.3909	298.108
10.3967	304.372
10.4025	308.978
10.4083	314.56
10.4141	314.924
10.42	317.298
10.4258	316.931
10.4316	316.565
10.4374	316.565
10.4432	315.652
10.449	311.487
10.4548	307.021
10.4606	306.312
10.4664	303.319
10.4722	297.077
10.478	292.311
10.4838	285.8
10.4896	283.007
10.4954	278.949
10.5012	277.183
10.507	277.343
10.5128	277.663
10.5186	278.627
10.5244	282.843
10.5302	284.482
10.5361	286.957
10.5419	293.495
10.5477	297.077
10.5535	301.746
10.5593	305.959
10.5651	309.872
10.5709	311.307
10.5767	312.027
10.5825	310.947
10.5883	313.834
10.5941	310.768
10.5999	310.588
10.6057	310.051
10.6115	306.666
10.6173	304.196
10.6231	299.835
10.6289	296.905
10.6347	293.665
10.6405	289.789
10.6463	287.123
10.6522	286.461
10.658	285.14
10.6638	284.482
10.6696	286.461
10.6754	286.626
10.6812	288.453
10.687	289.957
10.6928	292.649
10.6986	295.537
10.7044	299.316
10.7102	300.702
10.716	302.444
10.7218	302.794
10.7276	304.724
10.7334	303.494
10.7392	303.319
10.745	303.67
10.7508	302.969
10.7566	301.921
10.7624	300.355
10.7683	298.108
10.7741	296.905
10.7799	294.855
10.7857	292.311
10.7915	290.459
10.7973	288.287
10.8031	288.453
10.8089	288.787
10.8147	288.787
10.8205	290.627
10.8263	291.805
10.8321	294.855
10.8379	296.391
10.8437	298.798
10.8495	295.707
10.8553	304.372
10.8611	297.077
10.8669	301.05	331.154
10.8727	295.707	332.496
10.8785	342.239
10.8844	346.415
10.8902	351.86
10.896	353.082
10.9018	351.657
10.9076	349.027
10.9134	346.816
10.9192	343.824
10.925	339.286
10.9308	332.496
10.9366	325.653
10.9424	315.652
10.9482	317.848
10.954	303.845
10.9598	300.876
10.9656	296.049
10.9714	290.795
10.9772	287.621
10.983	286.792
10.9888	286.957
10.9946	289.12
11.0005	291.3
11.0063	296.905
11.0121	299.835
11.0179	302.969
11.0237	307.021
11.0295	312.749
11.0353	319.32
11.0411	321.355
11.0469	323.965
11.0527	326.595
11.0585	328.297
11.0643	328.487
11.0701	326.218
11.0759	323.591
11.0817	321.17
11.0875	315.835
11.0933	314.742
11.0991	308.087
11.1049	305.959
11.1107	302.095
11.1166	299.143
11.1224	296.049
11.1282	293.156
11.134	292.818
11.1398	293.495
11.1456	295.366
11.1514	297.936
11.1572	300.876
11.163	303.494
11.1688	311.127
11.1746	314.742
11.1804	320.059
11.1862	322.844
11.192	326.407
11.1978	330.199
11.2036	333.265
11.2094	335.583
11.2152	337.917
11.221	337.917
11.2268	335.777
11.2327	332.688
11.2385	328.867
11.2443	323.778
11.2501	318.399
11.2559	314.56
11.2617	308.799
11.2675	304.021
11.2733	299.489
11.2791	296.905
11.2849	292.818
11.2907	291.973
11.2965	291.973
11.3023	294.514
11.3081	296.049
11.3139	300.009
11.3197	305.253
11.3255	309.872
11.3313	312.568
11.3371	319.505
11.3429	323.404
11.3488	325.841
11.3546	329.437
11.3604	331.729
11.3662	333.265
11.372	333.843
11.3778	333.65
11.3836	332.88
11.3894	331.346
11.3952	327.918
11.401	324.714
11.4068	320.429
11.4126	316.017
11.4184	311.307
11.4242	305.782
11.43	304.548
11.4358	302.619
11.4416	300.702
11.4474	302.444
11.4532	303.319
11.459	305.253
11.4649	309.156
11.4707	311.127
11.4765	316.017
11.4823	320.059
11.4881	321.17
11.4939	324.714
11.4997	325.465
11.5055	326.03
11.5113	326.784
11.5171	324.714
11.5229	323.03
11.5287	320.984
11.5345	318.032
11.5403	313.653
11.5461	309.514
11.5519	307.198
11.5577	302.969
11.5635	301.224
11.5693	299.316
11.5751	299.662
11.581	300.355
11.5868	300.702
11.5926	302.969
11.5984	306.666
11.6042	309.335
11.61	314.379
11.6158	319.505
11.6216	321.17
11.6274	322.658
11.6332	322.658
11.639	321.17
11.6448	318.951
11.6506	315.288
11.6564	314.197
11.6622	307.198
11.668	305.605
11.6738	301.921
11.6796	303.494
11.6854	297.936
11.6912	300.182
11.6971	299.489
11.7029	300.182
11.7087	307.553
11.7145	306.844
11.7203
11.7261	321.355
11.7319	318.951
11.7377	316.383
11.7435	320.614
11.7493	320.799
11.7551	323.591
11.7609	320.244
11.7667	321.913
11.7725	319.505
11.7783	323.965
11.7841	325.465
11.7899	316.748
11.7957	308.087
11.8015	303.494
11.8073	318.399
11.8132	322.099
11.819	320.059
11.8248	320.799
11.8306	314.742
11.8364	319.32
11.8422	320.059
11.848	320.799
11.8538	319.136
11.8596	317.481
11.8654	319.136
11.8712	311.487
11.877	310.23
11.8828	322.099
11.8886	319.689	291.973
11.8944	323.591	295.025
11.9002	315.47	297.42
11.906	301.224	289.455
11.9118	306.844	296.049
11.9176	311.667	295.537
11.9234	305.605	297.936
11.9293	300.355	299.489
11.9351	301.224	300.529
11.9409	298.625	298.971
11.9467	297.249	298.798
11.9525	296.049	297.077
11.9583	294.514	296.049
11.9641	295.025	296.22
11.9699	294.174	295.025
11.9757	294.514	294.684
11.9815	295.195
11.9873	296.734
11.9931	295.366
11.9989	297.249
12.0047	298.798
12.0105	299.489
12.0163	301.05
12.0221	301.921
12.0279	300.529
12.0337	300.182
12.0395	299.143
12.0454	302.619
12.0512	300.355
12.057	294.855
12.0628	295.366
12.0686	298.625
12.0744	297.077
12.0802	299.489
12.086	298.281
12.0918	298.971
12.0976
12.1034
12.1092
12.115
12.1208
12.1266
12.1324
12.1382
12.144
12.1498
12.1556
12.1615
12.1673
12.1731
12.1789
12.1847
12.1905
12.1963
12.2021
12.2079
12.2137
12.2195
12.2253
12.2311
12.2369
12.2427
12.2485
12.2543
12.2601
12.2659
12.2717
12.2776
12.2834
12.2892
12.295
12.3008
12.3066
12.3124
12.3182
12.324
12.3298
12.3356
12.3414
12.3472
12.353
12.3588
12.3646
12.3704
12.3762
12.382
12.3878
12.3937
12.3995
12.4053
12.4111
12.4169
12.4227
12.4285
12.4343
12.4401
12.4459
12.4517
12.4575
12.4633
12.4691
12.4749
12.4807
12.4865
12.4923
12.4981
12.5039
12.5098
12.5156
12.5214
12.5272
12.533
12.5388
12.5446
12.5504
12.5562
12.562
12.5678
12.5736
12.5794
12.5852
12.591
12.5968
12.6026
12.6084	198.39
12.6142	197.133
12.62	198.39
12.6258	198.849
12.6317	199.654
12.6375	201.159
12.6433	202.208
12.6491	199.77
12.6549	194.869
12.6607	195.094
12.6665	194.307
12.6723	195.885
12.6781	201.043
12.6839	202.91
12.6897	200.695
12.6955	197.247
12.7013	195.885
12.7071	193.635
12.7129	193.746
12.7187	194.644
12.7245	195.771
12.7303	197.361
12.7361	198.046
12.742	199.77
12.7478	200.579
12.7536	199.654
12.7594	201.857
12.7652	203.849
12.771	411.246	206.337
12.7768	409.351	205.267
12.7826	408.17	203.849
12.7884	407.934	202.441
12.7942	404.415	200.927
12.8	399.539	199.77
12.8058	395.407	198.161
12.8116	390.865	197.019
12.8174	390.188	195.094
12.8232	385.261	192.965
12.829	382.379	190.748
12.8348	375.81	189.759
12.8406	372.783	188.666
12.8464	369.567	188.557
12.8522	369.141	191.3
12.858	369.994	187.147
12.8639	371.493	187.688
12.8697	374.51	187.58
12.8755	376.244	187.688
12.8813	380.177	188.666
12.8871	386.152	193.411
12.8929	391.091	194.419
12.8987	394.95	194.644
12.9045	400.232	198.275
12.9103	402.783	200.463
12.9161	404.649	203.261
12.9219	409.114	204.085
12.9277	416.025	208.735
12.9335	414.825	208.735
12.9393	418.435	209.459
12.9451	410.061	204.794
12.9509	406.288	204.675
12.9567	403.715	204.439
12.9625	405.117	203.849
12.9683	401.854	201.624
12.9741	397.927	198.504
12.98	387.269	195.432
12.9858	378.643	192.408
12.9916	381.938	190.088
12.9974	379.299	189.103
13.0032	374.943	187.363
13.009	372.568	186.931
13.0148	370.636	185.211
13.0206	368.501	184.144
13.0264	368.714	183.932
13.0322	368.927	185.211
13.038	368.927	185.318
13.0438	371.923	185.104
13.0496	374.726	187.255
13.0554	379.957	189.869
13.0612	383.707	191.521
13.067	388.165	193.411
13.0728	395.407	197.133
13.0786	399.078	200.116
13.0844	401.158	201.857
13.0902	405.351	202.91
13.0961	407.463	203.261
13.1019	408.642	203.496
13.1077	408.878	205.149
13.1135	410.061	204.085
13.1193	404.649	203.732
13.1251	400.232	203.144
13.1309	396.779	200.579
13.1367	392.675	198.39
13.1425	394.039	197.019
13.1483	400.001	197.133
13.1541	397.697	197.475
13.1599	398.617	197.361
13.1657	391.769	194.531
13.1715	384.816	192.408
13.1773	381.497	191.411
13.1831	380.836	190.748
13.1889	373.645	188.557
13.1947	371.708	187.147
13.2005	368.714	185.639
13.2063	368.501	184.144
13.2122	372.353	184.784
13.218	385.261	188.34
13.2238	389.513	194.195
13.2296	391.317	194.869
13.2354	392.222	195.207
13.2412	392.675	195.545
13.247	394.95	196.451
13.2528	394.95	197.932
13.2586	393.584	197.475
13.2644	392.449	198.046
13.2702	391.091	197.818
13.276	389.513	200.347
13.2818	388.614	194.869
13.2876	392.449	196.906
13.2934	401.39	208.735
13.2992	401.622	197.589
13.305	401.158	209.58
13.3108	403.016	204.203
13.3166	398.617	202.675
13.3224	400.926	201.624
13.3283	400.001	200.695
13.3341	397.009	199.424
13.3399	396.092	198.39
13.3457	394.95	197.589
13.3515	395.178	196.111
13.3573	388.165	195.094
13.3631	384.816	193.746
13.3689	385.261	190.528
13.3747	383.485	191.853
13.3805	374.51	186.069
13.3863	369.994	187.471
13.3921	366.591	183.084
13.3979	367.439	183.084
13.4037	369.567	185.747
13.4095	380.836	188.884
13.4153	379.957	190.308
13.4211	381.497	190.969
13.4269	384.816	192.965
13.4327	393.584	195.771
13.4385	394.722	198.619
13.4444	398.157	199.77
13.4502	403.016	201.741
13.456	406.054	202.91
13.4618	408.17	204.675
13.4676	410.297	206.099
13.4734	414.107	207.892
13.4792	422.564	210.308
13.485	422.564	210.673
13.4908	420.616	210.308
13.4966	414.107	208.012
13.5024	411.722	207.772
13.5082	411.009	207.293
13.514	410.061	206.218
13.5198	405.351	205.623
13.5256	403.482	204.675
13.5314	402.783	202.324
13.5372	398.617	200
13.543	396.321	197.703
13.5488	386.375	192.965
13.5546	382.821	189.65
13.5605	379.738	188.775
13.5663	379.299	188.666
13.5721	381.497	190.418
13.5779	370.422	185.318
13.5837	368.076	183.295
13.5895	364.901	182.24
13.5953	364.269	182.661
13.6011	366.803	183.932
13.6069	368.927	184.784
13.6127	370.422	185.425
13.6185	372.999	186.284
13.6243	378.861	189.431
13.6301	381.717	191.411
13.6359	385.707	193.746
13.6417	383.707	196.678
13.6475	393.129	198.046
13.6533	396.321	198.275
13.6591	400.232	201.624
13.6649	402.086	202.091
13.6707	404.182	201.974
13.6766	404.182	202.091
13.6824	406.758	202.91
13.6882	405.351	203.967
13.694	408.17	205.386
13.6998	408.406	205.861
13.7056	408.878	205.505
13.7114	411.246	205.505
13.7172	410.772	203.967
13.723	408.406	202.675
13.7288	389.288	199.309
13.7346	383.042	195.771
13.7404	379.957	192.853
13.7462	383.485	192.075
13.752	381.276	190.308
13.7578	378.424	189.431
13.7636	373.214	187.363
13.7694	369.994	185.639
13.7752	367.439	183.401
13.781	365.533	182.24
13.7868	365.111	182.134
13.7927	364.479	182.029
13.7985	364.901	183.084
13.8043	366.379	183.825
13.8101	367.651	184.997
13.8159	371.923	186.715
13.8217	373.43	186.823
13.8275	378.424	190.969
13.8333	384.15	192.075
13.8391	391.317	196.338
13.8449	397.009	198.504
13.8507	403.715	200.695
13.8565	408.642	202.558
13.8623	414.346	205.742
13.8681	415.305	207.652
13.8739	417.469	207.652
13.8797	416.987	207.413
13.8855	420.13	208.494
13.8913	417.711	208.133
13.8971	418.193	208.012
13.9029	412.198	205.861
13.9088	406.758	203.261
13.9146	403.948	201.974
13.9204	397.467	199.078
13.9262	395.178	197.932
13.932	393.811	197.019
13.9378	391.995	195.885
13.9436	388.614	195.094
13.9494	387.046	193.97
13.9552	386.152	193.635
13.961	383.928	191.853
13.9668	380.616	190.748
13.9726	378.205	189.759
13.9784	377.115	188.448
13.9842	376.679	187.688
13.99	376.027	187.363
13.9958	377.333	188.231
14.0016	378.424	189.54
14.0074	381.497	190.748
14.0132	383.928	191.853
14.019	387.493	193.635
14.0249	394.039	195.207
14.0307	394.722	196.451
14.0365	395.178	197.361
14.0423	394.266	197.703
14.0481	393.811	196.906
14.0539	385.039	204.675
14.0597	376.462	206.218
14.0655	371.279	206.337
14.0713	383.485	206.576
14.0771	371.279	205.98
14.0829	376.462	206.814
14.0887	377.769	205.861
14.0945	397.697	202.441
14.1003	404.182	200.579
14.1061	410.297	199.193
14.1119	410.535	196.338
14.1177	405.351	195.545
14.1235	197.361
14.1293	198.734
14.1351	198.619
14.141	195.545
14.1468	193.635
14.1526	192.519
14.1584	191.19
14.1642	187.471
14.17	186.715
14.1758	186.715
14.1816	187.147
14.1874	189.212
14.1932	189.65
14.199	190.418
14.2048	192.186
14.2106	194.307
14.2164	198.046
14.2222	199.078
14.228	198.161
14.2338	200.579
14.2396	201.741
14.2454	204.321
14.2512	208.012
14.2571	208.855
14.2629	209.58
14.2687	208.735
14.2745	209.823
14.2803	210.794
14.2861	211.404
14.2919	210.308
14.2977	208.614
14.3035	208.373
14.3093	202.792
14.3151	202.558
14.3209	200.347
14.3267	197.932
14.3325	197.247
14.3383	195.432
14.3441	194.531
14.3499	193.188
14.3557	192.408
14.3615	191.3
14.3673	190.969
14.3732	190.308
14.379	190.418
14.3848	191.079
14.3906	192.186
14.3964	193.076
14.4022	193.746
14.408	194.869
14.4138	196.451
14.4196	200.695
14.4254	202.675
14.4312	205.267
14.437	206.218
14.4428	206.576
14.4486	207.772
14.4544	209.097
14.4602	209.459
14.466	209.459
14.4718	208.253
14.4776	205.861
14.4834	204.085
14.4893	202.792
14.4951	200.811
14.5009	198.504
14.5067	196.792
14.5125	195.32
14.5183	192.965
14.5241	191.964
14.5299	191.632
14.5357	188.34
14.5415	187.147
14.5473	186.823
14.5531	187.147
14.5589	186.931
14.5647	187.58
14.5705	190.969
14.5763	193.635
14.5821	195.545
14.5879	197.361
14.5937	198.504
14.5995	199.424
14.6054	198.619
14.6112	201.974
14.617	203.614
14.6228	204.794
14.6286	205.03
14.6344	204.321
14.6402	204.557
14.646	203.144
14.6518	203.144
14.6576	201.508
14.6634	199.424
14.6692	196.565
14.675	193.523
14.6808	190.638
14.6866	188.014
14.6924	187.039
14.6982	186.823
14.704	184.677
14.7098	186.392
14.7156	187.58
14.7215	189.431
14.7273	191.521
14.7331	190.528
14.7389	189.431
14.7447	192.965
14.7505	192.853
14.7563	196.111
14.7621	198.504
14.7679	200.463
14.7737	202.208
14.7795	203.732
14.7853	205.267
14.7911	205.267
14.7969	204.794
14.8027	202.91
14.8085	202.091
14.8143	201.043
14.8201	202.324
14.8259	199.193
14.8317	198.046
14.8376	196.906
14.8434	198.963
14.8492	202.324
14.855	201.392
14.8608	196.224
14.8666
14.8724
14.8782
14.884
14.8898
14.8956
14.9014
14.9072
14.913
14.9188
14.9246
14.9304
14.9362
14.942
14.9478
14.9537
14.9595
14.9653
14.9711
14.9769
14.9827
14.9885
14.9943
15.0001
15.0059
15.0117
15.0175
15.0233
15.0291
15.0349
15.0407
15.0465
15.0523
15.0581
15.0639
15.0697
15.0756
15.0814
15.0872
15.093
15.0988
15.1046
15.1104
15.1162
15.122
15.1278
15.1336
15.1394
15.1452
15.151
15.1568
15.1626
15.1684
15.1742
15.18
15.1859
15.1917
15.1975
15.2033
15.2091
15.2149
15.2207
15.2265
15.2323
15.2381
15.2439
15.2497
15.2555
15.2613
15.2671
15.2729
15.2787
15.2845
15.2903
15.2961
15.3019
15.3078
15.3136
15.3194
15.3252
15.331
15.3368
15.3426
15.3484
15.3542
15.36
15.3658
15.3716
15.3774
15.3832
15.389
15.3948
15.4006
15.4064
15.4122
15.418
15.4239
15.4297
15.4355
15.4413
15.4471
15.4529
15.4587
15.4645
15.4703
15.4761
15.4819
15.4877
15.4935
15.4993
15.5051
15.5109
15.5167
15.5225
15.5283	207.173
15.5341	202.091
15.54	199.77
15.5458	201.159
15.5516	201.857
15.5574	204.675
15.5632	206.099
15.569	207.173
15.5748	208.012
15.5806	207.892	421.345
15.5864	210.187	422.076
15.5922	210.429	422.564
15.598	211.16	423.297
15.6038	211.771	424.031
15.6096	212.261	424.521
15.6154	212.261	424.276
15.6212	212.383	424.031
15.627	212.629	425.749
15.6328	212.875	425.258
15.6386	212.752	425.749
15.6444	212.875	425.749
15.6502	212.506	425.749
15.6561	212.752	426.487
15.6619	213.121	426.981
15.6677	212.998	426.487
15.6735	212.998	425.995
15.6793	212.875	425.749	1063.57
15.6851	213.244	425.995	1062.34
15.6909	213.244	425.749	1060.5
15.6967	213.121	425.995	1059.89
15.7025	213.49	427.227	1062.34
15.7083	213.861	427.968	1064.79
15.7141	214.603	429.206	1069.11
15.7199	214.975	431.692	1075.3
15.7257	215.348	432.691	1081.53	216.096
15.7315	216.096	433.441	1081.53	216.096
15.7373	216.721	434.444	1081.53	216.345
15.7431	216.846	433.692	1080.28	215.472
15.7489	216.846	433.692	1075.3	215.846
15.7547	215.846	432.191	1072.2	215.971
15.7605	214.479	432.691	1074.68	216.721
15.7663	216.221	433.692	1082.16	217.222
15.7722	213.614	433.191	1080.91	216.221
15.778	215.224	428.215	1077.17	215.722
15.7838	215.846	430.945	1074.06	214.975
15.7896	215.597	428.71	1070.34	214.727
15.7954	214.975	428.215	1069.11	214.108
15.8012	214.231	428.215	1068.49	214.108
15.807	213.49	429.454	1069.73	213.861
15.8128	214.231	429.95	1072.2	214.355
15.8186	429.702	1072.2	214.355
15.8244	430.696	1076.55	215.722
15.8302	433.441	1082.16	216.721
15.836	434.946	1085.91	217.222
15.8418	436.204	1087.17	217.599
15.8476	437.466	1090.31	218.48
15.8534	438.478	1094.1	219.746
15.8592	439.746	1099.8	219.873
15.865	1102.98	220.382	442.038
15.8708	1106.81	221.786	444.085
15.8766	1115.8	223.329	445.885
15.8824	1126.16	224.752	448.727
15.8883	1135.3	226.708	453.416
15.8941	1143.86	229.342	458.685
15.8999	1152.48	230.671	461.076
15.9057	1159.83	231.606	463.479
15.9115	1167.22	233.082	465.895
15.9173	1173.98	234.432	468.323
15.9231	1176.7	235.246	469.677
15.9289	1179.42	235.382	470.764
15.9347	1180.78	235.79	471.308
15.9405	1182.83	236.199	472.398
15.9463	1179.42	235.518	470.764
15.9521	1178.74	235.382	470.764
15.9579	1177.38	235.382	470.22
15.9637	1175.34	234.839	469.135
15.9695	1174.66	234.432	468.864
15.9753	1173.3	234.568	469.135
15.9811	1173.3	234.432	468.864
15.9869	1174.66	234.568	469.135
15.9927	1175.34	234.839	469.677
15.9985	1177.38	235.246	470.492
16.0044	1180.1	236.063	471.853
16.0102	1181.46	236.472	472.671
16.016	1183.51	236.882	473.491
16.0218	1187.62	237.705	475.409
16.0276	1195.19	238.53	477.06
16.0334	1203.51	240.189	480.656
16.0392	1206.99	241.58	482.882
16.045	1213.98	242.419	484.838
16.0508	1214.68	243.12	486.803
16.0566	1207.68	243.542	486.521
16.0624	1186.25	241.72	486.241
16.0682	1181.46	240.05	479.546
16.074	1172.63	237.293	474.86
16.0798	1165.2	234.703	470.764
16.0856	1179.42	234.297	471.036
16.0914	1180.1	233.756	465.626
16.0972	234.974	463.747
16.103	233.486	458.685
16.1088	237.293	465.895
16.1146	237.705	474.86
16.1205	239.496	481.489	218.48
16.1263	217.85
16.1321	220.127
16.1379	233.756
16.1437	224.493
16.1495	225.533
16.1553	225.403
16.1611	226.708
16.1669	229.078
16.1727	232.007
16.1785	234.568
16.1843	237.293
16.1901	238.117
16.1959	237.567
16.2017	237.979
16.2075	237.842
16.2133	236.063
16.2191	235.654
16.2249	233.486
16.2307	230.405
16.2366	227.495
16.2424	223.716
16.2482	222.685
16.254	218.228
16.2598	215.099
16.2656	212.998
16.2714	212.629
16.2772	212.138
16.283	214.355
16.2888	216.721
16.2946	218.986
16.3004	222.814
16.3062	228.285
16.312	231.205
16.3178	234.703
16.3236	237.567
16.3294	240.05
16.3352	242.279
16.341	243.261
16.3468	244.811
16.3527	243.542
16.3585	241.999
16.3643	239.912
16.3701	238.255
16.3759	234.703
16.3817	232.544
16.3875	227.495
16.3933	224.104
16.3991	221.274
16.4049	216.345
16.4107	213.614
16.4165	210.429
16.4223	211.526
16.4281	214.479
16.4339	216.47
16.4397	218.354
16.4455	221.786
16.4513	225.272
16.4571	227.495
16.4629	231.739
16.4688	237.43
16.4746	239.082
16.4804	239.912
16.4862	241.023
16.492	242.699
16.4978	242.559
16.5036	241.162
16.5094	240.328
16.5152	238.944
16.521	237.156
16.5268	234.703
16.5326	232.275
16.5384	228.022
16.5442	224.882
16.55	219.366
16.5558	216.971
16.5616	214.851
16.5674	216.596
16.5732	217.85
16.579	218.733
16.5849	223.458
16.5907	226.185
16.5965	229.342
16.6023	232.141
16.6081	235.79
16.6139	238.668
16.6197	240.606
16.6255	242.419
16.6313	244.105
16.6371	244.953
16.6429	244.387
16.6487	242.98
16.6545	241.72
16.6603	239.496
16.6661	235.654
16.6719	232.678
16.6777	230.006
16.6835	228.022
16.6893	224.623
16.6951	225.142
16.701	221.019
16.7068	222.814
16.7126	222.814
16.7184	225.533
16.7242	228.153
16.73	228.549
16.7358	232.275
16.7416	234.839
16.7474	237.705
16.7532	240.05
16.759	241.441
16.7648	243.401
16.7706	244.529
16.7764	244.387
16.7822	243.683
16.788	243.261
16.7938	241.999
16.7996	240.05
16.8054	238.392
16.8112	237.979
16.8171	236.609
16.8229	236.745
16.8287	237.019
16.8345	237.293
16.8403	236.609
16.8461	239.496
16.8519	243.401
16.8577	243.683
16.8635	242.419
16.8693	241.72
16.8751	243.12
16.8809	246.229
16.8867	252.86
16.8925	261.022
16.8983
16.9041	263.902
16.9099	261.474
16.9157	260.119
16.9215	259.518
16.9273	259.219
16.9332	259.518
16.939	259.518
16.9448	259.818
16.9506	259.369
16.9564	258.322
16.9622	257.131
16.968	254.913
16.9738	251.985
16.9796	249.811
16.9854	247.513
16.9912	247.227
16.997	245.945
17.0028	245.661
17.0086	246.799
17.0144	248.516
17.0202	251.258
17.026	253.884
17.0318	257.577
17.0376	260.72
17.0434	263.293
17.0493	265.584
17.0551	267.741
17.0609	268.36
17.0667	269.759
17.0725	269.447
17.0783	267.741
17.0841	265.431
17.0899	262.686
17.0957	259.969
17.1015	257.28
17.1073	251.403
17.1131	247.513
17.1189	244.953
17.1247	242.699
17.1305	241.999
17.1363	241.72
17.1421	241.302
17.1479	241.58
17.1537	242.98
17.1595	245.661
17.1654	250.678
17.1712	253.445
17.177	258.322
17.1828	264.055
17.1886	268.67
17.1944	271.792
17.2002	274.157
17.206	275.268
17.2118	275.268
17.2176	276.703
17.2234	275.427
17.2292	274.316
17.235	271.949
17.2408	269.292
17.2466	264.665
17.2524	260.119
17.2582	256.982
17.264	254.913
17.2698	248.659
17.2756	245.378
17.2815	243.401
17.2873	242.84
17.2931	244.529
17.2989	245.378
17.3047	247.513
17.3105	251.839
17.3163	255.06
17.3221	258.621
17.3279	262.079
17.3337	265.278
17.3395	267.895
17.3453	271.165
17.3511	273.525
17.3569	273.367
17.3627	272.893
17.3685	271.478
17.3743	270.539
17.3801	268.67
17.3859	266.353
17.3917	264.513
17.3976	260.419
17.4034	257.577
17.4092	254.324
17.415	249.667
17.4208	247.799
17.4266	248.229
17.4324	247.227
17.4382	248.372
17.444	250.968
17.4498	255.06
17.4556	256.982
17.4614	261.928
17.4672	265.278
17.473	267.123
17.4788	270.071
17.4846	273.051
17.4904	273.051
17.4962	273.841
17.502	274.95
17.5078	273.051
17.5137	271.165
17.5195	268.205
17.5253	265.584
17.5311	262.079
17.5369	259.818
17.5427	257.131
17.5485	253.006
17.5543	249.811
17.5601	247.37
17.5659	247.37
17.5717	248.947
17.5775	252.86
17.5833	254.178
17.5891	257.28
17.5949	260.871
17.6007	266.199
17.6065	268.67
17.6123	271.792
17.6181	275.268
17.6239	275.745
17.6297	275.905
17.6356	274.157
17.6414	270.071
17.6472	266.353
17.653	261.928
17.6588	266.199
17.6646	270.383
17.6704	267.277
17.6762	264.36
17.682	265.125
17.6878	266.353
17.6936	269.136
17.6994	270.227
17.7052	271.322
17.711	273.525
17.7168	273.525
17.7226	271.478
17.7284	272.893
17.7342
17.74
17.7458
17.7517
17.7575
17.7633
17.7691
17.7749
17.7807
17.7865
17.7923
17.7981
17.8039
17.8097
17.8155
17.8213
17.8271
17.8329
17.8387
17.8445
17.8503
17.8561
17.8619
17.8678
17.8736
17.8794
17.8852
17.891
17.8968
17.9026
17.9084
17.9142
17.92
17.9258
17.9316
17.9374
17.9432
17.949
17.9548
17.9606
17.9664
17.9722
17.9781
17.9839
17.9897
17.9955	168.959
18.0013	166.633
18.0071	165.004
18.0129	163.203
18.0187	161.515
18.0245	161.236
18.0303	160.863
18.0361	161.329
18.0419	162.357
18.0477	163.581
18.0535	164.909
18.0593	168.083
18.0651	170.134
18.0709	173.608
18.0767	177.666
18.0825	178.489
18.0883	180.459
18.0941	183.084
18.1	184.251
18.1058	184.784
18.1116	184.677
18.1174	182.661
18.1232	180.667
18.129	179.005	356.772
18.1348	176.949	353.49
18.1406	173.809	347.217
18.1464	171.714	343.625
18.1522	169.252	338.699
18.158	165.769	331.346
18.1638	164.719	328.677
18.1696	164.433	335.583
18.1754	163.675	327.351
18.1812	167.211	325.465
18.187	164.814	326.407
18.1928	164.814	330.963
18.1986	165.673	332.688
18.2044	167.018	337.332
18.2102	172.409	342.239
18.2161	175.22	349.43
18.2219	177.564	356.155
18.2277	179.835	360.918
18.2335	181.609	365.533
18.2393	185.639	370.636
18.2451	187.58	374.726
18.2509	188.557	377.551
18.2567	188.557	377.551
18.2625	188.122	377.551
18.2683	185.747	371.279
18.2741	183.084	364.269
18.2799	181.819	360.709
18.2857	178.18	356.772
18.2915	175.524	348.221
18.2973	172.011	343.625
18.3031	169.937	341.252
18.3089	168.374	341.646
18.3147	167.404	339.679
18.3205	167.018	330.963
18.3263	165.673	330.772
18.3322	165.29	331.154
18.338	165.1	330.772
18.3438	165.482	332.112
18.3496	167.211	334.036
18.3554	168.861	336.943
18.3612	171.119	341.055
18.367	174.312	347.217
18.3728	177.256	354.922
18.3786	178.696	356.155
18.3844	179.316	358.632
18.3902	179.523	360.293
18.396	179.42	359.046
18.4018	180.563	360.709
18.4076	179.212	355.949
18.4134	177.564	353.899
18.4192	176.134	352.267
18.425	173.308	346.016
18.4308	170.626	339.875
18.4366	169.447	338.699
18.4424	167.889	335.389
18.4483	166.152	335.389
18.4541	166.056	333.073
18.4599	165.195	333.265
18.4657	164.719	330.39
18.4715	165.004	330.581
18.4773	166.729	331.537
18.4831	168.959	336.748
18.4889	169.349	337.527
18.4947	170.922	338.699
18.5005	173.508	335.777
18.5063	177.974	349.43
18.5121	179.42	361.544
18.5179	180.146	363.638
18.5237	182.24	366.379
18.5295	184.357	370.422
18.5353	185.532	371.923
18.5411	185.532	371.923
18.5469	184.251	367.651
18.5527	182.556	364.479
18.5585	181.399	362.38
18.5644	180.251	360.501
18.5702	180.146	360.085
18.576	179.938	361.335
18.5818	180.146	364.479
18.5876	178.902	359.877
18.5934	179.316	371.279
18.5992	179.005	359.669
18.605	180.563	359.669
18.6108	182.24	365.745
18.6166	181.399	363.848
18.6224	180.042	361.126
18.6282	179.523	358.425
18.634	181.19	363.009
18.6398	180.981	360.293
18.6456	180.667	367.651
18.6514	183.825	367.014
18.6572	361.753
18.663	365.533
18.6688	367.439
18.6746	360.709
18.6805	369.994
18.6863	369.354
18.6921	355.949
18.6979	366.803
18.7037	352.064
18.7095	350.643
18.7153	360.085
18.7211	360.918
18.7269	360.085
18.7327	349.027
18.7385	348.624
18.7443	348.02
18.7501	356.155
18.7559	354.308
18.7617	350.441
18.7675	360.293
18.7733	353.694
18.7791	343.824
18.7849	329.628
18.7907	333.65
18.7966	345.217
18.8024	344.221
18.8082	336.943
18.814	337.527
18.8198	327.54
18.8256	329.437
18.8314	338.895
18.8372	350.238
18.843	218.986
18.8488	218.733
18.8546	217.473
18.8604	216.221
18.8662	213.984
18.872	211.16
18.8778	211.526
18.8836	217.097
18.8894	219.619
18.8952	219.239
18.901	218.607
18.9068	217.222
18.9127	216.596
18.9185	215.224
18.9243	213.367
18.9301	211.893
18.9359	211.893
18.9417	212.506
18.9475	213.367
18.9533	214.851
18.9591	217.222
18.9649	220.636
18.9707	224.623
18.9765	228.417
18.9823	233.486
18.9881	237.842
18.9939	240.745
18.9997	244.387
19.0055	245.945
19.0113	247.799
19.0171	247.799
19.0229	247.37
19.0288	247.084
19.0346	244.246
19.0404	241.162
19.0462	237.705
19.052	232.141
19.0578	227.233
19.0636	221.786
19.0694	217.85
19.0752	215.348
19.081	213.614
19.0868	212.506
19.0926	213.984
19.0984	215.348
19.1042	217.85
19.11	223.071
19.1158	228.417
19.1216	235.246
19.1274	238.255
19.1332	242.84
19.139	247.084
19.1449	250.678
19.1507	254.178
19.1565	255.502
19.1623	256.686
19.1681	256.538
19.1739	256.093
19.1797	253.298
19.1855	249.955
19.1913	246.799
19.1971	241.302
19.2029	237.705
19.2087	232.41
19.2145	228.417
19.2203	223.716
19.2261	221.53
19.2319	219.873
19.2377	218.986
19.2435	220.509
19.2493	221.658
19.2551	224.363
19.261	228.417
19.2668	232.947
19.2726	237.979
19.2784	243.12
19.2842	246.372
19.29	250.1
19.2958	253.738
19.3016	255.502
19.3074	255.798
19.3132	254.471
19.319	253.445
19.3248	250.1
19.3306	246.372
19.3364	241.58
19.3422	236.336
19.348	231.739
19.3538	228.285
19.3596	222.299
19.3654	218.102
19.3712	216.846
19.3771	214.479
19.3829	213.861
19.3887	214.975
19.3945	217.097
19.4003	223.846
19.4061	229.475
19.4119	234.161
19.4177	238.668
19.4235	244.105
19.4293	246.942
19.4351	249.667
19.4409	251.694
19.4467	250.533
19.4525	248.516
19.4583	248.229
19.4641	250.823
19.4699	240.05
19.4757	248.085
19.4815	250.389
19.4873	240.328
19.4932	240.467
19.499	252.276
19.5048	250.389
19.5106	250.823
19.5164
19.5222
19.528
19.5338
19.5396
19.5454
19.5512
19.557
19.5628
19.5686
19.5744
19.5802
19.586
19.5918
19.5976
19.6034
19.6093
19.6151
19.6209
19.6267
19.6325	278.145
19.6383	278.466
19.6441	280.403
19.6499	278.788
19.6557	280.403
19.6615	282.191
19.6673	283.007
19.6731	283.498
19.6789	281.052
19.6847	276.863
19.6905	273.367
19.6963	269.292
19.7021	263.445
19.7079	259.518
19.7137	255.65
19.7195	251.403
19.7254	248.659
19.7312	247.513
19.737	247.084
19.7428	246.657
19.7486	249.09
19.7544	251.839
19.7602	254.766
19.766	258.621
19.7718	264.36
19.7776	268.67
19.7834	271.478
19.7892	276.224
19.795	278.949
19.8008	281.052
19.8066	282.191
19.8124	282.028
19.8182	282.191
19.824	280.241
19.8298	276.383
19.8356	273.367
19.8415	269.292
19.8473	266.66
19.8531	260.57
19.8589	256.538
19.8647	253.152
19.8705	250.1
19.8763	247.799
19.8821	246.229
19.8879	245.803
19.8937	247.37
19.8995	250.678
19.9053	253.152
19.9111	256.389
19.9169	259.369
19.9227	264.207
19.9285	268.826
19.9343	274.157
19.9401	278.466
19.9459	281.539
19.9517	282.191
19.9576	282.028
19.9634	282.354
19.9692	280.727
19.975	277.984
19.9808	274.633
19.9866	272.578
19.9924	268.981
19.9982	263.598
20.004	259.369
20.0098	254.766
20.0156	249.667
20.0214	245.094
20.0272	241.441
20.033	239.22
20.0388	239.082
20.0446	236.882
20.0504	236.745
20.0562	237.567
20.062	238.392
20.0678	239.635
20.0737	241.302
20.0795	243.401
20.0853	244.811
20.0911	248.085
20.0969	249.09
20.1027	249.523
20.1085	249.378
20.1143	248.947
20.1201	249.234
20.1259	247.513
20.1317	245.094
20.1375	243.12
20.1433	239.773
20.1491	236.745
20.1549	233.891
20.1607	230.139
20.1665	230.006
20.1723	230.405
20.1781	230.671
20.1839	231.472
20.1898	232.678
20.1956	233.621
20.2014	235.382
20.2072	237.156
20.213	239.912
20.2188	242.84
20.2246	244.246
20.2304	245.661
20.2362	246.799
20.242	247.799
20.2478	248.085
20.2536	248.803
20.2594	248.947
20.2652	247.942
20.271	246.372
20.2768	244.105
20.2826	239.773
20.2884	236.745
20.2942	232.947
20.3	228.549
20.3058	225.924
20.3117	222.685
20.3175	221.914
20.3233	222.428
20.3291	221.402
20.3349	223.975
20.3407	227.495
20.3465	230.139
20.3523	232.813
20.3581	236.609
20.3639	240.745
20.3697	243.401
20.3755	245.519
20.3813	248.085
20.3871	250.1
20.3929	251.403
20.3987	251.113
20.4045	248.947
20.4103	247.799
20.4161	245.945
20.4219	242.699
20.4278	239.082
20.4336	235.79
20.4394	231.606
20.4452	228.417
20.451	223.846
20.4568	222.428
20.4626	220.382
20.4684	219.492
20.4742	222.171	445.885
20.48	224.104	450.545
20.4858	224.363	451.587
20.4916	229.078	454.728
20.4974	232.678	466.164
20.5032	235.11	471.036
20.509	239.496	477.06
20.5148	240.745	481.767
20.5206	244.67	489.057
20.5264	246.087	493.028
20.5322	247.513	494.169
20.538	247.513	495.312
20.5439	246.514	494.169
20.5497	246.372	491.89
20.5555	244.67	489.34
20.5613	243.12	486.803
20.5671	241.58	485.399
20.5729	240.884	483.161
20.5787	239.22	478.716
20.5845	235.654	468.052
20.5903	236.745	474.86
20.5961	238.53	464.819
20.6019	229.475	485.96
20.6077	234.161	482.882
20.6135	243.683	480.656
20.6193	242.699	482.603
20.6251	264.665	484.278
20.6309	258.621	489.34
20.6367	249.523	481.211
20.6425	489.057
20.6483	489.057	310.768
20.6542	488.775	295.707
20.66	482.603	302.095
20.6658	482.324	306.844
20.6716	494.74	311.307
20.6774	495.312	310.588
20.6832	495.026	311.667
20.689	494.454	312.568
20.6948	484.838	313.653
20.7006	494.454	314.016
20.7064	479.823	314.56
20.7122	493.883	313.11
20.718	505.135	312.749
20.7238	492.743	311.127
20.7296	497.031	308.265
20.7354	482.882	306.489
20.7412	303.845
20.747	300.182
20.7528	298.625
20.7586	298.281
20.7644	298.281
20.7702	298.625
20.7761	300.009
20.7819	302.27
20.7877	304.372
20.7935	308.621
20.7993	314.56
20.8051	320.799
20.8109	326.218
20.8167	330.963
20.8225	335.389
20.8283	339.482
20.8341	341.449
20.8399	342.041
20.8457	340.858
20.8515	339.286
20.8573	336.359
20.8631	331.729
20.8689	326.595
20.8747	323.217
20.8805	316.748
20.8863	309.693
20.8922	304.548
20.898	302.27
20.9038	298.971
20.9096	297.249
20.9154	297.936
20.9212	299.662
20.927	302.095
20.9328	305.429
20.9386	311.127
20.9444	317.114
20.9502	322.658
20.956	326.03
20.9618	331.346
20.9676	335.002
20.9734	336.748
20.9792	336.943
20.985	334.809
20.9908	331.729
20.9966	325.277
21.0024	316.2
21.0083	307.553
21.0141	300.529
21.0199	282.028
21.0257	277.663
21.0315	277.984
21.0373	266.353
21.0431	276.383
21.0489	270.227
21.0547	294.004
21.0605
21.0663
21.0721
21.0779
21.0837
21.0895
21.0953
21.1011
21.1069
21.1127
21.1185
21.1244
21.1302
21.136
21.1418
21.1476
21.1534
21.1592
21.165
21.1708	537.651
21.1766	540.766
21.1824	538.584
21.1882	541.391
21.194	534.554
21.1998	540.453
21.2056	547.365
21.2114	555.969
21.2172	538.584
21.223	532.09
21.2288	540.141
21.2346	540.453
21.2405	542.016
21.2463	546.102
21.2521	552.766
21.2579	560.807
21.2637	569.621
21.2695	572.26
21.2753	573.583
21.2811	600.711
21.2869	596.561
21.2927	583.61
21.2985	567.651
21.3043	549.583
21.3101	559.836
21.3159	567.979
21.3217	587.669	197.818
21.3275	199.193
21.3333	199.539
21.3391	200.116
21.3449	199.424
21.3507	198.046
21.3566	196.906
21.3624	195.094
21.3682	192.075
21.374	190.969
21.3798	189.869
21.3856	189.103
21.3914	188.884
21.3972	189.431
21.403	191.19
21.4088	192.186
21.4146	193.97
21.4204	196.565
21.4262	191.411
21.432	201.624
21.4378	205.03
21.4436	205.98
21.4494	208.253
21.4552	208.012
21.461	210.065
21.4668	211.526
21.4727	210.551
21.4785	209.701
21.4843	208.494
21.4901	205.505
21.4959	203.732
21.5017	202.441
21.5075	202.208
21.5133	200.695
21.5191	205.623
21.5249	209.944
21.5307	210.916
21.5365	207.053
21.5423	206.456
21.5481	212.506
21.5539	204.794
21.5597	204.203
21.5655	203.144
21.5713	204.557
21.5771	207.652
21.5829	210.794
21.5888	214.231
21.5946	216.47
21.6004	218.228
21.6062	222.043
21.612	221.786
21.6178	222.043
21.6236	220.127
21.6294	218.859
21.6352	217.85
21.641	215.099
21.6468	213.984
21.6526	216.221
21.6584	215.971
21.6642	214.355
21.67	214.727
21.6758	217.976
21.6816	221.147
21.6874	224.752
21.6932	227.758
21.699	230.006
21.7049	233.486	256.834
21.7107	239.358	239.773
21.7165	243.542	244.105
21.7223	248.803	249.667
21.7281	253.884	254.178
21.7339	257.577	256.982
21.7397	259.219	258.621
21.7455	261.626	261.928
21.7513	262.534	262.686
21.7571	262.534	263.141
21.7629	262.534	262.989
21.7687	261.173	261.323
21.7745	258.919	258.77
21.7803	256.834	253.591
21.7861	253.152	253.152
21.7919	246.657	246.372
21.7977	245.378
21.8035	239.635
21.8093	238.53
21.8151	236.882
21.821	235.654
21.8268	236.472
21.8326	237.156
21.8384	238.392
21.8442	240.328
21.85	243.823
21.8558	247.227
21.8616	250.823
21.8674	256.389
21.8732	259.518
21.879	264.207
21.8848	267.741
21.8906	271.792
21.8964	273.841
21.9022	274.316
21.908	275.586
21.9138	276.543
21.9196	275.427
21.9254	272.578
21.9312	269.447
21.9371	265.584
21.9429	262.231
21.9487	259.069
21.9545	252.714
21.9603	248.947
21.9661	243.964
21.9719	241.72
21.9777	240.745
21.9835	239.773
21.9893	238.392
21.9951	238.392
22.0009	239.22
22.0067	240.745
22.0125	243.12
22.0183	245.236
22.0241	251.694
22.0299	254.766
22.0357	259.219
22.0415	264.36
22.0473	268.205
22.0532	271.478
22.059	273.367
22.0648	274.316
22.0706	275.427
22.0764	276.703
22.0822	275.745
22.088	273.841
22.0938	271.949
22.0996	270.227
22.1054	267.123
22.1112	262.534
22.117	258.77
22.1228	255.355
22.1286	250.533
22.1344	244.105
22.1402	241.441
22.146	239.635
22.1518	238.668
22.1576	238.53
22.1634	238.806
22.1693	240.467
22.1751	242.699
22.1809	245.519
22.1867	248.947
22.1925	254.031
22.1983	258.621
22.2041	262.231
22.2099	265.584
22.2157	267.895
22.2215	270.695
22.2273	274.316
22.2331	276.224
22.2389	277.183
22.2447	277.343
22.2505	275.905
22.2563	274.95
22.2621	273.209
22.2679	271.165
22.2737	267.277
22.2795	262.382
22.2854	258.919
22.2912	255.65
22.297	249.523
22.3028	244.105
22.3086	241.302
22.3144	241.302
22.3202	242.419
22.326	242.279
22.3318	242.84
22.3376	246.372
22.3434	248.085
22.3492	253.298
22.355	258.919
22.3608	265.278
22.3666	267.741
22.3724	270.383
22.3782	272.736
22.384	273.683
22.3898	275.427
22.3956	275.905
22.4015	274.474
22.4073	271.792
22.4131	269.603
22.4189	266.66
22.4247	263.598
22.4305	259.969
22.4363	255.65
22.4421	249.955
22.4479	245.945
22.4537	243.12
22.4595	243.964
22.4653	243.542
22.4711	244.246
22.4769	246.087
22.4827	249.09
22.4885	254.031
22.4943	258.919
22.5001	263.141
22.5059	264.513
22.5117	268.205
22.5176	268.826
22.5234	268.36
22.5292	267.432
22.535	263.445
22.5408	264.665
22.5466	256.538
22.5524	267.432
22.5582	268.205
22.564	268.05
22.5698	268.826
22.5756	267.895
22.5814	268.205
22.5872	268.05
22.593	269.603
22.5988	268.981
22.6046	268.826
22.6104	268.826
22.6162	255.502
22.622	259.369
22.6278	267.123
22.6336	268.205
22.6395	266.814
22.6453	261.474
22.6511	261.626
22.6569	273.841
22.6627	268.67
22.6685	268.205
22.6743	272.106
22.6801	261.022
22.6859	247.942
22.6917	243.401
22.6975	257.726
22.7033	249.234
22.7091
22.7149
22.7207
22.7265	487.084
22.7323	485.679
22.7381	481.767	1211.18
22.7439	480.933	1205.59
22.7498	480.101	1199.34
22.7556	477.06	1190.37
22.7614	476.784	1185.57
22.7672	475.135	1183.51
22.773	472.944	1182.15
22.7788	469.949	1176.02
22.7846	466.703	1166.55
22.7904	463.211	1161.17
22.7962	458.95	1145.84	229.21
22.802	452.893	1128.11	224.363
22.8078	448.727	1120.32	220.891
22.8136	444.085	1111.94	218.354
22.8194	438.478	1085.29	218.733
22.8252	437.466	1091.57	219.873
22.831	441.273	1111.94	220
22.8368	443.829	1111.94	222.556
22.8426	447.95	1122.91	223.975
22.8484	453.155	1144.52	227.627
22.8542	462.142	1158.49	230.804
22.86	465.895	1176.02	233.891
22.8659	469.135	1192.43	237.979
22.8717	464.819	1207.68	241.162
22.8775	449.765	1221.72	244.953
22.8833	451.848	1235.2	246.799
22.8891	455.254	1244.51	248.803
22.8949	457.362	1246.67	248.659
22.9007	461.609	1241.64	248.085
22.9065	456.57	1235.91	246.657
22.9123	451.587	1226.67	245.236
22.9181	438.985	1219.6	242.699
22.9239	437.719	1194.5	238.117
22.9297	457.891	1167.22	233.082
22.9355	454.991	1137.27	227.495
22.9413	445.37	1117.09	223.846
22.9471	437.719	1122.91	220.636
22.9529	436.204	1085.29	219.239
22.9587	437.466	1094.1	219.366
22.9645	440.509	1101.07	220.636
22.9703	448.209	1129.41	225.403
22.9761	444.342	1145.18	228.681
22.9819	461.609	1153.15	230.538
22.9878	445.37	1213.28	238.668
22.9936	244.387
22.9994	243.823
23.0052	247.084
23.011	248.085
23.0168	247.656
23.0226	245.378
23.0284	244.811
23.0342	241.58
23.04	233.756
23.0458	232.141
23.0516	238.53
23.0574	239.912
23.0632	236.336
23.069	237.705
23.0748	231.205
23.0806
23.0864
23.0922
23.098
23.1039
23.1097
23.1155
23.1213
23.1271
23.1329
23.1387
23.1445
23.1503
23.1561
23.1619
23.1677
23.1735
23.1793
23.1851
23.1909
23.1967
23.2025
23.2083
23.2141
23.22
23.2258
23.2316
23.2374
23.2432
23.249
23.2548
23.2606
23.2664
23.2722
23.278
23.2838
23.2896
23.2954
23.3012
23.307
23.3128
23.3186
23.3244
23.3302
23.3361
23.3419
23.3477
23.3535
23.3593
23.3651	199.078
23.3709	211.282
23.3767	212.261
23.3825	211.893
23.3883	208.855
23.3941	210.187
23.3999	211.648
23.4057	211.771
23.4115	212.261
23.4173	212.506
23.4231	213.737
23.4289	214.355
23.4347	213.614
23.4405	212.629
23.4463	211.893
23.4522	211.282
23.458	210.551
23.4638	208.855
23.4696	208.494
23.4754	208.976
23.4812	210.308
23.487	211.893
23.4928	213.49
23.4986	216.47
23.5044	220.382
23.5102	224.104
23.516	227.627
23.5218	232.275
23.5276	236.882
23.5334	240.189
23.5392	242.279
23.545	244.953
23.5508	247.084
23.5566	247.799
23.5624	247.513
23.5683	246.942
23.5741	245.378
23.5799	243.964
23.5857	238.806
23.5915	236.745
23.5973	236.063
23.6031	231.071
23.6089	236.336
23.6147	236.745
23.6205	239.082
23.6263	239.496
23.6321	230.006
23.6379	241.023
23.6437
23.6495
23.6553
23.6611
23.6669
23.6727
23.6785
23.6844
23.6902
23.696
23.7018
23.7076
23.7134
23.7192
23.725
23.7308
23.7366
23.7424
23.7482
23.754
23.7598
23.7656
23.7714	246.657
23.7772	260.419
23.783	243.542
23.7888	242.699
23.7946	245.519
23.8005	234.026
23.8063	246.799
23.8121	240.606
23.8179	240.606
23.8237	241.999
23.8295	244.953
23.8353	248.947
23.8411	252.714
23.8469	255.355
23.8527	255.946
23.8585	256.093
23.8643	254.913
23.8701	251.694
23.8759	248.372
23.8817	242.139
23.8875	236.472	477.336
23.8933	232.678	464.015
23.8991	228.813	458.685
23.9049	225.793	448.986
23.9107	222.942	444.856
23.9166	220.764	442.805
23.9224	221.274	440.763
23.9282	221.147	441.018
23.934	222.814	444.599
23.9398	225.533	450.545
23.9456	228.022	456.57
23.9514	231.071	462.676
23.9572	235.79	469.949
23.963	239.496	477.887
23.9688	242.279	483.999
23.9746	246.087	493.313
23.9804	248.659	498.757
23.9862	250.823	501.936
23.992	251.113	502.807
23.9978	250.533	500.778
24.0036	248.372	496.457
24.0094	245.661	489.905
24.0152	243.12	485.679
24.021	240.467	480.933
24.0268	236.472	472.671
24.0327	232.141	465.088
24.0385	228.285	457.362
24.0443	224.234	450.545
24.0501	220.382	441.018
24.0559	218.102	435.449
24.0617	215.597	430.945
24.0675	214.851	429.702
24.0733	215.597	431.194
24.0791	217.348	435.701
24.0849	222.814	444.856
24.0907	226.97	453.678
24.0965	231.071	461.342
24.1023	237.156	468.864
24.1081	240.05	480.378
24.1139	243.823	487.647
24.1197	247.656	494.74
24.1255	250.244	502.226
24.1313	251.839	503.388
24.1371	251.985	504.844
24.1429	249.234	497.319
24.1488	246.514	493.313
24.1546	242.699	485.679
24.1604	240.189	480.933
24.1662	237.156	472.671
24.172	232.41	465.626
24.1778	228.285	458.685
24.1836	225.142	452.37
24.1894	221.402	443.06
24.1952	218.48	436.204
24.201	218.733	434.193
24.2068	216.47	433.191
24.2126	216.221	432.441
24.2184	217.473	435.197
24.2242	221.147	442.549
24.23	222.685	449.765
24.2358	228.549	455.78
24.2416	233.217	465.626
24.2474	237.567	473.764
24.2532	243.261	485.679
24.259	245.661	489.623
24.2649	247.656	495.884
24.2707	250.823	501.646
24.2765	251.549	503.679
24.2823	251.985	505.427
24.2881	249.811	500.199
24.2939	247.656	493.883
24.2997	244.387	489.623
24.3055	241.162	481.489
24.3113	237.43	475.135
24.3171	232.678	465.088
24.3229	229.608	462.944
24.3287	227.364	451.848
24.3345	224.104	447.691
24.3403	221.914	443.573
24.3461	221.53	444.599
24.3519	222.556	445.627
24.3577	226.185	448.727
24.3635	227.758	455.78
24.3693	230.405	458.155
24.3751	234.568	467.782
24.381	237.293	475.135
24.3868	240.467	480.656
24.3926	243.964	485.679
24.3984	245.378	490.755
24.4042	247.513	494.74
24.41	250.1	498.757
24.4158	251.113	501.936
24.4216	249.955	499.333
24.4274	248.085	494.74
24.4332	246.799	494.454
24.439	244.67	488.493
24.4448	240.606	483.44
24.4506	238.117	475.135
24.4564	232.678	466.703
24.4622	229.21	458.42
24.468	226.708	452.893
24.4738	223.846	447.433
24.4796	222.428	444.085
24.4854	222.556	443.316
24.4912	222.556	444.856
24.4971	223.975	445.885
24.5029	226.97	451.326
24.5087	230.538	460.543
24.5145	234.974	452.893
24.5203	240.467	471.58
24.5261	243.261	482.046
24.5319	245.661	492.175
24.5377	248.372	497.893
24.5435	250.823	501.646
24.5493	250.244	499.333
24.5551	249.811	499.045
24.5609	248.659	497.031
24.5667	246.657	495.312
24.5725	242.419	485.679
24.5783	238.668	476.234
24.5841	234.297	482.046
24.5899	228.022	475.959
24.5957	227.89	459.215
24.6015	230.804	473.218
24.6073	232.41	464.551
24.6132	236.199	472.944
24.619	241.999	474.312
24.6248	243.542	469.949
24.6306	248.372	464.283
24.6364	488.493
24.6422	486.803
24.648	490.755
24.6538	501.357
24.6596	497.606
24.6654	497.606
24.6712	488.211
24.677	485.399
24.6828	485.399	266.506
24.6886	482.603	268.205
24.6944	486.803	269.136
24.7002	473.764	269.292
24.706	462.676	268.05
24.7118	464.819	269.292
24.7176	472.944	267.123
24.7234	458.95	265.891
24.7293	464.551	263.141
24.7351	474.038	261.626
24.7409	472.671	258.621
24.7467	473.764	254.913
24.7525	499.622	253.152
24.7583	250.823
24.7641	247.942
24.7699	244.387
24.7757	243.12
24.7815	242.98
24.7873	242.98
24.7931	244.67
24.7989	244.67
24.8047	247.37
24.8105	249.811
24.8163	252.714
24.8221	254.766
24.8279	257.875
24.8337	261.173
24.8395	262.382
24.8454	264.665
24.8512	266.814
24.857	268.05
24.8628	268.826
24.8686	270.383
24.8744	270.695
24.8802	269.292
24.886	267.432
24.8918	264.818
24.8976	261.928
24.9034	257.577
24.9092	257.131
24.915	255.06
24.9208	252.13
24.9266	250.389
24.9324	249.523
24.9382	249.09
24.944	249.523
24.9498	251.839
24.9556	254.324
24.9615	256.538
24.9673	258.77
24.9731	262.079
24.9789	265.891
24.9847	268.981
24.9905	271.008
24.9963	273.051
25.0021	274.157
25.0079	275.586
25.0137	276.703
25.0195	275.268
25.0253	274.791
25.0311	273.209
25.0369	271.635
25.0427	269.292
25.0485	265.738
25.0543	261.173
25.0601	257.428
25.0659	254.178
25.0717	250.823
25.0776	247.37
25.0834	244.105
25.0892	244.67
25.095	245.378
25.1008	246.229
25.1066	249.378
25.1124	252.86
25.1182	257.577
25.124	259.668
25.1298	263.141
25.1356	267.123
25.1414	270.383
25.1472	273.209
25.153	274.791
25.1588	274.95
25.1646	274.474
25.1704	273.683
25.1762	272.578
25.182	272.106
25.1878	270.539
25.1937	268.05
25.1995	265.431
25.2053	262.686
25.2111	259.369
25.2169	256.686
25.2227	254.618
25.2285	253.152
25.2343	252.276
25.2401	251.549
25.2459	251.549
25.2517	253.738
25.2575	256.389
25.2633	259.668
25.2691	262.686
25.2749	266.506
25.2807	270.071
25.2865	272.106
25.2923	273.683
25.2981	274.633
25.3039	274.316
25.3097	274.316
25.3156	273.683
25.3214	272.736
25.3272	269.915
25.333	267.586
25.3388	266.969
25.3446	263.75
25.3504	257.577
25.3562	255.502
25.362	251.549
25.3678	247.227
25.3736	243.401
25.3794	241.162
25.3852	238.806
25.391	236.199
25.3968	233.082
25.4026	230.938
25.4084	243.12
25.4142	230.139
25.42	229.21
25.4258	229.873
25.4317	229.078
25.4375	228.813
25.4433	228.417
25.4491	227.89
25.4549	226.577
25.4607	226.97
25.4665	223.975
25.4723	221.658
25.4781	221.147
25.4839	223.2
25.4897	215.348
25.4955	212.875
25.5013	210.065
25.5071	204.203
25.5129	197.475
25.5187	193.523
25.5245	194.195
25.5303	194.756
25.5361	193.746
25.542	191.742
25.5478	190.969
25.5536	191.521
25.5594	191.742
25.5652	191.964
25.571	191.521
25.5768	190.528
25.5826	188.994
25.5884	188.231
25.5942	186.931
25.6	188.231
25.6058	188.884
25.6116	191.964
25.6174	190.638
25.6232	187.905
25.629
25.6348
25.6406
25.6464
25.6522
25.658
25.6639
25.6697
25.6755
25.6813
25.6871
25.6929
25.6987
25.7045
25.7103
25.7161
25.7219
25.7277
25.7335
25.7393
25.7451
25.7509
25.7567
25.7625
25.7683
25.7741
25.78
25.7858
25.7916
25.7974
25.8032
25.809
25.8148
25.8206
25.8264
25.8322
25.838
25.8438
25.8496
25.8554
25.8612
25.867
25.8728
25.8786
25.8844
25.8902
25.8961
25.9019
25.9077
25.9135
25.9193
25.9251
25.9309
25.9367
25.9425
25.9483
25.9541
25.9599
25.9657
25.9715
25.9773
25.9831
25.9889	162.17
25.9947	161.236
26.0005	162.17
26.0063	163.203
26.0122	164.909
26.018	165.96
26.0238	178.18
26.0296	182.45
26.0354	175.626
26.0412	176.541
26.047	178.077
26.0528	179.938
26.0586	181.819
26.0644	181.819
26.0702	183.613
26.076	181.295
26.0818	184.251
26.0876	184.677
26.0934	181.399
26.0992	184.038
26.105	184.038
26.1108	176.949
26.1166	178.592
26.1224	184.251
26.1283	184.251
26.1341	184.251
26.1399	179.42
26.1457	176.847
26.1515	174.413
26.1573	171.218
26.1631	161.142
26.1689	170.922
26.1747	181.295
26.1805
26.1863
26.1921
26.1979
26.2037
26.2095
26.2153
26.2211
26.2269
26.2327
26.2385
26.2444
26.2502
26.256
26.2618
26.2676
26.2734
26.2792
26.285
26.2908
26.2966
26.3024
26.3082
26.314
26.3198
26.3256
26.3314
26.3372
26.343
26.3488
26.3546
26.3605
26.3663
26.3721
26.3779
26.3837
26.3895
26.3953
26.4011
26.4069
26.4127
26.4185
26.4243	167.889
26.4301	165.864
26.4359	164.149
26.4417	174.614
26.4475	174.715
26.4533	176.134
26.4591	177.256
26.4649	179.212
26.4707	174.917
26.4766	182.24
26.4824	191.853
26.4882	186.499
26.494	180.981
26.4998	180.981
26.5056	180.981
26.5114	184.464
26.5172	193.299
26.523	188.231
26.5288	198.504
26.5346
26.5404
26.5462
26.552
26.5578
26.5636
26.5694
26.5752
26.581
26.5868
26.5927
26.5985
26.6043
26.6101
26.6159
26.6217
26.6275
26.6333
26.6391
26.6449
26.6507
26.6565
26.6623
26.6681
26.6739
26.6797
26.6855
26.6913
26.6971
26.7029
26.7088
26.7146
26.7204
26.7262
26.732
26.7378
26.7436
26.7494
26.7552
26.761	260.57
26.7668	262.989
26.7726	253.152
26.7784	269.292
26.7842	271.635
26.79	268.981
26.7958	281.539
26.8016	282.68
26.8074	281.052
26.8132	271.165
26.819	282.517
26.8249	276.543
26.8307	273.683
26.8365	269.292
26.8423	274.95
26.8481	272.736
26.8539	263.598
26.8597	269.136
26.8655	267.741
26.8713	263.75
26.8771	267.277
26.8829	261.928
26.8887	259.219
26.8945	258.77
26.9003	268.67	463.211
26.9061	270.695	461.076
26.9119	266.506	457.891
26.9177	273.051	455.517
26.9235	454.465	209.823
26.9293	449.505	206.934
26.9351	445.627	205.742
26.941	440.763	219.619
26.9468	438.224	218.607
26.9526	435.701	217.85
26.9584	434.695	216.221
26.9642	433.441	217.976
26.97	436.204	218.228
26.9758	440.254	219.746
26.9816	442.549	220.382
26.9874	446.658	223.458
26.9932	455.517	227.627
26.999	462.944	233.082
27.0048	467.512	235.654
27.0106	480.378	239.358
27.0164	483.719	244.67
27.0222	490.472	246.799
27.028	497.319	248.659
27.0338	499.333	250.1
27.0396	497.606	248.947
27.0454	492.743	248.229
27.0512	497.031	248.085
27.0571	491.039	245.945
27.0629	487.084	245.236
27.0687	482.882	241.162
27.0745	472.398	236.609
27.0803	466.164	232.41
27.0861	491.039	240.189
27.0919	487.647	242.84	222.942
27.0977	481.489	237.979	219.746
27.1035	472.398	237.019	217.85
27.1093	480.656	234.026	216.345
27.1151	470.492	231.606	216.221
27.1209	476.784	231.606	216.345
27.1267	474.586	231.606	217.599
27.1325	486.241	234.026	220.509
27.1383	223.846	223.587
27.1441	229.608	227.89
27.1499	232.141
27.1557	225.663
27.1615	221.658
27.1673	224.234
27.1732	225.793
27.179	219.619
27.1848	223.716	251.403
27.1906	233.217	252.86
27.1964	232.141	252.276
27.2022	234.839	251.113
27.208	226.708	249.234
27.2138	226.708	245.378
27.2196	224.493	240.884
27.2254	224.493	237.156
27.2312	232.947	232.947
27.237	229.342	229.608
27.2428	225.663	225.663
27.2486	222.299	222.299
27.2544	222.685	221.658
27.2602	220.509	220.636
27.266	220.636	220.764
27.2718	222.556	222.814
27.2776	223.975	224.104
27.2834	227.758
27.2893	233.351
27.2951	236.472
27.3009	240.189
27.3067	243.12
27.3125	246.514
27.3183	248.803
27.3241	251.549
27.3299	252.568
27.3357	253.298
27.3415	253.152
27.3473	251.985
27.3531	250.678
27.3589	247.227
27.3647	244.387
27.3705	241.58
27.3763	238.392
27.3821	235.654
27.3879	231.472
27.3937	229.873
27.3995	228.417
27.4054	227.627
27.4112	228.945
27.417	230.538
27.4228	233.082
27.4286	234.839
27.4344	238.392
27.4402	242.699
27.446	245.945
27.4518	246.657
27.4576	251.113
27.4634	253.006
27.4692	255.65
27.475	256.389
27.4808	256.389
27.4866	257.577
27.4924	256.389
27.4982	256.093
27.504	251.985
27.5098	251.113
27.5156	248.372
27.5215	246.229
27.5273	241.999
27.5331	239.358
27.5389	232.813
27.5447	228.285
27.5505	234.568
27.5563	239.773
27.5621	230.139
27.5679	224.752
27.5737	218.607
27.5795
27.5853
27.5911
27.5969
27.6027
27.6085	268.05
27.6143	271.792
27.6201	273.051
27.6259	273.683
27.6317	274.95
27.6376	276.064
27.6434	276.543
27.6492	273.683
27.655	273.841
27.6608	271.322
27.6666	268.826
27.6724	267.277
27.6782	264.665
27.684	262.989
27.6898	259.369
27.6956	256.538
27.7014	253.445
27.7072	253.884
27.713	253.152
27.7188	252.86
27.7246	253.591
27.7304	258.621
27.7362	255.355
27.742	257.577
27.7478	260.419
27.7537	262.686
27.7595	265.278
27.7653	267.123
27.7711	270.071
27.7769	273.051
27.7827	274.95
27.7885	275.905
27.7943	276.064
27.8001	276.383
27.8059	276.224
27.8117	274.95
27.8175	274.157
27.8233	271.949
27.8291	269.759
27.8349	267.277
27.8407	262.989
27.8465	259.219
27.8523	258.322
27.8581	255.502
27.8639	252.568
27.8698	251.403
27.8756	253.006
27.8814	252.714
27.8872	254.766
27.893	256.686
27.8988	258.919
27.9046	263.293
27.9104	266.66
27.9162	267.741
27.922	271.165
27.9278	273.525
27.9336	275.586
27.9394	277.023
27.9452	278.788
27.951	278.306
27.9568	279.918
27.9626	279.111
27.9684	277.503
27.9742	276.224
27.98	273.525
27.9858	270.539
27.9917	266.353
27.9975	264.207
28.0033	259.818
28.0091	257.726
28.0149	256.241
28.0207	254.471
28.0265	254.913
28.0323	255.65
28.0381	256.686
28.0439	260.119
28.0497	262.079
28.0555	264.665
28.0613	267.432
28.0671	270.695
28.0729	273.209
28.0787	275.745
28.0845	275.268
28.0903	278.145
28.0961	277.343
28.1019	277.023
28.1078	276.064
28.1136	274.633
28.1194	272.421
28.1252	268.981
28.131	266.199
28.1368	265.125
28.1426	258.919
28.1484	252.714
28.1542	251.839
28.16	250.678
28.1658	245.945
28.1716	245.803
28.1774	245.945
28.1832	245.519
28.189	246.799
28.1948	247.513
28.2006	248.372
28.2064	249.667
28.2122	249.955
28.2181	250.533
28.2239	250.678
28.2297	249.955
28.2355	248.659
28.2413	248.516
28.2471	244.387
28.2529	240.606
28.2587	252.13
28.2645	246.087
28.2703	247.227
28.2761	258.621
28.2819	244.529
28.2877	250.533
28.2935	249.667
28.2993	249.523
28.3051	250.1
28.3109
28.3167
28.3225
28.3283
28.3341
28.34
28.3458	271.165
28.3516	253.445
28.3574	247.656
28.3632	232.141
28.369	234.432
28.3748	236.063
28.3806	237.567
28.3864	239.082
28.3922	239.358
28.398	240.467
28.4038	240.189
28.4096	238.944
28.4154	236.609
28.4212	234.161
28.427	231.739
28.4328	228.417
28.4386	222.942
28.4444	219.112
28.4502	216.596
28.4561	215.722
28.4619	215.846
28.4677	215.846
28.4735	216.345
28.4793	218.607
28.4851	220.764
28.4909	224.363
28.4967	226.708
28.5025	230.405
28.5083	233.621
28.5141	236.745
28.5199	239.496
28.5257	240.884
28.5315	242.84
28.5373	243.964
28.5431	244.387
28.5489	243.542
28.5547	241.58
28.5605	239.496
28.5663	237.567
28.5722	235.11
28.578	233.351
28.5838	232.007
28.5896	232.007
28.5954	232.141
28.6012	232.813
28.607	233.621
28.6128	238.255
28.6186	234.568
28.6244	235.382	273.841
28.6302	243.542	267.277
28.636	238.53	266.353
28.6418	239.082	274.633
28.6476	242.84	256.982
28.6534	237.842	256.389
28.6592	232.947	256.093
28.665	258.621
28.6708	262.079
28.6766	264.665
28.6824	266.814
28.6883	268.205
28.6941	269.447
28.6999	270.071
28.7057	269.603
28.7115	270.695
28.7173	269.759
28.7231	268.515
28.7289	268.205
28.7347	267.586
28.7405	266.506
28.7463	266.045
28.7521	266.045
28.7579	266.199
28.7637	266.969
28.7695	268.981
28.7753	271.635
28.7811	275.745
28.7869	280.565
28.7927	284.318
28.7985	290.627
28.8044	296.391
28.8102	304.724
28.816	312.027
28.8218	318.032
28.8276	326.973
28.8334	330.772	328.867
28.8392	333.073	332.88
28.845	334.809	335.583
28.8508	337.137	337.527
28.8566	337.137	337.137
28.8624	335.971	336.554
28.8682	334.036	334.036
28.874	330.581	330.772
28.8798	326.973	327.162
28.8856	319.505	321.913
28.8914	314.742
28.8972	307.909
28.903	303.845
28.9088	299.143
28.9146	293.495
28.9205	290.627
28.9263	290.459
28.9321	290.627
28.9379	291.805
28.9437	296.049
28.9495	299.143
28.9553	304.548
28.9611	311.127
28.9669	322.099
28.9727	325.089
28.9785	330.39
28.9843	335.971
28.9901	339.875
28.9959	343.824
29.0017	345.616
29.0075	347.217
29.0133	347.217
29.0191	344.42
29.0249	340.464
29.0307	335.002
29.0366	330.009
29.0424	324.527
29.0482	317.848
29.054	311.307
29.0598	306.312
29.0656	302.095
29.0714	299.835
29.0772	298.625
29.083	298.453
29.0888	300.009
29.0946	302.444
29.1004	306.844
29.1062	312.207
29.112	318.215
29.1178	323.591
29.1236	328.108
29.1294	330.963
29.1352	333.073
29.141	333.458
29.1468	333.265
29.1527	330.581
29.1585	323.965
29.1643	318.032
29.1701	316.565
29.1759	298.798
29.1817	306.489
29.1875	314.924
29.1933	316.2
29.1991	320.059
29.2049	325.089
29.2107	313.291
29.2165
29.2223
29.2281
29.2339
29.2397
29.2455
29.2513
29.2571
29.2629
29.2688
29.2746
29.2804
29.2862
29.292
29.2978
29.3036
29.3094
29.3152
29.321
29.3268
29.3326
29.3384
29.3442
29.35
29.3558
29.3616
29.3674
29.3732
29.379
29.3849
29.3907
29.3965
29.4023
29.4081
29.4139	188.231
29.4197	189.103
29.4255	190.088
29.4313	192.297
29.4371	195.658
29.4429	196.678
29.4487	198.963
29.4545	198.963
29.4603	200
29.4661	199.654
29.4719	198.619
29.4777	198.619
29.4835	197.247
29.4893	193.635
29.4951	192.519
29.501	191.632
29.5068	189.65
29.5126	190.418
29.5184	190.969
29.5242	190.748
29.53	191.853
29.5358	194.644
29.5416	194.756
29.5474	196.678
29.5532	201.974
29.559	202.91
29.5648	203.849
29.5706	205.386
29.5764	206.934
29.5822	203.496
29.588	202.324
29.5938	200.695
29.5996	200
29.6054	194.531
29.6112	184.677
29.6171	181.295
29.6229	177.872
29.6287	177.872
29.6345	178.386
29.6403	175.524
29.6461	182.556
29.6519	184.57
29.6577	187.255
29.6635	191.853
29.6693	194.756
29.6751	194.756
29.6809	196.678
29.6867	200.463	206.337
29.6925	199.654	212.138
29.6983	195.658	214.603
29.7041	186.931	217.85
29.7099	183.189	222.942
29.7157	177.256	223.975
29.7215	226.446
29.7273	228.945
29.7332	228.417
29.739	227.101
29.7448	226.316
29.7506	224.752
29.7564	221.274
29.7622
29.768
29.7738
29.7796
29.7854
