2.38585	2.66449	1756.95	233.765
2.53098	2.6819	4020.13	67.492
2.65868	3.07084	1985.83	201.347
2.97796	3.21596	1858.2	187.099
3.21596	3.93578	1973.25	186.919
3.94159	4.06349	2143.16	161.412
3.959	4.12154	2125.9	217.62
4.00544	4.15637	1968.7	71.4893
4.12154	4.23184	1973.25	185.339
4.23184	4.4176	1753.91	172.004
4.4176	5.08517	1964.15	172.004
6.18812	6.42032	1692.21	1067.46
6.5132	6.9776	1970.97	1319.49
6.98921	7.18658	1775.32	630.511
6.98921	7.18658	1775.32	630.511
7.31429	7.51746	1416.41	1054.29
7.61034	7.85415	2476.11	606.108
7.61615	7.85415	1234.48	767.888
7.85415	8.53333	1333.06	902.938
7.85415	8.66685	2658.43	528.81
8.53333	8.67846	1210.48	725.466
8.67846	8.82939	1157.82	725.466
8.69007	8.96871	2269.29	276.118
10.8553	11.3546	1059.27	115.174
10.9308	11.0469	2059.43	91.2772
10.9598	11.401	2181.89	222.714
11.2443	11.4068	1141.88	278.377
11.2443	11.4068	1141.88	278.377
11.3604	11.6622	4237.09	321.669
11.4939	11.7609	1418.87	978.234
11.5171	11.7377	2852.53	588.86
11.848	12.0512	2620.32	450.964
11.8654	12.0279	1309.4	556.972
12.1556	12.3995	1304.12	553.165
12.382	12.5214	1193.81	256.473
12.5794	12.771	2824.66	168.973
12.5794	12.771	2824.66	168.973
12.6549	13.4676	1340.78	303.438
12.771	13.3457	2667.66	191.044
13.3457	13.543	2675.38	158.603
13.3689	13.4792	3725	56.9067
13.4676	13.7056	1175.34	192.646
13.5198	13.6359	3396.17	131.173
14.7447	14.8666	996.938	114.794
14.9769	15.3078	1171.95	344.294
15.4297	15.6038	983.213	175.218
15.6212	15.7547	860.398	98.7862
15.6212	15.7547	860.398	98.7862
15.6386	15.8708	2658.43	55.2493
15.8244	16.1785	937.187	172.231
19.2319	19.4467	1751.89	1367.08
19.4525	19.586	1975.53	1179.04
19.5512	19.7776	1986.98	760.849
19.8008	20.1143	1923.73	1234.62
19.8589	20.1723	2844.3	298.663
20.0156	20.3639	1965.29	340.186
20.2362	20.6135	1977.82	939.004
20.6193	21.0953	5896.02	87.4266
21.3275	21.6178	2875.69	97.8758
23.1619	23.3012	2944.61	54.5762
23.249	23.3999	1480.83	161.931
23.2548	23.3593	1977.82	85.9692
23.2838	23.4115	2949.71	84.2194
23.5276	23.8933	1765.09	324.111
23.5915	23.783	3505.8	75.6761
23.7134	23.8063	2855.83	62.1232
23.7888	24.1546	1970.97	233.7
24.0733	24.4622	1967.56	322.636
24.2416	24.4854	3898.92	61.9855
24.3868	25.2807	1978.96	406.272
27.5853	27.7537	2173.08	164.358
27.6317	27.922	1840.05	479.262
27.713	27.8639	10578.6	178.512
27.922	28.0149	2038.12	165.929
27.9684	28.2181	1904.94	319.907
27.9742	28.189	4043.42	241.1
28.0845	28.4677	2345.25	442.687
28.2181	28.7463	1980.1	345.933
28.7463	29.8667	2225.16	172.701
28.7637	29.4371	4404.29	108.875
