0.864943	1.03329	4766.98	51.2841
0.963628	1.09714	4725.86	58.7924
2.98376	3.12889	2987.44	54.9399
3.19274	3.33206	2810.01	71.5267
3.19274	3.33206	2810.01	71.5267
3.721	3.90095	3159.6	82.0701
3.90095	4.01125	2936.12	31.5775
4.05769	4.51628	2971.95	139.151
4.68463	4.80073	4463.19	37.9479
4.7659	4.92263	9756.8	23.7849
4.7659	4.92263	9756.8	23.7849
4.90522	5.02712	4666.18	58.7281
5.03873	5.20707	9790.68	24.5283
5.2419	5.39283	3930.58	92.8321
5.34059	5.45088	4575.44	61.7674
5.39283	5.67147	3957.92	91.1504
5.54376	5.85143	4625.92	45.4049
5.54376	5.85143	4625.92	45.4049
5.64825	5.83401	3858.59	107.236
5.69469	5.85143	1989.27	125.808
5.99075	6.24036	4679.68	88.5795
6.07202	6.22295	2254.92	69.3307
6.30422	6.48417	9927.35	30.4665
6.35646	6.52481	1983.54	40.6826
6.40871	6.57705	12335.5	33.5635
7.47102	7.67419	8488.89	73.814
8.85841	9.02676	1890.68	89.7567
8.93388	9.16027	2771.32	278.119
9.14866	9.3054	3876.47	82.315
9.71175	9.79302	9462.64	50.2762
11.61	11.7319	3108.91	56.4164
11.6448	11.8132	2867.4	137.26
11.8073	12.0337	1381.67	354.273
12.0395	12.1498	1409.88	29.9502
12.2195	12.8174	1530.4	400.456
12.3124	12.7303	3074.98	198.566
12.6665	12.7942	4486.45	56.6674
13.1599	13.3747	2300.97	108.073
13.2528	13.456	1381.67	333.512
13.6417	14.3848	1509.33	376.759
13.7056	13.932	3139.59	163.773
13.932	14.0249	2990.89	163.773
14.0249	14.3383	4476.1	75.9767
14.0713	14.3441	8916.07	101.749
14.3906	14.5995	5957.65	30.5125
14.7098	14.855	1496.31	307.489
14.8666	15.0233	3840.81	108.839
14.8782	15.0407	1941.59	66.5842
15.0465	15.2149	2013.55	146.551
15.122	15.3136	2007.74	150.183
15.2207	15.627	1860.35	458.299
15.4587	15.9347	5616.78	92.0291
15.5458	15.6502	11318.2	22.5109
15.6154	15.8012	1872.21	135.987
15.6328	15.8592	9305.45	42.2448
15.807	15.9695	1874.37	109.15
15.9289	16.103	3823.1	47.0346
16.045	16.3004	2293.01	306.769
16.0856	16.3991	4676.97	288.906
16.2075	16.4049	2367.03	480.232
16.3991	16.7938	4468.35	227.829
16.4049	17.0376	2239.34	407.989
16.8867	17.0493	4546.46	33.259
17.0493	17.2524	1986.98	104.785
17.4034	17.5137	6019.91	26.1471
17.4382	17.5891	3932.85	165.118
17.4556	17.6239	1988.13	194.195
17.5833	17.7633	2365.66	192.132
17.6472	17.7633	4528.11	67.2401
17.8271	18.0477	4819.58	61.9469
17.8852	18.0651	2354.75	214.701
17.9722	18.338	2265.36	508.058
18.4192	18.6921	1592.63	188.093
18.5644	18.7095	3159.6	60.5705
18.843	18.9997	5298.47	124.992
19.0171	19.1971	5326.08	26.3739
19.0694	19.4641	2262.75	309.493
19.319	19.557	4567.51	86.6787
19.3945	19.5512	6271.93	44.0468
19.5454	19.7021	6012.96	103.156
19.7254	20.0156	1485.97	260.124
19.7602	20.004	8900.64	143.182
19.9924	20.1433	1514.57	64.0178
20.1433	20.3175	4123.61	51.9542
20.1433	20.3175	4123.61	51.9542
20.1781	20.3407	8967.73	28.0969
20.2014	20.3058	1380.87	54.76
20.2826	20.3987	1813.67	27.3467
20.3523	20.4974	4450.32	32.7719
20.5148	20.6309	3067.88	90.1939
20.5264	20.8051	3161.43	202.79
20.5439	21.0837	1490.27	221.301
20.8051	21.4262	2975.38	202.79
21.1011	21.374	1476.56	82.1257
21.4204	21.6004	2253.62	130.564
21.432	21.6816	11549.4	32.7031
21.5075	21.8151	2387.62	348.693
21.7397	22.117	4658.1	132.783
21.821	22.0299	2277.17	170.483
22.0299	22.9355	2006.58	248.347
22.1112	22.3608	4050.43	69.6442
22.4943	22.9994	5985.24	144.896
22.9761	23.0864	10457.1	474.105
23.1503	23.3012	11819.3	489.136
23.3186	23.458	12580.1	366.123
23.4347	23.5566	5957.65	62.733
23.4347	23.5566	5957.65	62.733
23.4754	23.6089	11737.7	232.94
23.6321	23.8121	2771.32	49.3419
23.6844	23.8295	696.845	102.895
23.8353	24.0385	734.453	61.2323
23.8933	24.0268	2929.34	23.2937
24.0385	24.2649	781.279	29.258
24.2416	24.3984	763.434	22.6747
25.6058	25.7567	7681.61	64.2211
25.7045	25.8728	9578.12	380.345
27.3937	27.5447	8813.67	38.1283
27.4344	27.5447	8885.23	110.406
28.4677	28.578	9408.14	299.692
28.4735	28.6534	9683.81	341.455
28.7115	28.8276	10542	254.101
28.8392	29.0191	9561.53	166.302
