0.02322	0.15093	1595.39	38.1906
0.15093	0.249615	1532.17	58.5097
0.249615	0.534059	1573.43	71.7079
0.563084	0.911383	1751.89	104.683
0.841723	1.42222	3135.96	81.1626
0.917188	1.42222	1567.08	190.286
1.10875	1.35837	4693.21	73.4025
1.40481	2.11882	1565.27	35.4383
1.59637	3.08825	2650.76	136.082
1.70086	3.25079	1325.38	300.997
3.69197	3.97061	1747.84	52.1169
3.77905	5.4683	3522.03	375.622
3.87773	4.05188	1752.9	184.476
3.959	5.83982	1763.05	621.908
5.8166	6.73959	2078.55	271.209
5.94431	6.41451	3532.22	61.3561
5.95011	6.18231	1741.8	60.7326
6.03138	6.4029	4188.43	115.848
6.7454	7.00082	2058.24	35.1473
6.85569	7.24463	1946.09	114.385
7.25624	7.90059	1757.97	661.289
7.28526	7.47683	3475.55	83.996
7.90639	8.24889	1755.94	50.0629
7.90639	8.25469	3507.82	37.5641
7.98186	9.16027	1565.27	398.932
8.96871	9.36925	1745.82	259.163
9.21832	9.5434	3499.73	49.1378
9.32281	9.90331	1566.17	312.598
9.94975	10.3967	1566.17	28.0064
10.031	11.8596	1323.85	289.712
10.1703	11.221	2649.23	191.743
11.3546	11.8712	1578.89	24.7838
12.0454	12.3124	3699.27	26.0147
12.295	13.8043	2347.96	604.416
12.4169	12.742	4695.92	60.3484
13.7985	14.5125	2339.84	585.931
14.5183	15.0581	2354.75	62.8673
14.6286	15.0581	5526.66	251.03
14.6402	15.5516	2797.06	474.617
15.5632	15.9753	2221.31	140.379
15.6096	16.0798	2787.38	53.5444
15.9289	16.2075	2300.97	45.0148
15.9753	16.1321	1956.23	37.8338
15.9753	16.3236	2788.99	84.3635
16.0392	16.5616	1977.82	272.366
16.4629	16.8403	2839.38	75.7028
16.6255	18.8314	2091.8	435.785
18.8314	21.6062	2637.02	352.834
18.9185	19.1565	4188.43	25.2994
20.242	20.3233	2659.97	70.8714
20.3349	20.4103	2582.75	41.7766
22.0532	22.7033	2088.17	402.083
22.7033	23.249	1566.17	282.655
23.3012	24.1371	2638.54	70.8088
23.3419	24.1488	1321.56	78.4099
23.7656	23.9572	2119.77	26.1833
24.0036	24.8279	1555.35	251.506
24.1081	24.41	4706.79	51.6917
24.172	24.8395	3101.74	112.691
24.8395	25.2575	1387.26	215.839
25.2923	25.8728	1168.57	86.9285
25.2981	25.8844	2342.54	76.1974
25.6697	25.8902	3540.39	44.716
26.1108	28.2181	1030.31	86.9817
26.3024	26.552	2079.75	35.2524
26.4591	28.3806	2061.81	102.453
26.5404	26.6913	2148.12	33.3516
27.1964	27.3009	2103.91	35.91
27.4344	27.5215	2082.15	42.4199
