0
0.00580499
0.01161
0.017415
0.02322
0.0290249
0.0348299
0.0406349
0.0464399
0.0522449
0.0580499
0.0638549
0.0696599
0.0754649
0.0812698
0.0870748	243.401
0.0928798	244.246
0.0986848	244.246
0.10449	244.811
0.110295	244.811
0.1161	244.953
0.121905	243.964
0.12771	244.953
0.133515	245.094
0.13932	246.229
0.145125	248.516
0.15093	248.229
0.156735	249.523
0.16254	252.568
0.168345	253.152
0.17415	252.568
0.179955	249.667
0.18576	246.657	492.459
0.191565	244.246	488.493
0.19737	242.84	488.493
0.203175	244.953	489.905
0.20898	249.523	493.028
0.214785	249.667	494.454
0.22059	247.513	485.118
0.226395	245.378	493.028
0.2322	245.094	493.313
0.238005	237.567	489.623
0.24381	243.261	493.313
0.249615	242.279	491.89
0.255419	243.261	475.135
0.261224	243.261	468.864	233.217
0.267029	235.382	467.512	232.947
0.272834	239.912	465.357	232.947
0.278639	239.912	460.543	229.475
0.284444	238.392	457.362	228.285
0.290249	242.419	453.155	226.839
0.296054	244.105	453.155	225.793
0.301859	248.659	452.37	225.142
0.307664	249.09	449.765	226.708
0.313469	246.087	451.065	225.793
0.319274	244.953	450.545	225.142
0.325079	250.389	452.893	225.793
0.330884	255.65	454.991	224.882
0.336689	450.545	224.623
0.342494	449.765	224.493
0.348299	448.727	223.846
0.354104	446.142	226.185
0.359909	432.691	227.758
0.365714	444.856	224.493	221.019
0.371519	441.783	222.942	222.043
0.377324	453.678	220	219.492
0.383129	452.893	217.85	217.599
0.388934	433.692	217.097	217.222
0.394739	217.348	217.222
0.400544	217.599	217.348
0.406349	215.722	215.971
0.412154	214.851	215.348
0.417959	219.619	218.48
0.423764	216.47	216.345
0.429569	216.096
0.435374	218.354
0.441179	218.607
0.446984	212.383
0.452789	211.526
0.458594	221.658
0.464399	223.329
0.470204	223.2
0.476009	220.382	482.324
0.481814	223.458	479.823
0.487619	233.082	461.609
0.493424	234.026	478.993
0.499229	238.392	458.42
0.505034	241.302	456.57
0.510839	239.773	453.155	228.285
0.516644	233.217	453.155	228.285
0.522449	229.342	449.245	236.336
0.528254	235.79	455.517	235.79
0.534059	233.217	472.398	236.336
0.539864	234.839	477.611	235.926
0.545669	230.671	482.882	239.358
0.551474	230.671	487.647	243.261
0.557279	230.671	489.34	245.236
0.563084	492.459	246.799
0.568889	493.598	248.085
0.574694	495.884	247.942
0.580499	496.744	248.372
0.586304	495.884	248.659
0.592109	494.74	247.227
0.597914	492.743	246.657
0.603719	492.175	245.945
0.609524	488.775	243.964
0.615329	487.647	243.261
0.621134	485.399	242.419
0.626939	485.96	242.84
0.632744	487.365	243.261
0.638549	488.775	243.823
0.644354	487.647	243.823
0.650159	485.679	242.699
0.655964	484.558	242.279
0.661769	484.838	242.559
0.667574	486.241	242.279
0.673379	484.838	241.302
0.679184	488.775	242.98
0.684989	485.96	242.699
0.690794	487.929	242.139
0.696599	487.084	241.86
0.702404	490.755	243.683
0.708209	496.457	245.803	505.719
0.714014	496.744	250.968	501.646
0.719819	497.893	502.226	251.113
0.725624	499.045	502.807	251.403
0.731429	504.261	250.968
0.737234	505.427	252.568
0.743039	505.135	251.839
0.748844	505.427	252.568
0.754649	503.97	252.714
0.760454	504.261	252.86
0.766258	503.679	252.422
0.772063	501.357	252.13
0.777868	506.011	252.714
0.783673	503.97	251.113
0.789478	503.97	251.694
0.795283	505.719	250.389
0.801088	498.757	249.955
0.806893	496.171	246.372
0.812698	511.595	242.279
0.818503	506.889	237.019
0.824308	503.097	233.486
0.830113	508.649	230.538
0.835918	501.936	240.745
0.841723	506.011	232.007
0.847528	497.031	241.441
0.853333	498.757	240.606
0.859138	500.488	243.261
0.864943	498.757	238.53
0.870748	499.911	241.162
0.876553	246.087
0.882358
0.888163
0.893968
0.899773
0.905578
0.911383
0.917188
0.922993
0.928798
0.934603
0.940408
0.946213
0.952018
0.957823
0.963628
0.969433
0.975238
0.981043
0.986848
0.992653
0.998458
1.00426
1.01007
1.01587
1.02168
1.02748
1.03329
1.03909
1.0449
1.0507
1.05651
1.06231
1.06812
1.07392	750.752
1.07973	706.98
1.08553	717.264
1.09134	730.223
1.09714	726.437
1.10295	724.342
1.10875	731.912
1.11456	733.605
1.12036	735.727
1.12617	736.152
1.13197	738.281
1.13778	729.801	199.424
1.14358	729.801	200.927
1.14939	748.587	201.974
1.15519	748.155	201.508
1.161	748.587	200.695
1.1668	751.186	200.579
1.17261	739.134	199.424
1.17841	742.129	198.734
1.18422	730.645	200.579
1.19002	727.276	200.927
1.19583	747.723	201.857
1.20163	736.577	203.261	1433.7
1.20744	735.727	202.441	1437.02
1.21324	752.924	204.557	1438.68
1.21905	758.161	204.912	1440.34
1.22485	757.285	203.967	1437.85
1.23066	758.161	204.439	1437.02
1.23646	757.285	204.439	1436.19
1.24227	755.101	200.463	1437.02
1.24807	752.489	201.624	1437.85
1.25388	753.794	200.579	1438.68
1.25968	755.538	199.309	1434.53
1.26549	751.62	200.116	1444.51
1.27129	771.859	200.579	1444.51
1.2771	794.476	200.811	1447.01
1.2829	814.927	200.579	1438.68
1.28871	819.174	199.654	1441.17
1.29451	818.701	1433.7
1.30032	818.701	1428.74
1.30612	813.516	1440.34
1.31193	774.091	1428.74
1.31773	1417.23
1.32354	1420.51
1.32934	1432.04
1.33515	1431.22
1.34095	1430.39
1.34676	1413.96
1.35256	1421.33
1.35837	244.811
1.36417	238.806
1.36998	238.255
1.37578	238.255
1.38159	239.912
1.38739	241.72
1.3932	244.105
1.399	245.378
1.40481	246.514
1.41061	247.37
1.41642	248.947
1.42222	250.389
1.42803	251.403
1.43383	252.13
1.43964	252.276	504.261
1.44544	251.985	503.97
1.45125	251.113	503.679
1.45705	250.823	503.388
1.46286	250.1	503.388
1.46866	248.947	501.646
1.47447	248.229	498.469
1.48027	246.799	493.598
1.48608	245.945	491.606
1.49188	243.823	483.999
1.49769	249.811	498.757
1.50349	249.667	501.646
1.5093	248.372	501.067
1.5151	248.229	502.226
1.52091	244.246	503.097	250.968
1.52671	246.942	498.757	244.811
1.53252	249.09	491.039	248.085
1.53832	247.656	486.803	246.657
1.54413	245.945	487.647	245.519
1.54993	245.378	490.472	246.229
1.55574	246.372	494.169	246.657
1.56154	248.803	497.606	247.799
1.56735	247.942	496.171	248.659
1.57315	249.378	499.911	249.234
1.57896	249.667	499.622	249.378
1.58476	248.085	495.026	248.803
1.59057	246.657	493.598	247.37
1.59637	245.378	492.459	246.087
1.60218	486.803	246.657
1.60798	493.313	247.084
1.61379	491.606	246.514
1.61959	483.161	245.094
1.6254	487.647	245.803
1.6312	493.598	248.085
1.63701	491.039	248.947
1.64281	492.459	248.516
1.64862	495.884	250.1	491.322
1.65442	493.313	249.234	495.598
1.66023	248.229	494.74
1.66603	248.803	495.312
1.67184	247.37	494.74
1.67764	247.227	493.598
1.68345	247.084	493.598
1.68925	247.656	493.313
1.69506	246.514	491.606
1.70086	246.657	491.89
1.70667	245.803	491.606
1.71247	245.661	491.322
1.71828	244.387	489.905
1.72408	243.823	490.755
1.72989	242.559	490.472
1.73569	241.441	493.028
1.7415	239.22	492.175
1.7473	243.401	493.028
1.75311	246.942	489.623
1.75891	244.811	491.322
1.76472	246.657	492.175
1.77052	246.942	492.743
1.77633	246.799	491.039
1.78213	246.799	490.472
1.78794	247.513	490.472
1.79374	246.229	491.606	244.105
1.79955	247.513	493.313	244.811
1.80535	245.803	492.175	246.229
1.81116	246.514	489.905	244.811
1.81696	236.472	482.324	244.387
1.82277	241.162	483.44	242.84
1.82857	243.12	497.031	243.401
1.83438	240.606	491.89	243.964
1.84018	242.84	487.929	243.261
1.84599	242.559	485.679	241.86
1.85179	242.559	475.409	240.745
1.8576	240.606	481.489	240.606
1.8634	241.023	480.378	240.884
1.86921	239.773	482.324	240.328
1.87501	483.44	239.912
1.88082	478.993	238.944
1.88662	480.378	240.328
1.89243	484.278	241.302
1.89823	488.211	243.401
1.90404	489.623	244.387
1.90984	491.606	246.514
1.91565	496.457	249.378
1.92145	499.911	251.113
1.92726	494.169	247.227
1.93306	489.34	243.401
1.93887	486.521	243.401
1.94467	490.755	237.019
1.95048	482.046	240.05
1.95628	481.211	237.567
1.96209	484.278	238.53
1.96789	486.241	241.023
1.9737	493.598	238.255
1.9795	493.313	237.979	437.971
1.98531	491.89	244.953	455.254
1.99111	485.399	253.884	448.727
1.99692	490.472	268.205	447.95
2.00272	489.905	263.141	453.941
2.00853	482.882	449.505
2.01433	491.89	444.085
2.02014	502.516	444.085
2.02594	502.516	451.326	224.752
2.03175	507.182	452.631	226.839
2.03755	511.595	456.043	228.285
2.04336	515.749	453.678	227.89
2.04916	510.415	453.416	226.708
2.05497	496.744	450.284	226.054
2.06077	493.598	451.065	225.533
2.06658	494.454	453.678	224.882
2.07238	484.838	450.545	225.142
2.07819	445.885	227.627
2.08399	448.727	227.101
2.0898	449.505	225.012
2.0956	450.805	225.663
2.10141	448.209	221.147
2.10721	449.765	218.354
2.11302	459.215	223.071
2.11882	451.065	224.234
2.12463	436.961	223.071
2.13043	453.678	226.708
2.13624	227.89
2.14204	230.006
2.14785	232.41
2.15365	227.233
2.15946
2.16526
2.17107
2.17687
2.18268
2.18848
2.19429	230.671
2.20009	230.938
2.2059	244.105
2.2117	248.372
2.21751	245.661
2.22331	256.093
2.22912	259.219
2.23492	259.969
2.24073	257.875
2.24653	256.241
2.25234	255.502
2.25814	255.06	508.943
2.26395	252.422	509.531
2.26975	251.258	507.768
2.27556	250.823	504.844
2.28136	247.799	494.454
2.28717	244.387	495.312
2.29297	238.944	506.596
2.29878	235.79	513.075
2.30458	226.97	518.138
2.31039	226.839	510.71
2.31619	223.846	513.668
2.322	219.873	510.71
2.3278	220.764	517.839
2.33361	216.221	519.337
2.33941	212.998	507.768
2.34522	208.012	507.475
2.35102	204.321	510.415
2.35683	203.027	515.154
2.36263	214.727	518.138
2.36844	213.49	516.644
2.37424	208.614	519.037
2.38005	202.324	528.109	387.046
2.38585	198.849	516.047	392.902
2.39166	197.818	527.805	394.039
2.39746	197.703	525.068	393.356
2.40327	196.906	522.345	391.091
2.40907	195.658	519.337	389.513
2.41488	194.307	387.493
2.42068	192.631	384.15
2.42649	192.742	370.85
2.43229	186.499	366.803
2.4381	184.784	364.058
2.4439	181.399	362.799
2.44971	181.504	358.218
2.45551	181.609	358.839
2.46132	179.731	363.638
2.46712	185.961	375.376
2.47293	185.639	365.533
2.47873	181.609	362.799
2.48454	181.609	370.422
2.49034	184.357	363.009
2.49615	180.981	360.501
2.50195	349.632
2.50776	356.155
2.51356	353.694
2.51937	367.014
2.52517	365.111
2.53098	370.85
2.53678	378.424
2.54258	395.178
2.54839	398.617
2.55419	405.585
2.56	401.39
2.5658	407.228
2.57161	401.854
2.57741	420.373
2.58322
2.58902
2.59483
2.60063
2.60644
2.61224
2.61805
2.62385
2.62966
2.63546
2.64127
2.64707
2.65288
2.65868
2.66449
2.67029
2.6761
2.6819
2.68771
2.69351
2.69932
2.70512	164.244
2.71093	163.203
2.71673	162.357
2.72254	158.466
2.72834	151.222
2.73415	150.873
2.73995	150.612
2.74576	150.178
2.75156	146.071
2.75737	143.23
2.76317	141.014
2.76898	139.555
2.77478	138.992
2.78059	137.158
2.78639	131.723
2.7922	129.684
2.798	128.714
2.80381	129.535
2.80961	130.059
2.81542	130.285	262.534
2.82122	130.511	261.173
2.82703	131.04	262.079
2.83283	131.115	262.534
2.83864	131.191	263.445
2.84444	131.723	266.969
2.85025	131.723	267.123
2.85605	131.647	262.382
2.86186	131.115	261.777
2.86766	129.759	257.428
2.87347	128.121	259.969
2.87927	126.576	254.031
2.88508	129.086	254.178
2.89088	130.285	257.428
2.89669	129.984	261.626
2.90249	130.737	258.173
2.9083	131.267	260.57
2.9141	132.639	263.75
2.91991	126.796	273.683
2.92571	126.722	270.227
2.93152	126.722	263.293
2.93732	126.722	263.293	207.772
2.94313	265.738	210.187
2.94893	272.736	202.558
2.95474	272.736	208.012
2.96054	211.038
2.96635	213.49
2.97215	215.971
2.97796	218.48
2.98376	221.019
2.98957	223.071
2.99537	222.942
3.00118	222.942
3.00698	223.716
3.01279	221.786
3.01859	221.53
3.0244	223.846
3.0302	221.53
3.03601	217.724
3.04181	213.121
3.04762	209.58
3.05342	208.133
3.05923	208.494
3.06503	204.085
3.07084	201.857
3.07664	200.232
3.08245	199.078
3.08825	197.247
3.09406	196.224
3.09986	195.545
3.10567	194.869
3.11147	193.746
3.11728	190.418
3.12308	189.431
3.12889	193.188
3.13469	193.411
3.1405	191.079
3.1463	192.075
3.15211	194.307
3.15791	194.531
3.16372	194.756
3.16952	193.635
3.17533	197.932
3.18113	197.133
3.18694	198.619
3.19274	199.424
3.19855	200
3.20435	201.159
3.21016	207.772
3.21596
3.22177
3.22757
3.23338	218.607
3.23918	218.354
3.24499	217.976
3.25079	218.228	436.204
3.2566	218.354	436.708
3.2624	217.976	436.456
3.26821	217.85	436.456
3.27401	217.85	436.708
3.27982	218.733	437.213
3.28562	218.859	436.456
3.29143	217.85	436.456
3.29723	217.724	436.456
3.30304	217.222	435.449
3.30884	216.47	434.193
3.31465	216.096	431.443
3.32045	214.603	429.702
3.32626	214.231	428.215
3.33206	214.108	429.206
3.33787	214.108	428.215
3.34367	213.861	427.474
3.34948	213.49	427.227
3.35528	213.49	427.227
3.36109	213.614	427.474
3.36689	213.244	426.241
3.3727	213.49	427.721
3.3785	213.861	427.968
3.38431	214.231	428.463
3.39011	214.479	428.958
3.39592	214.851	430.696
3.40172	215.224	431.194
3.40753	214.851	430.447
3.41333	214.727	429.95
3.41914	214.851	430.199
3.42494	214.479	429.206
3.43075	214.479	428.958
3.43655	214.851	429.206
3.44236	215.099	429.454
3.44816	214.479	429.206
3.45397	213.737	429.95
3.45977	213.861	428.958
3.46558	213.737	427.968
3.47138	213.861	426.487
3.47719	213.984	428.215
3.48299	214.355	428.958
3.4888	213.614	427.968	638.64
3.4946	213.614	427.968	639.009
3.50041	213.984	430.696	639.748
3.50621	214.479	430.945	643.082
3.51202	214.975	430.945	646.808
3.51782	216.096	433.441	650.179
3.52363	217.348	435.449	650.93
3.52943	216.971	434.695	649.053
3.53524	217.097	435.952	648.678
3.54104	216.345	434.695	645.315
3.54685	215.099	430.696	644.942
3.55265	215.597	429.702	650.179
3.55846	215.597	428.215	650.93
3.56426	215.971	427.227	654.701
3.57007	215.846	431.692	646.434
3.57587	217.348	430.696	658.874
3.58168	214.975	428.71	649.428
3.58748	214.851	425.995	643.826
3.59329	214.355	430.696	642.34
3.59909	214.355	429.95	630.576
3.6049	213.737	425.012	638.64
3.6107	212.875	426.241	644.57
3.61651	214.603	648.304
3.62231	215.722	648.304
3.62812	215.348	640.857
3.63392	640.857
3.63973	624.775	202.324
3.64553	594.841	204.203
3.65134	582.599	208.614
3.65714	211.038
3.66295	211.282
3.66875	210.551
3.67456	209.338
3.68036	206.218
3.68617	205.505
3.69197	202.792
3.69778	200.927
3.70358	201.857
3.70939	197.475
3.71519	199.078
3.721	198.504
3.7268	203.027
3.73261	201.392
3.73841	203.496
3.74422	201.508
3.75002	201.741
3.75583	202.441
3.76163	198.161
3.76744	196.338
3.77324
3.77905
3.78485
3.79066	197.133
3.79646	194.531
3.80227	199.424
3.80807	201.508
3.81388	203.614
3.81968	199.539
3.82549	197.247
3.83129	196.792
3.8371	196.906
3.8429	196.906
3.84871	198.504
3.85451	199.078
3.86032	199.193
3.86612	199.654
3.87193	200
3.87773	200.347
3.88354	200.579
3.88934	201.159
3.89515	201.624
3.90095	201.624
3.90676	202.324
3.91256	202.324
3.91837	201.974
3.92417	202.441
3.92998	202.324
3.93578	202.441
3.94159	201.624
3.94739	200.927
3.9532	200.116
3.959	199.654
3.96481	198.849
3.97061	198.161
3.97642	197.589
3.98222	197.475
3.98803	197.818
3.99383	197.133
3.99964	196.224
4.00544	195.432
4.01125	195.207
4.01705	194.869
4.02286	195.094
4.02866	195.771
4.03447	196.338
4.04027	196.451
4.04608	196.565
4.05188	197.475
4.05769	197.361
4.06349	197.932
4.0693	197.589
4.0751	196.906
4.08091	195.998
4.08671	195.771
4.09252	195.998
4.09832	194.531
4.10413	197.247
4.10993	198.504
4.11574	199.654
4.12154	196.678
4.12735	197.475
4.13315	204.912
4.13896	205.149
4.14476	215.846
4.15057	214.231
4.15637	213.861
4.16218	206.099
4.16798	194.756
4.17379	195.885
4.17959	196.906
4.1854	200.347
4.1912	196.792
4.19701
4.20281	592.44
4.20862	626.22
4.21442	619.385
4.22023	605.588
4.22603	606.989
4.23184	604.19
4.23764	586.313
4.24345	624.054
4.24925	641.228
4.25506	629.484
4.26086	608.042
4.26667	612.625
4.27247	599.324
4.27828	583.61
4.28408	611.564
4.28989	611.211
4.29569	606.638
4.3015	597.251
4.3073	595.528
4.31311	599.324
4.31891	580.919
4.32472	601.405
4.33052	603.493
4.33633	602.448
4.34213	603.842
4.34794	602.796
4.35374	612.979
4.35955	603.144
4.36535	600.017
4.37116	605.588
4.37696	616.886
4.38277	609.448
4.38857	605.938
4.39438	606.989
4.40018	585.636
4.40599	584.284
4.41179	585.636
4.4176	591.073
4.4234	576.906
4.42921	596.906
4.43501	580.919
4.44082	591.756
4.44662	584.622
4.45243	579.578
4.45823	571.929
4.46404	582.936
4.46984
4.47565
4.48145
4.48726
4.49306
4.49887
4.50467
4.51048
4.51628
4.52209
4.52789
4.5337
4.5395
4.54531
4.55111
4.55692
4.56272
4.56853
4.57433
4.58014
4.58594
4.59175
4.59755
4.60336
4.60916
4.61497
4.62077
4.62658
4.63238
4.63819
4.64399
4.6498
4.6556
4.66141
4.66721
4.67302
4.67882
4.68463
4.69043
4.69624
4.70204
4.70785
4.71365
4.71946
4.72526
4.73107
4.73687
4.74268
4.74848
4.75429
4.76009
4.7659
4.7717
4.77751
4.78331
4.78912
4.79492
4.80073
4.80653
4.81234
4.81814
4.82395
4.82975
4.83556
4.84136
4.84717
4.85297
4.85878
4.86458
4.87039
4.87619
4.882
4.8878
4.89361
4.89941
4.90522
4.91102
4.91683
4.92263
4.92844
4.93424
4.94005
4.94585
4.95166
4.95746
4.96327
4.96907
4.97487
4.98068
4.98649
4.99229
4.9981
5.0039
5.00971
5.01551
5.02132
5.02712
5.03293
5.03873
5.04454
5.05034
5.05615
5.06195
5.06776
5.07356
5.07936
5.08517
5.09097
5.09678
5.10258
5.10839
5.11419
5.12
5.1258
5.13161
5.13741
5.14322
5.14902
5.15483
5.16063
5.16644
5.17225
5.17805
5.18385
5.18966
5.19546
5.20127
5.20707
5.21288
5.21868
5.22449
5.23029
5.2361
5.2419
5.24771
5.25351
5.25932
5.26512
5.27093
5.27673
5.28254
5.28834
5.29415
5.29995
5.30576
5.31156
5.31737
5.32317
5.32898
5.33478
5.34059
5.34639
5.3522
5.358
5.36381
5.36961
5.37542
5.38122
5.38703
5.39283
5.39864
5.40444
5.41025
5.41605
5.42186
5.42766
5.43347
5.43927
5.44508
5.45088
5.45669
5.46249
5.4683
5.4741
5.47991
5.48571
5.49152
5.49732
5.50313
5.50893
5.51474
5.52054
5.52635
5.53215
5.53796
5.54376
5.54957
5.55537
5.56118
5.56698
5.57279
5.57859
5.5844
5.5902
5.59601
5.60181
5.60762
5.61342
5.61923
5.62503
5.63084
5.63664
5.64245
5.64825
5.65406
5.65986
5.66567
5.67147
5.67728
5.68308
5.68889
5.69469
5.7005
5.7063
5.71211
5.71791
5.72372
5.72952
5.73533
5.74113
5.74694
5.75274
5.75855
5.76435
5.77016
5.77596
5.78177
5.78757
5.79338
5.79918
5.80499
5.81079
5.8166
5.8224
5.82821
5.83401
5.83982
5.84562
5.85143
5.85723
5.86304
5.86884
5.87465
5.88045
5.88626
5.89206
5.89787
5.90367
5.90948
5.91528
5.92109
5.92689
5.9327
5.9385
5.94431
5.95011
5.95592
5.96172
5.96753
5.97333
5.97914
5.98494
5.99075
5.99655
6.00236
6.00816	587.669
6.01397	585.974
6.01977	583.947
6.02558	596.217
6.03138	604.19
6.03719	604.54
6.04299	601.405
6.0488	595.528
6.0546	580.248
6.06041	584.284
6.06621	593.125
6.07202	597.251	1185.57
6.07782	593.811	1182.15
6.08363	594.497	1191.74
6.08943	594.841	1191.06
6.09524	594.154	1188.99
6.10104	595.528	1186.94
6.10685	593.125	1185.57
6.11265	592.783	1182.83
6.11846	592.098	1184.2
6.12426	592.098	1185.57
6.13007	592.783	1188.31
6.13587	591.756	1182.15
6.14168	591.073	1173.3
6.14748	590.391	1177.38
6.15329	591.415	1183.51
6.15909	592.098	1189.68
6.1649	593.468	1189.68
6.1707	593.125	1186.25
6.17651	593.811	1186.94
6.18231	593.468	1188.31
6.18812	595.528	1191.74
6.19392	596.217	1195.88
6.19973	594.154	1190.37
6.20553	595.872	1189.68
6.21134	596.906	1195.19
6.21714	595.872	1196.57
6.22295	591.756	1188.99
6.22875	584.284	1184.2
6.23456	571.269	1133.99
6.24036	566.995	1136.61
6.24617	562.754	1126.81
6.25197	557.577	1117.73
6.25778	556.611	1111.3
6.26358	552.766	1101.71
6.26939	536.41	1065.41
6.27519	531.476	1055.61
6.281	529.943	1055
6.2868	525.675	1047.11
6.29261	512.483	1023.19
6.29841	503.679	1010.85
6.30422	497.606	991.769
6.31002	491.606	983.213
6.31583	477.336	956.327
6.32163	472.125	999.244
6.32744	471.036	949.721
6.33324	466.433	942.072
6.33905	453.941	930.713
6.34485	446.658
6.35066	443.573
6.35646	441.273
6.36227	433.441
6.36807	424.276
6.37388	422.076
6.37968	423.297
6.38549	419.403
6.39129	412.436
6.3971	411.96
6.4029	401.854
6.40871	398.847
6.41451	393.811
6.42032	392.449
6.42612	393.811
6.43193	387.269
6.43773	376.897
6.44354	370.422
6.44934
6.45515
6.46095
6.46676
6.47256
6.47837
6.48417
6.48998
6.49578
6.50159
6.50739
6.5132
6.519
6.52481
6.53061
6.53642
6.54222
6.54803
6.55383
6.55964
6.56544
6.57125
6.57705
6.58286
6.58866
6.59447
6.60027
6.60608
6.61188
6.61769
6.62349
6.6293
6.6351
6.64091
6.64671
6.65252
6.65832
6.66413
6.66993
6.67574
6.68154
6.68735
6.69315
6.69896	309.335
6.70476	303.319
6.71057	308.443
6.71637	311.847
6.72218	318.032
6.72798	324.527
6.73379	331.537
6.73959	329.628
6.7454	324.527
6.7512	325.841
6.75701	323.778
6.76281	321.727
6.76862	320.059
6.77442	315.835
6.78023	308.621
6.78603	301.398
6.79184	294.684
6.79764	287.455
6.80345	282.517
6.80925	280.08
6.81506	274.474
6.82086	268.981
6.82667	264.513
6.83247	261.626
6.83828	257.577
6.84408	253.445
6.84989	250.678
6.85569	247.227
6.8615	242.98
6.8673	239.496
6.87311	234.703
6.87891	230.272
6.88472	226.708
6.89052	223.716
6.89633	218.733
6.90213	215.971
6.90794	212.629
6.91374	210.794
6.91955	207.293
6.92535	203.967
6.93116	207.652
6.93696	213.121
6.94277	214.727
6.94857	219.112	185.532
6.95438	234.161	182.345
6.96018	233.082	180.042
6.96599	225.533	175.626
6.97179	222.685	173.308
6.9776	219.873	170.134
6.9834	216.47	167.018
6.98921	218.48	164.149
6.99501	216.221	160.956
7.00082	220.382	157.553
7.00662	217.724	153.688
7.01243	210.065	148.624
7.01823	222.556	147.427
7.02404	213.737	146.155
7.02984	220.127	141.014
7.03565	226.316	141.014
7.04145	140.283
7.04726	147.087
7.05306	152.186
7.05887	155.115
7.06467	153.599
7.07048	152.891
7.07628	152.186
7.08209	151.135
7.08789	155.923
7.0937	151.747
7.0995	149.054
7.10531	155.204
7.11111	148.968
7.11692	149.226
7.12272	149.226
7.12853	148.281
7.13433	147.683
7.14014	155.204
7.14594	157.553
7.15175	164.528
7.15755	173.709
7.16336	173.008
7.16916	175.322
7.17497	172.409
7.18077	172.409
7.18658	173.308
7.19238	172.409
7.19819	170.725
7.20399	176.235
7.2098	180.251
7.2156	175.423
7.22141	174.917
7.22721	174.816
7.23302	176.541
7.23882	177.052
7.24463	180.772
7.25043	173.008
7.25624	175.93
7.26204	175.423
7.26785	173.508
7.27365	167.501
7.27946	171.912
7.28526
7.29107
7.29687
7.30268
7.30848
7.31429
7.32009
7.3259
7.3317
7.33751
7.34331
7.34912
7.35492
7.36073
7.36653
7.37234
7.37814
7.38395
7.38975
7.39556
7.40136
7.40717
7.41297
7.41878
7.42458
7.43039
7.43619
7.442
7.4478
7.45361
7.45941
7.46522
7.47102
7.47683
7.48263
7.48844
7.49424
7.50005
7.50585
7.51166
7.51746
7.52327
7.52907
7.53487
7.54068
7.54648
7.55229
7.55809
7.5639
7.56971
7.57551
7.58132	438.985
7.58712	438.224
7.59293	461.342
7.59873	461.875
7.60454	459.746
7.61034	451.326
7.61615	458.685
7.62195	431.443
7.62776	430.447
7.63356	430.696
7.63936	430.199
7.64517	426.734
7.65097	425.503
7.65678	420.859
7.66258	422.808
7.66839	422.32
7.67419	427.968
7.68	427.721
7.6858	418.193
7.69161	415.305
7.69741	434.444
7.70322	418.435
7.70902	420.373
7.71483	424.031
7.72063	413.39
7.72644	412.436
7.73224	418.435
7.73805	425.503
7.74385	426.734
7.74966	409.114
7.75546	415.545
7.76127	415.065
7.76707	421.589
7.77288	430.945
7.77868	419.403
7.78449	422.32
7.79029	426.241
7.7961	426.241
7.8019	436.708
7.80771	429.206	568.635
7.81351	429.95	539.518
7.81932	445.627	553.725	265.431
7.82512	421.345	546.733	275.586
7.83093	415.305	538.584	268.981
7.83673	543.584	273.051
7.84254	534.863	272.578
7.84834	537.03	271.478
7.85415	539.206	271.478
7.85995	544.842	275.745
7.86576	549.9	276.224
7.87156	547.049	273.999
7.87737	542.957	270.852
7.88317	536.101	267.741
7.88898	521.441	262.079
7.89478	514.559	257.28
7.90059	504.844	252.13
7.90639	500.199	249.378
7.9122	494.169	246.229
7.918	484.838	241.86
7.92381	475.135	237.979
7.92961	466.703	234.026
7.93542	465.895	232.007
7.94122	465.626	231.606
7.94703	458.42	228.681
7.95283	454.203	228.285
7.95864	450.805	227.495
7.96444	454.728	227.89
7.97025	454.728	224.882
7.97605	445.627	221.274
7.98186	445.885	216.846
7.98766	451.848	226.97
7.99347	455.517	237.705
7.99927	469.677	238.944
8.00508	472.944	230.538
8.01088	484.558	223.071
8.01669	481.767	211.038
8.02249	480.656	213.121
8.0283	500.778	213.121
8.0341	491.039
8.03991	494.74
8.04571	491.606
8.05152	504.552
8.05732	526.282
8.06313	557.255
8.06893	564.381
8.07474	560.807
8.08054	540.453
8.08635	520.839
8.09215	510.415
8.09796	519.637
8.10376	541.391
8.10957	538.584	280.727
8.11537	297.42
8.12118	300.702
8.12698	304.548
8.13279	308.978
8.13859	313.472
8.1444	316.383
8.1502	320.614
8.15601	321.541
8.16181	324.339
8.16762	325.465
8.17342	324.902
8.17923	321.355
8.18503	315.835
8.19084	303.144
8.19664	293.326
8.20245	291.805
8.20825	278.627
8.21406	271.949
8.21986	266.506
8.22567	256.389
8.23147	248.803
8.23728	249.09
8.24308	248.659
8.24889	246.657
8.25469	244.67
8.2605	241.023
8.2663	239.082
8.27211	236.472
8.27791	232.41
8.28372	228.945	801.389
8.28952	231.338	800.002
8.29533	231.338	817.756
8.30113	239.912	819.174
8.30694	236.472	827.736
8.31274	237.156	817.284
8.31855	227.627	822.493
8.32435	238.392	822.018
8.33016	818.228
8.33596	813.516
8.34177	816.812
8.34757	824.872
8.35338	816.812
8.35918	821.543
8.36499	805.566
8.37079	791.727
8.3766	795.854
8.3824	783.086
8.38821	815.398	436.456
8.39401	796.774	464.283
8.39982	814.927	465.088
8.40562	829.171	471.036
8.41143	854.454	476.784	238.806
8.41723	874.426	475.135	237.156
8.42304	863.884	466.164	233.486
8.42884	458.42	229.078
8.43465	449.765	224.493
8.44045	437.213	217.976
8.44626	430.945	215.722
8.45206	423.297	209.58
8.45787	426.981	206.337
8.46367	413.39	202.792
8.46948	394.039	198.619
8.47528	388.389	193.97
8.48109	391.769	189.759
8.48689	373.861	185.747
8.4927	185.211
8.4985	184.357
8.50431	185.211
8.51011	185.532
8.51592	185.747
8.52172	184.464
8.52753	183.719
8.53333	183.084
8.53914	183.295
8.54494	181.924
8.55075	184.464
8.55655	188.014
8.56236	183.932
8.56816	184.464
8.57397	182.134
8.57977	176.847
8.58558	172.011
8.59138
8.59719
8.60299
8.6088
8.6146
8.62041
8.62621
8.63202
8.63782
8.64363
8.64943
8.65524
8.66104
8.66685
8.67265
8.67846
8.68426
8.69007
8.69587
8.70168
8.70748
8.71329	454.991
8.71909	431.443
8.7249	431.194
8.7307	429.454
8.73651	429.454
8.74231	427.721
8.74812	422.808
8.75392	413.629
8.75973	413.151	829.65
8.76553	410.772	802.316
8.77134	410.061	833.493
8.77714	418.677	825.349
8.78295	423.053	812.576
8.78875	417.469	834.939
8.79456	413.151	829.65
8.80036	410.297	822.968
8.80617	414.107	819.174
8.81197	418.677	821.069
8.81778	415.785	816.34
8.82358	406.758	816.812
8.82939	408.17	817.284
8.83519	413.39	813.516
8.841	408.878	813.516
8.8468	411.96	816.812
8.85261	424.767	821.069	496.744
8.85841	411.484	819.647	496.171
8.86422	411.96	822.018	492.459
8.87002	410.535	820.121	491.89
8.87583	405.585	825.825	490.755
8.88163	390.865	826.303	491.606
8.88744	386.599	824.396	491.322
8.89324	397.697	834.939	489.905
8.89905	381.276	813.516	488.493
8.90485	799.078	482.603
8.91066	798.617	477.336
8.91646	770.968	475.409
8.92227	760.793	478.44
8.92807	765.642	486.803
8.93388	795.394	485.679
8.93968	477.06
8.94549	477.611
8.95129	477.611
8.9571	477.336
8.9629	482.324
8.96871	483.161
8.97451	490.189
8.98032	487.365
8.98612	472.125
8.99193
8.99773
9.00354
9.00934
9.01515
9.02095
9.02676
9.03256
9.03837
9.04417	218.228
9.04998	217.724
9.05578	213.614
9.06159	209.701
9.06739	207.173
9.0732	205.386
9.079	204.203
9.08481	198.849
9.09061	202.324
9.09642	192.965
9.10222	201.624
9.10803	205.03
9.11383	203.967
9.11964	202.792
9.12544	204.439
9.13125	205.267
9.13705	201.043
9.14286	203.379
9.14866	208.614
9.15447	206.218
9.16027	211.404
9.16608	204.912
9.17188	200.927
9.17769	204.203	294.514
9.18349	205.505	299.662
9.1893	202.324	305.253
9.1951	203.261	316.748
9.20091	199.078	323.778
9.20671	199.078	326.03
9.21252	196.451	324.714
9.21832	189.979	319.32
9.22413	188.448	316.565
9.22993	190.859	316.931
9.23574	195.658	316.2
9.24154	195.32	317.298
9.24735	192.408	318.767
9.25315	198.619	318.215
9.25896	190.088	315.106
9.26476	320.614
9.27057	327.729
9.27637	322.099
9.28218	324.902
9.28798	330.009
9.29379	324.714
9.29959	326.595
9.3054	326.407
9.3112	327.351
9.31701	338.699
9.32281	327.729
9.32862	332.688
9.33442	330.009	447.174
9.34023	333.843	457.362
9.34603	332.688	468.594
9.35184	340.268	460.543
9.35764	324.152	448.467
9.36345	315.106	442.805
9.36925	315.288	440.763
9.37506	316.748	440.254	219.873
9.38086	313.472	432.441	217.097
9.38667	428.71	214.727
9.39247	425.503	213.367
9.39828	418.435	211.038
9.40408	410.535	210.551
9.40989	416.265	212.383
9.41569	417.711	214.603
9.4215	425.995	226.839
9.4273	417.711	235.11
9.43311	415.785	235.11
9.43891	403.016	252.714
9.44472	411.722	252.714
9.45052	409.587	252.714
9.45633	412.674	261.777
9.46213	400.926	261.777
9.46794	394.039
9.47374	401.158
9.47955	410.061
9.48535	430.945
9.49116	430.696
9.49696	416.265
9.50277	412.913
9.50857	412.913
9.51438	423.297
9.52018	441.528
9.52599	415.065
9.53179	238.255
9.5376	236.472
9.5434	241.302
9.54921	243.823
9.55501	244.246
9.56082	242.139
9.56662	236.882
9.57243	236.199
9.57823	240.05
9.58404	243.261
9.58984	244.105
9.59565	243.683
9.60145	237.979
9.60726	236.063
9.61306	243.964
9.61887	245.519
9.62467	245.519
9.63048	234.297
9.63628
9.64209
9.64789
9.6537
9.6595	203.496
9.66531	203.967
9.67111	208.012
9.67692	208.735
9.68272	208.614
9.68853	207.413
9.69433	206.456
9.70014	207.173
9.70594	208.133
9.71175	208.855
9.71755	209.097
9.72336	207.772
9.72916	203.849
9.73497	209.338
9.74077	206.218
9.74658	207.892
9.75238	208.373
9.75819	212.138
9.76399	213.367
9.7698	211.648
9.7756	209.944
9.78141
9.78721
9.79302
9.79882
9.80463
9.81043
9.81624
9.82204
9.82785
9.83365
9.83946
9.84526
9.85107
9.85687
9.86268	244.953
9.86848	245.094
9.87429	244.105
9.88009	244.387
9.8859	242.98
9.8917	244.105	487.084
9.89751	243.964	484.278
9.90331	245.236	485.118
9.90912	242.98	487.365
9.91492	243.964	483.44
9.92073	242.279	481.489
9.92653	241.162	480.378
9.93234	242.559	481.489
9.93814	243.823	486.521
9.94394	246.657	486.803
9.94975	253.298	484.838
9.95555	259.668	480.101
9.96136	266.045	482.324
9.96716	273.683	482.324
9.97297	277.023	483.161
9.97878	279.272	486.241
9.98458	281.214	485.96
9.99039	283.661	487.647
9.99619	286.626	488.493
10.002	288.287	489.905
10.0078	288.953	493.028
10.0136	291.636	498.469
10.0194	293.665	489.905
10.0252	294.855	489.905
10.031	295.878	493.598
10.0368	295.707	503.97
10.0426	299.662	498.757
10.0484	295.025	484.838
10.0542	287.289	477.611
10.06	292.818	482.603
10.0659	295.707	485.118
10.0717	296.905	496.457
10.0775	297.592	493.313
10.0833	299.835	481.211
10.0891	304.021
10.0949	311.127
10.1007	307.731
10.1065
10.1123
10.1181
10.1239
10.1297
10.1355
10.1413
10.1471
10.1529
10.1587
10.1645
10.1703
10.1761
10.1819
10.1878	836.87
10.1936	820.595
10.1994	768.3
10.2052	817.756
10.211	820.121
10.2168	822.018
10.2226	819.174
10.2284	816.812
10.2342	820.595
10.24	814.927
10.2458	816.34
10.2516	821.543
10.2574	822.018
10.2632	824.396
10.269	822.018
10.2748	825.349
10.2806	821.069
10.2864	800.927
10.2922	793.1
10.298	782.182
10.3039	785.351	268.205
10.3097	809.765	278.145
10.3155	801.852	263.141
10.3213	811.17	263.75
10.3271	780.376	267.895
10.3329	770.968	263.902
10.3387	786.713	263.445
10.3445	794.935	265.278
10.3503	797.234	265.891
10.3561	797.234	266.353
10.3619	795.854	265.738
10.3677	793.1	262.686
10.3735	773.197	257.726
10.3793	773.644	255.355
10.3851	785.804	253.738
10.3909	813.516	253.006
10.3967	800.002	251.549
10.4025	764.758	252.422
10.4083	250.244
10.4141	247.799
10.42	246.372
10.4258	246.229
10.4316	245.519
10.4374	245.236
10.4432	245.236
10.449	244.953
10.4548	245.803
10.4606	247.513
10.4664	248.516
10.4722	249.667
10.478	251.985
10.4838	254.178
10.4896	255.65
10.4954	257.131
10.5012	256.389
10.507	252.86
10.5128	251.258
10.5186	254.031
10.5244	255.798
10.5302	253.298
10.5361	256.389
10.5419	255.06
10.5477	251.113
10.5535	249.955
10.5593
10.5651
10.5709
10.5767
10.5825
10.5883
10.5941
10.5999
10.6057
10.6115
10.6173	247.513
10.6231	244.953
10.6289	248.229
10.6347	259.518
10.6405	255.946
10.6463	253.591
10.6522	266.045
10.658	260.871
10.6638	264.207
10.6696	263.293
10.6754	260.57
10.6812	257.726
10.687	254.766
10.6928	255.798
10.6986	265.891
10.7044	270.383
10.7102	270.539
10.716	272.421
10.7218	275.427
10.7276	277.503
10.7334	280.89
10.7392	287.621
10.745	293.156
10.7508	297.764
10.7566	305.959
10.7624	314.924
10.7683	316.748
10.7741	316.748
10.7799	316.748
10.7857	301.05
10.7915	305.959
10.7973	311.667
10.8031	313.472
10.8089	315.652
10.8147	310.409
10.8205	804.636
10.8263	816.34
10.8321	781.279
10.8379	828.693
10.8437	822.018
10.8495	825.825
10.8553	820.595
10.8611	818.228
10.8669	815.398
10.8727	817.284
10.8785	844.64
10.8844	822.493
10.8902	814.456
10.896	833.975
10.9018	856.431	325.277
10.9076	864.383	325.089
10.9134	842.204	324.902
10.9192	856.431	323.591
10.925	841.232	324.714
10.9308	853.468	305.429
10.9366	830.13	325.277
10.9424	807.43	323.404
10.9482	824.872	328.487
10.954	823.92	328.297
10.9598	827.258	334.422
10.9656	829.65	336.359
10.9714	812.576	323.965
10.9772	853.468	326.218
10.983	860.398	324.152
10.9888	881.526	320.614
10.9946	307.198
11.0005	300.702
11.0063	299.143
11.0121	287.787
11.0179	281.377
11.0237	269.759
11.0295	269.603
11.0353	257.726
11.0411	251.113
11.0469	249.378
11.0527	240.606
11.0585	236.882
11.0643	237.705
11.0701	239.22
11.0759	242.84
11.0817	250.244
11.0875	245.236
11.0933	238.806
11.0991	238.392
11.1049	238.392
11.1107	238.392
11.1166	237.293
11.1224	233.351
11.1282	230.671
11.134	222.685
11.1398	216.971
11.1456	221.147
11.1514	233.891
11.1572	233.891
11.163
11.1688
11.1746
11.1804
11.1862
11.192
11.1978
11.2036
11.2094
11.2152
11.221
11.2268
11.2327
11.2385
11.2443
11.2501	416.265
11.2559	421.345
11.2617	427.721
11.2675	454.728
11.2733	467.242
11.2791	472.671
11.2849	473.218
11.2907	473.491
11.2965	474.586
11.3023	480.101
11.3081	482.324
11.3139	480.656	831.569
11.3197	476.234	818.701
11.3255	475.409	823.444
11.3313	473.491	824.872
11.3371	477.06	817.284
11.3429	481.767	819.647
11.3488	483.719	818.228
11.3546	483.719	817.756
11.3604	486.521	817.756
11.3662	495.312	821.543
11.372	494.169	810.233
11.3778	491.89	814.456
11.3836	490.472	822.493
11.3894	485.118	815.398
11.3952	489.905	803.707
11.401	491.039	828.693
11.4068	509.237	823.444
11.4126	491.039	820.121
11.4184	501.067	813.516
11.4242	507.182	807.43
11.43	504.844	810.701
11.4358	496.744	795.394	267.123
11.4416	497.031	765.642	265.891
11.4474	500.488	794.935	263.598
11.4532	508.649	801.389	264.36
11.459	505.719	792.185	264.055
11.4649	505.427	796.314	264.971
11.4707	499.622	806.032	269.447
11.4765	521.14	791.727	265.278
11.4823	528.72	787.167	263.902
11.4881	519.637	792.642	261.173
11.4939	496.457	764.317	252.568
11.4997	499.045	250.823
11.5055	492.459	246.942
11.5113	484.838	242.279
11.5171	493.883	238.668
11.5229	472.944	235.926
11.5287	232.141
11.5345	229.342
11.5403	228.945
11.5461	225.924
11.5519	223.975
11.5577	222.043
11.5635	222.299
11.5693	216.47
11.5751	210.794
11.581	211.038
11.5868	215.348
11.5926	222.428
11.5984	226.185
11.6042	229.342
11.61	237.293
11.6158
11.6216
11.6274
11.6332
11.639
11.6448
11.6506
11.6564
11.6622
11.668
11.6738
11.6796
11.6854
11.6912	236.609
11.6971	247.656
11.7029	243.964
11.7087	251.985
11.7145	254.178
11.7203	255.502
11.7261	255.65
11.7319	256.093
11.7377	256.538
11.7435	256.389
11.7493	256.982
11.7551	255.946	503.97
11.7609	255.65	508.649
11.7667	255.798	508.649
11.7725	256.093	512.483
11.7783	257.131	512.779
11.7841	256.538	510.12
11.7899	256.538	511.595
11.7957	257.875	515.154
11.8015	257.726	513.668
11.8073	259.369	517.241
11.8132	259.818	533.629
11.819	260.269	531.783
11.8248	264.665	529.943
11.8306	264.665	535.482
11.8364	266.199	533.321
11.8422	269.603	541.391
11.848	270.227	543.584
11.8538	271.635	544.213
11.8596	271.949	540.766
11.8654	268.205	544.527
11.8712	264.055	543.27
11.877	261.474	543.898
11.8828	264.207	541.391
11.8886	266.814	549.9
11.8944	271.165	547.681
11.9002	275.268	547.998
11.906	276.703	554.045
11.9118	274.633	547.998
11.9176	274.633	547.365
11.9234	270.539	548.631
11.9293	259.818	559.836
11.9351	261.928	544.527
11.9409	262.382	548.315
11.9467	261.777	545.786
11.9525	267.895	542.643
11.9583	270.383	543.584
11.9641	260.269	546.417
11.9699	259.518	544.842
11.9757	256.389	544.213
11.9815	248.085	539.206
11.9873	255.65	540.766
11.9931	251.403	542.016
11.9989	266.199	548.948
12.0047	544.842
12.0105	546.417
12.0163	546.102
12.0221	547.998	281.377
12.0279	543.584	275.109
12.0337	550.854	278.466
12.0395	550.218	264.971
12.0454	546.102	268.826
12.0512	542.643	275.586
12.057	538.273	275.745
12.0628	537.341	279.595
12.0686	543.27	278.466
12.0744	551.172	276.703
12.0802	549.583	274.316
12.086	546.102	273.683
12.0918	546.733	273.683
12.0976	532.09	275.905
12.1034	537.651	278.306
12.1092	564.055	282.354
12.115	552.128	286.626
12.1208	550.536	289.622
12.1266	550.854	292.142
12.1324	549.9	295.707
12.1382	297.764
12.144	302.444
12.1498	304.196
12.1556	311.667
12.1615	312.027
12.1673	311.847
12.1731	302.794
12.1789	302.619
12.1847	301.921
12.1905	306.666
12.1963	313.291
12.2021	312.929
12.2079	302.619
12.2137	300.009
12.2195	295.707
12.2253	294.344
12.2311	293.495
12.2369	295.878	528.414
12.2427	295.537	556.933
12.2485	549.265
12.2543	547.049
12.2601	550.536
12.2659	549.265
12.2717	554.045
12.2776	564.381
12.2834	566.668	304.196
12.2892	580.919	304.021
12.295	595.528	305.076
12.3008	601.752	302.095
12.3066	603.144	303.845
12.3124	610.858	305.959
12.3182	612.625	306.666
12.324	607.34	304.9
12.3298	609.448	303.494
12.3356	604.19	302.27
12.3414	597.596	299.143
12.3472	596.561	299.489
12.353	609.096	305.253
12.3588	590.391	301.746
12.3646	588.348	306.666
12.3704	579.913	318.032
12.3762	585.974	308.443
12.382	586.99	296.391
12.3878	581.59	292.48
12.3937	575.907	289.957
12.3995	567.651	285.14
12.4053	565.034	280.727
12.4111	557.577	274.474
12.4169	556.611	274.157
12.4227	540.141	270.695
12.4285	519.637	261.777
12.4343	520.538	262.534
12.4401	517.839	258.919
12.4459	503.388	253.006
12.4517	497.606	248.659
12.4575	486.241	245.945
12.4633	480.656	236.199
12.4691	458.685	228.681
12.4749	456.043	228.681
12.4807	452.37	249.811
12.4865	463.479	248.372
12.4923	247.227	226.185
12.4981	240.745	225.533
12.5039	237.979	224.623
12.5098	242.84	223.587
12.5156	234.161	214.851
12.5214	213.367
12.5272	212.016
12.533	210.187
12.5388	209.338
12.5446	207.053
12.5504	206.337
12.5562	204.203
12.562	201.275
12.5678	194.981
12.5736	199.309
12.5794	198.275
12.5852	204.675
12.591	197.589
12.5968	199.539
12.6026	197.589
12.6084	193.299
12.6142	201.857
12.62	206.934
12.6258	203.732
12.6317	197.247
12.6375
12.6433
12.6491
12.6549
12.6607
12.6665
12.6723
12.6781
12.6839
12.6897
12.6955
12.7013
12.7071
12.7129
12.7187
12.7245	848.552
12.7303	818.701
12.7361	822.493
12.742	824.396
12.7478	825.825
12.7536	817.284
12.7594	818.228
12.7652	816.812
12.771	816.34
12.7768	817.284
12.7826	812.576
12.7884	807.43
12.7942	806.032
12.8	840.261
12.8058	843.178
12.8116	825.349
12.8174	824.396
12.8232	825.349
12.829	828.214
12.8348	814.456	296.049
12.8406	825.349	289.455
12.8464	829.171	288.453
12.8522	825.825	290.292
12.858	841.718	281.539
12.8639	836.87	279.595
12.8697	833.975	278.145
12.8755	823.444	275.745
12.8813	803.243	272.736
12.8871	810.233	269.136
12.8929	794.476	265.431
12.8987	776.33	259.369
12.9045	757.285	253.152
12.9103	756.411	250.678
12.9161	742.987	247.799
12.9219	738.281	246.372
12.9277	737.429	244.953
12.9335	730.645	245.236
12.9393	729.801	244.387
12.9451	723.923	245.661
12.9509	716.436	249.234
12.9567	746.859	250.1
12.9625	752.054	250.533
12.9683	749.02	250.244
12.9741	748.155	249.378
12.98	752.924	249.811
12.9858	751.186	246.229
12.9916	750.752	250.1
12.9974	752.924	251.839
13.0032	753.794	253.884
13.009	762.993	254.618
13.0148	764.758	255.65
13.0206	750.752	260.119
13.0264	740.844	260.119
13.0322	745.136	270.383
13.038	756.848
13.0438	745.136
13.0496	725.598
13.0554
13.0612
13.067
13.0728
13.0786
13.0844
13.0902
13.0961
13.1019
13.1077
13.1135
13.1193
13.1251
13.1309
13.1367
13.1425
13.1483
13.1541
13.1599
13.1657
13.1715
13.1773	274.95
13.1831	279.111
13.1889	281.214
13.1947	279.918
13.2005	279.595
13.2063	278.145
13.2122	277.663
13.218	276.543
13.2238	276.383
13.2296	276.863
13.2354	277.183
13.2412	277.984
13.247	280.727
13.2528	282.68
13.2586	284.975
13.2644	288.12
13.2702	292.142
13.276	294.514
13.2818	297.077
13.2876	297.42
13.2934	298.798
13.2992	297.764
13.305	293.834
13.3108	292.48
13.3166	290.292
13.3224	291.468
13.3283	296.905
13.3341	294.855
13.3399
13.3457
13.3515
13.3573
13.3631
13.3689
13.3747
13.3805
13.3863
13.3921
13.3979
13.4037
13.4095
13.4153
13.4211	292.818
13.4269	294.684
13.4327	294.855
13.4385	299.316
13.4444	314.742
13.4502	313.291
13.456	318.951
13.4618	325.653
13.4676	326.973
13.4734	324.902
13.4792	323.778
13.485	320.614
13.4908	322.099
13.4966	311.307
13.5024	310.947
13.5082	304.021
13.514	302.095
13.5198	298.453
13.5256	287.621
13.5314	282.354
13.5372	281.214
13.543	275.268
13.5488	271.322
13.5546	268.05
13.5605	259.219
13.5663	256.093
13.5721	252.13
13.5779	249.378
13.5837	247.37
13.5895	243.964
13.5953	241.162
13.6011	236.882
13.6069	233.351
13.6127	230.405
13.6185	226.316
13.6243	224.363
13.6301	222.171
13.6359	220.254
13.6417	218.228
13.6475	220
13.6533	216.345
13.6591	215.722
13.6649	213.49
13.6707	212.138
13.6766	211.404
13.6824	209.823
13.6882	209.459
13.694	208.614
13.6998	205.267
13.7056	203.614
13.7114	211.16
13.7172	211.526
13.723	210.916
13.7288	205.149
13.7346	205.98
13.7404	207.293
13.7462	209.338
13.752	220.254
13.7578	222.043
13.7636	219.619
13.7694
13.7752
13.781
13.7868
13.7927
13.7985
13.8043
13.8101
13.8159
13.8217
13.8275	833.012
13.8333	832.531
13.8391	828.693
13.8449	829.171
13.8507	825.349
13.8565	822.018
13.8623	819.174
13.8681	822.968
13.8739	819.647
13.8797	815.869
13.8855	818.228
13.8913	816.812
13.8971	818.228
13.9029	820.121
13.9088	822.493
13.9146	817.756
13.9204	822.493
13.9262	823.92
13.932	825.349	298.798
13.9378	796.314	297.077
13.9436	815.398	300.529
13.9494	806.964	302.619
13.9552	813.046	303.845
13.961	801.852	298.798
13.9668	802.316	298.108
13.9726	796.774	298.798
13.9784	800.927	298.625
13.9842	803.707	297.764
13.99	790.813	297.249
13.9958	787.622	295.878
14.0016	782.634	296.563
14.0074	788.988	296.22
14.0132	797.234	298.453
14.019	798.617	295.878
14.0249	795.854	295.195
14.0307	792.642	293.326
14.0365	779.475	295.195
14.0423	784.444	299.316
14.0481	805.101	302.444
14.0539	794.476	293.495
14.0597	816.34	303.144
14.0655	809.297	297.592
14.0713	806.964
14.0771	788.077	229.74
14.0829	216.47
14.0887	216.721
14.0945	215.971
14.1003	213.984
14.1061	212.138
14.1119	208.976
14.1177	213.49
14.1235	216.596
14.1293	213.737
14.1351	212.629
14.141	207.652
14.1468	206.695
14.1526	205.742
14.1584	205.623
14.1642	203.379
14.17	204.675
14.1758	198.504
14.1816	200
14.1874	201.857
14.1932	198.504
14.199	198.849
14.2048	198.161
14.2106	199.654
14.2164	199.539
14.2222	198.849
14.228	200
14.2338	200.811
14.2396	197.133
14.2454	188.557	308.978
14.2512	188.666	319.136
14.2571	198.39	317.114
14.2629	198.39	314.016
14.2687	198.39	313.653
14.2745	208.373	312.568
14.2803	320.614
14.2861	325.465
14.2919	323.217	243.542
14.2977	323.404	257.28
14.3035	325.653	275.745
14.3093	320.244	275.586
14.3151	321.913	272.736
14.3209	318.032	268.826
14.3267	318.767	268.981
14.3325	314.197	260.57
14.3383	304.9	254.031
14.3441	318.583	254.913
14.3499	315.835	241.302
14.3557	318.951	232.813
14.3615	324.527	247.799
14.3673	333.458	257.577
14.3732	318.215	257.577
14.379	322.471	252.422
14.3848	339.286	240.745
14.3906	333.843	241.023
14.3964	332.496	236.472
14.4022	331.537
14.408	331.729
14.4138	328.487	590.391
14.4196	329.437	568.964
14.4254	331.154	585.298
14.4312	334.036	591.756
14.437	340.661	597.251
14.4428	337.137	586.99
14.4486	347.417	584.284
14.4544	345.416	586.99
14.4602	339.286	581.59
14.466	324.339	585.974
14.4718	333.843	571.929
14.4776	332.88	557.899
14.4834	319.505	561.455
14.4893	327.918	569.621
14.4951	569.293	816.34
14.5009	557.899	813.986
14.5067	553.725	809.765
14.5125	573.915	805.566
14.5183	583.947	814.927
14.5241	583.273	813.046
14.5299	568.964	812.107
14.5357	561.779	819.174
14.5415	554.686	817.284
14.5473	552.447	819.174	241.441
14.5531	553.086	819.174	254.766
14.5589	557.577	814.456	253.006
14.5647	550.854	810.701	254.178
14.5705	549.9	813.986	253.591
14.5763	566.014	838.806	249.378
14.5821	569.951	837.837	242.84
14.5879	584.284	833.012	240.467
14.5937	592.44	829.65	238.53
14.5995	584.96	818.701	236.609
14.6054	566.014	839.29	235.246
14.6112	561.779	813.516	232.678
14.617	552.128	809.297	228.549
14.6228	580.248	788.988	225.533
14.6286	833.012	222.043
14.6344	833.012	219.492
14.6402	216.345
14.646	213.861
14.6518	212.016
14.6576	209.944
14.6634	208.012
14.6692	204.321
14.675	202.675
14.6808	200.232
14.6866	195.658
14.6924	193.635
14.6982	191.521
14.704	187.688
14.7098	185.854
14.7156	182.978
14.7215	180.667
14.7273	178.799
14.7331	177.154
14.7389	175.626
14.7447	174.01
14.7505	172.111
14.7563	170.626
14.7621	166.825
14.7679	161.889
14.7737	157.462
14.7795	150.96
14.7853	143.811
14.7911	138.912
14.7969	144.227
14.8027	145.65
14.8085
14.8143
14.8201
14.8259
14.8317
14.8376
14.8434
14.8492
14.855
14.8608
14.8666
14.8724
14.8782
14.884
14.8898
14.8956
14.9014
14.9072
14.913
14.9188
14.9246
14.9304
14.9362
14.942
14.9478
14.9537
14.9595
14.9653
14.9711
14.9769
14.9827
14.9885
14.9943
15.0001
15.0059
15.0117
15.0175
15.0233
15.0291
15.0349
15.0407
15.0465
15.0523
15.0581
15.0639
15.0697
15.0756
15.0814	250.968
15.0872	266.506
15.093	274.316
15.0988	271.635
15.1046	267.432
15.1104	264.055
15.1162	259.818
15.122	255.355
15.1278	251.694
15.1336	249.09
15.1394	247.084
15.1452	246.799
15.151	245.236
15.1568	244.387
15.1626	245.803
15.1684	245.803
15.1742	247.37
15.18	248.947
15.1859	251.839
15.1917	254.766
15.1975	259.969
15.2033	263.902
15.2091	265.584
15.2149	271.478
15.2207	275.427
15.2265	277.663
15.2323	277.183
15.2381	277.824
15.2439	277.503
15.2497	277.503	431.942
15.2555	280.08	429.95
15.2613	276.224	408.17
15.2671	271.008	426.981
15.2729	276.064	427.721
15.2787	276.703	411.484
15.2845	283.334	429.95
15.2903	288.62	409.587
15.2961	272.893	412.436
15.3019	276.064	413.151
15.3078	272.736	416.987
15.3136	272.578	407.463
15.3194	277.023	401.158
15.3252	286.957	412.674
15.331	286.13	430.199
15.3368	278.627	418.677
15.3426	274.157	425.503
15.3484	426.241
15.3542	424.521
15.36	430.199
15.3658	427.968
15.3716	431.443	336.943
15.3774	446.658	329.818
15.3832	442.293	319.874
15.389	453.678	317.664
15.3948	458.685	313.291
15.4006	463.747	305.605
15.4064	466.972	303.144
15.4122	468.864	293.834
15.418	471.308	301.572
15.4239	451.326	309.872
15.4297	451.326	310.051
15.4355	464.283	313.834
15.4413	462.142	302.794
15.4471	442.549	296.734
15.4529	458.95	293.665
15.4587	293.834
15.4645	300.702
15.4703	299.143
15.4761	303.319
15.4819	300.355
15.4877	309.693
15.4935	315.47
15.4993	309.514
15.5051	323.591
15.5109	321.17
15.5167	326.784
15.5225	329.818
15.5283	334.036
15.5341	336.748
15.54	335.777
15.5458	335.196
15.5516	329.818
15.5574	314.742	343.427
15.5632	300.876	338.895
15.569	290.292	321.727
15.5748	285.305	322.099
15.5806	318.583
15.5864	318.583
15.5922	320.244
15.598	318.767
15.6038	315.652
15.6096	313.291
15.6154	309.335
15.6212	302.619
15.627	298.281
15.6328	294.004
15.6386	286.626
15.6444	280.241
15.6502	275.427
15.6561	273.051
15.6619	268.36
15.6677	255.946
15.6735	251.985
15.6793	248.085
15.6851	243.964
15.6909	236.882
15.6967	231.472
15.7025	229.475
15.7083	226.97
15.7141	221.53
15.7199	221.658
15.7257	222.299
15.7315	220.382
15.7373	216.345
15.7431	218.733
15.7489	222.043
15.7547	218.733
15.7605	217.599
15.7663	221.658
15.7722	222.171
15.778	214.727
15.7838	221.147
15.7896	215.348
15.7954	210.551
15.8012
15.807
15.8128
15.8186
15.8244
15.8302
15.836
15.8418
15.8476
15.8534
15.8592
15.865
15.8708
15.8766
15.8824
15.8883
15.8941
15.8999
15.9057
15.9115
15.9173
15.9231
15.9289
15.9347
15.9405
15.9463
15.9521
15.9579
15.9637
15.9695
15.9753
15.9811
15.9869
15.9927
15.9985
16.0044
16.0102
16.016
16.0218
16.0276
16.0334
16.0392
16.045	293.665
16.0508	300.009
16.0566	313.834
16.0624	298.281
16.0682	294.514
16.074	290.795
16.0798	287.787
16.0856	277.343
16.0914	277.183
16.0972	271.635
16.103	266.199
16.1088	264.207
16.1146	259.219
16.1205	254.324
16.1263	251.839
16.1321	247.084
16.1379	263.445
16.1437	274.633
16.1495	274.633
16.1553	280.241
16.1611	277.183
16.1669	268.981
16.1727	270.539
16.1785	275.268
16.1843	267.741
16.1901	269.292
16.1959	271.949
16.2017	264.055
16.2075	277.984
16.2133	291.636
16.2191	304.9
16.2249	308.087
16.2307	308.087
16.2366	304.724
16.2424	318.583
16.2482	318.583
16.254	321.727
16.2598
16.2656
16.2714
16.2772
16.283
16.2888
16.2946
16.3004
16.3062
16.312
16.3178
16.3236
16.3294
16.3352
16.341
16.3468
16.3527
16.3585
16.3643
16.3701
16.3759
16.3817
16.3875
16.3933
16.3991
16.4049
16.4107
16.4165
16.4223
16.4281
16.4339
16.4397
16.4455
16.4513
16.4571
16.4629
16.4688
16.4746
16.4804
16.4862
16.492
16.4978
16.5036	357.804
16.5094	368.927
16.5152	375.81
16.521	378.205
16.5268	373.645
16.5326	362.799
16.5384	348.221
16.5442	348.422
16.55	344.818
16.5558	334.036
16.5616	334.036
16.5674	361.126
16.5732	358.839
16.579	349.834
16.5849	367.014
16.5907	349.632
16.5965	333.65
16.6023	330.963
16.6081	337.137
16.6139	320.614
16.6197	328.297
16.6255	321.727
16.6313	337.917
16.6371	325.841
16.6429	310.588
16.6487	316.931
16.6545	333.65
16.6603	332.112
16.6661	318.032
16.6719	322.658
16.6777	316.565
16.6835	333.265
16.6893	329.437
16.6951	329.437
16.701	332.496
16.7068	340.464
16.7126	332.88
16.7184	341.646
16.7242
16.73
16.7358
16.7416
16.7474
16.7532
16.759
16.7648
16.7706
16.7764
16.7822
16.788
16.7938
16.7996
16.8054
16.8112
16.8171
16.8229
16.8287
16.8345
16.8403
16.8461
16.8519
16.8577
16.8635
16.8693
16.8751
16.8809
16.8867
16.8925
16.8983
16.9041
16.9099
16.9157
16.9215	403.482
16.9273	403.482
16.9332	421.102
16.939	407.934
16.9448	401.622
16.9506	410.297
16.9564	429.206
16.9622	428.463
16.968	432.941
16.9738	421.589
16.9796	420.859
16.9854	415.065
16.9912	414.825
16.997	419.888
17.0028	415.305
17.0086	428.958
17.0144	428.215
17.0202	440
17.026	453.416	641.228
17.0318	465.088	645.688
17.0376	464.015	633.863
17.0434	461.875	643.082
17.0493	456.043	649.053
17.0551	649.428
17.0609	649.804
17.0667	646.808	322.285
17.0725	655.08	310.768
17.0783	656.595	303.845
17.0841	652.813	312.568
17.0899	652.813	326.973
17.0957	644.57	314.924
17.1015	650.93	308.978
17.1073	637.903	307.909
17.1131	622.613	309.514
17.1189	625.136	308.978
17.1247	609.096	305.076
17.1305	598.287	300.355
17.1363	592.783	296.391
17.1421	586.651	292.987
17.1479	583.947	289.622
17.1537	574.91	286.626
17.1595	565.687	282.191
17.1654	558.221	278.949
17.1712	552.766	276.064
17.177	542.016	271.949
17.1828	533.321	267.123
17.1886	521.14	261.022
17.1944	511.595	255.798
17.2002	499.911	249.234
17.206	493.028	244.953
17.2118	485.679	240.606
17.2176	472.671	237.156
17.2234	471.308	235.246
17.2292	463.211	230.938
17.235	455.254	227.627
17.2408	449.245	225.403
17.2466	441.018	221.53
17.2524	432.941	216.971
17.2582	428.215	214.355
17.264	418.677	211.16
17.2698	414.586	207.532
17.2756	407.934	204.321
17.2815	402.086	200.695
17.2873	401.854	200.347
17.2931	391.543	196.451
17.2989	394.039	196.224
17.3047	389.738	195.658
17.3105	392.449	193.076
17.3163	385.929	192.075
17.3221	384.594	190.748
17.3279	381.276	189.869
17.3337	378.205	187.688
17.3395	384.594	181.19
17.3453	394.039	173.408
17.3511	388.165	181.295
17.3569	392.222	167.598
17.3627	404.182	159.937
17.3685	403.016	167.115
17.3743	383.707	187.471
17.3801	420.859
17.3859	425.012
17.3917	417.711
17.3976
17.4034
17.4092
17.415
17.4208
17.4266
17.4324
17.4382
17.444
17.4498
17.4556
17.4614
17.4672
17.473
17.4788
17.4846
17.4904
17.4962
17.502
17.5078
17.5137
17.5195
17.5253
17.5311
17.5369
17.5427
17.5485
17.5543
17.5601
17.5659
17.5717
17.5775
17.5833
17.5891
17.5949	298.108
17.6007	298.281
17.6065	300.529
17.6123	299.316
17.6181	300.702
17.6239	295.878
17.6297	287.289
17.6356	278.306
17.6414	276.224
17.6472	277.663
17.653	287.289
17.6588	290.963
17.6646	295.878
17.6704	282.517
17.6762	280.08
17.682	280.241
17.6878	280.403
17.6936	270.539
17.6994	275.745
17.7052	271.322
17.711	273.209
17.7168	269.292
17.7226	272.421
17.7284	277.984
17.7342	266.506
17.74	266.969
17.7458
17.7517
17.7575
17.7633
17.7691
17.7749
17.7807	827.258
17.7865	825.349
17.7923	822.493
17.7981	820.121
17.8039	820.121
17.8097	813.986
17.8155	820.595
17.8213	821.069
17.8271	819.647
17.8329	815.398
17.8387	826.78
17.8445	847.573
17.8503	808.83
17.8561	806.032
17.8619	826.78
17.8678	823.444
17.8736	808.363
17.8794	799.078
17.8852	805.566
17.891	805.101
17.8968	811.638	301.224
17.9026	784.444	317.664
17.9084	791.727	316.931
17.9142	783.538	318.767
17.92	779.926	320.614
17.9258	810.701	311.847
17.9316	822.968	312.929
17.9374	806.964	323.965
17.9432	807.43	325.089
17.949	791.727	321.727
17.9548	793.1	317.848
17.9606	774.091	313.653
17.9664	773.197	310.051
17.9722	766.084	306.666
17.9781	783.538	299.662
17.9839	807.896	293.156
17.9897	284.318
17.9955	276.703
18.0013	271.008
18.0071	265.738
18.0129	261.173
18.0187	256.982
18.0245	254.178
18.0303	250.823
18.0361	248.659
18.0419	245.661
18.0477	242.419
18.0535	240.05
18.0593	236.745
18.0651	233.891
18.0709	231.606
18.0767	229.342
18.0825	226.708
18.0883	225.012
18.0941	222.942
18.1	220
18.1058	218.986
18.1116	215.348
18.1174	214.975
18.1232	213.121
18.129	211.282
18.1348	207.772
18.1406	199.424
18.1464	210.065
18.1522	215.971
18.158	214.355
18.1638	210.916
18.1696	205.505
18.1754	206.099
18.1812
18.187
18.1928
18.1986
18.2044
18.2102
18.2161
18.2219
18.2277
18.2335
18.2393
18.2451
18.2509
18.2567
18.2625
18.2683
18.2741
18.2799
18.2857
18.2915
18.2973
18.3031
18.3089
18.3147
18.3205
18.3263
18.3322
18.338
18.3438
18.3496
18.3554
18.3612
18.367
18.3728
18.3786
18.3844
18.3902
18.396
18.4018
18.4076
18.4134
18.4192
18.425
18.4308
18.4366
18.4424
18.4483
18.4541
18.4599
18.4657
18.4715
18.4773
18.4831
18.4889
18.4947
18.5005
18.5063
18.5121
18.5179
18.5237
18.5295
18.5353
18.5411
18.5469
18.5527
18.5585	506.011
18.5644	518.438
18.5702	495.884
18.576	493.028
18.5818	507.182
18.5876	514.559
18.5934	530.249
18.5992	494.169
18.605	475.959
18.6108	495.312
18.6166	472.671
18.6224	468.052
18.6282	484.838
18.634	489.905
18.6398	478.993
18.6456	455.517
18.6514	443.316
18.6572	431.194
18.663	438.478
18.6688	427.474
18.6746	427.474
18.6805	428.463	340.464
18.6863	430.447	344.42
18.6921	420.616	349.632
18.6979	430.945	351.657
18.7037	349.027
18.7095	349.834
18.7153	337.722
18.7211	334.036
18.7269	333.073
18.7327	345.416
18.7385	352.674
18.7443	351.657
18.7501	342.239
18.7559	334.229
18.7617	330.581
18.7675	339.482
18.7733	344.818
18.7791	350.846
18.7849	341.055
18.7907	337.722
18.7966	337.917
18.8024	338.503
18.8082	334.036
18.814	342.437
18.8198	327.54
18.8256	329.247
18.8314	335.389
18.8372	327.351
18.843	328.677
18.8488
18.8546
18.8604
18.8662
18.872
18.8778
18.8836
18.8894
18.8952
18.901
18.9068
18.9127
18.9185
18.9243
18.9301
18.9359
18.9417
18.9475
18.9533
18.9591
18.9649	329.057
18.9707	330.009
18.9765	332.112
18.9823	328.108
18.9881	320.614
18.9939	327.54
18.9997	307.731
19.0055	326.973
19.0113	325.841
19.0171	326.595
19.0229	323.591
19.0288	327.162
19.0346	321.727
19.0404	318.215
19.0462	306.135
19.052	305.959
19.0578	319.505
19.0636	318.215
19.0694	320.244
19.0752	317.664
19.081	320.799
19.0868	327.351
19.0926	330.199
19.0984	315.835
19.1042
19.11
19.1158
19.1216
19.1274
19.1332
19.139
19.1449
19.1507
19.1565
19.1623
19.1681
19.1739
19.1797
19.1855
19.1913
19.1971
19.2029
19.2087
19.2145
19.2203
19.2261
19.2319
19.2377
19.2435
19.2493
19.2551
19.261	296.049
19.2668	298.798
19.2726	300.182
19.2784	299.662
19.2842	314.016
19.29	301.921
19.2958	301.746
19.3016	305.605
19.3074	306.489
19.3132	307.021
19.319	302.095	607.34
19.3248	302.444	602.796
19.3306	301.224	601.752
19.3364	298.625	598.632
19.3422	300.876	593.811
19.348	300.009	588.688
19.3538	290.963	581.927
19.3596	288.953	564.055
19.3654	286.626	570.28
19.3712	274.157	545.786
19.3771	272.263	536.101
19.3829	263.75	528.414
19.3887	261.626	522.647
19.3945	257.577	517.839
19.4003	256.538	513.075
19.4061	255.65	518.737
19.4119	252.13	503.097
19.4177	249.234	498.757
19.4235	247.656	495.312
19.4293	242.419	483.999
19.4351	240.606	480.933
19.4409	238.255	476.234
19.4467	236.882	474.312
19.4525	236.472	474.86
19.4583	236.336	472.671
19.4641	235.382	471.58
19.4699	232.947	466.164
19.4757	230.938	461.875
19.4815	229.078	459.215
19.4873	225.012	448.986
19.4932	217.348	455.254
19.499	232.813	469.406
19.5048	233.082	470.22
19.5106	229.078	459.215
19.5164	216.221	476.509
19.5222	230.272	477.887
19.528	231.205	491.039
19.5338	224.623	501.936
19.5396	220	497.606
19.5454	208.253
19.5512	217.976	610.858
19.557	650.93
19.5628	650.93
19.5686	650.93
19.5744	651.683
19.5802	652.436
19.586	655.08
19.5918	652.436
19.5976	647.93
19.6034	657.354
19.6093	658.114	242.699
19.6151	659.636	254.031
19.6209	651.307	251.549
19.6267	650.555	255.355
19.6325	666.53	254.471
19.6383	675.444	251.403
19.6441	663.074	246.514
19.6499	676.616	242.559
19.6557	647.93	244.387
19.6615	659.255	243.683
19.6673	644.198	241.999
19.6731	647.181	239.22
19.6789	649.428	236.199
19.6847	633.497	232.007
19.6905	224.623
19.6963	221.019
19.7021	217.473
19.7079	214.851
19.7137	212.016
19.7195	209.823
19.7254	209.459
19.7312	206.934
19.737	205.623
19.7428	204.912
19.7486	202.792
19.7544	200.695
19.7602	199.654
19.766	197.361
19.7718	195.658
19.7776	195.432
19.7834	195.207
19.7892	194.756
19.795	194.307
19.8008	193.188
19.8066	192.186
19.8124	190.859
19.8182	189.869
19.824	189.869
19.8298	189.431
19.8356	188.231
19.8415	187.363
19.8473	186.284
19.8531	183.507
19.8589	181.609
19.8647	185.639
19.8705	189.431
19.8763	187.797
19.8821	188.557
19.8879	194.195
19.8937	197.133
19.8995
19.9053
19.9111
19.9169
19.9227
19.9285
19.9343
19.9401
19.9459
19.9517
19.9576
19.9634
19.9692
19.975
19.9808
19.9866
19.9924
19.9982
20.004	261.173
20.0098	274.633
20.0156	289.789
20.0214	274.791
20.0272	277.503
20.033	282.354
20.0388	283.17
20.0446	283.007
20.0504	289.12
20.0562	298.281
20.062	304.196
20.0678	313.653
20.0737	310.051
20.0795	312.749
20.0853	303.144
20.0911	299.835
20.0969	306.312
20.1027	310.051
20.1085	310.588	207.892
20.1143	303.67	217.85
20.1201	290.963	223.975
20.1259	286.13	235.79
20.1317	286.13	241.58
20.1375	282.028	247.799
20.1433	280.727	250.678
20.1491	289.622	250.389
20.1549	292.987	247.799
20.1607	307.553	237.293
20.1665	239.912
20.1723	248.372
20.1781	249.811
20.1839	248.947
20.1898	247.656
20.1956	244.953
20.2014	244.67
20.2072	242.279
20.213	238.944
20.2188	253.152
20.2246	237.019
20.2304
20.2362
20.242
20.2478	329.437
20.2536	314.197
20.2594	312.749
20.2652	321.355
20.271	318.032
20.2768	318.032
20.2826	315.835
20.2884	311.667
20.2942	309.156
20.3	319.32
20.3058	318.032
20.3117	315.288
20.3175	317.664	784.897
20.3233	317.481	805.566
20.3291	309.872	821.543
20.3349	322.099	822.493
20.3407	321.727	813.986
20.3465	317.848	822.018
20.3523	317.481	819.174
20.3581	323.778	829.65
20.3639	329.247	822.018
20.3697	326.973	813.516
20.3755	329.057	822.018
20.3813	342.634	828.214
20.3871	336.554	840.746
20.3929	347.016	850.024
20.3987	335.389	847.573
20.4045	335.971	834.457
20.4103	331.729	832.05
20.4161	329.437	839.29
20.4219	326.407	837.837
20.4278	311.667	849.533
20.4336	310.947	850.024
20.4394	307.909	837.837
20.4452	318.032	844.152
20.451	334.422	827.736
20.4568	332.304	831.569
20.4626	317.114	814.456
20.4684	325.089	855.442
20.4742	321.727	841.232
20.48	318.583	830.609
20.4858	328.867	832.531
20.4916	327.351	864.882
20.4974	316.565	827.258
20.5032	313.291
20.509	324.902
20.5148	316.017
20.5206	318.951
20.5264	330.009
20.5322
20.538
20.5439
20.5497
20.5555
20.5613	348.422
20.5671	347.417
20.5729	344.023
20.5787	335.196
20.5845	329.057
20.5903	325.089
20.5961	313.834
20.6019	307.198
20.6077	304.372
20.6135	301.921
20.6193	297.42
20.6251	290.795
20.6309	284.482
20.6367	280.89
20.6425	278.466
20.6483	276.703
20.6542	275.268
20.66	273.209
20.6658	270.852
20.6716	269.292
20.6774	267.277
20.6832	264.055
20.689	269.915
20.6948	262.686
20.7006	267.586
20.7064	267.586
20.7122	279.433	250.533
20.718	260.269	247.37
20.7238	266.969	244.387
20.7296	269.603	240.606
20.7354	256.389	238.117
20.7412	253.298	235.654
20.747	232.947
20.7528	230.804
20.7586	228.022
20.7644	225.403
20.7702	227.233
20.7761	228.549
20.7819	226.97
20.7877	223.716
20.7935	221.914
20.7993	218.986
20.8051	215.099
20.8109	209.58
20.8167	206.814
20.8225	204.794
20.8283	203.144
20.8341	201.043
20.8399	199.539
20.8457	198.275
20.8515	196.792
20.8573	195.998
20.8631	195.771
20.8689	195.32
20.8747	194.083
20.8805	193.635
20.8863	188.666
20.8922	186.823
20.898	185.961
20.9038	185.211	369.994
20.9096	186.069	368.076
20.9154	196.565	365.956
20.9212	206.576	365.745
20.927	198.504	365.745
20.9328	369.141
20.9386	367.863
20.9444	371.923
20.9502	367.863
20.956	366.167
20.9618	363.848
20.9676	368.501
20.9734	367.227
20.9792	363.218
20.985	361.126
20.9908	353.694
20.9966	367.651
21.0024	367.439
21.0083	373.861
21.0141	381.056
21.0199	377.115
21.0257	377.115
21.0315	386.152
21.0373	392.449
21.0431	394.722
21.0489	394.494
21.0547	403.016
21.0605	396.779
21.0663	396.092	320.244
21.0721	402.783	308.265
21.0779	412.436	311.487
21.0837	411.009	318.215
21.0895	395.635	322.285
21.0953	395.635	324.527
21.1011	318.767
21.1069	305.782
21.1127	296.563
21.1185	291.131
21.1244	280.89
21.1302	273.525
21.136	266.353
21.1418	258.024
21.1476	253.738	499.911
21.1534	253.445	474.586
21.1592	245.519	471.58
21.165	271.322	460.809
21.1708	281.702	445.113
21.1766	285.8	445.885
21.1824	283.825	438.731
21.1882	273.683	450.284
21.194	273.683	466.703
21.1998	280.08	471.853
21.2056	283.007	471.036
21.2114	295.025	467.782
21.2172	293.156	468.594
21.223	307.198	475.684
21.2288	472.398
21.2346	460.809
21.2405	460.012
21.2463	461.609
21.2521	471.853
21.2579	464.283
21.2637	459.215
21.2695	453.941
21.2753	460.809
21.2811	450.545
21.2869	444.856
21.2927	450.284
21.2985	445.885
21.3043	452.109
21.3101	440
21.3159	432.191
21.3217	435.449
21.3275	436.456
21.3333
21.3391
21.3449
21.3507
21.3566
21.3624
21.3682
21.374
21.3798
21.3856	826.303
21.3914	794.017
21.3972	824.396
21.403	818.228
21.4088	821.069
21.4146	822.968
21.4204	821.069
21.4262	819.647
21.432	824.396
21.4378	821.543
21.4436	820.595
21.4494	822.493
21.4552	823.92
21.461	826.78
21.4668	822.968
21.4727	826.78
21.4785	825.825
21.4843	819.647
21.4901	819.647
21.4959	823.444
21.5017	820.121
21.5075	788.077	344.42
21.5133	791.727	354.308
21.5191	796.314	366.803
21.5249	796.314	368.927
21.5307	796.314	363.009
21.5365	782.182	359.254
21.5423	811.17	351.454
21.5481	357.391
21.5539	370.208
21.5597	369.994
21.5655	369.994
21.5713	363.638
21.5771	372.353
21.5829	379.518
21.5888	382.158
21.5946	369.994
21.6004	360.501
21.6062	351.454
21.612	347.618
21.6178	346.415
21.6236
21.6294
21.6352
21.641
21.6468
21.6526
21.6584
21.6642
21.67
21.6758
21.6816
21.6874
21.6932
21.699
21.7049
21.7107
21.7165
21.7223
21.7281
21.7339
21.7397
21.7455
21.7513
21.7571
21.7629
21.7687
21.7745
21.7803
21.7861
21.7919
21.7977
21.8035
21.8093	347.618
21.8151	360.085
21.821	369.567
21.8268	372.999
21.8326	373.645
21.8384	373.645
21.8442	368.289
21.85	365.111
21.8558	365.322
21.8616	364.901
21.8674	365.322
21.8732	364.269
21.879	355.743
21.8848	351.86
21.8906	349.027
21.8964	331.92
21.9022	325.653
21.908	325.277
21.9138	322.471
21.9196	322.471
21.9254	319.32
21.9312	319.505
21.9371	326.407
21.9429	326.407
21.9487	324.152
21.9545	333.073
21.9603	330.009
21.9661	338.699
21.9719	351.86
21.9777	365.745
21.9835	365.745	234.297
21.9893	232.678
21.9951	231.338
22.0009	231.606
22.0067	230.938
22.0125	230.938
22.0183	235.382
22.0241	237.567
22.0299	237.156
22.0357	240.606
22.0415	247.37
22.0473	231.873
22.0532	239.635	655.837
22.059	232.007	655.837
22.0648	240.05	655.458
22.0706	242.139	653.19
22.0764	247.799	652.813
22.0822	252.276	652.436
22.088	242.139	650.555
22.0938	246.087	651.307
22.0996	244.67	652.06
22.1054	249.955	658.114
22.1112	248.659	656.216
22.117	247.227	656.974
22.1228	244.953	657.354
22.1286	241.023	665.761	271.635
22.1344	227.101	639.009	283.661
22.1402	234.568	648.678	287.455
22.146	247.656	663.074	287.954
22.1518	247.656	637.535	282.68
22.1576	627.669	281.052
22.1634	623.693	278.627
22.1693	276.543
22.1751	274.633
22.1809	270.539
22.1867	267.895
22.1925	267.123
22.1983	261.777
22.2041	259.668
22.2099	249.667
22.2157	244.67
22.2215	239.082
22.2273	226.054
22.2331	219.112
22.2389	214.355
22.2447	213.121
22.2505	211.893
22.2563	204.085
22.2621	203.379
22.2679	198.849
22.2737	195.658
22.2795	198.161
22.2854	199.539
22.2912	199.193
22.297	205.386
22.3028	200.695
22.3086	193.523
22.3144	192.186
22.3202	192.297
22.326	190.418
22.3318
22.3376
22.3434
22.3492
22.355
22.3608
22.3666
22.3724
22.3782
22.384
22.3898
22.3956
22.4015
22.4073
22.4131
22.4189
22.4247
22.4305
22.4363
22.4421
22.4479	281.539
22.4537	282.028
22.4595	301.921
22.4653	298.453
22.4711	302.969
22.4769	300.876
22.4827	296.905
22.4885	285.965
22.4943	283.498
22.5001	282.517
22.5059	285.47
22.5117	289.957
22.5176	292.987
22.5234	296.563
22.5292	301.398
22.535	297.592
22.5408	291.973
22.5466	290.795
22.5524	288.787
22.5582	283.007
22.564	276.224
22.5698	271.165
22.5756	266.506
22.5814	263.75
22.5872	263.293
22.593	262.837
22.5988	262.686
22.6046	262.382
22.6104	258.919
22.6162	255.355
22.622	253.152
22.6278	254.324
22.6336	253.445
22.6395	253.884
22.6453	254.031
22.6511	252.422
22.6569	253.152
22.6627	254.471
22.6685	254.618
22.6743	254.031
22.6801	249.378
22.6859	239.635
22.6917	242.559
22.6975
22.7033
22.7091
22.7149
22.7207
22.7265
22.7323
22.7381
22.7439
22.7498
22.7556
22.7614	489.623
22.7672	493.313
22.773	487.647
22.7788	485.399	231.873
22.7846	477.336	226.316
22.7904	464.819	222.556
22.7962	463.747	221.658
22.802	446.658	218.48
22.8078	424.767	213.984
22.8136	425.258	211.893
22.8194	422.32	210.794
22.8252	411.246	208.494
22.831	411.96	209.338
22.8368	421.345	210.673
22.8426	422.32	214.727
22.8484	425.258	211.526
22.8542	424.031	213.367
22.86	414.107	217.599
22.8659	407.934	218.228
22.8717	414.107	217.599
22.8775	418.435	215.099
22.8833	410.772	215.099
22.8891	393.356	214.727
22.8949	214.479
22.9007	211.404
22.9065	214.975
22.9123	212.383
22.9181	215.348
22.9239	214.108
22.9297	212.138
22.9355	210.308
22.9413	218.733
22.9471	224.104
22.9529	228.945
22.9587	241.86
22.9645
22.9703
22.9761
22.9819
22.9878
22.9936	433.191
22.9994	417.228
23.0052	389.063
23.011	394.039
23.0168	381.497
23.0226	372.783
23.0284	367.863
23.0342	360.501
23.04	351.454
23.0458	338.308
23.0516	328.677
23.0574	317.481
23.0632	306.666
23.069	306.666
23.0748	306.666
23.0806	301.921
23.0864	301.921
23.0922	304.548
23.098	308.265
23.1039	313.653
23.1097	328.108
23.1155	340.464
23.1213	325.841
23.1271	325.841
23.1329
23.1387
23.1445
23.1503
23.1561
23.1619
23.1677
23.1735
23.1793	452.109
23.1851	441.273
23.1909	437.971
23.1967	440
23.2025	428.71
23.2083	448.727
23.2141	430.447
23.22	433.692
23.2258	422.32
23.2316	440.509
23.2374	439.238
23.2432	425.503	285.8
23.249	420.859	283.989
23.2548	420.373	299.316
23.2606	423.053	298.625
23.2664	438.985	294.514
23.2722	431.443	286.957
23.278	412.674	282.028
23.2838	416.987	278.949
23.2896	413.868	278.466
23.2954	414.107	279.272
23.3012	416.025	278.306
23.307	411.722	276.383
23.3128	405.819	270.852
23.3186	397.927	262.989
23.3244	377.551	246.799
23.3302	236.745
23.3361	226.577
23.3419	221.658
23.3477	221.658
23.3535	221.658
23.3593	221.658
23.3651	221.658
23.3709	224.104
23.3767	225.272
23.3825	225.142
23.3883	221.402
23.3941	221.402
23.3999
23.4057
23.4115
23.4173
23.4231
23.4289
23.4347
23.4405
23.4463
23.4522
23.458
23.4638
23.4696
23.4754
23.4812
23.487
23.4928
23.4986
23.5044
23.5102
23.516
23.5218
23.5276
23.5334
23.5392
23.545
23.5508
23.5566
23.5624	234.432
23.5683	230.671
23.5741	228.549
23.5799	225.793
23.5857	210.429
23.5915	224.363
23.5973	221.658
23.6031	219.873
23.6089	220.764
23.6147	219.492
23.6205	226.316
23.6263	224.752
23.6321	225.793
23.6379	218.733
23.6437	220.509
23.6495	222.043
23.6553	221.274
23.6611	222.171
23.6669	225.012	292.311
23.6727	229.74	287.289
23.6785	226.316	288.453
23.6844	226.316	275.268
23.6902	226.97	276.383
23.696	226.054	277.663
23.7018	282.517
23.7076	284.482
23.7134	285.634
23.7192	286.461
23.725	279.595
23.7308	281.214
23.7366	283.007
23.7424	285.965
23.7482	275.268
23.754	265.891
23.7598	264.055
23.7656	261.474
23.7714	254.324
23.7772	250.968
23.783	247.084
23.7888	242.279
23.7946	238.53
23.8005	234.839
23.8063	229.342
23.8121	225.533
23.8179	221.019
23.8237	216.345
23.8295	212.752
23.8353	211.526
23.8411	205.505
23.8469	201.857
23.8527	197.818
23.8585	195.207
23.8643	194.531
23.8701	193.299
23.8759	190.528
23.8817	202.441
23.8875	196.792
23.8933	195.432
23.8991	200.116
23.9049	202.324
23.9107	204.557
23.9166	205.623
23.9224	201.159
23.9282	200.811
23.934	197.361
23.9398	206.576
23.9456	193.97
23.9514	196.224
23.9572	201.857
23.963	187.688
23.9688	182.45
23.9746
23.9804
23.9862
23.992
23.9978
24.0036
24.0094
24.0152
24.021
24.0268
24.0327
24.0385
24.0443
24.0501
24.0559
24.0617
24.0675
24.0733
24.0791
24.0849
24.0907
24.0965
24.1023
24.1081
24.1139
24.1197
24.1255
24.1313
24.1371
24.1429
24.1488
24.1546
24.1604
24.1662
24.172
24.1778
24.1836
24.1894
24.1952
24.201
24.2068
24.2126
24.2184
24.2242
24.23
24.2358
24.2416
24.2474
24.2532
24.259
24.2649
24.2707
24.2765
24.2823
24.2881
24.2939
24.2997
24.3055
24.3113
24.3171
24.3229
24.3287
24.3345
24.3403
24.3461
24.3519
24.3577
24.3635
24.3693
24.3751
24.381	179.835
24.3868	177.872
24.3926	177.769
24.3984	172.31
24.4042	181.19
24.41	172.609
24.4158	172.21
24.4216	171.218
24.4274	170.823
24.4332	169.741
24.439	169.545
24.4448	168.959
24.4506	169.741
24.4564	171.714
24.4622	171.912
24.468	168.277
24.4738	167.889
24.4796	167.695
24.4854	168.18
24.4912	170.429
24.4971	169.154
24.5029	168.666
24.5087	166.248
24.5145	168.083
24.5203	167.598
24.5261	167.695
24.5319	168.18
24.5377	168.083
24.5435	168.764
24.5493	168.764	682.11
24.5551	169.545	679.75
24.5609	170.626	678.181
24.5667	168.569	678.965
24.5725	168.764	690.833
24.5783	169.643	686.061
24.5841	169.447	684.478
24.5899	170.331	678.965
24.5957	170.527	682.898
24.6015	171.119	685.665
24.6073	172.808	690.035
24.6132	173.208	678.181
24.619	171.416	684.478
24.6248	172.111	685.665
24.6306	171.912	688.841
24.6364	173.208	703.315
24.6422	684.873
24.648	695.236
24.6538	679.357
24.6596	688.443
24.6654	700.072
24.6712	695.236
24.677	674.275
24.6828	681.716
24.6886	683.293
24.6944	680.929
24.7002	676.225
24.706	685.269
24.7118	686.061
24.7176	694.434
24.7234	690.434
24.7293	661.162
24.7351	661.544
24.7409	656.595
24.7467	677.789
24.7525	680.929
24.7583	652.436
24.7641	660.017
24.7699	674.664
24.7757	672.33
24.7815
24.7873
24.7931
24.7989
24.8047
24.8105
24.8163
24.8221
24.8279
24.8337
24.8395
24.8454
24.8512
24.857
24.8628
24.8686
24.8744
24.8802	306.135
24.886	288.453
24.8918	283.825
24.8976	289.12
24.9034	287.289
24.9092	282.68
24.915	293.834
24.9208	291.973
24.9266	297.077
24.9324	299.143
24.9382	298.281
24.944	292.987
24.9498	279.272
24.9556	285.47
24.9615	277.023
24.9673	278.306
24.9731	278.466
24.9789	273.999
24.9847	276.863
24.9905	278.306
24.9963	277.824
25.0021	281.052
25.0079	281.377
25.0137	279.756
25.0195	280.89
25.0253	279.111	560.483
25.0311	280.727	561.455
25.0369	280.08	559.512
25.0427	277.343	560.159
25.0485	277.503	560.807
25.0543	280.89	561.455
25.0601	283.498	548.631
25.0659	284.153	555.648
25.0717	280.89	559.836
25.0776	278.306	555.648
25.0834	281.377	557.577
25.0892	281.052	560.483
25.095	283.17	567.651
25.1008	572.59
25.1066	580.248
25.1124	582.263
25.1182	586.313
25.124	581.59
25.1298	574.247
25.1356	555.327
25.1414	568.635
25.1472	544.213
25.153	544.213
25.1588	529.943
25.1646	530.249
25.1704	522.647
25.1762	513.965
25.182	499.622
25.1878
25.1937
25.1995
25.2053
25.2111
25.2169
25.2227
25.2285
25.2343
25.2401
25.2459
25.2517
25.2575
25.2633
25.2691
25.2749
25.2807
25.2865
25.2923
25.2981
25.3039
25.3097
25.3156
25.3214	157.371
25.3272	157.462
25.333	153.777
25.3388	152.538
25.3446	152.538
25.3504	151.923
25.3562	151.484
25.362	150.612
25.3678	149.745
25.3736	148.968
25.3794	148.453
25.3852	148.196
25.391	147.768
25.3968	147.598
25.4026	147.257
25.4084	146.663
25.4142	146.409
25.42	145.987
25.4258	147.087
25.4317	148.11	433.942
25.4375	145.734	438.985
25.4433	146.324	439.238
25.4491	146.494	440
25.4549	147.342	443.316
25.4607	148.281	443.573
25.4665	147.257	445.113
25.4723	145.987	440
25.4781	147.854	432.441
25.4839	148.11	435.449
25.4897	149.313	440.254
25.4955	149.14	425.258
25.5013	147.854	435.449
25.5071	148.281	435.449
25.5129	146.917	431.942
25.5187	145.734	434.695
25.5245	440.509
25.5303	439.238
25.5361	438.985
25.542	436.708
25.5478	432.441
25.5536	433.191
25.5594	443.573
25.5652	445.627
25.571	438.224
25.5768	428.215
25.5826	435.701
25.5884	436.204
25.5942	443.573
25.6	441.528
25.6058	446.4
25.6116
25.6174
25.6232
25.629
25.6348
25.6406
25.6464
25.6522
25.658
25.6639
25.6697
25.6755
25.6813
25.6871
25.6929
25.6987
25.7045
25.7103
25.7161
25.7219
25.7277
25.7335
25.7393
25.7451
25.7509
25.7567
25.7625
25.7683
25.7741
25.78
25.7858
25.7916
25.7974
25.8032
25.809
25.8148
25.8206
25.8264
25.8322
25.838
25.8438
25.8496
25.8554
25.8612
25.867
25.8728
25.8786
25.8844
25.8902
25.8961
25.9019
25.9077
25.9135	372.568
25.9193	355.949
25.9251	369.354
25.9309	371.708
25.9367	369.567
25.9425	368.927
25.9483	371.493
25.9541	371.708
25.9599	370.636
25.9657	369.567
25.9715	365.956	614.397
25.9773	369.567	615.818
25.9831	371.065	617.599
25.9889	371.065	619.385
25.9947	372.568	622.613
26.0005	370.85	624.414
26.0063	374.294	620.459
26.0122	377.115	616.53
26.018	377.769	620.101
26.0238	377.333	624.414
26.0296	377.769	628.394
26.0354	381.938	627.669
26.0412	379.738	631.67
26.047	373.645	633.131
26.0528	377.769	634.229
26.0586	376.027	639.379
26.0644	618.313
26.0702	608.042
26.076	611.564
26.0818	619.743
26.0876	612.979
26.0934	623.333
26.0992	639.379
26.105	626.22
26.1108	608.744
26.1166	626.944
26.1224	639.009
26.1283	625.859
26.1341	613.687
26.1399	616.886
26.1457	618.67
26.1515	621.895
26.1573	641.228
26.1631	643.826
26.1689	624.054
26.1747	606.288
26.1805	595.528
26.1863	616.886
26.1921
26.1979
26.2037	628.031
26.2095	628.394
26.2153	621.535
26.2211	586.651
26.2269	585.298
26.2327	585.298
26.2385	595.184
26.2444	581.59
26.2502	587.33
26.256	595.528
26.2618	594.154
26.2676	594.841
26.2734	596.906
26.2792	594.841
26.285	590.391
26.2908	587.669
26.2966	589.369
26.3024	591.756
26.3082	597.596
26.314	601.405
26.3198	593.125
26.3256	574.578
26.3314	574.91
26.3372	581.927
26.343	576.906
26.3488	571.599
26.3546	571.929
26.3605	568.307
26.3663	571.929
26.3721
26.3779
26.3837
26.3895
26.3953
26.4011	110.893
26.4069	111.214
26.4127	110.893
26.4185	109.81
26.4243	109.556
26.4301	109.746
26.4359	109.873	826.303
26.4417	110.127	850.515
26.4475	110.127	840.261
26.4533	110	851.99
26.4591	110.509	845.617
26.4649	110.127	840.746
26.4707	109.746	838.806
26.4766	110.446	846.594
26.4824	110.957	841.718
26.4882	110.573	849.043
26.494	109.873	826.78
26.4998	111.021	816.812
26.5056	111.407	821.543
26.5114	111.278	820.121
26.5172	109.051	818.701
26.523	111.923	814.927
26.5288	111.471	815.398
26.5346	110.765	814.456
26.5404	108.862	815.398
26.5462	112.832	832.531
26.552	823.92
26.5578	818.701
26.5636	823.444
26.5694	822.018
26.5752	806.498
26.581	822.968
26.5868	805.101
26.5927	807.896
26.5985	800.464
26.6043	800.927
26.6101	805.101
26.6159	801.389
26.6217	803.243
26.6275	815.398
26.6333	806.964
26.6391	825.825
26.6449	826.78
26.6507	804.172
26.6565	820.595
26.6623	798.617
26.6681	806.964
26.6739	816.34
26.6797	813.516
26.6855	826.78
26.6913	831.569
26.6971	827.736
26.7029	817.284
26.7088	806.032
26.7146	813.516
26.7204	806.964
26.7262	772.751
26.732	752.924
26.7378	770.522
26.7436	726.017
26.7494
26.7552
26.761
26.7668
26.7726
26.7784	297.936
26.7842	298.281
26.79	300.355
26.7958	308.087
26.8016	313.11
26.8074	320.799
26.8132	324.339
26.819	328.677	283.989
26.8249	331.92	286.792
26.8307	332.496	288.953
26.8365	332.88	291.805
26.8423	332.688	294.174
26.8481	332.304	295.025
26.8539	332.112	297.592
26.8597	333.458	296.049
26.8655	335.777	296.391
26.8713	336.943	296.563
26.8771	344.221	296.563
26.8829	340.661	295.707
26.8887	333.458	298.108	183.295
26.8945	334.229	300.182	184.997
26.9003	343.031	297.42	184.784
26.9061	343.824	302.444	183.295
26.9119	340.464	298.453	181.714
26.9177	352.674	296.049	181.295
26.9235	363.638	289.12	183.401
26.9293	361.753	294.514	182.24
26.9351	375.593	292.311	182.029
26.941	384.816	303.144	182.029
26.9468	384.816	299.143	180.876
26.9526	297.764	178.18
26.9584	308.978	177.872
26.9642	313.653	177.154
26.97	319.505	176.745
26.9758	310.23	174.513
26.9816	304.724	168.764
26.9874	173.408
26.9932	176.032
26.999	176.439	469.677
27.0048	175.524	495.026
27.0106	174.715	469.406
27.0164	174.01	496.171
27.0222	171.119	493.598
27.028	167.211	493.883
27.0338	169.937	496.744
27.0396	169.056	494.454
27.0454	169.447	491.039
27.0512	163.959	490.472
27.0571	163.77	490.755
27.0629	163.959	489.057
27.0687	164.528	494.169
27.0745	163.77	492.175
27.0803	165.29	486.803
27.0861	164.719	483.161
27.0919	163.298	484.838	434.444
27.0977	163.77	489.34	433.441
27.1035	165.004	495.884	429.454
27.1093	165.1	493.598	428.463
27.1151	164.338	492.175	430.447
27.1209	164.338	498.469	444.856
27.1267	163.675	492.459	415.305
27.1325	166.248	490.472	405.117
27.1383	168.374	503.388	398.617
27.1441	159.752	491.322	392.449
27.1499	157.553	492.175	386.599
27.1557	161.329	478.716	383.485
27.1615	162.357	491.322	371.065
27.1673	500.488	364.901
27.1732	482.603	358.839
27.179	347.618
27.1848	349.027
27.1906	347.217
27.1964	346.415
27.2022	341.055
27.208	339.679
27.2138	330.581
27.2196	329.057
27.2254	320.059
27.2312	311.307
27.237	301.224
27.2428	300.529
27.2486	298.798
27.2544	295.878
27.2602	295.195
27.266	294.684
27.2718	294.174
27.2776	293.156
27.2834	290.963
27.2893	293.326
27.2951	288.787
27.3009	292.142
27.3067	293.495
27.3125	291.636
27.3183	293.495
27.3241	291.805
27.3299	290.795
27.3357	292.142
27.3415	291.973
27.3473	292.311
27.3531	291.973
27.3589	291.3
27.3647	291.973
27.3705	292.48
27.3763	291.973
27.3821	297.249
27.3879	296.049
27.3937	299.316
27.3995	286.626
27.4054	292.48
27.4112	290.292
27.417	283.661
27.4228	280.727
27.4286	278.788
27.4344	278.306
27.4402	285.634
27.446	286.626
27.4518
27.4576
27.4634
27.4692
27.475
27.4808
27.4866
27.4924
27.4982
27.504
27.5098
27.5156
27.5215
27.5273
27.5331
27.5389
27.5447
27.5505
27.5563
27.5621
27.5679
27.5737
27.5795
27.5853
27.5911
27.5969
27.6027
27.6085
27.6143
27.6201
27.6259
27.6317
27.6376
27.6434
27.6492
27.655
27.6608
27.6666
27.6724
27.6782
27.684
27.6898
27.6956
27.7014
27.7072	290.963
27.713	292.987
27.7188	293.156
27.7246	295.366
27.7304	293.326
27.7362	293.495
27.742	293.156
27.7478	302.27
27.7537	294.004
27.7595	295.025
27.7653	292.48
27.7711	293.834	879.492
27.7769	293.156	877.462
27.7827	292.649	875.943
27.7885	293.665	874.426
27.7943	292.48	871.905
27.8001	292.142	875.437
27.8059	291.3	876.449
27.8117	292.142	875.943
27.8175	291.636	875.437
27.8233	291.636	875.943
27.8291	290.963	879.492
27.8349	294.004	873.921
27.8407	292.818	876.449	1642.14
27.8465	292.818	874.426	1649.74
27.8523	292.311	875.437	1640.24
27.8581	292.818	877.969	1655.47
27.8639	291.805	878.984	1657.39
27.8698	290.627	876.955	1612.99
27.8756	290.795	871.905	1633.62
27.8814	289.789	866.883	1640.24
27.8872	290.627	866.883	1635.51
27.893	290.627	869.892	1637.4
27.8988	292.818	883.055	1642.14
27.9046	293.326	889.197	1641.19
27.9104	291.973	887.658	1635.51
27.9162	293.326	868.888	1639.29
27.922	293.665	901.089	1638.35
27.9278	293.156	1633.62
27.9336	291.3	1633.62
27.9394	289.287	1640.24
27.9452	289.455	1642.14
27.951	290.459	1650.7
27.9568	288.12	1654.52
27.9626	290.124	1661.22
27.9684	1665.06
27.9742	1657.39
27.98	1657.39
27.9858	1657.39
27.9917	1660.26
27.9975	1660.26
28.0033	1661.22
28.0091	1656.43
28.0149	1652.61
28.0207	1662.18
28.0265	1665.06
28.0323	1666.02
28.0381	1618.59
28.0439	1655.47
28.0497
28.0555
28.0613
28.0671
28.0729
28.0787
28.0845
28.0903
28.0961
28.1019
28.1078
28.1136
28.1194
28.1252
28.131
28.1368
28.1426
28.1484	204.321
28.1542	206.099
28.16	205.861
28.1658	205.623
28.1716	205.623
28.1774	205.386
28.1832	204.794
28.189	206.337
28.1948	205.623
28.2006	205.861
28.2064	205.861	1022.6
28.2122	205.149	1020.83
28.2181	205.861	1020.83
28.2239	205.742	1020.83
28.2297	205.623	1020.83
28.2355	205.742	1021.42
28.2413	205.861	1021.42
28.2471	205.861	1021.42
28.2529	205.98	1021.42
28.2587	205.386	1021.42
28.2645	205.505	1023.19
28.2703	205.505	1026.15
28.2761	209.217	1026.15
28.2819	209.217	1020.24
28.2877	209.217	1014.95
28.2935	208.976	1014.95
28.2993	1018.47
28.3051	1022.01
28.3109	1025.56
28.3167	1028.52
28.3225	1029.71
28.3283	1035.68
28.3341	1039.27
28.34	1035.68
28.3458	1031.5
28.3516	1012.61
28.3574	1003.87
28.3632	1007.36
28.369	1023.19
28.3748	1031.5
28.3806	1033.88
28.3864	1025.56
28.3922	1021.42
28.398	1026.74
28.4038
28.4096
28.4154
28.4212
28.427
28.4328
28.4386
28.4444
28.4502
28.4561
28.4619
28.4677
28.4735
28.4793
28.4851
28.4909
28.4967
28.5025
28.5083
28.5141
28.5199
28.5257
28.5315
28.5373
28.5431
28.5489
28.5547
28.5605
28.5663
28.5722
28.578
28.5838
28.5896
28.5954
28.6012
28.607
28.6128
28.6186
28.6244
28.6302
28.636
28.6418
28.6476
28.6534
28.6592
28.665
28.6708
28.6766
28.6824
28.6883
28.6941
28.6999
28.7057
28.7115
28.7173
28.7231
28.7289
28.7347
28.7405
28.7463
28.7521
28.7579
28.7637
28.7695
28.7753
28.7811
28.7869
28.7927
28.7985
28.8044
28.8102
28.816
28.8218
28.8276
28.8334
28.8392
28.845
28.8508
28.8566
28.8624
28.8682
28.874
28.8798
28.8856
28.8914
28.8972
28.903
28.9088
28.9146
28.9205
28.9263
28.9321
28.9379
28.9437
28.9495
28.9553
28.9611
28.9669
28.9727
28.9785
28.9843
28.9901
28.9959
29.0017
29.0075
29.0133
29.0191
29.0249
29.0307
29.0366
29.0424
29.0482
29.054
29.0598
29.0656
29.0714
29.0772
29.083
29.0888
29.0946
29.1004
29.1062
29.112
29.1178
29.1236
29.1294
29.1352
29.141
29.1468
29.1527
29.1585
29.1643
29.1701
29.1759
29.1817
29.1875
29.1933
29.1991
29.2049
29.2107
29.2165
29.2223
29.2281
29.2339
29.2397
29.2455
29.2513
29.2571
29.2629
29.2688
29.2746
29.2804
29.2862
29.292
29.2978
29.3036
29.3094
29.3152
29.321
29.3268
29.3326
29.3384
29.3442
29.35
29.3558
29.3616
29.3674
29.3732
29.379
29.3849
29.3907
29.3965	881.017
29.4023	882.036
29.4081	884.587
29.4139	885.609
29.4197	885.609
29.4255	884.076
29.4313	882.545
29.4371	880
29.4429	859.901
29.4487	861.392
29.4545	885.609
29.4603	894.865
29.4661	901.61
29.4719	891.769
29.4777	890.225
29.4835	912.613
29.4893	949.172
29.4951	968.557
29.501	984.918
29.5068	975.294
29.5126	971.358
29.5184	963.535
29.5242	960.756
29.53	963.535
29.5358	964.092
29.5416	966.322
29.5474	970.797
29.5532	970.797
29.559	961.311
29.5648	950.269
29.5706	973.043
29.5764	992.915
29.5822
29.588
29.5938
29.5996
29.6054
29.6112
29.6171
29.6229
29.6287
29.6345
29.6403
29.6461
29.6519
29.6577
29.6635
29.6693
29.6751
29.6809
29.6867
29.6925
29.6983
29.7041
29.7099
29.7157
29.7215
29.7273
29.7332
29.739
29.7448
29.7506
29.7564
29.7622
29.768
29.7738
29.7796
29.7854
29.7912
29.797
29.8028
29.8086
29.8144
29.8202
29.826
29.8318
29.8376
29.8434
29.8493
29.8551
29.8609
29.8667
29.8725
29.8783
29.8841
29.8899
29.8957
29.9015
29.9073
29.9131
29.9189
29.9247
29.9305
29.9363
29.9421
29.9479
29.9537
29.9595
29.9654
29.9712
29.977
29.9828
29.9886
29.9944
30.0002
30.006
30.0118
30.0176
30.0234
30.0292
30.035
30.0408
30.0466
