0
0.00580499
0.01161
0.017415
0.02322
0.0290249
0.0348299
0.0406349
0.0464399
0.0522449
0.0580499
0.0638549
0.0696599
0.0754649
0.0812698
0.0870748
0.0928798
0.0986848
0.10449
0.110295
0.1161
0.121905
0.12771
0.133515
0.13932
0.145125
0.15093
0.156735
0.16254
0.168345
0.17415
0.179955
0.18576
0.191565
0.19737
0.203175
0.20898
0.214785
0.22059
0.226395
0.2322
0.238005
0.24381
0.249615
0.255419
0.261224
0.267029
0.272834
0.278639
0.284444
0.290249
0.296054
0.301859
0.307664
0.313469
0.319274
0.325079
0.330884
0.336689
0.342494
0.348299
0.354104
0.359909
0.365714
0.371519
0.377324
0.383129
0.388934
0.394739
0.400544
0.406349
0.412154
0.417959
0.423764
0.429569
0.435374
0.441179
0.446984
0.452789
0.458594
0.464399
0.470204
0.476009
0.481814
0.487619
0.493424
0.499229
0.505034
0.510839
0.516644
0.522449
0.528254
0.534059
0.539864
0.545669
0.551474
0.557279
0.563084
0.568889
0.574694
0.580499
0.586304
0.592109
0.597914
0.603719
0.609524
0.615329
0.621134
0.626939
0.632744
0.638549
0.644354
0.650159
0.655964
0.661769
0.667574
0.673379
0.679184
0.684989
0.690794
0.696599
0.702404
0.708209
0.714014
0.719819
0.725624
0.731429
0.737234
0.743039
0.748844
0.754649	942.072
0.760454	936.105
0.766258	961.311
0.772063	957.432
0.777868	957.432
0.783673	954.12
0.789478	927.493
0.795283	918.43
0.801088	943.161
0.806893	959.093
0.812698	950.819
0.818503	929.639
0.824308	906.833
0.830113	902.131
0.835918	904.218	1021.42
0.841723	908.406	1085.29
0.847528	922.151	1105.53
0.853333	931.789	1115.8
0.859138	931.789	1113.87
0.864943	886.633	1115.8
0.870748	913.141	1121.61
0.876553	912.613	1124.86
0.882358	906.833	1123.56
0.888163	930.713	1124.21
0.893968	929.639	1124.21
0.899773	899.529	1128.76
0.905578	1108.73
0.911383	1101.71
0.917188	1104.89
0.922993	1104.26
0.928798	1098.53
0.934603	1085.91
0.940408	1045.29
0.946213	1014.95
0.952018	1010.27
0.957823	1079.04
0.963628	1097.26
0.969433	1101.07
0.975238	1106.17
0.981043
0.986848
0.992653
0.998458	1423.8
1.00426	1426.27
1.01007	1352.45
1.01587	1348.55
1.02168	1370.54
1.02748	1467.21
1.03329	1464.67
1.03909	1460.45
1.0449	1452.87
1.0507	1454.55
1.05651	1447.85
1.06231	1443.67
1.06812	1442.84
1.07392	1430.39
1.07973	1431.22
1.08553	1438.68
1.09134	1430.39
1.09714	1401.76
1.10295	1451.2
1.10875	1482.54
1.11456	1485.12
1.12036	1464.67
1.12617	1499.77
1.13197	1505.85
1.13778	1493.72
1.14358	1462.13
1.14939	1439.51
1.15519	1502.37
1.161	1463.82
1.1668	1481.69
1.17261	1481.69
1.17841	1481.69
1.18422	1415.6
1.19002
1.19583
1.20163
1.20744
1.21324
1.21905
1.22485
1.23066
1.23646
1.24227
1.24807
1.25388
1.25968
1.26549
1.27129
1.2771
1.2829
1.28871
1.29451
1.30032
1.30612
1.31193
1.31773
1.32354
1.32934
1.33515
1.34095
1.34676
1.35256
1.35837
1.36417
1.36998
1.37578
1.38159
1.38739
1.3932
1.399
1.40481
1.41061
1.41642
1.42222
1.42803
1.43383
1.43964
1.44544
1.45125
1.45705
1.46286
1.46866
1.47447
1.48027
1.48608
1.49188
1.49769
1.50349
1.5093
1.5151
1.52091
1.52671
1.53252
1.53832
1.54413
1.54993
1.55574
1.56154
1.56735
1.57315
1.57896
1.58476
1.59057
1.59637
1.60218
1.60798
1.61379
1.61959
1.6254
1.6312
1.63701
1.64281
1.64862
1.65442
1.66023
1.66603
1.67184
1.67764
1.68345
1.68925
1.69506
1.70086
1.70667
1.71247
1.71828
1.72408	1221.72
1.72989	1209.78
1.73569	1210.48
1.7415	1224.54
1.7473	1163.18
1.75311	1188.99
1.75891	1185.57
1.76472	1191.74
1.77052	1186.25
1.77633	1182.15
1.78213	1165.2
1.78794	1158.49
1.79374	1178.06
1.79955	1157.82
1.80535	1141.88
1.81116	1167.22
1.81696	1190.37
1.82277	1233.77
1.82857	1235.2
1.83438	1232.35
1.84018	1266.26
1.84599	1261.15
1.85179	1226.67
1.8576	1241.64
1.8634	1254.61
1.86921	1203.51
1.87501	1202.81
1.88082	1213.98
1.88662	1225.25
1.89243	1238.77
1.89823	1250.99
1.90404	1248.11
1.90984	1229.5
1.91565	1215.38
1.92145	1175.34
1.92726	1194.5
1.93306	1223.83
1.93887	1230.21
1.94467	1218.19
1.95048	1193.81
1.95628	1217.49
1.96209	1233.77
1.96789	1221.72
1.9737	1226.67
1.9795	1222.42
1.98531	1216.08
1.99111	1238.77
1.99692	1235.91
2.00272	1236.63
2.00853
2.01433
2.02014
2.02594
2.03175
2.03755
2.04336
2.04916
2.05497
2.06077
2.06658
2.07238
2.07819
2.08399
2.0898
2.0956
2.10141
2.10721
2.11302
2.11882
2.12463
2.13043
2.13624
2.14204
2.14785
2.15365
2.15946
2.16526
2.17107
2.17687
2.18268
2.18848
2.19429
2.20009
2.2059
2.2117
2.21751
2.22331
2.22912
2.23492
2.24073
2.24653
2.25234
2.25814
2.26395
2.26975
2.27556
2.28136
2.28717
2.29297
2.29878
2.30458
2.31039
2.31619
2.322
2.3278
2.33361
2.33941
2.34522
2.35102
2.35683
2.36263
2.36844
2.37424
2.38005
2.38585
2.39166
2.39746
2.40327
2.40907
2.41488
2.42068
2.42649
2.43229
2.4381
2.4439
2.44971
2.45551
2.46132
2.46712
2.47293
2.47873
2.48454
2.49034
2.49615
2.50195
2.50776
2.51356
2.51937
2.52517
2.53098
2.53678
2.54258
2.54839
2.55419
2.56
2.5658
2.57161
2.57741
2.58322
2.58902
2.59483
2.60063
2.60644
2.61224
2.61805
2.62385
2.62966
2.63546
2.64127
2.64707
2.65288
2.65868
2.66449
2.67029
2.6761
2.6819
2.68771
2.69351
2.69932
2.70512
2.71093
2.71673
2.72254
2.72834
2.73415
2.73995
2.74576
2.75156
2.75737
2.76317
2.76898
2.77478
2.78059
2.78639
2.7922
2.798
2.80381
2.80961
2.81542
2.82122
2.82703
2.83283	652.436
2.83864	676.616
2.84444	682.11
2.85025	680.535
2.85605	680.142
2.86186	682.11
2.86766	678.181
2.87347	679.75
2.87927	693.632
2.88508	692.831
2.89088	713.545
2.89669	673.886
2.90249	680.535
2.9083	660.78
2.9141	667.301
2.91991	676.225
2.92571	666.915
2.93152	666.145
2.93732	674.664
2.94313	674.664
2.94893	689.239
2.95474	689.239
2.96054	664.608	375.81
2.96635	646.434	377.115
2.97215	637.166	377.987
2.97796	658.114	378.205
2.98376	676.616	374.294
2.98957	673.107	380.396
2.99537	678.965	372.138
3.00118	644.198	371.279
3.00698	652.813	374.726
3.01279	650.555	380.396
3.01859	655.458	382.6
3.0244	648.678	381.056
3.0302	660.78	386.822
3.03601	638.64	392.449
3.04181	615.107	388.389
3.04762	387.493
3.05342	380.396
3.05923	378.861	1124.86
3.06503	383.707	1133.99
3.07084	380.177	1125.51
3.07664	388.389	1129.41
3.08245	378.643	1129.41
3.08825	378.861	1119.67	557.899
3.09406	376.897	1124.86	561.455
3.09986	380.396	1126.81	564.381
3.10567	386.375	1122.26	601.405
3.11147	384.816	1120.32	605.938
3.11728	394.722	1128.76	615.107
3.12308	397.927	1138.58	613.333
3.12889	401.39	1116.44	602.448
3.13469	415.305	1110.01	579.913
3.1405	386.599	1154.48	583.947
3.1463	386.599	1151.81	575.242
3.15211	386.599	1165.2	577.24
3.15791	376.027	1182.83	580.248
3.16372	1157.15	577.24
3.16952	1126.16	570.939
3.17533	1151.15	571.269
3.18113	1136.61	574.91
3.18694	1128.11	561.131
3.19274	1173.3	561.779
3.19855	562.104
3.20435	558.544
3.21016	554.686
3.21596	555.648
3.22177	570.939
3.22757	578.909
3.23338	576.573
3.23918	577.24
3.24499	548.948
3.25079	566.995
3.2566	590.732
3.2624	587.33
3.26821	576.24
3.27401	577.573
3.27982	583.61
3.28562	598.632
3.29143	586.99
3.29723	612.979
3.30304	591.756
3.30884	578.909
3.31465
3.32045
3.32626
3.33206
3.33787
3.34367
3.34948
3.35528
3.36109
3.36689
3.3727
3.3785
3.38431
3.39011
3.39592
3.40172	666.145
3.40753	674.275
3.41333	676.616
3.41914	672.33
3.42494	673.496
3.43075	668.844
3.43655	669.231
3.44236	674.664
3.44816	676.616
3.45397	670.779
3.45977	676.616
3.46558	677.789
3.47138	672.719
3.47719	676.225
3.48299	677.398
3.4888	672.33
3.4946	671.554
3.50041	677.398
3.50621	678.181
3.51202	674.664
3.51782	669.617
3.52363	656.974
3.52943	666.145
3.53524	675.444
3.54104	678.573
3.54685	675.054
3.55265	680.142
3.55846	681.716
3.56426	682.11
3.57007	678.181
3.57587	679.357
3.58168	679.357
3.58748	671.166
3.59329	676.225
3.59909	675.835	569.621
3.6049	681.322	572.26
3.6107	679.357	580.248
3.61651	660.017	559.189
3.62231	626.944	534.863
3.62812	674.664	538.584
3.63392	643.454	543.27
3.63973	666.145	570.609	1082.16
3.64553	662.309	568.964	1048.92
3.65134	576.24	1070.34
3.65714	577.24	1067.87
3.66295	576.573	1077.17
3.66875	583.61	1088.43
3.67456	580.919	1086.54
3.68036	567.651	1088.43
3.68617	569.293	1096
3.69197	570.609	1091.57
3.69778	571.929	1095.36
3.70358	569.951	1129.41	611.211
3.70939	567.651	1141.88	613.687
3.71519	564.381	1135.96	596.561
3.721	561.131	1124.86	579.913
3.7268	552.447	1125.51	565.034
3.73261	556.933	1126.16	568.964
3.73841	586.313	1180.1	585.974
3.74422	589.028	1186.94	586.99
3.75002	591.073	1202.12	583.61
3.75583	587.669	1196.57	586.99
3.76163	585.298	1236.63	585.298
3.76744	571.929	1304.12	578.575
3.77324	568.964	568.307
3.77905	570.939	570.609
3.78485	575.575	582.936
3.79066	578.575
3.79646	578.575
3.80227	551.172
3.80807	558.866
3.81388	553.086
3.81968	547.998
3.82549	546.733
3.83129	544.213
3.8371	542.957
3.8429	538.584
3.84871	538.584
3.85451	512.483
3.86032	514.856
3.86612	522.044
3.87193	521.742	1110.65
3.87773	518.737	1097.9
3.88354	527.195	1092.83
3.88934	517.54	1095.36
3.89515	527.5	1085.29
3.90095	535.791	1088.43
3.90676	542.643	1111.3
3.91256	544.527	1105.53
3.91837	554.045	1093.47
3.92417	557.255	1094.73
3.92998	571.269	1089.05
3.93578	566.995	1074.06
3.94159	564.381	1070.34
3.94739	552.447	1076.55
3.9532	563.079	1082.78
3.959	573.915	1082.78
3.96481	572.921	1122.26
3.97061	566.995	1115.8
3.97642	556.29	1128.76
3.98222	561.131
3.98803	559.512
3.99383	559.836
3.99964	559.836
4.00544
4.01125
4.01705	1655.47
4.02286	1655.47
4.02866	1632.68
4.03447	1642.14
4.04027	1652.61
4.04608	1653.56
4.05188	1663.14
4.05769	1666.99
4.06349	1664.1
4.0693	1669.88
4.0751	1711.87
4.08091	1688.3
4.08671	1661.22
4.09252	1659.3
4.09832	1655.47
4.10413	1640.24
4.10993	1637.4
4.11574	1657.39
4.12154	1681.49
4.12735	1684.41
4.13315	1665.06
4.13896	1670.84
4.14476	1682.46
4.15057	1685.38
4.15637	1678.58	484.838
4.16218	1673.74	485.118
4.16798	1669.88	480.101
4.17379	1664.1	478.993
4.17959	1650.7	481.767
4.1854	1627.97	485.96
4.1912	1558.05	483.161
4.19701	1515.45	481.767
4.20281	1493.72	480.656
4.20862	1488.55	478.163
4.21442	1488.55	480.378
4.22023	1506.72	481.767
4.22603	1506.72	479.823
4.23184	1450.36	482.324
4.23764	485.118
4.24345	482.603
4.24925	481.767
4.25506	483.161
4.26086	474.86
4.26667	472.944	499.045
4.27247	474.312	498.469
4.27828	498.469	498.757
4.28408	500.778	500.778
4.28989	501.646	501.067
4.29569	495.598	496.457
4.3015	492.743	495.598
4.3073	482.603	497.319
4.31311	492.175	502.516
4.31891	492.459	506.889	1673.74
4.32472	487.365	494.454	1671.81
4.33052	494.74	498.181	1677.61
4.33633	498.757	503.97	1674.71
4.34213	475.409	503.97	1674.71
4.34794	475.684	503.97	1666.99
4.35374	483.719	522.044	1675.67
4.35955	485.679	513.965	1682.46
4.36535	474.86	481.489	1681.49
4.37116	457.891	489.34	1684.41
4.37696	447.433	1691.23
4.38277	464.015	1676.64
4.38857	1676.64
4.39438	1676.64
4.40018	1678.58
4.40599	1679.55
4.41179	1684.41
4.4176	1689.28
4.4234	1678.58
4.42921	1670.84
4.43501	1669.88
4.44082	1678.58
4.44662	1660.26
4.45243	1660.26
4.45823	1680.52
4.46404	1682.46
4.46984	1677.61
4.47565	1661.22
4.48145	1673.74
4.48726	1678.58
4.49306	1661.22
4.49887	1675.67
4.50467	1695.15
4.51048	1696.12
4.51628	1663.14
4.52209	1666.99
4.52789	1709.9
4.5337	1699.07
4.5395	1689.28
4.54531	1694.17
4.55111	1732.76
4.55692	1686.36
4.56272	1665.06
4.56853	1661.22
4.57433	1614.86	214.355
4.58014	208.494
4.58594	208.614
4.59175	210.794
4.59755	209.097
4.60336	209.701
4.60916	213.737
4.61497	210.794
4.62077	209.217
4.62658	210.187
4.63238	208.735
4.63819	209.58
4.64399	209.459
4.6498	207.293
4.6556	206.337
4.66141	205.623
4.66721	205.03
4.67302	208.373
4.67882	216.721
4.68463	220
4.69043	224.104
4.69624	215.846
4.70204	222.685
4.70785	231.338
4.71365	228.681
4.71946	215.348
4.72526	216.846
4.73107	222.814
4.73687	227.495
4.74268	232.141
4.74848	230.938
4.75429	237.293
4.76009	242.139
4.7659	239.22
4.7717	242.98
4.77751	243.542
4.78331	241.999
4.78912	246.942
4.79492	246.372
4.80073	243.964
4.80653	239.912
4.81234	229.342
4.81814	234.568
4.82395	239.358
4.82975	237.567
4.83556	237.293
4.84136	243.683
4.84717	248.947
4.85297	251.839
4.85878	246.087
4.86458	495.312
4.87039	492.459
4.87619	485.399
4.882	483.44
4.8878	489.905
4.89361	498.757
4.89941	504.844
4.90522	504.844
4.91102	505.135
4.91683	499.333
4.92263	497.893
4.92844	493.598
4.93424	493.028
4.94005	491.039
4.94585	491.039
4.95166	492.743
4.95746	495.312
4.96327	484.838
4.96907	482.882
4.97487	485.399
4.98068	482.324
4.98649	493.313
4.99229	493.313
4.9981	493.313
5.0039	491.606
5.00971	495.312
5.01551	498.469
5.02132
5.02712
5.03293
5.03873
5.04454
5.05034
5.05615
5.06195
5.06776
5.07356
5.07936
5.08517
5.09097
5.09678
5.10258
5.10839
5.11419
5.12
5.1258
5.13161
5.13741
5.14322	449.765
5.14902	454.203
5.15483	449.505
5.16063	444.599
5.16644	434.444
5.17225	434.946
5.17805	436.456	434.695
5.18385	434.695	434.444
5.18966	434.695	433.942
5.19546	430.199	440.763
5.20127	436.456	457.098
5.20707	422.808	464.551
5.21288	420.13	455.78
5.21868	418.677	451.065	451.065
5.22449	400.463	453.678	449.505
5.23029	400.463	448.467	449.505
5.2361	394.722	449.765	449.765
5.2419	396.092	449.245	450.284
5.24771	399.078	443.316	468.052
5.25351	387.493	437.213	475.684
5.25932	393.356	438.731	485.679
5.26512	397.927	441.783	483.719
5.27093	407.463	449.245	499.911
5.27673	407.463	449.245	509.826
5.28254	409.114	454.991	506.304
5.28834	400.695	453.155	516.047
5.29415	401.854	462.409	538.895
5.29995	394.494	460.277	543.27
5.30576	393.356	453.155	541.704
5.31156	392.902	461.076	540.141
5.31737	393.129	437.213	539.518
5.32317	389.963	435.952	538.584
5.32898	388.838	441.783	545.471
5.33478	385.261	451.326	521.14
5.34059	390.414	445.37	518.737
5.34639	404.182	465.357	533.937
5.3522	466.972
5.358	449.245	874.426
5.36381	457.362	862.388
5.36961	449.245	862.886
5.37542	446.916	859.404
5.38122	446.916	884.587
5.38703	454.203	901.089
5.39283	475.684	906.833
5.39864	448.209	909.981
5.40444	923.751
5.41025	892.284
5.41605	865.882
5.42186	876.955	530.555
5.42766	876.449	527.5
5.43347	876.955	529.331
5.43927	887.658	533.937
5.44508	885.098	539.206
5.45088	881.526	559.836
5.45669	897.453	563.404
5.46249	931.789	574.578
5.4683	948.624	578.909	534.246
5.4741	957.432	584.284	520.237
5.47991	887.658	581.59	518.737
5.48571	893.316	578.575	515.452
5.49152	943.161	571.599	513.668
5.49732	973.043	568.635	513.075
5.50313	974.168	558.866	515.452
5.50893	967.439	559.836	518.737
5.51474	950.269	556.933	536.72
5.52054	967.439	551.809	526.586
5.52635	552.128	507.475
5.53215	553.725	512.187
5.53796	555.648	512.187
5.54376	562.754	500.199
5.54957	573.252	504.552
5.55537	575.242	506.011
5.56118	579.913	506.304
5.56698	582.936	514.262
5.57279	586.99	516.346
5.57859	586.651	524.765
5.5844	585.974	524.159
5.5902	579.913	509.237
5.59601	583.273	511.595
5.60181	581.927	493.883
5.60762	578.575	494.454
5.61342	558.221	492.743
5.61923	538.273	489.057
5.62503	534.554	487.365
5.63084	533.937	492.175
5.63664	536.72	511.595
5.64245	544.527	511.005
5.64825	539.518	500.778
5.65406	541.078	499.622
5.65986	526.586	499.622
5.66567	518.438	511.005
5.67147	514.262	509.826
5.67728	492.743	514.262
5.68308	515.154
5.68889	519.637	481.211
5.69469	523.856	481.489
5.7005	526.891	479.823
5.7063	516.644	478.716
5.71211	537.03	480.101
5.71791	535.791	481.767
5.72372	540.766	481.211	1241.64
5.72952	545.156	479.269	1243.79
5.73533	553.406	477.06	1234.48
5.74113	549.583	475.135	1216.08
5.74694	548.948	470.764	1163.85
5.75274	542.643	469.406	1154.48
5.75855	544.527	464.551	1139.9
5.76435	538.895	465.357	1110.01
5.77016	539.518	470.764	1094.1
5.77596	538.584	466.433	1110.65
5.78177	539.829	464.283	1113.22
5.78757	535.791	474.586	1111.94
5.79338	524.461	476.509	1113.22
5.79918	508.649	476.509	1119.03
5.80499	549.583	486.521	1143.2
5.81079	489.905	1156.48
5.8166	490.189	1110.01
5.8224	493.028	1083.41
5.82821	494.454	1098.53
5.83401	495.312	1077.79
5.83982	494.169	1070.34
5.84562	496.171	1077.17
5.85143	498.757	1084.66
5.85723	498.469	1083.41
5.86304	499.911	1080.91
5.86884	501.067	1080.91
5.87465	496.457	1077.17
5.88045	493.598	1072.2	248.085
5.88626	491.89	1068.49	248.947
5.89206	491.606	1064.79	248.947
5.89787	492.175	1077.17	248.372
5.90367	494.74	1096	247.942
5.90948	491.89	1089.68	247.084
5.91528	490.755	1097.26	245.378
5.92109	489.623	248.659
5.92689	488.211	249.955
5.9327	482.882	255.06
5.9385	488.775	254.618
5.94431	487.365	258.024
5.95011	476.784	255.06
5.95592	254.471
5.96172	259.369
5.96753	262.231
5.97333	259.969
5.97914	255.798
5.98494	246.229
5.99075	245.236
5.99655	245.519
6.00236	248.372
6.00816	249.811
6.01397	250.678
6.01977	248.803
6.02558	249.667
6.03138	251.113
6.03719	249.811
6.04299	250.678
6.0488	244.387
6.0546	246.657
6.06041	245.945
6.06621	248.947
6.07202	245.945
6.07782	248.803
6.08363	240.884
6.08943	240.745
6.09524	243.683
6.10104	243.683
6.10685	243.683
6.11265	243.683
6.11846	241.441
6.12426
6.13007
6.13587
6.14168
6.14748
6.15329
6.15909
6.1649
6.1707
6.17651
6.18231
6.18812	394.494
6.19392	394.722
6.19973	392.902
6.20553	392.902
6.21134	393.356
6.21714	393.356
6.22295	393.356
6.22875	392.449
6.23456	391.769
6.24036	391.769
6.24617	391.769
6.25197	393.811
6.25778	395.178
6.26358	395.864
6.26939	394.722
6.27519	398.617
6.281	398.617
6.2868	393.356
6.29261	394.266
6.29841	394.722
6.30422	394.039
6.31002	394.039
6.31583	394.494
6.32163	395.178
6.32744	394.494
6.33324	395.407
6.33905	395.178
6.34485	386.375
6.35066	394.039
6.35646	394.494
6.36227	394.494
6.36807	393.356
6.37388	393.356
6.37968	395.407
6.38549	393.356
6.39129	392.902
6.3971	412.198
6.4029	412.198
6.40871	392.675
6.41451	391.995
6.42032	394.494
6.42612	394.722
6.43193	394.722
6.43773	377.987
6.44354	372.138
6.44934	392.902
6.45515	392.902
6.46095
6.46676
6.47256
6.47837
6.48417
6.48998
6.49578	242.419
6.50159	242.559
6.50739	242.279
6.5132	243.964
6.519	243.964
6.52481	241.999
6.53061	243.542
6.53642	245.378
6.54222	245.378
6.54803	242.84
6.55383	242.559
6.55964	242.559
6.56544	242.699
6.57125	235.79
6.57705	235.79
6.58286	235.79
6.58866	235.79
6.59447
6.60027
6.60608
6.61188
6.61769
6.62349
6.6293
6.6351
6.64091
6.64671
6.65252
6.65832
6.66413
6.66993
6.67574
6.68154
6.68735
6.69315
6.69896
6.70476
6.71057
6.71637
6.72218
6.72798
6.73379
6.73959
6.7454
6.7512
6.75701
6.76281
6.76862
6.77442
6.78023
6.78603
6.79184
6.79764
6.80345
6.80925
6.81506
6.82086
6.82667
6.83247
6.83828
6.84408
6.84989
6.85569
6.8615
6.8673
6.87311
6.87891
6.88472
6.89052
6.89633
6.90213
6.90794
6.91374
6.91955
6.92535
6.93116
6.93696
6.94277
6.94857
6.95438
6.96018
6.96599
6.97179
6.9776
6.9834
6.98921
6.99501
7.00082
7.00662
7.01243
7.01823
7.02404
7.02984
7.03565
7.04145
7.04726
7.05306
7.05887
7.06467
7.07048
7.07628
7.08209
7.08789
7.0937
7.0995
7.10531
7.11111
7.11692
7.12272
7.12853
7.13433
7.14014
7.14594
7.15175
7.15755
7.16336
7.16916
7.17497
7.18077
7.18658
7.19238
7.19819
7.20399
7.2098
7.2156
7.22141
7.22721
7.23302
7.23882
7.24463
7.25043
7.25624
7.26204
7.26785
7.27365
7.27946
7.28526
7.29107
7.29687
7.30268
7.30848
7.31429
7.32009
7.3259
7.3317
7.33751
7.34331
7.34912
7.35492
7.36073
7.36653
7.37234
7.37814
7.38395
7.38975
7.39556
7.40136
7.40717
7.41297
7.41878
7.42458
7.43039
7.43619
7.442
7.4478
7.45361
7.45941
7.46522
7.47102
7.47683
7.48263
7.48844
7.49424
7.50005
7.50585
7.51166
7.51746
7.52327
7.52907
7.53487
7.54068
7.54648
7.55229
7.55809
7.5639
7.56971
7.57551
7.58132
7.58712
7.59293
7.59873
7.60454
7.61034
7.61615	483.719
7.62195	477.611
7.62776	475.135
7.63356	474.586
7.63936	474.586
7.64517	493.598
7.65097	498.469
7.65678	499.333
7.66258	493.313
7.66839	479.269	1331.52
7.67419	489.057	1344.66
7.68	479.269	1350.89
7.6858	483.999	1340.01
7.69161	471.308	1338.46
7.69741	455.254	1329.22
7.70322	450.284	1327.68
7.70902	447.433	1325.38
7.71483	447.433	1318.51
7.72063	448.986	1311.67
7.72644	463.479	1309.4
7.73224	486.803	1367.37
7.73805	511.891	1329.22
7.74385	495.312	1336.14
7.74966	493.883	1343.11
7.75546	1341.56	548.631
7.76127	1332.29	544.842
7.76707	1344.66	546.102
7.77288	1348.55	547.049
7.77868	1389.67	549.9
7.78449	1360.29	547.681
7.79029	1351.67	547.681
7.7961	1357.15	544.213
7.8019	1317.75	536.101
7.80771	553.086
7.81351	550.536
7.81932	547.049
7.82512	545.156
7.83093	545.156
7.83673	540.453
7.84254	543.584
7.84834	543.584
7.85415	543.584
7.85995	556.611
7.86576	549.583
7.87156	538.273
7.87737	546.733
7.88317	537.962	1380.07
7.88898	545.156	1365.01
7.89478	555.006	1354.8	533.629
7.90059	559.836	1308.65	540.453
7.90639	544.527	1343.88	540.141
7.9122	543.898	1370.54	536.72
7.918	540.453	1356.36	515.154
7.92381	540.453	1342.33	511.005
7.92961	1336.14	509.237
7.93542	1367.37	508.062
7.94122	1363.43	502.516
7.94703	1369.75	497.893
7.95283	1354.01	501.936
7.95864	1400.95	502.807
7.96444	1419.69	501.646
7.97025	1455.39	507.475
7.97605	1454.55	510.415	229.74
7.98186	1345.44	521.441	236.199
7.98766	529.025	235.926
7.99347	526.586	233.756
7.99927	523.553	233.756
8.00508	525.068	235.11
8.01088	519.337	239.773
8.01669	523.251	239.773
8.02249	525.978	240.884
8.0283	519.637	228.813
8.0341	528.109	225.793
8.03991	544.527	225.403
8.04571	547.049	229.342
8.05152	555.648	226.316
8.05732	554.045	226.577
8.06313	528.72	228.022
8.06893	528.72	237.567
8.07474	528.72	224.493
8.08054	553.406
8.08635	553.406
8.09215	561.455
8.09796	564.381
8.10376	577.24
8.10957	570.609	516.346
8.11537	561.455	508.649
8.12118	560.159	509.237
8.12698	558.221	500.488
8.13279	495.884
8.13859	489.057
8.1444	473.218
8.1502	465.626
8.15601	451.848
8.16181	453.155
8.16762	453.155
8.17342	456.57
8.17923	466.972
8.18503	467.242
8.19084	462.409	484.838
8.19664	454.991	491.039
8.20245	449.765	504.844
8.20825	446.916	511.3
8.21406	453.155	509.237
8.21986	474.86	499.622
8.22567	482.882	497.319
8.23147	482.046	497.319
8.23728	478.993	498.181
8.24308
8.24889
8.25469
8.2605
8.2663
8.27211
8.27791
8.28372
8.28952
8.29533
8.30113
8.30694
8.31274
8.31855
8.32435
8.33016
8.33596
8.34177
8.34757
8.35338
8.35918
8.36499
8.37079
8.3766
8.3824
8.38821
8.39401
8.39982
8.40562
8.41143
8.41723
8.42304
8.42884
8.43465
8.44045
8.44626
8.45206
8.45787
8.46367
8.46948
8.47528
8.48109
8.48689
8.4927
8.4985
8.50431
8.51011
8.51592
8.52172
8.52753
8.53333
8.53914
8.54494
8.55075
8.55655
8.56236
8.56816
8.57397
8.57977
8.58558
8.59138
8.59719
8.60299
8.6088
8.6146
8.62041
8.62621
8.63202
8.63782
8.64363
8.64943
8.65524	647.555
8.66104	633.497
8.66685	628.394
8.67265	628.394
8.67846	633.497
8.68426	628.394
8.69007	623.693
8.69587	633.863
8.70168	639.748
8.70748	640.487
8.71329	624.775
8.71909	625.859
8.7249	631.305
8.7307	632.765
8.73651	653.568
8.74231	622.613
8.74812	624.775
8.75392	627.306
8.75973	624.414
8.76553	621.177
8.77134	620.459
8.77714	632.4
8.78295	625.136
8.78875	614.752
8.79456	611.917
8.80036	628.758
8.80617	631.67
8.81197	630.212
8.81778	628.394
8.82358	626.944
8.82939	623.333	467.242
8.83519	607.34	482.603
8.841	639.379	487.647
8.8468	634.595	490.189
8.85261	629.121	493.028
8.85841	639.009	486.521
8.86422	650.93	488.211
8.87002	646.808	488.211
8.87583	640.487	488.493
8.88163	632.4	483.999
8.88744	641.598	486.521
8.89324	639.379	489.623	293.665
8.89905	628.758	489.623	293.665
8.90485	618.67	491.039	308.087
8.91066	625.136	488.775	314.924
8.91646	648.304	488.493	314.379
8.92227	638.271	487.929	315.288
8.92807	630.576	490.755	315.835
8.93388	637.903	486.241	314.379
8.93968	623.333	488.493	311.307
8.94549	622.973	484.838	310.588
8.95129	620.101	489.057	311.127
8.9571	626.944	487.647	312.027
8.9629	626.944	472.125	302.794
8.96871	626.944	470.764	304.724
8.97451	613.333	470.22	308.087
8.98032	450.284	305.076
8.98612	461.342	305.076
8.99193	468.052	304.021
8.99773	451.326	301.05
9.00354	446.142	304.724
9.00934	316.931
9.01515	313.291
9.02095	321.541
9.02676	329.818
9.03256	324.339
9.03837	326.973
9.04417	333.458
9.04998	338.112
9.05578	348.02
9.06159	344.42	308.443
9.06739	353.49	312.749
9.0732	365.533	312.388
9.079	379.08	314.742
9.08481	379.08	313.653
9.09061	379.08	310.947
9.09642	309.156
9.10222	321.355
9.10803	318.951
9.11383	314.197
9.11964	316.383
9.12544	319.32
9.13125	327.351
9.13705	332.112
9.14286	325.653
9.14866	325.653
9.15447	320.799
9.16027	313.11
9.16608	311.487
9.17188	310.947
9.17769	306.844
9.18349	294.004
9.1893	303.845
9.1951	314.742
9.20091	308.443
9.20671	300.702
9.21252	293.156
9.21832	298.281
9.22413	311.487
9.22993	314.56
9.23574	314.56
9.24154	314.56
9.24735
9.25315
9.25896
9.26476
9.27057
9.27637
9.28218
9.28798
9.29379
9.29959
9.3054
9.3112
9.31701
9.32281
9.32862
9.33442
9.34023
9.34603
9.35184
9.35764
9.36345
9.36925
9.37506
9.38086
9.38667
9.39247
9.39828
9.40408
9.40989
9.41569
9.4215
9.4273
9.43311
9.43891
9.44472
9.45052
9.45633
9.46213
9.46794
9.47374
9.47955
9.48535
9.49116
9.49696
9.50277
9.50857
9.51438
9.52018
9.52599
9.53179
9.5376
9.5434
9.54921
9.55501
9.56082	241.72
9.56662	234.568
9.57243	234.568
9.57823	234.839
9.58404	232.813
9.58984	231.338
9.59565	231.873
9.60145	229.74
9.60726	237.567
9.61306	240.467
9.61887	241.023
9.62467	238.392
9.63048	242.419
9.63628	252.86
9.64209	254.913
9.64789	249.667
9.6537	252.13
9.6595	259.069
9.66531	265.738
9.67111	269.136
9.67692	273.367
9.68272	278.627
9.68853	277.343
9.69433	281.702
9.70014	280.241
9.70594	286.295
9.71175	282.028
9.71755	279.595
9.72336	291.805
9.72916	295.025
9.73497	295.878
9.74077	304.021
9.74658	303.67
9.75238	300.009
9.75819	293.156
9.76399	295.366
9.7698	287.123
9.7756	276.543
9.78141	288.953
9.78721	291.3
9.79302	292.649
9.79882
9.80463
9.81043
9.81624
9.82204
9.82785
9.83365
9.83946
9.84526
9.85107
9.85687
9.86268
9.86848
9.87429
9.88009
9.8859
9.8917
9.89751
9.90331
9.90912
9.91492	253.298
9.92073	264.055
9.92653	270.852
9.93234	290.124
9.93814	276.543
9.94394	277.343
9.94975	277.984
9.95555	274.633
9.96136	274.474
9.96716	278.949
9.97297	293.665
9.97878	302.794
9.98458	300.355
9.99039	301.921
9.99619	303.67
10.002	304.196
10.0078	309.156
10.0136	312.568
10.0194	317.114
10.0252	317.298
10.031	318.951
10.0368	320.059
10.0426	316.748
10.0484	319.689
10.0542	318.399
10.06	323.03
10.0659	317.298
10.0717	316.748
10.0775	319.874
10.0833	319.505
10.0891	317.848
10.0949	315.288
10.1007	311.487
10.1065	310.768
10.1123	295.878
10.1181	292.142
10.1239	289.957
10.1297	290.459
10.1355	291.131
10.1413	291.636
10.1471	289.455
10.1529	296.22
10.1587	283.825
10.1645	274.316
10.1703	259.668
10.1761	253.298
10.1819
10.1878
10.1936
10.1994
10.2052
10.211
10.2168
10.2226
10.2284
10.2342
10.24
10.2458
10.2516
10.2574
10.2632
10.269
10.2748
10.2806
10.2864
10.2922
10.298
10.3039
10.3097
10.3155
10.3213
10.3271
10.3329
10.3387
10.3445
10.3503
10.3561
10.3619
10.3677
10.3735
10.3793
10.3851
10.3909
10.3967
10.4025
10.4083
10.4141
10.42
10.4258
10.4316
10.4374
10.4432
10.449
10.4548
10.4606
10.4664
10.4722
10.478
10.4838
10.4896
10.4954
10.5012
10.507
10.5128
10.5186
10.5244
10.5302
10.5361
10.5419
10.5477
10.5535
10.5593
10.5651
10.5709
10.5767
10.5825
10.5883
10.5941
10.5999
10.6057
10.6115
10.6173
10.6231
10.6289
10.6347
10.6405
10.6463	1240.92
10.6522	1287.65
10.658	1292.12
10.6638	1266.99
10.6696	1250.99
10.6754	1283.2
10.6812	1305.63
10.687	1322.32
10.6928	1285.42
10.6986	1312.43
10.7044	1312.43
10.7102	1267.73
10.716	1241.64
10.7218	1233.06
10.7276	1273.6
10.7334	1301.11
10.7392	1306.38
10.745	1327.68
10.7508	1313.19
10.7566	1278.76
10.7624	1265.53
10.7683	1295.11
10.7741	1307.14
10.7799	1304.12
10.7857	1304.12
10.7915	1316.99
10.7973	1334.6
10.8031	1321.56
10.8089	1319.27
10.8147	1323.09
10.8205	1333.06
10.8263	1365.01
10.8321	1332.29
10.8379	1321.56
10.8437	1315.47
10.8495	1329.98
10.8553	1332.29
10.8611	1318.51
10.8669	1321.56
10.8727	1312.43
10.8785	1310.92
10.8844	1311.67
10.8902	1321.56
10.896	1333.83
10.9018	1313.19
10.9076	1302.61
10.9134	1310.16
10.9192	1334.6
10.925	1326.15
10.9308	1307.89
10.9366	1293.62
10.9424	1296.61
10.9482	1282.46
10.954	1319.27
10.9598	1314.71
10.9656	1295.86
10.9714
10.9772
10.983
10.9888
10.9946
11.0005
11.0063
11.0121
11.0179
11.0237
11.0295
11.0353
11.0411
11.0469
11.0527
11.0585
11.0643
11.0701
11.0759
11.0817
11.0875
11.0933
11.0991
11.1049
11.1107
11.1166
11.1224
11.1282
11.134
11.1398
11.1456
11.1514
11.1572
11.163
11.1688
11.1746
11.1804
11.1862
11.192
11.1978
11.2036
11.2094
11.2152
11.221
11.2268
11.2327
11.2385
11.2443
11.2501
11.2559
11.2617
11.2675
11.2733
11.2791
11.2849
11.2907
11.2965
11.3023
11.3081
11.3139
11.3197
11.3255
11.3313
11.3371
11.3429
11.3488
11.3546
11.3604
11.3662
11.372
11.3778
11.3836
11.3894
11.3952
11.401
11.4068
11.4126
11.4184
11.4242
11.43
11.4358
11.4416
11.4474
11.4532
11.459
11.4649
11.4707
11.4765
11.4823
11.4881
11.4939
11.4997
11.5055
11.5113
11.5171
11.5229
11.5287
11.5345
11.5403
11.5461
11.5519
11.5577
11.5635
11.5693
11.5751
11.581
11.5868
11.5926
11.5984
11.6042
11.61
11.6158
11.6216
11.6274
11.6332
11.639
11.6448
11.6506
11.6564
11.6622
11.668
11.6738
11.6796
11.6854
11.6912
11.6971
11.7029
11.7087
11.7145
11.7203
11.7261
11.7319
11.7377
11.7435
11.7493
11.7551
11.7609
11.7667
11.7725
11.7783
11.7841
11.7899
11.7957	558.221
11.8015	558.544
11.8073	553.406
11.8132	549.265
11.819	551.172
11.8248	555.006
11.8306	556.29
11.8364	555.969
11.8422	558.221
11.848	553.406
11.8538	556.29
11.8596	559.512
11.8654	556.611
11.8712	558.221
11.877	557.899
11.8828	554.365
11.8886	552.128
11.8944	553.086
11.9002	552.766
11.906	549.9	797.695
11.9118	552.447	804.636
11.9176	552.766	806.032
11.9234	550.854	806.498
11.9293	550.218	806.964
11.9351	551.172	816.34
11.9409	550.536	872.408
11.9467	553.086	888.684
11.9525	551.809	867.885
11.9583	550.854	867.885
11.9641	548.315	871.401
11.9699	551.491	854.948
11.9757	553.725	832.05
11.9815	555.327	820.595
11.9873	555.006	815.398
11.9931	550.536	817.284	557.577
11.9989	555.969	814.927	540.766
12.0047	543.898	813.516	568.307
12.0105	553.725	813.046	546.417
12.0163	552.766	800.927	557.255
12.0221	552.766	803.243	554.365
12.0279	555.327	821.069	554.365
12.0337	549.583	822.018	551.491
12.0395	550.218	823.444	547.049
12.0454	552.766	813.986	550.218
12.0512	547.681	801.852	546.417
12.057	574.247	802.779	551.172
12.0628	552.447	822.493	554.045
12.0686	538.584	837.837	555.969
12.0744	549.265	842.204	559.512
12.0802	532.09	849.043	564.707
12.086	547.365	846.105	560.483
12.0918	559.189	861.392	560.807
12.0976	837.354	556.611
12.1034	831.089	557.577
12.1092	826.303	551.809
12.115	857.421	551.172
12.1208	858.908	548.948
12.1266	553.406
12.1324	550.536
12.1382	557.255
12.144	559.189
12.1498	557.577
12.1556	563.404
12.1615	558.221
12.1673	559.512
12.1731	555.006
12.1789	552.766
12.1847	549.9
12.1905	546.102
12.1963	550.854
12.2021	555.648
12.2079	557.577
12.2137	561.131
12.2195	575.907
12.2253	566.341
12.2311	578.575
12.2369	570.609	549.9
12.2427	570.609	551.809
12.2485	588.008
12.2543	581.255
12.2601	576.573
12.2659	565.034
12.2717	562.754
12.2776	562.754
12.2834	565.687
12.2892	567.323
12.295	582.599
12.3008	580.919
12.3066	567.323
12.3124	564.707
12.3182	565.36
12.324	565.687
12.3298	567.323
12.3356	568.635
12.3414	568.307
12.3472	567.323
12.353	566.341
12.3588	565.36
12.3646	564.707
12.3704	564.055
12.3762	563.404
12.382	563.079
12.3878	563.404
12.3937	564.055
12.3995	565.36
12.4053	566.341
12.4111	566.014
12.4169	566.995
12.4227	566.995
12.4285	568.307
12.4343	567.323
12.4401	570.939
12.4459	571.929
12.4517	571.929
12.4575	569.621
12.4633	567.651
12.4691	567.979
12.4749	569.621
12.4807	571.269
12.4865	563.404
12.4923	561.779
12.4981	562.429	287.621
12.5039	574.247	285.965
12.5098	281.865
12.5156	284.482
12.5214	285.8
12.5272	286.957
12.533	287.289
12.5388	289.622
12.5446	290.124
12.5504	289.789
12.5562	287.455
12.562	288.953
12.5678	287.289
12.5736	283.334
12.5794	285.634
12.5852	287.621
12.591	290.292
12.5968	283.007	1113.87
12.6026	281.702	1113.87
12.6084	281.539	1115.8
12.6142	285.8	1126.81
12.62	283.007	1140.56
12.6258	283.825	1139.9
12.6317	282.843	1128.11
12.6375	287.123	1132.68
12.6433	286.13	1136.61	575.907
12.6491	283.17	1140.56	568.964
12.6549	280.403	1145.18	569.951
12.6607	282.028	1145.84	566.341
12.6665	283.334	1145.84	568.307
12.6723	283.661	1139.24	566.341
12.6781	282.68	1134.65	566.014
12.6839	283.661	1129.41	566.668
12.6897	285.634	1126.16	567.979
12.6955	284.482	1121.61	566.668
12.7013	287.954	1120.97	566.995
12.7071	278.466	1128.76	566.014
12.7129	283.334	1133.34	566.995
12.7187	282.354	1128.76	564.707
12.7245	280.565	1117.09	562.104
12.7303	279.756	1117.73	561.131
12.7361	274.474	1115.15	561.779
12.742	283.007	1132.03	565.687
12.7478	285.14	1135.3	567.323
12.7536	283.825	1134.65	567.651
12.7594	283.825	1135.3	567.651
12.7652	286.626	1137.93	566.995
12.771	283.825	1143.86	566.014
12.7768	280.403	1151.15	565.687
12.7826	280.403	1150.48	563.079
12.7884	280.403	1143.2	562.104
12.7942	280.403	1142.54	563.079
12.8	1145.18	565.687
12.8058	1153.15	567.979
12.8116	1162.51	569.951
12.8174	1158.49	570.609
12.8232	1141.22	572.26
12.829	1138.58	572.59
12.8348	1138.58	572.59
12.8406	1139.9	571.929
12.8464	1139.9	570.609
12.8522	1137.27	569.293
12.858	1133.34	568.307
12.8639	1127.46	567.979
12.8697	1119.03	567.651
12.8755	1113.22	566.668
12.8813	1117.09	565.687
12.8871	1134.65	565.687
12.8929	1151.15	563.73
12.8987	1124.21	562.754
12.9045	1123.56	562.104
12.9103	1143.2	563.404
12.9161	1147.17	563.079
12.9219	1132.68	560.807
12.9277	1117.73	558.866
12.9335	1102.98	555.006
12.9393	1098.53	551.809
12.9451	1100.44	552.447
12.9509	1117.73	556.29
12.9567	1139.9	565.687	568.635
12.9625	1145.18	572.921	572.921
12.9683	1133.34	571.269
12.9741	1128.11	566.995
12.98	1120.32	566.341
12.9858	1121.61	566.014
12.9916	1134.65	567.323
12.9974	1135.96	571.269
13.0032	1136.61	573.252
13.009	1145.84	574.91
13.0148	1123.56	575.907
13.0206	1125.51	576.24
13.0264	575.242
13.0322	573.252
13.038	568.635
13.0438	565.36
13.0496	564.707
13.0554	565.687
13.0612	569.293
13.067	573.252
13.0728	576.573
13.0786	576.24
13.0844	576.906
13.0902	576.573
13.0961	576.573	576.24
13.1019	575.242	575.242
13.1077	575.907	575.907
13.1135	578.575	578.575
13.1193	576.906	555.327
13.1251	589.709	550.218
13.1309	587.33	545.786
13.1367	571.599	557.899
13.1425	574.247	577.573
13.1483	573.583	573.583
13.1541	570.939	569.621	527.195
13.1599	568.635	568.964	529.637
13.1657	570.28	571.269	527.805
13.1715	571.269	571.599	530.862
13.1773	572.26	572.26	533.321
13.1831	572.26	571.599	531.783
13.1889	571.599	571.269	531.783
13.1947	570.939	532.397
13.2005	569.951	532.397
13.2063	570.28	529.637
13.2122	571.599	535.791
13.218	573.252	522.949
13.2238	574.578	520.839
13.2296	574.578	527.805
13.2354	573.583	531.783
13.2412	575.242	533.629	584.96
13.247	566.668	530.862	588.688
13.2528	564.381	522.044	596.561
13.2586	565.687	522.949	586.651
13.2644	566.341	524.461	584.96
13.2702	567.323	530.862	577.573
13.276	574.578	530.862	569.951
13.2818	576.24	530.862	575.907
13.2876	579.578	530.862	575.242
13.2934	567.651	530.862	568.307
13.2992	572.26	530.862	571.269
13.305	574.578	507.475	572.59
13.3108	577.24	578.241	519.937
13.3166	581.927	581.255	526.282
13.3224	587.669	585.298	561.779
13.3283	581.927	581.927	554.045
13.3341	578.909
13.3399	574.578
13.3457	572.59
13.3515	568.635
13.3573	566.014
13.3631	577.573
13.3689	572.921
13.3747	574.91
13.3805	574.578
13.3863	573.252
13.3921	571.599
13.3979	566.995
13.4037	571.599
13.4095	570.609
13.4153	570.609
13.4211	572.26
13.4269	569.951
13.4327	572.59
13.4385	566.014
13.4444	569.951	539.829
13.4502	570.939	572.921
13.456	573.252	573.583
13.4618	577.24	579.244
13.4676	579.578	575.242
13.4734	580.583	574.578
13.4792	581.927	575.575
13.485	578.575	577.907
13.4908	579.913	579.578
13.4966	577.573	580.248
13.5024	575.575	581.59
13.5082	574.247	583.61
13.514	577.24	585.298
13.5198	577.573	584.622
13.5256	577.573	583.273
13.5314	580.248
13.5372	576.573
13.543	572.59
13.5488	569.293
13.5546	568.964
13.5605	568.964
13.5663	570.28
13.5721	571.599
13.5779	575.575
13.5837	577.907
13.5895	581.255
13.5953	583.947
13.6011	594.497
13.6069	600.017	530.555
13.6127	597.596	566.668
13.6185	583.273	567.979
13.6243	588.348	586.651
13.6301	584.96	583.947
13.6359	583.61	582.936
13.6417	583.273	582.599
13.6475	578.909	581.927
13.6533	580.919	580.248
13.6591	573.252	572.59
13.6649	574.578	573.583
13.6707	570.28	570.28
13.6766	577.907	578.241
13.6824	581.255	580.919
13.6882	581.927	581.927
13.694	582.263	583.947	805.101
13.6998	580.919	580.919	807.896
13.7056	582.599	590.05	798.617
13.7114	587.33	584.96	794.935
13.7172	589.028	594.841	812.576
13.723	590.391	590.391	818.228
13.7288	595.184	595.184	819.647
13.7346	590.05	590.05	816.812
13.7404	586.651	586.651	815.398	301.224
13.7462	585.636	585.636	810.701	297.42
13.752	586.651	588.008	810.701	297.42	1186.94
13.7578	588.348	783.086	299.143	1190.37
13.7636	584.622	808.363	301.05	1194.5
13.7694	582.936	808.363	298.281	1178.74
13.7752	577.24	808.363	296.905	1168.57
13.781	575.575	797.234	299.835	1167.89
13.7868	581.255	797.234	297.764	1172.63
13.7927	594.841	296.734	1182.15
13.7985	596.561	294.344	1180.78
13.8043	594.154	295.025	1174.66
13.8101	591.756	291.131	1167.89
13.8159	584.622	291.131	1163.85
13.8217	290.292	1161.84
13.8275	291.131	1160.5
13.8333	290.627	1160.5
13.8391	290.963	1161.17	585.974
13.8449	290.459	1160.5	584.96
13.8507	290.124	1161.84	584.96
13.8565	289.622	1169.24	584.622
13.8623	290.627	1163.85	583.947
13.8681	290.795	1166.55	583.273
13.8739	291.131	1170.6	582.263
13.8797	291.468	1176.02	582.599
13.8855	291.636	1176.7	582.936
13.8913	294.514	1184.2	584.622
13.8971	289.957	1187.62	585.636
13.9029	288.787	1161.17	588.008
13.9088	283.17	1153.81	586.99
13.9146	586.313
13.9204	584.96
13.9262	586.313
13.932	588.008
13.9378	597.941
13.9436	598.978
13.9494	598.978
13.9552	594.497
13.961	593.811
13.9668	586.313
13.9726	584.284
13.9784	584.284
13.9842	583.273
13.99	577.24
13.9958	569.293
14.0016	577.907	546.102
14.0074	579.244	579.578
14.0132	582.936	582.599
14.019	585.298	583.61
14.0249	581.927	582.936
14.0307	580.583	582.936
14.0365	582.599	582.936
14.0423	582.936	582.936
14.0481	581.927	583.61
14.0539	578.575	578.575
14.0597	575.575	575.242
14.0655	577.573	577.24
14.0713	578.241	577.907
14.0771	579.578	580.583
14.0829	581.59	581.59
14.0887	581.927	581.927
14.0945	581.255	581.255
14.1003	582.936	597.251
14.1061	570.939	607.34
14.1119	571.269	602.448
14.1177	579.244	578.575
14.1235	582.263	581.255
14.1293	581.59	581.59
14.1351	579.578	579.913
14.141	579.244	579.244
14.1468	582.599	579.578
14.1526	591.415	590.05
14.1584	597.596	596.561
14.1642	575.575	575.907
14.17	596.561	596.561
14.1758	589.709	589.709
14.1816	588.008	588.008
14.1874	585.974	585.974
14.1932	583.947	585.298
14.199	586.651	586.99
14.2048	590.391	590.391
14.2106	594.154	592.44	542.643
14.2164	594.154	594.497	538.895
14.2222	589.709	589.369	547.049
14.228	584.284	582.599	546.417
14.2338	583.273	583.273	548.315
14.2396	581.927	584.284	552.128
14.2454	576.573	576.24	558.544
14.2512	584.284	579.913
14.2571	572.59	574.578
14.2629	570.28	569.621
14.2687	564.381	564.055
14.2745	568.307	564.055
14.2803	566.014	563.73
14.2861	568.307	565.034
14.2919
14.2977	564.055
14.3035	564.707
14.3093	566.014
14.3151	568.307
14.3209	574.247
14.3267	574.91
14.3325	562.429
14.3383	559.836
14.3441	556.29
14.3499	547.681
14.3557	552.128
14.3615	570.28	565.36
14.3673	574.578	566.014
14.3732	573.583	573.583
14.379	566.014	574.247
14.3848	555.327	571.599
14.3906	551.809	576.573
14.3964	548.948	578.575
14.4022	562.104	578.909
14.408	556.611	561.131
14.4138	558.544	577.24
14.4196	540.766	578.575
14.4254	555.969	581.255
14.4312	552.447	584.284
14.437	552.447	585.298
14.4428	552.447	584.284
14.4486	580.919	582.936
14.4544	582.599	582.599
14.4602	582.936
14.466	586.313
14.4718	583.273
14.4776	581.255
14.4834	580.919
14.4893	576.906
14.4951	577.24
14.5009	576.906	1115.15
14.5067	573.252	1129.41
14.5125	576.24	1136.61
14.5183	577.573	1117.73
14.5241	569.951	1107.45
14.5299	575.575	1108.73
14.5357	575.575	1111.94
14.5415	585.298	1115.15
14.5473	588.688	1118.38
14.5531	590.732	1106.81
14.5589	592.098	1113.87
14.5647	583.61	1117.73
14.5705	587.669	1117.73
14.5763	586.99	1116.44
14.5821	593.125	1111.3
14.5879	593.811	1116.44
14.5937	597.251	1119.67
14.5995	596.906	1111.94
14.6054	605.588	1120.97
14.6112	601.752	1122.26
14.617	581.255	1121.61
14.6228	591.073	1123.56
14.6286	588.008	1118.38	589.028
14.6344	584.96	1129.41	580.248
14.6402	583.61	1130.07	581.927
14.646	580.583	1126.16	579.244
14.6518	577.907	1111.94	576.906
14.6576	576.24	1115.8	574.247
14.6634	573.252	1140.56	573.252
14.6692	574.247	1130.72	571.599
14.675	572.59	1126.16	566.995
14.6808	573.915	1132.68	564.381
14.6866	569.293	1113.87	570.28
14.6924	564.381	1135.3	566.995
14.6982	557.899	1120.32	558.221
14.704	570.609	1110.01	553.725
14.7098	556.29	1106.81	551.172
14.7156	554.045	1106.81	556.29
14.7215	557.577	1120.97	557.577
14.7273	555.648	1116.44	556.933
14.7331	553.725	1121.61	552.128
14.7389	554.365	1119.03	557.255
14.7447	555.327	1126.16	558.221
14.7505	564.055	1130.07	563.73
14.7563	566.341	1137.93	565.687
14.7621	1138.58	567.651	566.341
14.7679	1151.81	569.951	565.034
14.7737	1157.15	569.293	563.73
14.7795	1148.49	567.651	562.104
14.7853	1144.52	566.014	556.611
14.7911	1143.86	552.447	581.255
14.7969	1145.84	556.933	584.96
14.8027	1147.83	566.014	581.255
14.8085	1149.82	558.544	559.189
14.8143	1154.48	560.483	560.483
14.8201	1153.15	560.807	561.131
14.8259	1154.48	560.807	561.131
14.8317	1157.82	556.29	556.611
14.8376	1156.48	557.577	549.9
14.8434	1155.81	552.766	552.766
14.8492	1158.49	546.102	545.786
14.855	1153.15	555.648	556.611
14.8608	1151.81	558.866
14.8666	1157.15	561.131
14.8724	1148.49	560.159
14.8782	1151.15	561.455
14.884	1145.18	560.159
14.8898	1151.15	559.189
14.8956	1150.48	557.577
14.9014	1151.15	557.255
14.9072	1144.52	557.255
14.913	1145.18	555.006
14.9188	1139.9	553.406
14.9246	1145.18	551.172
14.9304	1143.86	547.681
14.9362	1143.86	549.583
14.942	1147.83	548.631
14.9478	1150.48	547.681
14.9537	1127.46	547.365
14.9595	1108.73	547.365
14.9653	1117.09	551.491	385.039
14.9711	1139.9	552.128	384.15
14.9769	1139.24	545.471	382.821
14.9827	546.102	387.046
14.9885	548.631	389.513
14.9943	550.218	388.389
15.0001	556.29	383.485
15.0059	562.104	381.276
15.0117	560.807	384.594
15.0175	558.221	383.928
15.0233	551.491	385.039
15.0291	548.631	384.816
15.0349	547.998	381.717
15.0407	548.315	385.039
15.0465	554.365	378.424
15.0523	556.933	385.261
15.0581	558.866	387.046
15.0639	561.131	385.707	543.584
15.0697	555.006	385.261	549.9
15.0756	550.536	381.717	541.078
15.0814	550.218	383.042	533.937
15.0872	548.315	384.372	547.681
15.093	385.039	545.156
15.0988	386.375	549.583
15.1046	385.261	556.933
15.1104	380.177	558.866
15.1162	382.379	557.255
15.122	384.816	563.079
15.1278	383.485	564.707
15.1336	381.717	565.36
15.1394	381.497	565.36
15.1452	390.414	568.307
15.151	382.379	568.635
15.1568	385.261	573.583
15.1626	385.484	579.578
15.1684	386.375	579.244
15.1742	376.679	573.252
15.18	383.264	575.242
15.1859	386.375	567.651
15.1917	395.864	565.034
15.1975	389.288	559.836
15.2033	395.635	557.577
15.2091	399.77	551.809
15.2149	393.356	554.045
15.2207	411.722	557.255
15.2265	415.785	556.29
15.2323	435.701	558.221
15.2381	556.933
15.2439	555.006
15.2497	556.611
15.2555	551.809
15.2613	550.218
15.2671	554.045
15.2729	556.933
15.2787	553.725
15.2845	551.809
15.2903	550.218
15.2961	548.948
15.3019	544.213
15.3078	543.27
15.3136	543.27
15.3194	544.527
15.3252	545.471
15.331	547.681
15.3368	558.866
15.3426	555.969
15.3484	553.086
15.3542	555.969
15.36	551.809
15.3658	555.648
15.3716	550.854
15.3774	557.899
15.3832	559.189	680.929
15.389	555.969	670.779
15.3948	559.836	671.554
15.4006	556.933	678.573
15.4064	555.648	674.664
15.4122	556.933	681.716
15.418	555.969	678.573
15.4239	553.725	681.322
15.4297	553.406	677.007
15.4355	552.128	681.322
15.4413	547.049	688.841
15.4471	550.854	691.631
15.4529	549.583	681.716
15.4587	551.172	680.929
15.4645	552.766	675.835
15.4703	555.969	667.301
15.4761	559.189	698.456
15.4819	555.648	683.687
15.4877	553.725	678.181
15.4935	554.365	684.082
15.4993	555.006	685.269
15.5051	556.29	678.573
15.5109	564.381	684.873
15.5167	560.159	690.035
15.5225	560.807	692.431
15.5283	561.455	689.637
15.5341	565.687	700.072	527.805
15.54	560.807	700.072	526.282
15.5458	536.41	704.128	536.72
15.5516	700.881	534.554
15.5574	697.65	535.172
15.5632	694.835	538.895
15.569	700.477	554.045
15.5748	692.031	557.899
15.5806	696.442	561.131
15.5864	696.442	563.73
15.5922	676.616	564.055
15.598	696.442	563.079
15.6038	670.004	562.429
15.6096	669.617	560.807
15.6154	674.664	561.131
15.6212	686.457	558.221
15.627	688.443	558.221
15.6328	688.841	557.255
15.6386	696.845	560.159
15.6444	698.456	563.73
15.6502	678.181	563.079
15.6561	680.929	555.969
15.6619	682.11	555.648
15.6677	714.369	553.086
15.6735	691.631	551.491
15.6793	554.045
15.6851	555.006
15.6909	554.045
15.6967	555.648
15.7025	558.866
15.7083	555.327
15.7141	560.807
15.7199	560.483
15.7257	551.809
15.7315	554.045
15.7373	550.854
15.7431	556.29
15.7489	558.544
15.7547	553.725
15.7605	558.866
15.7663	552.447
15.7722	556.611
15.778	554.045
15.7838	547.365
15.7896	548.315
15.7954	548.315
15.8012	558.866
15.807	562.754
15.8128	563.404
15.8186	569.621
15.8244	575.907
15.8302	577.907
15.836	578.909
15.8418	574.578
15.8476	572.59
15.8534	566.341
15.8592	564.381
15.865	565.36
15.8708	571.929	382.158
15.8766	571.929	383.485
15.8824	570.939	378.643
15.8883	569.951	378.643
15.8941	564.381	377.551
15.8999	567.979	374.943
15.9057	571.929	373.214
15.9115	572.921	373.43
15.9173	572.59	376.027
15.9231	570.609	373.861
15.9289	566.014	371.493	1118.38
15.9347	564.055	369.354	1107.45
15.9405	564.707	369.781	1109.37
15.9463	563.404	367.863	1101.71
15.9521	561.131	364.269	1096
15.9579	559.836	365.111	1100.44
15.9637	558.544	371.493	1112.58
15.9695	558.544	375.159	1114.51
15.9753	561.455	376.244	1124.21
15.9811	563.404	372.568	1108.73
15.9869	563.404	380.836	1135.96
15.9927	564.055	385.484	1148.49
15.9985	565.034	388.165	1165.2
16.0044	565.36	382.379	1144.52
16.0102	565.36	382.6	1142.54
16.016	563.079	381.056	1141.22
16.0218	557.899	379.738	1134.65
16.0276	560.159	379.738	1137.93
16.0334	557.577	388.838	1167.89
16.0392	559.512	392.222	1180.78
16.045	560.159	389.513	1171.27
16.0508	561.455	393.811	1181.46
16.0566	560.483	372.568	1111.3
16.0624	561.779	374.294	1120.97
16.0682	559.512	372.568	1120.32
16.074	558.221	370.422	1112.58
16.0798	556.611	372.783	1110.65
16.0856	559.512	375.81	1122.91
16.0914	554.365	380.616	1140.56
16.0972	547.049	386.375	1170.6
16.103	544.213	389.288	1171.95
16.1088	551.172	379.738	1130.07
16.1146	559.189	377.769	1135.3
16.1205	560.483	380.836
16.1263	555.006	381.938
16.1321	553.086	376.244	559.512
16.1379	554.365	389.738	553.406
16.1437	558.544	375.376	558.221
16.1495	559.512	376.897	563.079
16.1553	567.323	373.645	581.59
16.1611	564.381	369.567	552.128
16.1669	563.079	379.518	558.544
16.1727	558.866	384.372	582.599	1158.49
16.1785	538.584	379.738	589.369	1173.98
16.1843	541.078	376.679	584.96	1104.89
16.1901	559.836	373.214	565.034	1115.8
16.1959	543.898	379.957	557.577	1120.97
16.2017	539.206	375.159	558.544	1119.67
16.2075	563.73	376.462	554.686	1088.43
16.2133	377.769	1143.86	1143.86
16.2191	389.288	1173.98	1099.8
16.2249	376.462	1108.73	1167.89
16.2307	378.643	1102.34	1161.84
16.2366	365.745	1128.76	1167.22
16.2424	363.638	1115.8	1124.21
16.2482	363.638	1119.67	1139.9
16.254	1161.17	1094.73
16.2598	1155.15	1094.73	573.583
16.2656	1145.84	1145.84	570.609
16.2714	1161.17	1142.54	558.866
16.2772	1169.92	1166.55	564.707
16.283	1170.6	1171.27	579.913
16.2888	1169.24	1169.24	582.599
16.2946	1161.17	1161.17	595.528
16.3004	1161.17	1097.9	596.217
16.3062	1161.17	1094.1	596.561
16.312	1135.3	1135.3	582.936
16.3178	1138.58	1138.58	576.906
16.3236	1125.51	1125.51	569.951
16.3294	1108.73	1108.73	568.964
16.3352	1101.07	1100.44	573.583
16.341	1108.73	1108.09	579.578
16.3468	1111.3	1111.3	572.26
16.3527	1098.53	1097.9	578.575
16.3585	1094.73	1096	580.919
16.3643	1110.65	582.263
16.3701	1092.83	581.255
16.3759	1087.8	587.669
16.3817	1117.09	579.244
16.3875	1118.38	579.244
16.3933	1116.44	582.263
16.3991	1079.04	580.919
16.4049	1122.91	577.24
16.4107	1149.16	574.91
16.4165	1156.48	575.575
16.4223	570.28
16.4281	575.907	559.189
16.4339	567.651	555.648
16.4397	575.907	558.221
16.4455	577.907	583.273
16.4513	578.909	579.578
16.4571	577.573	576.906
16.4629	565.36	574.247	574.247
16.4688	590.05	566.014	566.014
16.4746	595.184	564.055	564.381
16.4804	563.079	563.079	563.079
16.4862	569.621	591.415
16.492	562.754	605.238
16.4978	565.687	609.8
16.5036	561.131	616.886	391.543
16.5094	563.73	619.743	391.995
16.5152	566.014	619.743	393.356
16.521	564.707	648.678	392.902
16.5268	566.668	637.166	389.513
16.5326	565.034	628.031	386.375
16.5384	566.014	631.305	390.865
16.5442	564.381	638.271	390.414
16.55	563.73	636.431	390.865
16.5558	566.014	655.08	401.622
16.5616	564.381	649.428	395.635
16.5674	564.055	667.686	393.811
16.5732	562.754	389.963
16.579	553.725	392.675
16.5849	551.809	384.594
16.5907	547.681	388.165
16.5965	552.128	386.152
16.6023	538.895	386.599
16.6081	554.365	385.929
16.6139	564.707	387.269
16.6197	581.927	383.707
16.6255	589.369	386.375
16.6313	595.872	385.929
16.6371	598.632	376.027	604.54
16.6429	602.1	381.938	601.405
16.6487	596.906	390.414	598.632
16.6545	584.284	370.208	594.154
16.6603	586.313	380.177	585.636
16.6661	584.284	390.414	582.599
16.6719	582.263	386.822	581.927
16.6777	570.939	384.15	584.284
16.6835	574.578	391.091	588.008
16.6893	573.915	396.321	580.248
16.6951	584.622	389.738	584.622
16.701	581.59	582.936
16.7068	593.468	593.468
16.7126	591.073	593.125
16.7184	595.872	595.872
16.7242	587.669	587.669
16.73	588.008	588.008
16.7358	591.756	591.756
16.7416	591.756	591.756
16.7474	587.33	587.33
16.7532	583.61	583.273
16.759	582.599	581.927
16.7648	584.284	583.273
16.7706	589.028	589.028
16.7764	586.99	586.651
16.7822	585.298	583.947
16.788	584.96	584.96
16.7938	582.263	582.263
16.7996	581.255	581.59	833.975
16.8054	578.241	574.247	833.493
16.8112	573.583	569.951	839.29
16.8171	575.242	570.28	846.594
16.8229	571.929	855.442
16.8287	574.247	865.882
16.8345	577.573	862.388
16.8403	576.24	866.883
16.8461	577.907	873.921
16.8519	576.573	848.062
16.8577	573.915	861.392
16.8635	574.247	894.865
16.8693	574.578	884.076
16.8751	575.242	880.509	593.468
16.8809	575.907	880	593.125
16.8867	580.583	888.684	586.651
16.8925	581.59	896.935	589.028
16.8983	578.241	878.984	589.369
16.9041	579.913	878.984	591.415
16.9099	576.906	891.254	590.05
16.9157	574.578	895.899	584.96
16.9215	575.907	881.526	592.44
16.9273	564.055	875.943	581.59
16.9332	577.573	875.943	578.241
16.939	576.906	901.61	579.578	593.125
16.9448	575.575	892.8	569.951	563.079
16.9506	564.055	882.545	568.307	570.609
16.9564	559.512	868.888	564.381	561.779
16.9622	884.076	572.59
16.968	881.526	559.512
16.9738	881.526	557.255
16.9796	874.932	555.969
16.9854	873.921	558.866
16.9912	901.61	562.104
16.997	916.84	565.034
17.0028	869.892	569.951
17.0086	571.929
17.0144	567.323
17.0202	562.754
17.026	558.544
17.0318	560.483
17.0376	560.807
17.0434	561.455
17.0493	561.779
17.0551	561.455
17.0609	568.307
17.0667	565.034
17.0725	568.964
17.0783	574.91
17.0841	573.583
17.0899	570.609
17.0957	572.921
17.1015	574.578
17.1073	577.24
17.1131	575.242
17.1189	585.298
17.1247	581.927
17.1305	580.919
17.1363	582.263
17.1421	579.244	579.244
17.1479	571.599	570.28
17.1537	567.979	572.26
17.1595	559.512	569.621
17.1654	555.006	577.24
17.1712	561.131	580.248
17.177	561.131	581.59
17.1828	561.131	582.263
17.1886	582.599	581.59
17.1944	579.578	580.248
17.2002	587.33	588.688
17.206	614.397	585.636
17.2118	571.269	569.621
17.2176	576.24	577.573
17.2234	579.244	579.244
17.2292	575.907	577.24
17.235	564.707	593.125
17.2408	562.104	587.669
17.2466	561.131	585.298
17.2524	564.055	590.391
17.2582	571.929	584.284
17.264	574.91	576.24
17.2698	575.907	575.242
17.2756	574.91	575.907
17.2815	575.575	575.575
17.2873	568.307	568.635
17.2931	566.668	566.668
17.2989	561.131	561.131
17.3047	568.964	568.964
17.3105	588.348	592.44
17.3163	602.796	603.493
17.3221	604.54	604.19
17.3279	601.405	601.058	576.906
17.3337	588.348	585.298	577.907
17.3395	591.756	579.244	571.599
17.3453	579.913
17.3511	581.927
17.3569	581.59
17.3627	580.248
17.3685	578.909
17.3743	578.241
17.3801	582.263
17.3859	586.313	1178.74
17.3917	592.783	1137.27
17.3976	588.348	1133.34
17.4034	602.448	1133.34
17.4092	603.842	1132.68
17.415	602.448	1133.34
17.4208	602.448	1134.65
17.4266	602.448	1133.34
17.4324	600.711	1132.68
17.4382	597.941	1138.58
17.444	596.217	1136.61
17.4498	589.709	1134.65
17.4556	589.369	1141.88
17.4614	590.391	1153.15
17.4672	593.468	1123.56
17.473	590.05	1077.79
17.4788	583.61	1079.04
17.4846	578.241	1051.35
17.4904	572.59	1041.08
17.4962	564.055	1039.27
17.502	566.341	1040.47
17.5078	558.866	1046.5
17.5137	563.079	1047.11
17.5195	574.91	1040.47
17.5253	580.919	1010.27
17.5311	585.974	1079.66
17.5369	592.44	1064.18
17.5427	596.561
17.5485	587.33
17.5543	599.324
17.5601	600.364
17.5659	600.711
17.5717	599.671
17.5775	599.324
17.5833	586.99
17.5891	609.448
17.5949	601.405
17.6007	574.247
17.6065	583.947
17.6123	573.583
17.6181	577.24
17.6239	579.913
17.6297	579.913
17.6356	580.583
17.6414	580.248
17.6472	579.244
17.653	579.244
17.6588	580.248
17.6646	580.919	581.255
17.6704	576.573	582.599
17.6762	567.323	579.244
17.682	571.269	581.255
17.6878	588.008	584.284
17.6936	569.951	595.528
17.6994	574.578	599.324
17.7052	567.323	601.058
17.711	583.61	598.978
17.7168	583.61	600.017	598.978
17.7226	583.61	592.098	588.348
17.7284	583.61	587.669	588.008
17.7342	585.298
17.74	582.936
17.7458	582.263
17.7517	585.298
17.7575	594.497
17.7633	595.872
17.7691	591.415
17.7749	592.44
17.7807	589.709
17.7865	588.348
17.7923	590.391
17.7981	596.217
17.8039	595.528
17.8097	594.497
17.8155	594.841
17.8213	590.391
17.8271	588.688
17.8329	591.073
17.8387	595.528
17.8445	599.324
17.8503	601.058
17.8561	604.19
17.8619	604.19
17.8678	604.54
17.8736	604.19
17.8794	605.238
17.8852	603.842
17.891	603.493
17.8968	601.752
17.9026	600.711
17.9084	597.941
17.9142	593.811
17.92	594.497	386.375
17.9258	593.468	381.717
17.9316	597.251	386.822
17.9374	598.287	381.497
17.9432	597.941	382.6
17.949	599.324	385.261
17.9548	602.1	381.276
17.9606	597.941	389.513
17.9664	601.752	387.717
17.9722	600.711	387.493
17.9781	604.19	390.414
17.9839	606.288	389.738
17.9897	608.042	388.838
17.9955	608.744	382.379
18.0013	609.096	390.414
18.0071	605.238	391.317
18.0129	604.19	387.941
18.0187	602.796	392.902
18.0245	600.364	390.188
18.0303	601.058	395.635
18.0361	597.596	391.995
18.0419	605.588	396.55
18.0477	603.842	396.321
18.0535	601.752	394.039
18.0593	597.251	390.414
18.0651	601.058	391.543
18.0709	603.842	397.467
18.0767	603.144	388.614
18.0825	598.632	392.449
18.0883	583.273	392.675
18.0941	581.59	394.039
18.1	580.919	392.675
18.1058	579.578	389.963
18.1116	583.273	394.266
18.1174	588.348	394.95
18.1232	590.391	393.129	590.391
18.129	593.125	392.222	593.125
18.1348	594.154	393.129	594.154
18.1406	584.284	392.222	594.841
18.1464	575.575	396.092	595.872
18.1522	550.854	390.865	594.497
18.158	552.447	394.95	592.44
18.1638	583.61	398.387	584.284
18.1696	599.671	397.927	586.313
18.1754	580.583	396.779	582.263
18.1812	583.947	399.078	583.61
18.187	586.651	388.614	586.99
18.1928	588.008	392.222	588.008
18.1986	590.05	397.467	589.369
18.2044	590.732	397.238	590.732
18.2102	590.391	403.715	592.098
18.2161	592.44	399.539	593.811
18.2219	587.669	405.117	588.348
18.2277	400.926	587.33
18.2335	394.95	585.636
18.2393	380.396	586.99
18.2451	379.08	590.05
18.2509	378.424	601.058
18.2567	367.863	602.1
18.2625	361.962	597.596
18.2683	370.85	594.841
18.2741	370.85	589.028
18.2799	591.073
18.2857	586.313
18.2915	589.028
18.2973	587.669
18.3031	592.783
18.3089	596.561
18.3147	588.688
18.3205	605.588
18.3263	590.732
18.3322	588.008
18.338	585.298
18.3438	586.99
18.3496
18.3554
18.3612
18.367
18.3728
18.3786
18.3844
18.3902
18.396
18.4018
18.4076
18.4134
18.4192
18.425
18.4308
18.4366
18.4424
18.4483
18.4541
18.4599
18.4657
18.4715
18.4773
18.4831
18.4889
18.4947
18.5005
18.5063
18.5121
18.5179
18.5237
18.5295
18.5353
18.5411
18.5469
18.5527
18.5585
18.5644
18.5702
18.576
18.5818
18.5876
18.5934	571.269
18.5992	565.36
18.605	563.404
18.6108	570.28
18.6166	574.578
18.6224	577.24
18.6282	578.909
18.634	579.913
18.6398	579.913
18.6456	564.381
18.6514	560.807
18.6572	573.583
18.663	575.575
18.6688	577.24
18.6746	577.907
18.6805	569.293
18.6863	579.578
18.6921	584.96
18.6979	574.578
18.7037	580.919
18.7095	581.59
18.7153	558.544
18.7211	559.189
18.7269	578.241
18.7327	583.61
18.7385	604.889
18.7443	602.1	827.258
18.7501	583.947	827.736
18.7559	583.273	836.87
18.7617	582.599	851.498
18.7675	579.913	847.083
18.7733	577.907	837.354
18.7791	579.578	838.321
18.7849	585.974	860.895
18.7907	591.073	828.214
18.7966	590.391	828.214
18.8024	591.415	815.398
18.8082	592.783	821.069
18.814	591.415	823.444
18.8198	591.073	823.92
18.8256	590.391	823.444
18.8314	584.284	821.543
18.8372	580.583	822.493
18.843	579.913	816.34
18.8488	578.575	815.398
18.8546	572.59	843.665	588.688
18.8604	556.933	822.493	557.255
18.8662	555.006	828.214	556.611
18.872	561.779	826.303	558.866
18.8778	573.252	833.975	567.323
18.8836	563.73	840.746	568.635
18.8894	564.055	824.396	567.979
18.8952	562.104	825.825	589.709
18.901	559.189	833.493	599.324
18.9068	559.836	845.128	596.217
18.9127	561.455	842.691	595.528
18.9185	567.651	830.13	583.947
18.9243	568.964	826.303	589.709
18.9301	556.29	840.746	573.252
18.9359	546.417	851.99	572.59
18.9417	544.842	824.872	571.929	601.405
18.9475	547.049	834.939	573.583	594.841
18.9533	553.406	553.406	585.298
18.9591	582.599	582.599	583.61
18.9649	587.669	589.709	585.636
18.9707	587.669	595.872	593.468
18.9765	587.669	601.752	595.872
18.9823	587.669	595.872	596.217
18.9881	598.632	596.217
18.9939	594.841	594.841
18.9997	590.391	590.732
19.0055	588.688	588.688
19.0113	585.298	585.298
19.0171	594.841
19.0229	597.596
19.0288	602.1	553.406
19.0346	604.19	557.899
19.0404	611.564	562.104
19.0462	616.174	559.836
19.052	607.691	561.779
19.0578	609.096	558.221
19.0636	601.752	554.045
19.0694	603.144	552.128
19.0752	602.1	558.221
19.081	602.448	560.807
19.0868	621.535	559.512
19.0926	629.484	556.611
19.0984	639.009	540.453
19.1042	644.942	542.957	1066.64
19.11	630.94	531.783	1066.64
19.1158	632.765	534.554	1067.26
19.1216	641.228	541.391	1069.11
19.1274	639.379	545.471	1065.41
19.1332	628.031	548.631	1061.72
19.139	633.497	551.491	1060.5
19.1449	627.669	555.969	1055
19.1507	630.212	559.836	1053.78
19.1565	624.414	557.899	1053.78
19.1623	627.669	556.611	1085.91
19.1681	630.212	552.128	1059.89
19.1739	627.306	556.29	1056.83
19.1797	621.535	557.899	1055
19.1855	630.212	558.221	1055.61
19.1913	626.944	555.648	1054.39
19.1971	629.121	557.899	1042.88
19.2029	632.4	562.429	1053.78
19.2087	624.414	564.707	1052.56
19.2145	626.22	556.29	1047.71	584.622
19.2203	624.414	543.898	1058.05	585.298
19.2261	630.94	542.33	1048.32	584.96
19.2319	628.031	544.527	1053.17	585.974
19.2377	625.497	546.733	1051.96	584.96
19.2435	629.848	548.948	1048.32	584.96
19.2493	636.431	548.631	1047.11	581.59
19.2551	624.414	548.631	1053.17	580.919
19.261	629.121	549.265	1049.53	584.622
19.2668	629.848	546.733	1049.53	589.369
19.2726	626.22	541.078	1042.28	592.44
19.2784	617.599	537.962	1032.09	597.251
19.2842	621.535	539.206	1048.92	599.324
19.29	621.535	539.518	1032.69	602.1
19.2958	615.818	548.315	1048.92	600.017
19.3016	615.818	554.045	1055.61	597.596
19.3074	641.969	566.341	1044.09	586.313
19.3132	641.969	568.635	590.732
19.319	641.969	565.687	589.709
19.3248	559.836	600.364
19.3306	553.406	595.184
19.3364	558.866	583.61
19.3422	552.128	575.242
19.348	552.766	570.28
19.3538	555.006	574.247
19.3596	560.159	596.561
19.3654	555.648	596.217
19.3712	549.9	596.906
19.3771	568.635	587.669
19.3829	574.91	570.939
19.3887	570.28	563.404
19.3945	553.725	566.668
19.4003	563.404	560.159
19.4061	566.341	561.779	1157.15
19.4119	562.104	561.455	1163.18
19.4177	563.73	559.836	1155.15
19.4235	558.544	558.544	1149.82
19.4293	558.544	557.899	1151.81
19.4351	556.611	556.611	1150.48
19.4409	555.327	555.327	1149.16
19.4467	553.725	554.045	1149.16
19.4525	554.686	554.365	1161.17
19.4583	554.045	1160.5
19.4641	553.406	1159.16
19.4699	554.365	1159.83
19.4757	555.006	1160.5
19.4815	556.29	1153.81
19.4873	554.686	1151.15
19.4932	556.29	1157.15
19.499	558.544	1149.16
19.5048	560.483	1151.15
19.5106	562.754	1151.15
19.5164	564.055	1141.22
19.5222	564.381	1132.68
19.528	564.707	1119.03
19.5338	564.055	1120.97
19.5396	562.754	1128.76
19.5454	559.836	1140.56	569.293
19.5512	551.809	1137.27	573.252
19.557	549.9	1142.54	595.872
19.5628	548.631	1143.2	577.907
19.5686	553.406	1141.22	569.621
19.5744	555.327	1142.54	569.951
19.5802	553.406	1141.88	570.939
19.586	548.631	1139.9	569.621
19.5918	548.631	1130.72	560.807
19.5976	547.681	1125.51	561.779
19.6034	551.809	1124.86	555.327
19.6093	551.809	1133.34	566.668
19.6151	552.128	1139.24	568.307
19.6209	551.491	1137.93	567.651
19.6267	550.536	1139.24	567.979
19.6325	551.172	1142.54	567.651
19.6383	555.969	1141.88	566.341
19.6441	555.327	1145.84	565.034
19.6499	555.648	1145.18	564.707
19.6557	555.327	1143.86	564.055
19.6615	555.006	1142.54	562.754
19.6673	1141.22	560.159
19.6731	1132.68	555.969
19.6789	1125.51	556.611
19.6847	1105.53	561.779
19.6905	1119.03	564.055
19.6963	1120.97	560.807
19.7021	1130.72	562.429
19.7079	1133.99	563.079
19.7137	1135.3	563.404
19.7195	1125.51	563.079
19.7254	1125.51	565.687
19.7312	1122.91	566.995
19.737	1120.97	568.307
19.7428	1122.91	563.73
19.7486	1124.21	562.429
19.7544	1121.61	561.455
19.7602	1122.26	561.131
19.766	1120.32	560.807
19.7718	1124.21	560.807
19.7776	1124.86	561.779
19.7834	1133.34	561.455
19.7892	1135.3	559.189
19.795	1146.5	555.969
19.8008	1143.2	558.544
19.8066	1141.22	567.979
19.8124	1146.5	566.668
19.8182	1141.88	568.307
19.824	568.964
19.8298	570.609
19.8356	571.269
19.8415	574.247
19.8473	572.59
19.8531	568.307
19.8589	564.707
19.8647	564.381
19.8705	563.73
19.8763	564.055
19.8821	565.034
19.8879	563.73
19.8937	561.131
19.8995	558.544
19.9053	555.648
19.9111	555.006
19.9169	553.406
19.9227	551.491
19.9285	550.218
19.9343	553.086
19.9401	557.255
19.9459	559.512
19.9517	560.159
19.9576	560.483
19.9634	559.512
19.9692	559.189
19.975	558.866
19.9808	558.221
19.9866	558.221
19.9924	558.866
19.9982	558.866
20.004	559.836
20.0098	559.512
20.0156	560.159
20.0214	560.159
20.0272	560.807
20.033	561.131
20.0388	560.159
20.0446	560.483
20.0504	558.866
20.0562	564.055
20.062	566.995
20.0678	562.104
20.0737	562.429
20.0795	560.159
20.0853	558.866
20.0911	560.483
20.0969	556.933
20.1027	562.754
20.1085	558.866
20.1143	560.483
20.1201	561.455
20.1259	559.189
20.1317	557.899
20.1375	558.221
20.1433	551.491
20.1491
20.1549
20.1607
20.1665
20.1723	556.29
20.1781	587.669
20.1839	561.131
20.1898	560.159
20.1956	562.429
20.2014	559.512
20.2072	559.512
20.213	560.159
20.2188	561.455
20.2246	561.455
20.2304	566.014
20.2362	567.651
20.242	570.28
20.2478	568.307
20.2536	563.73
20.2594	562.104
20.2652	561.131
20.271	560.483
20.2768	561.455
20.2826	562.104
20.2884	563.404
20.2942	564.055
20.3	565.36	1108.09
20.3058	567.651	1109.37
20.3117	566.014	1115.15
20.3175	565.034	1116.44
20.3233	566.341	1115.8
20.3291	566.341	1117.09
20.3349	567.323	1117.09
20.3407	567.651	1118.38
20.3465	559.189	1117.09
20.3523	556.611	1115.8
20.3581	558.221	1115.15
20.3639	560.483	1114.51
20.3697	562.754	1115.15
20.3755	564.055	1113.87
20.3813	564.381	1109.37
20.3871	568.635	1106.17
20.3929	572.59	1102.98
20.3987	1102.34
20.4045	1099.17
20.4103	1097.26
20.4161	1101.07
20.4219	1104.26
20.4278	1099.17
20.4336	1089.68
20.4394
20.4452
20.451
20.4568
20.4626
20.4684
20.4742
20.48
20.4858
20.4916
20.4974
20.5032
20.509
20.5148
20.5206
20.5264
20.5322
20.538
20.5439
20.5497
20.5555
20.5613
20.5671
20.5729
20.5787
20.5845
20.5903
20.5961
20.6019
20.6077
20.6135
20.6193
20.6251
20.6309
20.6367
20.6425
20.6483
20.6542
20.66
20.6658
20.6716
20.6774
20.6832
20.689
20.6948
20.7006
20.7064
20.7122
20.718
20.7238
20.7296
20.7354
20.7412
20.747
20.7528
20.7586
20.7644
20.7702
20.7761
20.7819
20.7877
20.7935
20.7993
20.8051
20.8109
20.8167
20.8225
20.8283
20.8341
20.8399
20.8457
20.8515
20.8573
20.8631
20.8689
20.8747
20.8805
20.8863
20.8922
20.898
20.9038
20.9096
20.9154
20.9212
20.927
20.9328
20.9386
20.9444
20.9502
20.956
20.9618
20.9676
20.9734
20.9792
20.985
20.9908
20.9966
21.0024
21.0083
21.0141
21.0199
21.0257
21.0315
21.0373
21.0431
21.0489
21.0547
21.0605
21.0663
21.0721
21.0779
21.0837
21.0895
21.0953
21.1011
21.1069
21.1127
21.1185
21.1244
21.1302
21.136
21.1418
21.1476
21.1534
21.1592
21.165
21.1708
21.1766
21.1824
21.1882
21.194
21.1998
21.2056
21.2114
21.2172
21.223
21.2288
21.2346
21.2405
21.2463
21.2521
21.2579
21.2637
21.2695
21.2753
21.2811
21.2869
21.2927
21.2985
21.3043
21.3101
21.3159
21.3217
21.3275
21.3333
21.3391
21.3449
21.3507
21.3566
21.3624
21.3682
21.374
21.3798
21.3856
21.3914
21.3972
21.403
21.4088
21.4146
21.4204
21.4262
21.432
21.4378
21.4436
21.4494
21.4552
21.461
21.4668
21.4727
21.4785
21.4843
21.4901
21.4959
21.5017
21.5075
21.5133
21.5191
21.5249
21.5307
21.5365
21.5423
21.5481
21.5539
21.5597
21.5655
21.5713
21.5771
21.5829
21.5888
21.5946
21.6004
21.6062
21.612
21.6178
21.6236
21.6294
21.6352
21.641
21.6468
21.6526
21.6584
21.6642
21.67
21.6758
21.6816
21.6874
21.6932
21.699
21.7049
21.7107
21.7165
21.7223
21.7281
21.7339
21.7397
21.7455
21.7513
21.7571
21.7629
21.7687
21.7745
21.7803
21.7861
21.7919
21.7977
21.8035
21.8093
21.8151
21.821
21.8268
21.8326
21.8384
21.8442
21.85
21.8558
21.8616
21.8674
21.8732
21.879
21.8848
21.8906
21.8964
21.9022
21.908
21.9138
21.9196
21.9254
21.9312
21.9371
21.9429
21.9487
21.9545
21.9603
21.9661
21.9719
21.9777
21.9835
21.9893
21.9951
22.0009
22.0067
22.0125
22.0183
22.0241
22.0299
22.0357
22.0415
22.0473
22.0532
22.059
22.0648
22.0706
22.0764
22.0822
22.088
22.0938
22.0996
22.1054
22.1112
22.117
22.1228
22.1286
22.1344
22.1402
22.146
22.1518
22.1576
22.1634
22.1693
22.1751
22.1809
22.1867
22.1925
22.1983
22.2041
22.2099
22.2157
22.2215
22.2273
22.2331
22.2389
22.2447
22.2505
22.2563
22.2621
22.2679
22.2737
22.2795
22.2854
22.2912
22.297
22.3028
22.3086
22.3144
22.3202
22.326
22.3318
22.3376
22.3434
22.3492
22.355
22.3608
22.3666
22.3724
22.3782
22.384
22.3898
22.3956
22.4015
22.4073
22.4131
22.4189
22.4247
22.4305
22.4363
22.4421
22.4479
22.4537
22.4595
22.4653
22.4711
22.4769
22.4827
22.4885
22.4943
22.5001
22.5059
22.5117
22.5176
22.5234
22.5292
22.535
22.5408
22.5466
22.5524
22.5582
22.564
22.5698
22.5756
22.5814
22.5872
22.593
22.5988
22.6046
22.6104
22.6162
22.622
22.6278
22.6336
22.6395
22.6453
22.6511
22.6569
22.6627
22.6685
22.6743
22.6801
22.6859
22.6917
22.6975
22.7033
22.7091
22.7149
22.7207
22.7265
22.7323
22.7381
22.7439
22.7498
22.7556
22.7614
22.7672
22.773
22.7788
22.7846
22.7904
22.7962
22.802
22.8078
22.8136
22.8194
22.8252
22.831
22.8368
22.8426
22.8484
22.8542
22.86
22.8659
22.8717
22.8775
22.8833
22.8891
22.8949
22.9007
22.9065
22.9123
22.9181
22.9239
22.9297
22.9355
22.9413
22.9471
22.9529
22.9587
22.9645
22.9703
22.9761
22.9819
22.9878
22.9936
22.9994
23.0052
23.011
23.0168
23.0226
23.0284
23.0342
23.04
23.0458
23.0516
23.0574
23.0632
23.069
23.0748
23.0806
23.0864
23.0922
23.098
23.1039
23.1097
23.1155
23.1213
23.1271
23.1329
23.1387
23.1445
23.1503
23.1561
23.1619
23.1677
23.1735
23.1793
23.1851
23.1909
23.1967
23.2025
23.2083
23.2141
23.22
23.2258
23.2316
23.2374
23.2432
23.249
23.2548
23.2606
23.2664
23.2722
23.278
23.2838
23.2896
23.2954
23.3012
23.307
23.3128
23.3186
23.3244
23.3302
23.3361
23.3419
23.3477
23.3535
23.3593
23.3651
23.3709
23.3767
23.3825
23.3883
23.3941
23.3999
23.4057
23.4115
23.4173
23.4231
23.4289
23.4347
23.4405
23.4463
23.4522
23.458
23.4638
23.4696
23.4754
23.4812
23.487
23.4928
23.4986
23.5044
23.5102
23.516
23.5218
23.5276
23.5334
23.5392
23.545
23.5508
23.5566
23.5624
23.5683
23.5741
23.5799
23.5857
23.5915
23.5973
23.6031
23.6089
23.6147
23.6205
23.6263
23.6321
23.6379
23.6437
23.6495
23.6553
23.6611
23.6669
23.6727
23.6785
23.6844
23.6902
23.696
23.7018
23.7076
23.7134
23.7192
23.725
23.7308
23.7366
23.7424
23.7482
23.754
23.7598
23.7656
23.7714
23.7772
23.783
23.7888
23.7946
23.8005
23.8063
23.8121
23.8179
23.8237
23.8295
23.8353
23.8411
23.8469
23.8527
23.8585
23.8643
23.8701
23.8759
23.8817
23.8875
23.8933
23.8991
23.9049
23.9107
23.9166
23.9224
23.9282
23.934
23.9398
23.9456
23.9514
23.9572
23.963
23.9688
23.9746
23.9804
23.9862
23.992
23.9978
24.0036
24.0094
24.0152
24.021
24.0268
24.0327
24.0385
24.0443
24.0501
24.0559
24.0617
24.0675
24.0733
24.0791
24.0849
24.0907
24.0965
24.1023
24.1081
24.1139
24.1197
24.1255
24.1313
24.1371
24.1429
24.1488
24.1546
24.1604
24.1662
24.172
24.1778
24.1836
24.1894
24.1952
24.201
24.2068
24.2126
24.2184
24.2242
24.23
24.2358
24.2416
24.2474
24.2532
24.259
24.2649
24.2707
24.2765
24.2823
24.2881
24.2939
24.2997
24.3055
24.3113
24.3171
24.3229
24.3287
24.3345
24.3403
24.3461
24.3519
24.3577
24.3635
24.3693
24.3751
24.381
24.3868
24.3926
24.3984
24.4042
24.41
24.4158
24.4216
24.4274
24.4332
24.439
24.4448
24.4506
24.4564
24.4622
24.468
24.4738
24.4796
24.4854
24.4912
24.4971
24.5029
24.5087
24.5145
24.5203
24.5261
24.5319
24.5377
24.5435
24.5493
24.5551
24.5609
24.5667
24.5725
24.5783
24.5841
24.5899
24.5957
24.6015
24.6073
24.6132
24.619
24.6248
24.6306
24.6364
24.6422
24.648
24.6538
24.6596
24.6654
24.6712
24.677
24.6828
24.6886
24.6944
24.7002
24.706
24.7118
24.7176
24.7234
24.7293
24.7351
24.7409
24.7467
24.7525
24.7583
24.7641
24.7699
24.7757
24.7815
24.7873
24.7931
24.7989
24.8047
24.8105
24.8163
24.8221
24.8279
24.8337
24.8395
24.8454
24.8512
24.857	408.406
24.8628	386.152
24.8686	397.009
24.8744	389.513	698.456
24.8802	391.769	685.665
24.886	388.614	683.687
24.8918	390.639	686.061
24.8976	380.836	675.835
24.9034	382.821	673.886
24.9092	380.616	664.608
24.915	382.6	671.554
24.9208	383.707	674.664
24.9266	387.493	677.007
24.9324	388.389	677.398
24.9382	381.497	664.992
24.944	379.738	675.444
24.9498	390.865	685.665
24.9556	382.821	682.11
24.9615	389.513	678.181
24.9673	381.938	673.886
24.9731	376.462	671.166
24.9789	358.218	670.779
24.9847	377.551	680.929
24.9905	388.614	673.886
24.9963	391.317	667.301
25.0021	670.779	901.61
25.0079	666.915	889.197
25.0137	671.942	887.658
25.0195	669.617	887.658
25.0253	665.376	879.492
25.0311	659.636	886.633
25.0369	663.841	885.609
25.0427	673.886	892.8
25.0485	667.686	878.476
25.0543	659.255	902.652
25.0601	670.004	883.565
25.0659	664.608	886.633
25.0717	666.915	885.098
25.0776	662.691	878.476
25.0834	667.301	893.316
25.0892	673.107	904.218
25.095	673.107	911.033
25.1008	672.33	909.456
25.1066	666.53	904.218
25.1124	678.181	905.786
25.1182	662.691	896.935
25.124	666.145	877.462
25.1298	682.11	906.309
25.1356	676.225	900.569
25.1414	685.665	901.089
25.1472	685.665	898.491
25.153	677.789	901.089	1013.78
25.1588	671.166	894.865	970.237
25.1646	673.496	895.899	967.439
25.1704	674.664	901.089	984.918
25.1762	688.841	915.253	990.052
25.182	697.65	922.151	1014.36
25.1878	682.11	912.086	957.985
25.1937	671.942	894.348	951.918
25.1995	673.886	895.382	943.161
25.2053	673.886	899.529	930.713
25.2111	691.631	883.055	936.105
25.2169	668.072	874.932	935.564
25.2227	902.131	923.217
25.2285	899.01	920.023
25.2343	915.781	936.105
25.2401	907.357	933.945
25.2459	890.739	966.88
25.2517	891.769	973.043
25.2575	906.309	973.605
25.2633	896.935	985.487
25.2691	903.696	984.918
25.2749	898.491	982.077
25.2807	889.711	984.349
25.2865	886.121	994.637
25.2923	894.865	953.018
25.2981	909.981	971.358
25.3039	944.796	1026.15
25.3097	968.557	962.979
25.3156	946.982	977.55
25.3214	931.251	978.68
25.3272	916.84	984.918
25.333	928.029	982.645
25.3388	926.958	983.781
25.3446	935.564	994.637
25.3504	931.251	991.196
25.3562	904.74	984.349
25.362	918.961	966.88
25.3678	917.9	949.721
25.3736	901.61	968.557
25.3794	903.174	994.063
25.3852	903.696	1001.56
25.391	892.8	981.51
25.3968	897.972	979.245
25.4026	876.955	973.605
25.4084	872.912	949.721
25.4142	898.491	979.811
25.42	894.865	992.341
25.4258	900.569	391.091
25.4317	860.895	393.129
25.4375	829.171	398.157
25.4433	843.665	390.188
25.4491	841.232	390.414
25.4549	832.531	391.091
25.4607	849.043	387.493
25.4665	853.468	386.152
25.4723	832.05	388.389
25.4781	839.775	392.449
25.4839	826.303	389.963
25.4897	387.941
25.4955	390.414
25.5013	388.389
25.5071	381.056
25.5129	388.165
25.5187	383.928
25.5245	382.6
25.5303	384.372
25.5361	385.707
25.542	384.816
25.5478	382.158
25.5536	382.6
25.5594	385.929
25.5652	382.158
25.571	383.707
25.5768	391.091
25.5826	390.865
25.5884	383.485
25.5942	387.269
25.6	383.928
25.6058	384.594
25.6116	394.039
25.6174	390.865
25.6232	394.494
25.629	393.129
25.6348	389.063
25.6406	389.063
25.6464	383.485
25.6522	384.372
25.658	389.063
25.6639	385.707
25.6697	393.811
25.6755	393.129
25.6813	383.707
25.6871	383.485
25.6929	381.276
25.6987	386.599
25.7045	384.816
25.7103	397.009
25.7161	393.129
25.7219	389.738
25.7277	383.264
25.7335	383.042
25.7393	384.816
25.7451	386.375
25.7509	379.738
25.7567	381.717
25.7625	375.376
25.7683	377.115
25.7741	379.299
25.78	381.497
25.7858	377.333
25.7916	372.999
25.7974	387.941
25.8032	383.264
25.809	383.928	1010.27
25.8148	378.643	1014.36
25.8206	380.836	1035.68
25.8264	395.864	1056.83
25.8322	385.929	1068.49
25.838	385.484	1060.5
25.8438	381.276	1052.56
25.8496	392.902	1043.48
25.8554	394.494	1047.11
25.8612	1049.53
25.867	1054.39
25.8728	1053.17
25.8786	1058.05
25.8844	1061.11
25.8902	1046.5
25.8961	1041.68
25.9019	1023.19
25.9077	1023.19
25.9135	1036.88
25.9193	1039.27
25.9251	1020.24
25.9309	1006.19
25.9367	1010.27
25.9425	998.09
25.9483	979.245
25.9541	967.997
25.9599	976.985
25.9657	965.206
25.9715	965.206
25.9773	926.958
25.9831	923.217
25.9889	904.74
25.9947	860.398
26.0005	856.431
26.0063	856.431
26.0122	931.789
26.018	884.587	990.052
26.0238	902.131	998.09
26.0296	934.484	998.667
26.0354	918.961	1007.94
26.0412	907.881	1006.78
26.047	912.613	998.667
26.0528	942.072	998.667
26.0586	944.796	944.796
26.0644	957.985	957.985
26.0702	956.327	956.327
26.076	955.775	955.775
26.0818	978.115	978.115
26.0876	952.468	986.626
26.0934	952.468	987.196
26.0992	983.781	974.731
26.105	929.639	964.092
26.1108	933.405
26.1166	924.284
26.1224	883.055
26.1283	885.098
26.1341	883.565
26.1399	896.417
26.1457
26.1515
26.1573
26.1631
26.1689
26.1747
26.1805
26.1863	539.829
26.1921	535.172
26.1979	525.371
26.2037	521.742
26.2095	523.553
26.2153	525.068
26.2211	525.068
26.2269	531.476
26.2327	529.637
26.2385	530.555
26.2444	529.025
26.2502	525.068
26.256	526.891
26.2618	523.553
26.2676	523.251
26.2734	525.371
26.2792	525.371
26.285	524.765
26.2908	523.856
26.2966	524.765
26.3024	523.856
26.3082	519.937
26.314	513.965
26.3198	508.943
26.3256	503.97
26.3314	504.552
26.3372	505.427
26.343	507.768
26.3488	512.483
26.3546	513.075
26.3605	512.779
26.3663	511.891
26.3721
26.3779
26.3837
26.3895
26.3953
26.4011
26.4069
26.4127
26.4185
26.4243
26.4301
26.4359
26.4417
26.4475
26.4533
26.4591
26.4649
26.4707
26.4766
26.4824
26.4882
26.494
26.4998
26.5056
26.5114
26.5172
26.523
26.5288
26.5346
26.5404
26.5462
26.552
26.5578	380.836
26.5636	387.269
26.5694	388.838
26.5752	379.518
26.581	382.379
26.5868	383.042
26.5927	385.707
26.5985	386.152
26.6043	382.6
26.6101	384.816
26.6159	385.484
26.6217	385.707
26.6275	387.941
26.6333	379.957
26.6391	380.616
26.6449	379.957
26.6507	385.707
26.6565	383.042
26.6623	374.077	491.322
26.6681	371.279	492.459
26.6739	380.396	493.598
26.6797	382.379	495.884
26.6855	381.056	495.026
26.6913	381.497	492.459
26.6971	386.152	480.378	489.057
26.7029	370.85	475.959	479.269
26.7088	370.85	471.58	471.58
26.7146	381.938	455.78	454.728
26.7204	381.938	455.78	451.065
26.7262	381.938	447.95	449.245
26.732	381.938	447.433	447.433
26.7378	446.142	446.142
26.7436	444.856	444.856
26.7494	444.599	444.599
26.7552	444.085	436.708
26.761	433.942	433.942
26.7668	432.441	432.441
26.7726	428.463	428.463
26.7784	428.463	421.589
26.7842	428.463	400.232
26.79	472.671	404.415
26.7958	458.42	404.649
26.8016	405.117
26.8074	406.288
26.8132	408.406
26.819	409.824
26.8249	409.824
26.8307	407.699
26.8365	406.523
26.8423	406.288
26.8481	406.993
26.8539	407.699
26.8597	406.758
26.8655	407.228
26.8713	407.463
26.8771	408.17
26.8829	408.406
26.8887	407.699
26.8945	406.054
26.9003	405.117
26.9061	408.878
26.9119	412.913
26.9177	420.13
26.9235	427.721
26.9293	430.199
26.9351	432.941
26.941	434.193
26.9468	433.441
26.9526	431.443	468.864
26.9584	430.696	469.135
26.9642	429.95	489.905
26.97	427.721	492.743
26.9758	428.958	495.884
26.9816	427.227	496.457
26.9874	420.616	494.454
26.9932	432.191	487.647
26.999	436.204	486.803	921.087
27.0048	436.204	484.558	903.174
27.0106	489.34	887.658
27.0164	492.175	907.357
27.0222	493.028	911.559
27.028	495.884	921.087
27.0338	499.911	936.646
27.0396	501.936	912.086
27.0454	506.304	907.881	554.365
27.0512	502.516	900.049	552.447
27.0571	502.516	893.316	555.648
27.0629	502.516	885.098	557.255
27.0687	505.135	891.254	553.725
27.0745	491.89	889.711	555.648
27.0803	488.775	901.61	548.948
27.0861	894.348	557.255
27.0919	891.769	560.483
27.0977	906.309	565.36
27.1035	888.171	576.573
27.1093	884.587	578.909
27.1151	917.37	581.59
27.1209	923.217	583.273
27.1267	920.555	584.622
27.1325	915.781	593.468
27.1383	909.981	596.561
27.1441	914.724	588.348
27.1499	914.724	591.073
27.1557	914.724	599.671
27.1615	903.696	599.671
27.1673	901.61	600.017
27.1732	905.263
27.179	907.881
27.1848	904.74
27.1906	896.417
27.1964	895.899
27.2022	903.174
27.208	907.881
27.2138	900.049
27.2196	894.348
27.2254	902.652
27.2312	900.049
27.237	901.61
27.2428	909.981
27.2486	923.217
27.2544
27.2602
27.266
27.2718	685.665
27.2776	664.224
27.2834	677.007
27.2893	666.145
27.2951	660.398
27.3009	660.398
27.3067	660.017
27.3125	661.162
27.3183	658.874
27.3241	654.323
27.3299	667.301
27.3357	666.915
27.3415	670.779
27.3473	680.929
27.3531	669.231
27.3589	667.686
27.3647	671.166
27.3705	673.886
27.3763	674.664
27.3821	671.554
27.3879	661.544
27.3937	682.898
27.3995	680.142
27.4054	683.293
27.4112	686.854
27.417	692.431
27.4228	688.841
27.4286	702.097
27.4344	709.845
27.4402	712.721
27.446	714.782
27.4518	709.845
27.4576	708.616
27.4634	715.195
27.4692	728.538
27.475	727.697	447.95
27.4808	713.133	456.307
27.4866	716.022	464.015
27.4924	713.957	457.626
27.4982	716.849	468.864
27.504	723.087	480.656
27.5098	724.76	478.993
27.5156	726.017	483.161
27.5215	713.545	484.278
27.5273	723.087	486.803
27.5331	739.989	481.489
27.5389	723.087	491.89
27.5447	711.898	484.838	1450.36
27.5505	688.443	484.278	1447.01
27.5563	665.761	489.34	1449.52
27.5621	687.251	484.838	1448.68
27.5679	483.999	1445.34
27.5737	482.882	1443.67
27.5795	481.489	1442.84
27.5853	481.211	1442
27.5911	480.378	1441.17
27.5969	481.489	1441.17
27.6027	480.933	1441.17
27.6085	483.44	1442	638.271
27.6143	481.211	1437.02	635.696
27.6201	478.163	1432.87	632.4
27.6259	485.118	1427.91	631.67
27.6317	475.959	1429.56	643.082
27.6376	477.336	1428.74	642.34
27.6434	477.06	1422.97	656.974
27.6492	472.671	1418.05	644.57
27.655	476.509	1425.44	649.804
27.6608	477.06	1428.74	645.688
27.6666	478.163	1433.7	663.841
27.6724	477.336	1432.04	660.78
27.6782	475.959	1427.91	661.162
27.684	476.784	1426.27	655.08
27.6898	478.44	1435.36	636.431
27.6956	480.101	1438.68	651.683
27.7014	477.887	1437.85	672.33
27.7072	478.993	1437.85	655.458	408.878
27.713	481.211	1438.68	649.804	409.351
27.7188	1437.02	634.229	406.758
27.7246	1438.68	643.454	391.769
27.7304	1436.19	667.301	404.182
27.7362	1433.7	409.114
27.742	1424.62	391.543
27.7478	1416.41	398.157
27.7537	1431.22	400.463
27.7595	1380.07	405.819
27.7653	1390.47	404.415
27.7711	1406.63	407.463
27.7769	1485.12	407.463
27.7827	1429.56	409.351
27.7885	1435.36	408.17
27.7943	1427.91	407.463
27.8001	1434.53	407.463
27.8059	1434.53	403.715
27.8117	1432.04	396.092
27.8175	1432.87	393.356
27.8233	1428.74	389.963
27.8291	1427.09	387.941
27.8349	1423.8	384.816
27.8407	1417.23	384.372	442.549
27.8465	1432.04	384.816	442.293
27.8523	1434.53	384.372	432.691
27.8581	1503.24	384.372	431.443	637.166
27.8639	1496.31	386.152	430.447	626.582
27.8698	1485.97	388.389	428.71	639.009
27.8756	1459.6	385.707	427.968	627.306
27.8814	1455.39	383.264	434.444	628.031
27.8872	1489.41	377.333	435.449	628.394
27.893	1496.31	377.987	437.466	630.576
27.8988	1510.2	377.115	439.238	633.131
27.9046	378.424	438.731	639.379
27.9104	382.158	437.971	639.009
27.9162	434.193	636.798
27.922	429.206	636.798
27.9278	420.373	637.903
27.9336	427.227	639.009
27.9394	429.454	640.117
27.9452	429.95	640.857
27.951	418.435	631.67
27.9568	410.535	626.944
27.9626	413.39	628.758
27.9684	421.833	631.305
27.9742	640.117
27.98	630.212
27.9858	658.114
27.9917	644.198
27.9975	655.458
28.0033	657.354
28.0091	683.687
28.0149	679.357
28.0207	679.75
28.0265	697.247
28.0323	694.434
28.0381	694.033
28.0439	673.886
28.0497	645.315	606.989
28.0555	650.555	600.017
28.0613	642.34	593.468
28.0671	652.436	584.622
28.0729	655.08	563.73
28.0787	649.053	575.575
28.0845	647.555	578.575
28.0903	647.555	580.583
28.0961	640.117	584.284
28.1019	643.454	589.709
28.1078	633.131	595.528
28.1136	627.669	600.017
28.1194	636.063	600.364	892.284
28.1252	634.229	601.405	902.131
28.131	634.962	590.05	939.355
28.1368	638.271	579.244	959.093
28.1426	574.247	968.557
28.1484	565.687	981.51
28.1542	562.754	977.55
28.16	566.995	953.569
28.1658	566.995	938.27
28.1716	606.288	990.052
28.1774	604.19	979.245
28.1832	592.783	992.341
28.189	599.671	1013.78
28.1948	1016.71
28.2006	1026.74
28.2064	1006.78
28.2122	992.341
28.2181	998.09
28.2239	988.908
28.2297	971.358
28.2355	963.535
28.2413	969.117
28.2471	970.797
28.2529	968.557
28.2587	964.649
28.2645	931.789
28.2703	907.357
28.2761	945.888
28.2819	959.647
28.2877	933.945
28.2935	921.087
28.2993	909.981
28.3051	902.131
28.3109	898.491
28.3167	898.491
28.3225	898.491	582.936
28.3283	901.61	578.575
28.3341	883.565	544.213
28.34	567.651
28.3458	566.995	1107.45
28.3516	571.599	1127.46
28.3574	572.26	1120.32
28.3632	576.906	1118.38
28.369	580.248	1127.46
28.3748	586.99	1104.26
28.3806	587.669	1092.83
28.3864	578.241	1139.9
28.3922	578.909	1146.5
28.398	575.907	1145.84
28.4038	571.599	1137.93
28.4096	576.573	1159.16
28.4154	585.636	1181.46
28.4212	588.008	1176.7
28.427	589.028	1176.7
28.4328	582.936	1101.07
28.4386	594.497	1096.63
28.4444	575.575	1085.91
28.4502	555.327	1108.09
28.4561	552.447	1121.61
28.4619	541.704	1121.61
28.4677	530.862
28.4735	529.943
28.4793	515.154
28.4851
28.4909
28.4967
28.5025
28.5083
28.5141
28.5199
28.5257
28.5315
28.5373
28.5431
28.5489	214.355
28.5547	229.608
28.5605	232.141
28.5663	232.141
28.5722	230.405
28.578	225.924
28.5838	219.492
28.5896	215.348
28.5954	217.097
28.6012	214.727
28.607	218.228
28.6128	220.891
28.6186	222.942
28.6244	223.846
28.6302	222.428
28.636	223.458
28.6418	223.587
28.6476	225.403
28.6534	225.403
28.6592	223.329
28.665	222.942
28.6708	227.89
28.6766	226.708
28.6824	216.721
28.6883	224.493
28.6941	224.493
28.6999	228.549
28.7057	219.112
28.7115	225.793
28.7173	218.228
28.7231	217.473
28.7289	214.355
28.7347	221.147
28.7405	228.945
28.7463	226.708	701.692
28.7521	226.185	680.929
28.7579	228.549	675.054
28.7637	230.006	669.617
28.7695	217.222	682.898
28.7753	219.239	690.833
28.7811	215.597	686.061
28.7869	211.16	660.78
28.7927	680.929
28.7985	691.631
28.8044	662.309
28.8102	677.789
28.816	678.181
28.8218	685.665
28.8276	674.275
28.8334	679.75
28.8392	681.322
28.845	687.251
28.8508	673.496
28.8566	650.93
28.8624	662.691
28.8682	676.616
28.874	677.007
28.8798	683.293
28.8856	653.945
28.8914	663.074
28.8972	674.664
28.903	688.841
28.9088	701.692
28.9146	684.082
28.9205	710.665
28.9263	697.247
28.9321	700.072
28.9379	702.908
28.9437	704.534
28.9495	701.692
28.9553	700.072
28.9611	680.142
28.9669	680.929
28.9727	664.608
28.9785	684.873
28.9843	692.431
28.9901	663.074
28.9959	697.247
29.0017	677.789
29.0075	687.251
29.0133	672.719
29.0191	684.873
29.0249	682.898
29.0307	669.617
29.0366	667.686
29.0424	672.719
29.0482	690.833
29.054	657.734
29.0598	676.225
29.0656	688.045
29.0714	686.457
29.0772	704.534
29.083
29.0888
29.0946
29.1004
29.1062
29.112	406.993
29.1178	416.265
29.1236	416.265
29.1294	404.182
29.1352	408.642
29.141	409.824
29.1468	410.772
29.1527	408.642
29.1585	407.228
29.1643	406.288
29.1701	399.77
29.1759	391.543
29.1817	387.046
29.1875	389.513
29.1933	383.264
29.1991	379.518
29.2049	390.865
29.2107	410.061
29.2165	404.182
29.2223	413.151
29.2281	429.95
29.2339	431.443
29.2397	424.767
29.2455	409.587
29.2513	406.054
29.2571	415.065
29.2629	413.39
29.2688	422.076
29.2746	410.061
29.2804
29.2862
29.292
29.2978
29.3036
29.3094
29.3152	692.031
29.321	694.033
29.3268	693.632
29.3326	689.239
29.3384	684.873
29.3442	686.457
29.35	682.898
29.3558	692.831
29.3616	703.315
29.3674	696.442
29.3732	704.534
29.379	688.443
29.3849	698.86
29.3907	676.616	382.6
29.3965	679.357	380.396
29.4023	678.181	376.679
29.4081	676.225	403.016
29.4139	691.631	382.821
29.4197	679.357	374.726
29.4255	688.443	376.462
29.4313	669.231	400.001
29.4371	705.349	389.513
29.4429	685.665	402.318
29.4487	677.007	402.318
29.4545	699.264	399.77
29.4603	692.431	399.539
29.4661	696.845	401.158
29.4719	697.65	411.96
29.4777	691.631	411.484
29.4835	701.692	411.246
29.4893	699.264	407.228
29.4951	682.504	402.318
29.501	673.496	396.779
29.5068	684.478	400.232
29.5126	664.608	411.246
29.5184	694.033	421.102
29.5242	694.033	423.053
29.53	698.86	414.825
29.5358	689.239	422.564
29.5416	684.873	429.454
29.5474	686.061	425.995
29.5532	695.236	415.785
29.559	692.831	408.642
29.5648	694.033	406.054
29.5706	684.082	401.622
29.5764	684.082	387.493
29.5822	690.833	390.414
29.588	688.045	394.266
29.5938	673.496	400.926
29.5996	682.504	401.39
29.6054	677.007	407.228
29.6112	677.398	406.288
29.6171	677.007	406.288
29.6229	682.504	406.523
29.6287	683.687	405.819
29.6345	684.873	412.913
29.6403	690.833	418.677
29.6461	681.322	408.878
29.6519	658.874	400.926
29.6577	669.617	398.387
29.6635	672.33	394.494
29.6693	688.045	398.387
29.6751	682.504	397.238
29.6809	672.719	400.463
29.6867	686.061	404.883
29.6925	694.434	407.699
29.6983	653.19	409.587
29.7041	686.457	407.228
29.7099	688.443	398.847
29.7157	405.819
29.7215	409.824
29.7273	402.783
29.7332	396.321
29.739	397.927
29.7448	397.927
29.7506	401.854
29.7564	389.963
29.7622	398.617
29.768	404.883
29.7738	403.948
29.7796	406.054
29.7854	408.642
29.7912	394.95
29.797	404.883
29.8028	400.926
29.8086	408.642
29.8144	400.232
29.8202	403.948
29.826	402.551
29.8318	404.883
29.8376	409.351
29.8434	407.228
29.8493	413.868
29.8551	396.092
29.8609	401.158
29.8667	400.001
29.8725	406.288
29.8783	402.318
29.8841	421.589
29.8899	412.198
29.8957	396.779
29.9015	399.539
29.9073	397.009
29.9131	399.539
29.9189	409.824
29.9247	399.539
29.9305	401.622
29.9363	393.811
29.9421	403.715
29.9479	399.078
29.9537	394.95
29.9595	393.129
29.9654	401.158
29.9712	399.078
29.977	406.993
29.9828	412.674
29.9886
29.9944
30.0002
30.006
30.0118
