0
0.00580499
0.01161
0.017415
0.02322
0.0290249
0.0348299
0.0406349
0.0464399
0.0522449
0.0580499
0.0638549
0.0696599
0.0754649
0.0812698
0.0870748	243.683
0.0928798	244.529
0.0986848	245.945
0.10449	246.514
0.110295	247.656
0.1161	249.523
0.121905	251.258
0.12771	252.422
0.133515	254.324
0.13932	255.207
0.145125	257.428
0.15093	258.024
0.156735	259.219
0.16254	261.022
0.168345	261.474
0.17415	261.626
0.179955	262.382
0.18576	262.989
0.191565	264.055
0.19737	264.818
0.203175	266.199
0.20898	266.969
0.214785	268.205
0.22059	268.826
0.226395	269.603
0.2322	269.447
0.238005	269.759
0.24381	268.826
0.249615	268.515
0.255419	268.205
0.261224	267.895
0.267029	268.981
0.272834	269.136
0.278639	269.292
0.284444	269.915
0.290249	270.383
0.296054	270.695
0.301859	271.322
0.307664	271.165
0.313469	271.478
0.319274	271.949
0.325079	272.263
0.330884	273.209
0.336689	273.525
0.342494	273.367
0.348299	272.736
0.354104	272.421
0.359909	272.893
0.365714	273.209
0.371519	273.051
0.377324	273.525
0.383129	272.893
0.388934	273.367
0.394739	272.736
0.400544	273.051
0.406349	273.841
0.412154	273.525
0.417959	273.367
0.423764	273.051
0.429569	272.893
0.435374	271.949
0.441179	270.695
0.446984	269.292
0.452789	268.67
0.458594	267.432
0.464399	266.199
0.470204	264.971
0.476009	264.513
0.481814	264.818
0.487619	264.207
0.493424	264.055
0.499229	263.75
0.505034	262.079
0.510839	261.626
0.516644	260.72
0.522449	259.369
0.528254	259.369
0.534059	259.668
0.539864	257.428
0.545669	257.726
0.551474	257.577
0.557279	256.538
0.563084	257.28
0.568889	258.322
0.574694	258.024
0.580499	257.131
0.586304	256.093
0.592109	255.65
0.597914	255.798
0.603719	255.65
0.609524	255.355
0.615329	255.65
0.621134	255.207
0.626939	255.355
0.632744	255.65
0.638549	255.207
0.644354	254.766
0.650159	254.471
0.655964	254.471
0.661769	255.06
0.667574	255.06
0.673379	255.06
0.679184	255.355
0.684989	254.766
0.690794	254.178
0.696599	253.591
0.702404	253.884
0.708209	252.568
0.714014	252.714
0.719819	252.714
0.725624	253.445
0.731429	253.591
0.737234	254.031
0.743039	254.031
0.748844	253.884
0.754649	254.178
0.760454	254.471
0.766258	254.324
0.772063	253.152
0.777868	253.298
0.783673	253.152
0.789478	252.568
0.795283	252.422
0.801088	252.714
0.806893	252.86
0.812698	252.568
0.818503	252.276
0.824308	252.714
0.830113	252.13
0.835918	252.86
0.841723	252.714
0.847528	253.738
0.853333	253.738
0.859138	254.471
0.864943	259.369
0.870748	265.738
0.876553	255.65
0.882358	255.65
0.888163	256.389
0.893968	255.65
0.899773	254.471
0.905578	254.618
0.911383	253.006
0.917188	252.568
0.922993	252.568
0.928798	252.86
0.934603	252.714
0.940408	250.678
0.946213	248.947
0.952018	235.382
0.957823	239.358
0.963628	246.942
0.969433	246.372
0.975238	247.942
0.981043	247.513
0.986848	256.241
0.992653	251.113
0.998458	251.839
1.00426	262.231
1.01007	278.306
1.01587	279.433
1.02168	283.498
1.02748	291.3
1.03329	298.453
1.03909	283.17
1.0449	296.734
1.0507	289.622
1.05651	280.08
1.06231	279.595
1.06812	274.633	566.995
1.07392	266.969	561.455
1.07973	275.268	557.899
1.08553	559.836
1.09134	555.969
1.09714	539.829
1.10295	550.536
1.10875	548.631
1.11456	558.866
1.12036	539.206
1.12617	545.156
1.13197	545.471
1.13778	555.006
1.14358	548.948
1.14939	559.512
1.15519	555.327
1.161	560.159
1.1668	559.512
1.17261	550.218	485.96
1.17841	552.128	520.237
1.18422	561.455	521.14
1.19002	560.483	519.937
1.19583	554.045	516.942
1.20163	557.255	516.346	240.328
1.20744	548.631	507.475	234.703
1.21324	543.584	502.516	251.403
1.21905	555.648	496.457	247.799
1.22485	554.045	490.472	244.387
1.23066	557.899	486.803	241.86
1.23646	548.948	482.046	241.023
1.24227	526.586	479.269	239.358
1.24807	513.372	475.135	238.392
1.25388	538.895	472.944	237.567
1.25968	545.471	472.125	237.979
1.26549	475.409	238.53
1.27129	475.684	238.668
1.2771	478.163	239.912
1.2829	472.671	241.441
1.28871	472.671	242.699
1.29451	491.606	245.661
1.30032	467.782	248.803
1.30612	251.839
1.31193	255.355
1.31773	257.428
1.32354	260.269	520.538
1.32934	261.474	523.251
1.33515	263.141	526.282
1.34095	262.686	525.978
1.34676	262.534	524.159
1.35256	261.173	522.647
1.35837	259.818	518.737
1.36417	257.875	515.452
1.36998	255.502	511.3
1.37578	252.568	507.182
1.38159	249.523	503.388
1.38739	244.67	516.346
1.3932	243.12	511.891
1.399	239.358	504.261
1.40481	232.41	519.637
1.41061	229.078	500.778
1.41642	228.153	524.461
1.42222	227.495	516.346
1.42803	228.417	528.109
1.43383	229.74	522.044
1.43964	233.621	502.226	466.972
1.44544	238.255	497.031
1.45125	249.234	497.319
1.45705	255.946	495.884
1.46286	257.28	497.606
1.46866	256.686	496.744	283.498
1.47447	253.445	498.181	284.811
1.48027	253.445	498.757	285.8
1.48608	250.678	499.045	276.064
1.49188	250.533	498.757	276.064
1.49769	253.152	497.893	274.95
1.50349	248.803	497.319	275.109
1.5093	249.667	499.622	274.316
1.5151	256.834	499.622	274.316
1.52091	256.686	497.606	274.474
1.52671	251.113	497.319	274.791
1.53252	248.516	501.646	275.745
1.53832	244.246	493.028	277.984
1.54413	234.297	507.768	279.433
1.54993	237.019	511.891	277.984
1.55574	245.661	494.169	275.905
1.56154	252.568	504.552	274.791
1.56735	507.182	277.984
1.57315	496.744	280.08
1.57896	499.333	277.824
1.58476	497.606	273.051
1.59057	489.34	265.891
1.59637	491.606	261.323
1.60218	501.936	253.445
1.60798	499.333	249.09
1.61379	505.135	249.378
1.61959	501.067	255.65
1.6254	514.559	261.626
1.6312	514.559	262.837
1.63701	483.44	263.598
1.64281	492.175	263.598
1.64862	496.744	262.837
1.65442	493.598	260.871
1.66023	493.598	259.818
1.66603	489.057	260.72
1.67184	497.031	257.428
1.67764	503.097	257.726
1.68345	524.765	259.668
1.68925	516.942	266.045
1.69506	508.649	266.814
1.70086	495.598	264.665
1.70667	487.647	260.57
1.71247	516.047
1.71828	501.646
1.72408	501.646
1.72989
1.73569
1.7415
1.7473
1.75311
1.75891
1.76472
1.77052
1.77633
1.78213
1.78794
1.79374
1.79955
1.80535
1.81116
1.81696
1.82277
1.82857
1.83438
1.84018
1.84599
1.85179
1.8576
1.8634
1.86921
1.87501
1.88082
1.88662
1.89243
1.89823
1.90404
1.90984
1.91565
1.92145
1.92726
1.93306
1.93887
1.94467
1.95048
1.95628
1.96209
1.96789
1.9737
1.9795
1.98531
1.99111
1.99692
2.00272
2.00853
2.01433
2.02014
2.02594
2.03175
2.03755
2.04336
2.04916
2.05497
2.06077
2.06658
2.07238
2.07819
2.08399
2.0898
2.0956
2.10141
2.10721
2.11302
2.11882
2.12463
2.13043
2.13624
2.14204
2.14785
2.15365
2.15946
2.16526
2.17107
2.17687
2.18268
2.18848
2.19429
2.20009
2.2059
2.2117
2.21751
2.22331
2.22912
2.23492
2.24073
2.24653
2.25234
2.25814
2.26395
2.26975
2.27556
2.28136
2.28717
2.29297
2.29878
2.30458
2.31039
2.31619
2.322
2.3278
2.33361
2.33941
2.34522
2.35102
2.35683
2.36263
2.36844
2.37424
2.38005
2.38585
2.39166
2.39746
2.40327
2.40907
2.41488
2.42068
2.42649
2.43229
2.4381
2.4439
2.44971
2.45551
2.46132
2.46712
2.47293
2.47873
2.48454
2.49034
2.49615
2.50195
2.50776
2.51356
2.51937
2.52517
2.53098
2.53678
2.54258
2.54839
2.55419
2.56
2.5658
2.57161
2.57741
2.58322
2.58902
2.59483
2.60063
2.60644
2.61224
2.61805
2.62385
2.62966
2.63546
2.64127
2.64707
2.65288
2.65868
2.66449
2.67029
2.6761
2.6819
2.68771
2.69351
2.69932
2.70512
2.71093
2.71673
2.72254
2.72834
2.73415
2.73995
2.74576
2.75156
2.75737
2.76317
2.76898
2.77478
2.78059
2.78639
2.7922
2.798
2.80381
2.80961
2.81542
2.82122
2.82703
2.83283
2.83864	331.729
2.84444	331.92
2.85025	331.346
2.85605	330.199
2.86186	324.339
2.86766	331.729
2.87347	329.247
2.87927	326.218
2.88508	338.699
2.89088	349.834
2.89669	339.286
2.90249	339.286
2.9083	343.427
2.9141	352.267
2.91991	354.513
2.92571	364.901
2.93152	371.923
2.93732	375.159
2.94313	376.897
2.94893	371.923
2.95474	363.428
2.96054	370.208
2.96635	362.799	285.8
2.97215	373.43	277.183
2.97796	372.568	285.634
2.98376	372.568	282.191
2.98957	360.918	279.756
2.99537	365.322	277.984
3.00118	365.322	277.023
3.00698	355.333	275.905
3.01279	355.333	275.745
3.01859	276.064
3.0244	276.703
3.0302	277.663
3.03601	278.949
3.04181	279.595
3.04762	279.918
3.05342	279.595
3.05923	279.272
3.06503	278.788
3.07084	278.949
3.07664	279.111
3.08245	279.595
3.08825	280.727
3.09406	281.377
3.09986	282.191
3.10567	283.498
3.11147	283.825
3.11728	283.498
3.12308	283.989
3.12889	284.482
3.13469	284.975
3.1405	285.8
3.1463	287.123
3.15211	287.621
3.15791	288.453
3.16372	288.787
3.16952	289.957
3.17533	290.124
3.18113	290.292
3.18694	290.292
3.19274	290.124
3.19855	290.292
3.20435	290.292
3.21016	290.627
3.21596	290.963
3.22177	291.3
3.22757	291.973
3.23338	292.649
3.23918	292.818
3.24499	292.311
3.25079	292.142
3.2566	291.805
3.2624	291.973
3.26821	292.48
3.27401	292.818
3.27982	292.987
3.28562	293.156
3.29143	293.326
3.29723	293.495
3.30304	294.344
3.30884	294.514
3.31465	294.855
3.32045	295.195
3.32626	295.878
3.33206	296.391
3.33787	296.563
3.34367	296.905
3.34948	296.391
3.35528	296.391
3.36109	296.049
3.36689	296.391
3.3727	296.734
3.3785	296.734
3.38431	297.42
3.39011	297.764
3.39592	297.936
3.40172	297.764
3.40753	297.42
3.41333	296.563
3.41914	295.878
3.42494	294.855
3.43075	294.855
3.43655	294.004
3.44236	293.326
3.44816	292.311
3.45397	289.957
3.45977	284.811
3.46558	279.756
3.47138	276.543
3.47719	274.474
3.48299	280.727
3.4888	274.95
3.4946	266.045
3.50041
3.50621
3.51202
3.51782
3.52363
3.52943
3.53524
3.54104
3.54685
3.55265
3.55846
3.56426
3.57007
3.57587
3.58168
3.58748
3.59329
3.59909
3.6049
3.6107
3.61651
3.62231
3.62812
3.63392
3.63973
3.64553
3.65134
3.65714
3.66295
3.66875
3.67456
3.68036	357.598
3.68617	344.619
3.69197	332.496
3.69778	320.059
3.70358	318.215
3.70939	319.874
3.71519	319.689
3.721	319.32
3.7268	320.429
3.73261	320.059
3.73841	319.874
3.74422	318.951
3.75002	318.399
3.75583	317.481
3.76163	315.288
3.76744	312.388
3.77324	308.978
3.77905	305.605
3.78485	302.444
3.79066	298.281
3.79646	294.514
3.80227	290.292
3.80807	284.482
3.81388	279.111
3.81968	274.316
3.82549	267.741
3.83129	264.36
3.8371	251.113
3.8429	244.811
3.84871	241.023
3.85451	242.279
3.86032
3.86612
3.87193
3.87773
3.88354
3.88934
3.89515
3.90095
3.90676
3.91256
3.91837
3.92417
3.92998
3.93578
3.94159
3.94739
3.9532
3.959
3.96481
3.97061
3.97642
3.98222
3.98803
3.99383
3.99964
4.00544
4.01125
4.01705
4.02286
4.02866
4.03447
4.04027
4.04608
4.05188
4.05769
4.06349
4.0693
4.0751
4.08091
4.08671
4.09252
4.09832
4.10413
4.10993
4.11574
4.12154
4.12735
4.13315
4.13896	296.563
4.14476	296.905
4.15057	296.734
4.15637	296.734
4.16218	297.077
4.16798	297.077
4.17379	297.249
4.17959	297.249
4.1854	297.077
4.1912	296.391
4.19701	295.366
4.20281	295.366
4.20862	294.855
4.21442	294.855
4.22023	295.537
4.22603	293.665
4.23184	293.326
4.23764	294.855
4.24345	293.156
4.24925	292.48
4.25506	291.973
4.26086	294.174
4.26667	294.344
4.27247	296.734
4.27828	296.22
4.28408	298.108
4.28989	298.798
4.29569	296.905
4.3015	296.563
4.3073	295.878
4.31311	294.684
4.31891	294.004
4.32472	294.344
4.33052	295.366
4.33633	295.025
4.34213	295.537
4.34794	296.22
4.35374	295.707
4.35955	295.537
4.36535	295.025
4.37116	295.366
4.37696	294.174
4.38277	294.174
4.38857	293.495
4.39438	291.468
4.40018	290.963
4.40599	290.459
4.41179	290.292
4.4176	290.627
4.4234	291.636
4.42921	291.468
4.43501	291.131
4.44082	291.131
4.44662	290.627
4.45243	290.627
4.45823	290.124
4.46404	289.789
4.46984	289.455
4.47565	289.455
4.48145	288.287
4.48726	287.954
4.49306	287.787
4.49887	287.954
4.50467	287.954
4.51048	287.787
4.51628	288.12
4.52209	288.12
4.52789	288.287
4.5337	287.954
4.5395	287.787
4.54531	287.289
4.55111	286.626
4.55692	286.295
4.56272	286.792
4.56853	285.965
4.57433	287.123
4.58014	286.626
4.58594	285.47
4.59175	287.621
4.59755	286.461
4.60336	286.626
4.60916	286.461
4.61497	285.14
4.62077	284.975
4.62658	284.646
4.63238	284.153
4.63819	283.334
4.64399	283.334
4.6498	283.334
4.6556	284.153
4.66141	284.318
4.66721	283.661
4.67302	284.153
4.67882	283.334
4.68463	283.334
4.69043	282.68
4.69624	282.68
4.70204	282.354
4.70785	282.191
4.71365	280.89
4.71946	280.403
4.72526	278.949
4.73107	278.145
4.73687	277.023
4.74268	276.064
4.74848	276.224
4.75429	276.064
4.76009	276.383
4.7659	277.343
4.7717	277.503
4.77751	278.306
4.78331	277.663
4.78912	278.306
4.79492	278.788
4.80073	277.343
4.80653	277.343
4.81234	277.343
4.81814	276.703
4.82395	276.064
4.82975	276.383
4.83556	274.316
4.84136	273.367
4.84717	268.36
4.85297	273.525
4.85878	276.224
4.86458
4.87039
4.87619
4.882
4.8878
4.89361
4.89941
4.90522
4.91102
4.91683
4.92263
4.92844
4.93424
4.94005
4.94585
4.95166
4.95746
4.96327
4.96907
4.97487
4.98068
4.98649
4.99229
4.9981
5.0039
5.00971
5.01551
5.02132
5.02712
5.03293
5.03873
5.04454
5.05034
5.05615
5.06195
5.06776
5.07356
5.07936
5.08517
5.09097
5.09678
5.10258
5.10839
5.11419
5.12
5.1258
5.13161
5.13741
5.14322
5.14902
5.15483
5.16063
5.16644
5.17225
5.17805
5.18385
5.18966
5.19546
5.20127
5.20707
5.21288
5.21868
5.22449
5.23029
5.2361
5.2419
5.24771
5.25351
5.25932
5.26512
5.27093
5.27673
5.28254
5.28834
5.29415
5.29995
5.30576
5.31156
5.31737
5.32317
5.32898
5.33478
5.34059
5.34639
5.3522
5.358
5.36381
5.36961
5.37542
5.38122
5.38703
5.39283
5.39864
5.40444
5.41025
5.41605
5.42186
5.42766
5.43347
5.43927
5.44508
5.45088
5.45669
5.46249
5.4683
5.4741
5.47991
5.48571
5.49152
5.49732
5.50313
5.50893
5.51474
5.52054
5.52635
5.53215
5.53796
5.54376
5.54957
5.55537
5.56118
5.56698
5.57279
5.57859
5.5844
5.5902
5.59601
5.60181
5.60762
5.61342
5.61923
5.62503
5.63084
5.63664
5.64245
5.64825
5.65406
5.65986
5.66567
5.67147
5.67728
5.68308
5.68889
5.69469	298.453
5.7005	289.12
5.7063	293.665
5.71211	291.973
5.71791	289.287
5.72372	285.47
5.72952	268.205
5.73533	282.191
5.74113	283.498
5.74694	283.661
5.75274	283.661
5.75855	283.989
5.76435	284.482
5.77016	286.626
5.77596	288.12
5.78177	290.124
5.78757	292.311
5.79338	294.684
5.79918	295.366
5.80499	296.049
5.81079	296.734
5.8166	296.734
5.8224	297.077
5.82821	297.764
5.83401	298.281
5.83982	298.281
5.84562	298.625
5.85143	298.971
5.85723	299.489
5.86304	299.489
5.86884	299.835
5.87465	300.355
5.88045	300.876
5.88626	301.572
5.89206	302.27
5.89787	302.619
5.90367	302.969
5.90948	304.548
5.91528	305.782
5.92109	306.844
5.92689	307.021
5.9327	306.666
5.9385	305.429
5.94431	303.67
5.95011	301.921
5.95592	300.182
5.96172	299.489
5.96753	297.764
5.97333	297.764
5.97914	297.42
5.98494	297.249
5.99075	297.077
5.99655	296.905
6.00236	297.764
6.00816	296.563
6.01397	297.42
6.01977	297.764
6.02558	297.42
6.03138	297.249
6.03719	298.108
6.04299	299.143
6.0488	299.143
6.0546	298.971
6.06041
6.06621	298.108
6.07202	298.108
6.07782	297.936
6.08363	298.108
6.08943	297.42
6.09524	297.249
6.10104	297.592
6.10685	297.592
6.11265	296.22
6.11846	296.563
6.12426	295.537
6.13007	295.195
6.13587	295.366
6.14168	296.905
6.14748	296.905
6.15329	296.563
6.15909	297.592
6.1649	299.316
6.1707	303.845	302.095
6.17651	303.845	304.021
6.18231	304.724	305.429
6.18812	305.253	305.429
6.19392	305.429	305.959
6.19973	305.782	306.312
6.20553	306.666	307.021
6.21134	307.198	307.553
6.21714	307.909	307.909
6.22295	307.909	307.909
6.22875	307.553	307.198
6.23456	307.021
6.24036	307.198
6.24617	307.553
6.25197	307.909
6.25778	307.909
6.26358	308.265
6.26939	308.443
6.27519	308.799
6.281	308.799
6.2868	308.978
6.29261	309.514
6.29841	309.872
6.30422	309.872
6.31002	309.872
6.31583	310.051
6.32163	309.872
6.32744	309.514
6.33324	309.693
6.33905	310.23
6.34485	310.588
6.35066	310.588
6.35646	310.947
6.36227	310.588
6.36807	310.409
6.37388	310.768
6.37968	310.768
6.38549	310.947
6.39129	311.127
6.3971	311.487
6.4029	311.667
6.40871	311.307
6.41451	311.127
6.42032	310.409
6.42612	309.693
6.43193	309.335
6.43773	308.978
6.44354	309.156
6.44934	309.335	618.313
6.45515	308.978	617.956
6.46095	308.621	616.53
6.46676	308.087	615.462
6.47256	308.265	616.174
6.47837	308.621	616.53
6.48417	308.978	617.599
6.48998	309.514	618.67
6.49578	310.051	620.101
6.50159	310.051	620.101
6.50739	309.872	620.101
6.5132	309.872	620.459
6.519	309.872	619.385
6.52481	310.051	620.101
6.53061	310.409	620.818
6.53642	310.768	621.895
6.54222	311.667	623.333
6.54803	312.388	624.775
6.55383	312.207	624.414
6.55964	312.207	624.414
6.56544	312.568	624.775
6.57125	312.568	624.775
6.57705	312.207	624.054
6.58286	311.667	623.333
6.58866	311.847	623.693
6.59447	312.388	625.136
6.60027	312.568	625.859
6.60608	312.388	625.136
6.61188	312.388	625.136
6.61769	312.388	625.136
6.62349	311.667	623.333
6.6293	310.588	621.177
6.6351	310.051	619.743
6.64091	309.514	618.67
6.64671	309.156	618.313
6.65252	309.156	618.313
6.65832	308.799	617.599
6.66413	308.443	616.886
6.66993	308.621	617.242
6.67574	308.978	617.242
6.68154	309.693	617.956
6.68735	310.947	621.895
6.69315	313.11	626.944
6.69896	314.924
6.70476	316.383
6.71057	318.767
6.71637	320.429
6.72218	321.541
6.72798	322.471
6.73379	323.404
6.73959	323.404
6.7454	322.099
6.7512	320.614
6.75701	317.848
6.76281	314.379
6.76862	311.127
6.77442	307.731
6.78023	304.548
6.78603	302.095
6.79184	300.182
6.79764	299.316
6.80345	299.143
6.80925	299.489
6.81506	300.876
6.82086	303.494
6.82667	306.135
6.83247	310.768
6.83828	315.47
6.84408	321.17
6.84989	326.973
6.85569	332.304
6.8615	335.971
6.8673	339.482
6.87311	342.041
6.87891	343.824
6.88472	344.023
6.89052	342.041
6.89633	337.332
6.90213	330.963
6.90794	323.404
6.91374	315.835
6.91955	304.724
6.92535	299.489
6.93116	293.156
6.93696	289.622
6.94277	287.455
6.94857	287.289
6.95438	288.12
6.96018	290.124
6.96599	293.156
6.97179	296.563
6.9776	300.009
6.9834	302.27
6.98921	304.372
6.99501	304.9
7.00082	303.845
7.00662	294.855
7.01243	287.954
7.01823	287.954
7.02404
7.02984
7.03565
7.04145
7.04726
7.05306
7.05887
7.06467
7.07048
7.07628
7.08209
7.08789
7.0937	336.943
7.0995	323.965
7.10531	319.32
7.11111	318.215
7.11692	300.702
7.12272	296.22
7.12853	297.592
7.13433	301.572
7.14014	303.845
7.14594	306.666
7.15175	301.398
7.15755	298.108
7.16336	298.625
7.16916	300.009
7.17497	301.921
7.18077	300.182
7.18658	300.876	601.752
7.19238	302.095	601.752
7.19819	301.398	601.752
7.20399	301.05	601.058
7.2098	301.05	600.017
7.2156	300.529	599.324
7.22141	298.625	598.287
7.22721	299.489	597.596
7.23302	298.281	598.287
7.23882	299.143	595.872
7.24463	298.453	593.468	299.662
7.25043	296.22	591.073	297.42
7.25624	295.025	586.313	295.195
7.26204	291.3	582.263	306.666
7.26785	289.622	578.909	312.027
7.27365	288.62	575.907	312.568
7.27946	286.461	578.575	312.207
7.28526	299.835	590.732	298.798
7.29107	304.021	607.34	302.095
7.29687	307.198	612.979	304.548
7.30268	307.909	613.687	306.135
7.30848	308.265	615.462	307.376
7.31429	309.514	618.313	308.621
7.32009	310.409	621.895	309.872
7.3259	311.307	624.414	311.667
7.3317	313.834	627.306	313.834
7.33751	629.848	314.924
7.34331	629.848	314.924
7.34912	629.121	314.56
7.35492	627.669	313.834
7.36073	625.136	312.388
7.36653	621.895	310.409
7.37234	618.313	308.621
7.37814	306.844
7.38395	304.9
7.38975	303.144
7.39556	301.398
7.40136	299.143
7.40717	297.077
7.41297	295.537
7.41878	294.684
7.42458	295.025
7.43039	292.48
7.43619	292.142
7.442	298.971
7.4478	302.619
7.45361	294.684
7.45941	296.049
7.46522	295.707
7.47102	295.707
7.47683	295.878
7.48263	295.707
7.48844	295.878
7.49424	295.878	237.842
7.50005	296.905	239.358
7.50585	297.249	241.58
7.51166	298.798	247.656
7.51746	298.798	255.355
7.52327	298.108	261.928
7.52907	300.529	270.383
7.53487	303.845	271.165
7.54068	271.322
7.54648	269.603
7.55229	269.447
7.55809	268.36
7.5639	269.759
7.56971	269.915
7.57551	268.05
7.58132	267.895
7.58712	268.981
7.59293	271.165
7.59873	274.95
7.60454	279.433
7.61034	287.621
7.61615	288.12
7.62195	291.3	291.131
7.62776	293.665	294.855
7.63356	295.707	296.049
7.63936	296.734	295.537
7.64517	295.707	296.049
7.65097	296.563	296.049
7.65678	296.22	295.878
7.66258	295.878	295.707
7.66839	295.366	295.195
7.67419	294.855	295.025
7.68	294.004	294.344
7.6858	293.156	293.665
7.69161	291.805	292.311
7.69741	290.459	290.963
7.70322	288.287	288.953
7.70902	286.626	287.455
7.71483	286.792
7.72063	285.8
7.72644	283.334
7.73224	281.377
7.73805	278.949
7.74385	275.268
7.74966	269.292
7.75546	265.431
7.76127	262.079
7.76707	260.119
7.77288	260.119
7.77868	277.343
7.78449
7.79029
7.7961
7.8019
7.80771
7.81351
7.81932
7.82512
7.83093
7.83673
7.84254
7.84834
7.85415
7.85995
7.86576
7.87156
7.87737
7.88317
7.88898	307.198
7.89478	295.537
7.90059	289.789
7.90639	277.984
7.9122	277.503
7.918	275.109
7.92381	274.474
7.92961	272.736
7.93542	271.322
7.94122	270.695
7.94703	270.227
7.95283	269.603
7.95864	269.603
7.96444	269.136
7.97025	268.67
7.97605	267.895
7.98186	266.814
7.98766	266.199
7.99347	266.199
7.99927	265.738
8.00508	264.818
8.01088	264.513
8.01669	264.513
8.02249	264.818
8.0283	264.971
8.0341	265.278
8.03991	265.891
8.04571	266.353
8.05152	266.353
8.05732	266.506
8.06313	266.969
8.06893	266.814
8.07474	266.969
8.08054	267.123
8.08635	266.969
8.09215	266.969
8.09796	267.277
8.10376	268.205
8.10957	269.136
8.11537	270.539
8.12118	271.792
8.12698	272.736
8.13279	273.841
8.13859	274.95
8.1444	275.427
8.1502	275.586
8.15601	275.905
8.16181	275.586
8.16762	275.586
8.17342	276.064
8.17923	276.863
8.18503	277.663
8.19084	278.145
8.19664	279.111
8.20245	280.241
8.20825	281.214
8.21406	281.865
8.21986	283.17
8.22567	283.334
8.23147	284.153
8.23728	284.646
8.24308	284.646
8.24889	284.482
8.25469	285.8
8.2605	286.295
8.2663	287.289
8.27211	287.621
8.27791	288.453
8.28372	288.287
8.28952	288.953
8.29533	289.622
8.30113	290.124
8.30694	290.459
8.31274	289.957
8.31855	290.459
8.32435	290.795
8.33016	290.627
8.33596	290.627
8.34177	290.292
8.34757	290.459
8.35338	290.795
8.35918	290.795
8.36499	290.963
8.37079	291.131
8.3766	290.963
8.3824	290.627
8.38821	290.459
8.39401	290.459
8.39982	290.627
8.40562	290.459
8.41143	290.459
8.41723	290.292
8.42304	290.459
8.42884	290.963
8.43465	291.468
8.44045	291.973
8.44626	292.987
8.45206	293.834
8.45787	294.684
8.46367	295.195
8.46948	296.049
8.47528	296.391
8.48109	296.563
8.48689	296.22
8.4927	296.391
8.4985	295.878
8.50431	295.195
8.51011	294.684
8.51592	293.834
8.52172	292.818
8.52753	292.142
8.53333	291.131
8.53914	290.627
8.54494	290.459
8.55075	291.3
8.55655	291.636
8.56236	292.649
8.56816	293.495
8.57397	294.174
8.57977	295.195
8.58558	296.22
8.59138	297.249
8.59719	298.108
8.60299	299.489
8.6088	300.355
8.6146	300.876
8.62041	301.572
8.62621	300.702
8.63202	301.398
8.63782	300.876
8.64363	299.316
8.64943	297.936
8.65524	297.249
8.66104	296.563
8.66685	295.707
8.67265	295.366
8.67846	294.855
8.68426	293.665
8.69007	292.987
8.69587	292.649
8.70168	292.48
8.70748	291.805
8.71329	291.805
8.71909	291.805
8.7249	291.805
8.7307	292.142
8.73651	292.48
8.74231	293.665
8.74812	295.366
8.75392	297.764
8.75973	299.662
8.76553	301.746
8.77134	303.319
8.77714	305.253
8.78295	306.666
8.78875	308.799
8.79456	309.872
8.80036	310.768
8.80617	310.588
8.81197	308.621
8.81778	305.959
8.82358	303.319
8.82939	300.182
8.83519	297.592
8.841	294.855
8.8468	292.649
8.85261	290.963
8.85841	289.12
8.86422	287.954
8.87002	287.954
8.87583	288.287
8.88163	289.12
8.88744	291.468
8.89324	294.514
8.89905	298.798
8.90485	302.095
8.91066	305.605
8.91646	308.978
8.92227	311.847
8.92807	313.653
8.93388	315.835
8.93968	315.835
8.94549	313.834
8.95129	312.568
8.9571	310.588
8.9629	307.021
8.96871	302.095
8.97451	298.281
8.98032	291.636
8.98612	287.123
8.99193	281.865
8.99773	279.756
9.00354	278.788
9.00934	278.466
9.01515	279.272
9.02095	281.539
9.02676	285.14
9.03256	289.957
9.03837	295.537
9.04417	299.662
9.04998	304.196
9.05578	309.693
9.06159	315.288
9.06739	320.059
9.0732	324.339
9.079	327.162
9.08481	327.351
9.09061	325.653
9.09642	322.471
9.10222	318.767
9.10803	314.742
9.11383	311.667
9.11964	307.909
9.12544	304.196
9.13125	301.398
9.13705	299.835
9.14286	297.42
9.14866	296.049
9.15447	297.077
9.16027	299.316
9.16608	301.746
9.17188	304.021
9.17769	307.376
9.18349	308.799
9.1893	311.127
9.1951	311.667
9.20091	311.847
9.20671	309.156
9.21252	303.845
9.21832	299.316
9.22413	291.468
9.22993	284.318
9.23574	281.865
9.24154	278.949
9.24735	279.433
9.25315	277.984
9.25896	278.145
9.26476	277.984
9.27057	279.111
9.27637	281.052
9.28218
9.28798	285.8
9.29379	285.965
9.29959	285.47
9.3054	283.661
9.3112	282.354
9.31701	280.565
9.32281	279.111
9.32862	276.863
9.33442	274.791
9.34023	273.209
9.34603	271.478
9.35184	270.227
9.35764	268.67
9.36345	266.969
9.36925	265.738
9.37506	264.055
9.38086	262.534
9.38667	261.173
9.39247	260.269
9.39828	260.119
9.40408	259.818
9.40989	259.668
9.41569	259.219
9.4215	258.77
9.4273	258.024
9.43311	257.428
9.43891	257.428
9.44472	257.28
9.45052	256.982
9.45633	256.389
9.46213	255.65
9.46794	254.913
9.47374	253.884
9.47955	251.839
9.48535	250.1
9.49116	249.667
9.49696	248.947
9.50277	248.803
9.50857	248.229
9.51438	247.084
9.52018	246.229
9.52599	245.378
9.53179	244.67
9.5376	243.823
9.5434	242.84
9.54921	241.999
9.55501	241.58
9.56082	240.745
9.56662	240.467
9.57243	240.467
9.57823	240.884
9.58404	241.441
9.58984	241.58
9.59565	241.999
9.60145	242.139
9.60726	478.44	238.53
9.61306	476.234	238.117
9.61887	474.586	236.745
9.62467	472.944	236.745
9.63048	471.853	237.43
9.63628	471.58	237.019
9.64209	472.125	236.336
9.64789	473.218	236.745
9.6537	473.764	236.336
9.6595	474.312	236.882
9.66531	474.312	237.567
9.67111	476.784	238.117
9.67692	478.993	238.944
9.68272	480.933	238.668
9.68853	480.933	239.22
9.69433	480.101	238.944
9.70014	478.716	237.979
9.70594	478.44	237.842
9.71175	477.06	237.842
9.71755	476.784	237.567
9.72336	475.135	237.293
9.72916	475.409	237.842
9.73497	475.959	237.156
9.74077	474.038	236.199
9.74658	470.764	235.79
9.75238	471.036	235.246
9.75819	468.323	236.199
9.76399	467.512	235.11
9.7698	468.864	235.654
9.7756	466.433	234.839
9.78141	467.512	234.297
9.78721	466.164	233.891
9.79302	465.626	233.217
9.79882	466.164	232.678
9.80463	468.052	233.082
9.81043	469.406	233.486
9.81624	472.125	234.297
9.82204	474.586	235.926
9.82785	477.06	237.43
9.83365	478.716	237.842
9.83946	476.509	238.944
9.84526	488.211	242.279
9.85107	491.322	243.964
9.85687	493.028	247.37
9.86268	491.039	247.656
9.86848	478.716	241.86
9.87429	480.933	246.229
9.88009	482.882	243.542
9.8859	483.161	241.86
9.8917	479.269	239.912
9.89751	472.398	237.842
9.90331	469.135	230.938
9.90912	460.809	226.97
9.91492	447.95	223.716
9.92073	440.254	218.859
9.92653	437.719	219.366
9.93234	436.456	218.354
9.93814	437.213	220.509
9.94394	441.783	221.914
9.94975	447.433	223.846
9.95555	452.631	225.272
9.96136	456.57	225.793
9.96716	471.036	233.891
9.97297	480.656	242.279
9.97878	494.169	247.656
9.98458	497.893	251.549
9.99039	510.12	256.241
9.99619	515.154	258.919
10.002	521.742	261.474
10.0078	526.891	263.75
10.0136	525.371	263.75
10.0194	523.251	262.079
10.0252	519.037	259.069
10.031	255.798
10.0368	249.811
10.0426	241.023
10.0484	239.082
10.0542	234.703
10.06	228.945
10.0659	219.112
10.0717	217.222
10.0775	213.984
10.0833	210.308
10.0891	208.253
10.0949	213.49	232.947
10.1007	216.596	237.293
10.1065	217.976	233.891
10.1123	227.233	236.609
10.1181	236.745	240.745
10.1239	243.823	242.98
10.1297	250.678	250.968
10.1355	257.131	257.28
10.1413	261.474	262.231
10.1471	264.971	265.584
10.1529	266.045	266.199
10.1587	264.971	265.125
10.1645	264.207	264.207
10.1703	261.777	261.928
10.1761	257.577	257.726
10.1819	253.298
10.1878	248.659
10.1936	239.358
10.1994	234.568
10.2052	225.793
10.211	222.299
10.2168	220.127
10.2226	214.231
10.2284	215.722
10.2342	217.222
10.24	221.658
10.2458	225.403
10.2516	228.417
10.2574	234.161
10.2632	238.53
10.269	244.811
10.2748	253.884
10.2806	256.982
10.2864	263.902
10.2922	269.915
10.298	270.695
10.3039	271.322
10.3097	259.668
10.3155	255.502
10.3213	254.913
10.3271	253.152
10.3329
10.3387
10.3445
10.3503
10.3561
10.3619
10.3677
10.3735
10.3793
10.3851
10.3909
10.3967
10.4025
10.4083
10.4141
10.42
10.4258
10.4316
10.4374
10.4432
10.449
10.4548
10.4606
10.4664
10.4722
10.478
10.4838
10.4896
10.4954
10.5012
10.507
10.5128
10.5186
10.5244
10.5302
10.5361
10.5419
10.5477
10.5535
10.5593
10.5651
10.5709
10.5767
10.5825
10.5883
10.5941
10.5999
10.6057
10.6115
10.6173
10.6231
10.6289
10.6347
10.6405
10.6463
10.6522
10.658
10.6638
10.6696
10.6754
10.6812
10.687
10.6928
10.6986
10.7044
10.7102
10.716
10.7218
10.7276
10.7334
10.7392
10.745
10.7508
10.7566
10.7624
10.7683
10.7741
10.7799
10.7857
10.7915
10.7973
10.8031
10.8089
10.8147
10.8205
10.8263
10.8321
10.8379
10.8437
10.8495
10.8553
10.8611
10.8669
10.8727
10.8785
10.8844
10.8902
10.896
10.9018
10.9076
10.9134
10.9192
10.925
10.9308
10.9366
10.9424
10.9482
10.954
10.9598
10.9656
10.9714
10.9772
10.983
10.9888
10.9946
11.0005
11.0063
11.0121
11.0179
11.0237
11.0295
11.0353
11.0411
11.0469
11.0527
11.0585
11.0643
11.0701
11.0759
11.0817
11.0875
11.0933
11.0991
11.1049
11.1107
11.1166
11.1224
11.1282
11.134
11.1398
11.1456
11.1514
11.1572
11.163
11.1688
11.1746
11.1804
11.1862
11.192
11.1978
11.2036
11.2094
11.2152
11.221
11.2268
11.2327
11.2385
11.2443
11.2501
11.2559
11.2617
11.2675
11.2733
11.2791
11.2849
11.2907
11.2965
11.3023
11.3081
11.3139
11.3197
11.3255
11.3313
11.3371
11.3429
11.3488
11.3546
11.3604
11.3662
11.372
11.3778
11.3836
11.3894
11.3952
11.401
11.4068
11.4126
11.4184
11.4242
11.43
11.4358
11.4416
11.4474
11.4532
11.459
11.4649
11.4707
11.4765
11.4823
11.4881
11.4939
11.4997
11.5055
11.5113
11.5171
11.5229
11.5287
11.5345
11.5403
11.5461
11.5519
11.5577
11.5635
11.5693
11.5751
11.581
11.5868
11.5926
11.5984
11.6042
11.61
11.6158
11.6216
11.6274
11.6332
11.639
11.6448
11.6506
11.6564
11.6622
11.668
11.6738
11.6796
11.6854
11.6912
11.6971
11.7029
11.7087
11.7145
11.7203
11.7261
11.7319	411.96
11.7377	429.206
11.7435	426.487
11.7493	420.373
11.7551	414.346
11.7609	421.345
11.7667	416.265
11.7725	417.469
11.7783	423.297
11.7841	428.463
11.7899	431.443
11.7957	434.695
11.8015	436.708
11.8073	436.456
11.8132	435.701
11.819	434.946
11.8248	434.444	866.883
11.8306	434.444	867.384
11.8364	434.695	868.386
11.8422	434.695	868.386
11.848	433.441	866.382
11.8538	433.441	864.882
11.8596	432.441	863.385
11.8654	431.942	861.89
11.8712	430.945	860.895
11.877	429.95	860.895
11.8828	428.71	858.412
11.8886	428.958	858.412
11.8944	429.702	859.901
11.9002	429.95	859.901
11.906	429.95	859.404
11.9118	429.702	859.404
11.9176	429.454	858.908
11.9234	428.958	857.916
11.9293	428.215	856.926
11.9351	427.227	854.948
11.9409	425.749	851.99
11.9467	425.258	851.498
11.9525	424.521	849.533
11.9583	422.32	844.64
11.9641	417.952	838.321
11.9699	409.824	825.349
11.9757	397.927	817.284
11.9815	373.214	856.431
11.9873	372.999	840.746
11.9931	346.016	865.382
11.9989	337.332	867.384
12.0047
12.0105
12.0163
12.0221
12.0279
12.0337
12.0395
12.0454
12.0512	399.539
12.057	397.238
12.0628	395.864
12.0686	389.063
12.0744	391.317
12.0802	404.649
12.086	409.351
12.0918	421.589
12.0976	428.215
12.1034	432.441
12.1092	435.197
12.115	435.449
12.1208	437.213
12.1266	439.238
12.1324	440.763
12.1382	441.783
12.144	442.293
12.1498	443.316
12.1556	446.4
12.1615	447.691
12.1673	450.805
12.1731	452.37
12.1789	454.991
12.1847	435.952	465.626
12.1905	436.204	473.491
12.1963	419.403	472.944
12.2021	419.403	471.036
12.2079	426.981	470.22
12.2137	426.981	470.492
12.2195	470.764
12.2253	470.22
12.2311	470.22
12.2369	470.764
12.2427	470.22
12.2485	469.949
12.2543	470.492
12.2601	471.308
12.2659	471.853
12.2717	472.398
12.2776	472.944
12.2834	472.398
12.2892	471.853
12.295	471.308
12.3008	471.036
12.3066	471.036
12.3124	470.764
12.3182	470.492
12.324	469.677
12.3298	468.864
12.3356	468.052	936.646
12.3414	468.323	936.646
12.3472	468.323	936.646
12.353	468.052	936.105
12.3588	467.242	934.484
12.3646	465.626	931.789
12.3704	464.283	928.565
12.3762	462.142	924.284
12.382	459.48	918.961
12.3878	457.891	915.253
12.3937	457.098	912.086
12.3995	457.891	913.668
12.4053	459.746	916.84
12.4111	457.891	915.781
12.4169	456.043	914.724
12.4227	452.893	907.357
12.4285	448.986	903.696
12.4343	447.174	902.131
12.4401	446.142	895.899
12.4459	445.37	892.8
12.4517	444.085	890.225
12.4575	443.573	890.225
12.4633	442.805	884.587
12.4691	442.549	884.587
12.4749	442.549	883.055
12.4807	443.06	885.609
12.4865	442.549	884.587
12.4923	883.565
12.4981	884.587	443.316
12.5039	885.609	443.573
12.5098	887.145	444.085
12.5156	890.225	444.342
12.5214	891.769	444.856
12.5272	890.225	444.599
12.533	888.684	444.856
12.5388	891.254	445.113
12.5446	889.711	445.113
12.5504	889.197	444.856
12.5562	890.225	445.627
12.562	890.225	445.37
12.5678	890.739	445.113
12.5736	889.197	445.113	445.37
12.5794	890.225	445.37	445.627
12.5852	891.769	445.885	445.627
12.591	892.8	446.142	445.113
12.5968	892.284	446.658	444.856
12.6026	893.832	448.727	445.885
12.6084	896.935	450.284	449.765
12.6142	901.089	451.065	450.284
12.62	900.569	450.805	450.545
12.6258	902.131	450.545	450.805
12.6317	900.569	450.805	450.805
12.6375	900.569	450.805	451.065
12.6433	900.569	450.545	450.805
12.6491	900.049	450.545	450.545
12.6549	900.049	450.284	450.545
12.6607	902.652	450.805	451.065
12.6665	899.529	450.284
12.6723	899.529	449.505
12.6781	896.417	448.467
12.6839	894.865	448.209
12.6897	895.382	447.433
12.6955	895.899	447.433
12.7013	894.865	447.433
12.7071	447.174
12.7129	446.916
12.7187	446.658
12.7245	446.658
12.7303	446.4
12.7361	446.658
12.742	447.691
12.7478	448.467
12.7536	448.986
12.7594	449.505
12.7652	449.245
12.771	447.95
12.7768	446.916
12.7826	446.142
12.7884	445.627
12.7942	445.885
12.8	445.627
12.8058	445.885
12.8116	445.885
12.8174	446.658
12.8232	447.433
12.829	447.433
12.8348	447.433
12.8406	447.433
12.8464	447.433
12.8522	447.174
12.858	446.916
12.8639	446.916
12.8697	446.4
12.8755	445.885
12.8813	446.142
12.8871	445.885
12.8929	446.4
12.8987	446.4
12.9045	445.627
12.9103	444.599
12.9161	444.085
12.9219	443.829
12.9277	444.085
12.9335	444.085
12.9393	444.085
12.9451	443.06
12.9509	442.293
12.9567	442.038
12.9625	442.293
12.9683	441.783
12.9741	442.293
12.98	442.805
12.9858	442.549
12.9916	442.293
12.9974	443.06
13.0032	443.06
13.009	442.549
13.0148	442.549
13.0206	441.783
13.0264	441.273
13.0322	441.018
13.038	441.018
13.0438	440.763
13.0496	440.509
13.0554	439.746
13.0612	438.731
13.067	437.719
13.0728	436.456
13.0786	435.701
13.0844	434.695
13.0902	433.942
13.0961	433.441
13.1019	433.441
13.1077	433.191
13.1135	433.441
13.1193	433.191
13.1251	432.941
13.1309	432.941
13.1367	433.441
13.1425	433.692
13.1483	433.942
13.1541	432.941
13.1599	432.691
13.1657	431.692
13.1715	430.447
13.1773	429.454
13.1831	429.206
13.1889	429.206
13.1947	428.958
13.2005	428.215
13.2063	427.721
13.2122	427.474
13.218	426.981
13.2238	425.995
13.2296	425.503
13.2354	424.767
13.2412	424.767
13.247	424.276
13.2528	423.542
13.2586	423.542
13.2644	423.542
13.2702	422.808
13.276	421.345
13.2818	420.859
13.2876	419.888
13.2934	419.161
13.2992	418.435
13.305	418.677
13.3108	420.13
13.3166	420.859
13.3224	420.616
13.3283	421.102
13.3341	421.589
13.3399	421.833
13.3457	422.076
13.3515	423.053
13.3573	423.297
13.3631	422.808
13.3689	422.32
13.3747	421.102
13.3805	419.403
13.3863	416.747
13.3921	414.825
13.3979	413.39
13.4037	410.772
13.4095	408.406
13.4153	405.585
13.4211	402.086
13.4269	398.617
13.4327	396.55
13.4385	395.407
13.4444	394.494
13.4502	394.266
13.456	395.407
13.4618	397.467
13.4676	399.77
13.4734	403.948
13.4792	407.699
13.485	411.96	471.036
13.4908	414.825	470.22
13.4966	417.469	474.038
13.5024	419.161	477.06
13.5082	420.616	474.038
13.514	421.345	477.336
13.5198	421.102	477.06
13.5256	420.616	480.101
13.5314	419.645	486.241
13.5372	417.469	483.719
13.543	413.868	483.161
13.5488	411.246	487.084
13.5546	407.228	491.606
13.5605	402.551	495.884
13.5663	396.779	491.89
13.5721	388.614	488.211
13.5779	382.821	492.175
13.5837	379.08	494.74
13.5895	374.943	493.883
13.5953	373.861	499.911
13.6011	373.214	488.775
13.6069	374.077	498.469
13.6127	377.769	500.199
13.6185	381.497	487.084
13.6243	383.485	475.135
13.6301	389.738	480.101
13.6359	395.864	486.241
13.6417	401.622	499.045
13.6475	407.463	494.454
13.6533	412.436
13.6591	415.545
13.6649	417.711
13.6707	419.161
13.6766	418.677
13.6824	417.711
13.6882	414.825
13.694	410.772
13.6998	407.463
13.7056	403.016
13.7114	395.635
13.7172	387.717
13.723	378.424
13.7288	372.568
13.7346	367.227
13.7404	363.428
13.7462	361.126
13.752	360.085
13.7578	361.126
13.7636	364.901
13.7694	369.781
13.7752	377.551
13.781	383.928
13.7868	392.222
13.7927	400.695
13.7985	404.182
13.8043	408.406
13.8101	409.824
13.8159	411.484
13.8217	411.009
13.8275	407.699
13.8333	398.847
13.8391	390.865
13.8449	389.288
13.8507	381.497
13.8565	402.551
13.8623	403.715
13.8681
13.8739
13.8797
13.8855
13.8913
13.8971
13.9029
13.9088
13.9146
13.9204
13.9262
13.932
13.9378
13.9436
13.9494
13.9552
13.961
13.9668
13.9726
13.9784
13.9842
13.99
13.9958
14.0016
14.0074
14.0132
14.019
14.0249
14.0307
14.0365
14.0423
14.0481
14.0539
14.0597
14.0655
14.0713
14.0771
14.0829
14.0887
14.0945
14.1003
14.1061
14.1119
14.1177
14.1235
14.1293
14.1351
14.141
14.1468
14.1526
14.1584
14.1642
14.17
14.1758
14.1816
14.1874
14.1932
14.199
14.2048
14.2106
14.2164
14.2222
14.228
14.2338
14.2396
14.2454
14.2512
14.2571
14.2629
14.2687
14.2745
14.2803
14.2861
14.2919
14.2977
14.3035
14.3093
14.3151
14.3209
14.3267
14.3325
14.3383
14.3441
14.3499
14.3557
14.3615
14.3673
14.3732
14.379
14.3848
14.3906
14.3964
14.4022
14.408
14.4138
14.4196
14.4254
14.4312
14.437
14.4428
14.4486
14.4544
14.4602
14.466
14.4718
14.4776
14.4834
14.4893
14.4951
14.5009
14.5067
14.5125
14.5183
14.5241
14.5299
14.5357
14.5415	703.721
14.5473	684.082
14.5531	673.107
14.5589	671.166
14.5647	668.458
14.5705	667.686
14.5763	666.915
14.5821	665.761
14.5879	664.224
14.5937	662.691
14.5995	663.457
14.6054	664.224
14.6112	663.841
14.617	663.841
14.6228	664.224
14.6286	664.224
14.6344	665.761
14.6402	664.992
14.646	664.608
14.6518	664.992
14.6576	664.224
14.6634	663.074
14.6692	663.074
14.675	663.841
14.6808	664.224
14.6866	663.457
14.6924	663.457
14.6982	663.457
14.704	661.926
14.7098	663.074
14.7156	654.701	425.012
14.7215	661.926	413.39
14.7273	674.664	403.482
14.7331	384.594
14.7389	373.645
14.7447	372.353
14.7505	371.065
14.7563	370.422
14.7621	368.076
14.7679	361.753
14.7737	356.978
14.7795	353.694
14.7853	351.657
14.7911	350.238
14.7969	349.632
14.8027	350.643
14.8085	353.082
14.8143	356.155
14.8201	358.011
14.8259	360.709
14.8317	362.589
14.8376	364.69
14.8434	366.379
14.8492	367.439
14.855	367.863
14.8608	368.289
14.8666	368.714
14.8724	368.501
14.8782	368.501
14.884	368.501
14.8898	368.076
14.8956	367.863
14.9014	367.863
14.9072	367.651
14.913	368.076
14.9188	368.714
14.9246	369.354
14.9304	370.422
14.9362	372.138
14.942	374.294
14.9478	377.333
14.9537	379.518
14.9595	381.938
14.9653	383.485
14.9711	384.15
14.9769	383.928
14.9827	384.594
14.9885	384.594
14.9943	385.039
15.0001	385.707
15.0059	385.929
15.0117	386.152
15.0175	386.375
15.0233	386.375
15.0291	386.599
15.0349	387.046
15.0407	387.717
15.0465	388.165
15.0523	388.165
15.0581	387.717
15.0639	387.493
15.0697	387.717
15.0756	388.614
15.0814	389.738
15.0872	390.639
15.093	390.865
15.0988	391.769
15.1046	392.222
15.1104	392.675
15.1162	391.995
15.122	391.543
15.1278	391.091
15.1336	391.317
15.1394	392.222
15.1452	393.129
15.151	393.584
15.1568	393.811
15.1626	393.811
15.1684	393.811
15.1742	393.811
15.18	394.039
15.1859	393.811
15.1917	393.129
15.1975	391.769
15.2033	391.091
15.2091	390.865
15.2149	391.091
15.2207	392.449
15.2265	393.356
15.2323	394.266
15.2381	394.494
15.2439	394.722
15.2497	394.722
15.2555	394.039
15.2613	394.039
15.2671	393.811
15.2729	393.129
15.2787	392.675
15.2845	392.675
15.2903	391.995
15.2961	391.769
15.3019	392.222
15.3078	391.995
15.3136	391.317
15.3194	391.091
15.3252	390.639
15.331	390.414
15.3368	390.414
15.3426	390.865
15.3484	391.317
15.3542	391.317
15.36	390.865
15.3658	390.865
15.3716	390.865
15.3774	391.317
15.3832	392.222
15.389	392.902
15.3948	393.356
15.4006	393.811
15.4064	394.266
15.4122	394.722
15.418	394.95
15.4239	394.266
15.4297	393.584
15.4355	393.129
15.4413	393.356
15.4471	393.356
15.4529	393.356
15.4587	393.356
15.4645	393.129
15.4703	393.356
15.4761	393.356
15.4819	393.584
15.4877	393.811
15.4935	394.039
15.4993	394.266
15.5051	394.722
15.5109	395.178
15.5167	395.635
15.5225	395.635
15.5283	395.178
15.5341	394.95
15.54	395.178
15.5458	395.178
15.5516	396.092
15.5574	397.009
15.5632	397.697
15.569	398.617
15.5748	399.078
15.5806	398.847
15.5864	399.308
15.5922	399.539
15.598	399.078
15.6038	398.847
15.6096	398.157
15.6154	397.238
15.6212	397.009
15.627	396.321
15.6328	395.864
15.6386	395.864
15.6444	396.092
15.6502	396.321
15.6561	396.321
15.6619	396.321
15.6677	396.55
15.6735	396.321
15.6793	396.779
15.6851	397.009
15.6909	397.238
15.6967	397.697
15.7025	398.617
15.7083	400.001
15.7141	401.854
15.7199	404.182
15.7257	407.463
15.7315	408.878
15.7373	408.878
15.7431	406.993
15.7489	405.117
15.7547	403.016
15.7605	401.39
15.7663	398.847
15.7722	397.927
15.778	396.55
15.7838	394.95
15.7896	394.266
15.7954	393.129
15.8012	391.317
15.807	391.995
15.8128	393.129
15.8186	395.178
15.8244	394.95
15.8302	394.494
15.836	395.635
15.8418
15.8476	400.232
15.8534	402.783
15.8592	404.649	811.17
15.865	407.463	817.756
15.8708	411.96	827.258
15.8766	417.711	840.261
15.8824	423.053	852.482
15.8883	426.487	859.404
15.8941	427.474	858.908
15.8999	429.454	859.404
15.9057	431.692	864.383
15.9115	434.193	869.39
15.9173	436.204	872.912
15.9231	437.466	876.955
15.9289	438.478	878.476
15.9347	439.238	879.492
15.9405	440	880.509
15.9463	439.746	879.492
15.9521	439.492	878.984
15.9579	438.731	877.969
15.9637	438.985	877.462
15.9695	438.478	876.955
15.9753	438.478	876.449
15.9811	438.478	876.955
15.9869	437.971	874.932
15.9927	437.466	874.426
15.9985	437.213	874.426
16.0044	438.224	876.449
16.0102	438.985	878.984
16.016	440	880
16.0218	441.783	884.587
16.0276	442.549	885.098
16.0334	443.06	887.145
16.0392	443.573	887.145
16.045	444.085	887.658
16.0508	444.342	888.684
16.0566	444.599	889.197
16.0624	444.599	889.711
16.0682	444.342	888.684
16.074	444.342	888.684
16.0798	443.573	887.145
16.0856	443.573	887.145
16.0914	442.805	886.121
16.0972	442.038	883.565
16.103	441.783	884.587
16.1088	441.273
16.1146	440.509
16.1205	439.492
16.1263	439.746
16.1321	440.254
16.1379	440.509
16.1437	441.783
16.1495	442.805
16.1553	445.37
16.1611	447.691
16.1669	450.024
16.1727	452.109
16.1785	453.155
16.1843	454.991
16.1901	455.78
16.1959	456.307
16.2017	455.78
16.2075	455.254
16.2133	453.941
16.2191	451.326
16.2249	447.95
16.2307	444.085
16.2366	439.746
16.2424	435.701
16.2482	432.691
16.254	431.443
16.2598	431.194
16.2656	431.942
16.2714	433.441
16.2772	436.204
16.283	438.985
16.2888	442.293
16.2946	445.885
16.3004	450.805
16.3062	455.78
16.312	459.215
16.3178	462.142
16.3236	462.944
16.3294	463.479
16.3352	462.409
16.341	460.809
16.3468	457.891
16.3527	453.678
16.3585	449.245
16.3643	443.829
16.3701	440.509
16.3759	437.719
16.3817	435.197
16.3875	433.191
16.3933	430.696
16.3991	431.194
16.4049	426.487
16.4107	423.297
16.4165	423.542
16.4223	424.276
16.4281	430.696
16.4339	430.945
16.4397	428.463
16.4455	424.521
16.4513
16.4571
16.4629
16.4688
16.4746
16.4804
16.4862
16.492
16.4978
16.5036
16.5094
16.5152
16.521
16.5268
16.5326
16.5384
16.5442
16.55
16.5558
16.5616
16.5674
16.5732
16.579
16.5849
16.5907
16.5965
16.6023
16.6081
16.6139
16.6197
16.6255
16.6313
16.6371
16.6429
16.6487	483.999
16.6545	462.142
16.6603	439.492
16.6661	448.727
16.6719	427.474
16.6777	430.447
16.6835	431.194
16.6893	437.719
16.6951	439.492
16.701	444.599
16.7068	445.37
16.7126	446.4
16.7184	446.916
16.7242	446.658
16.73	446.142
16.7358	443.829
16.7416	441.528
16.7474	440.254
16.7532	438.478
16.759	437.466
16.7648	436.204
16.7706	433.692
16.7764	430.696
16.7822	427.721
16.788	425.012
16.7938	422.32
16.7996	418.677
16.8054	414.586
16.8112	408.642
16.8171	401.158
16.8229	396.092
16.8287	394.266
16.8345	394.494
16.8403	395.635
16.8461	397.238
16.8519	397.697
16.8577	398.157
16.8635	399.308
16.8693	399.77
16.8751	399.539
16.8809	399.539
16.8867	399.77
16.8925	400.001
16.8983	400.001
16.9041	399.77
16.9099	399.308
16.9157	398.847
16.9215	398.157
16.9273	397.238
16.9332	395.635
16.939	394.039
16.9448	393.129
16.9506	391.995
16.9564	391.543
16.9622	391.091
16.968	391.091
16.9738	390.639
16.9796	390.188
16.9854	389.513
16.9912	388.838
16.997	388.389
17.0028	388.614
17.0086	389.288
17.0144	391.317
17.0202	397.009
17.026	400.463
17.0318	401.158
17.0376	400.695
17.0434	399.539
17.0493	398.387
17.0551	397.927
17.0609	398.387
17.0667	399.539
17.0725	400.926
17.0783	402.086
17.0841	403.016
17.0899	403.948
17.0957	404.415
17.1015	405.819
17.1073	406.523
17.1131	407.463
17.1189	408.878
17.1247	410.297
17.1305	411.009
17.1363	411.96
17.1421	412.913
17.1479	414.825
17.1537	416.506
17.1595	419.161
17.1654	421.589
17.1712	423.786
17.177	425.503
17.1828	427.474
17.1886	428.958
17.1944	429.702
17.2002	430.199
17.206	431.194
17.2118	431.692
17.2176	431.942
17.2234	432.441
17.2292	432.191
17.235	431.692
17.2408	431.194
17.2466	431.942
17.2524	431.942
17.2582	432.441
17.264	433.692
17.2698	434.444
17.2756	434.695
17.2815	434.695
17.2873	435.449
17.2931	435.701
17.2989	435.449
17.3047	436.204
17.3105	435.952
17.3163	436.204
17.3221	437.213
17.3279	437.719
17.3337	438.478
17.3395	438.478
17.3453	437.719
17.3511	437.719
17.3569	438.985
17.3627	440.509
17.3685	441.018
17.3743	440.509
17.3801	440.763
17.3859	441.783
17.3917	443.06
17.3976	443.573
17.4034	443.573
17.4092	443.316
17.415	442.805
17.4208	443.06
17.4266	443.06
17.4324	443.06
17.4382	442.805
17.444	442.293
17.4498	442.038
17.4556	442.549
17.4614	443.06
17.4672	443.829
17.473	444.599
17.4788	445.113
17.4846	445.885
17.4904	445.627
17.4962	445.37
17.502	445.113
17.5078	444.599
17.5137	444.342
17.5195	444.342
17.5253	444.342
17.5311	444.342
17.5369	444.085
17.5427	443.829
17.5485	443.316
17.5543	443.06
17.5601	443.06
17.5659	443.06
17.5717	443.573
17.5775	443.829
17.5833	443.829
17.5891	443.829
17.5949	444.085
17.6007	444.342
17.6065	444.856
17.6123	444.342
17.6181	444.085
17.6239	444.085
17.6297	443.316
17.6356	443.06
17.6414	442.805
17.6472	442.549
17.653	442.805
17.6588	443.316
17.6646	444.342
17.6704	445.37
17.6762	446.4
17.682	446.916
17.6878	447.433
17.6936	448.467
17.6994	448.986
17.7052	449.245
17.711	448.986
17.7168	448.467
17.7226	448.209
17.7284	447.691
17.7342	446.658
17.74	445.627
17.7458	444.856
17.7517	444.085
17.7575	443.06
17.7633	442.293
17.7691	441.783
17.7749	440.254
17.7807	440
17.7865	440.254
17.7923	441.018	397.697
17.7981	439.746	394.95
17.8039	439.746	394.266
17.8097	442.805	399.539
17.8155	444.342	397.927
17.8213	446.658	398.157
17.8271	448.727	403.016
17.8329	450.545	400.926
17.8387	451.848	398.847
17.8445	453.416	399.078
17.8503	454.465	399.308
17.8561	455.254	399.77
17.8619	456.307	398.617
17.8678	456.307	400.463
17.8736	454.991	400.926
17.8794	454.991	400.001
17.8852	453.941	400.001
17.891	452.109	401.158
17.8968	450.805	400.926
17.9026	449.245	401.158
17.9084	448.467	398.157
17.9142	447.433	399.078
17.92	446.142	401.854
17.9258	443.316	398.387
17.9316	443.829	400.926
17.9374	442.038	393.584
17.9432	440	399.078
17.949	438.478	395.864
17.9548	438.478	396.092
17.9606	437.719	399.308
17.9664	435.197	400.695
17.9722	431.443	399.539
17.9781	428.71	400.232
17.9839	429.206	402.318
17.9897	432.691	402.318
17.9955	438.985	398.617
18.0013	446.4	396.092
18.0071	446.916	396.55	421.102
18.0129	444.856	401.854	419.645
18.0187	444.085	412.674	416.506
18.0245	446.142	413.151	419.161
18.0303	446.658	402.086	416.506
18.0361	445.885	396.779	421.102
18.0419	445.113	404.883	420.373
18.0477	446.4	408.17	417.952
18.0535	445.113	408.17	416.265
18.0593	446.4	408.17	418.435
18.0651	444.085	408.17	417.952
18.0709	447.174	411.484
18.0767	446.916	411.96	206.695
18.0825	448.467	416.025	207.293
18.0883	448.727	416.025	207.532
18.0941	447.95	418.677	207.413
18.1	450.024	416.506	206.099
18.1058	447.174	420.373	209.338
18.1116	449.245	417.952	208.735
18.1174	449.245	423.542	209.701
18.1232	450.545	416.747	209.701
18.129	431.194	430.945	209.58
18.1348	433.692	433.692	208.735
18.1406	436.961	437.213	211.038
18.1464	437.719	437.719	203.379
18.1522	436.961	436.708	209.823
18.158	436.204	436.456	210.308
18.1638	432.941	437.466	212.506
18.1696	431.194	431.443	214.355
18.1754	432.941	433.191	215.472
18.1812	432.941	434.193	215.472
18.187	446.142	446.142	213.244
18.1928	451.587	451.326	210.794
18.1986	438.478	438.224	208.735	398.157
18.2044	451.065	450.805	216.345	396.779
18.2102	430.696	431.194	216.221	398.617
18.2161	431.443	454.728	221.147	403.948
18.2219	411.96	461.342	223.071	400.232
18.2277	410.061	446.4	223.071	405.117
18.2335	446.4	223.071	405.819
18.2393	446.4	223.071	405.819
18.2451	446.4	404.883
18.2509	403.249	806.032
18.2567	401.39	804.172
18.2625	400.232	800.927
18.2683	398.617	798.156
18.2741	397.238	794.935
18.2799	395.407	791.727
18.2857	393.129	787.622
18.2915	390.865	783.086
18.2973	390.188	782.182
18.3031	389.063	779.926
18.3089	386.152	773.197
18.3147	383.928	766.97
18.3205	382.158	764.758
18.3263	380.616	762.112
18.3322	379.08	758.599
18.338	377.333	755.101
18.3438	375.81	752.054
18.3496	374.077	748.155
18.3554	372.138	743.846
18.3612	370.636	740.416
18.367	368.927	737.855
18.3728	367.651	735.302
18.3786	366.167	732.335
18.3844	364.69	728.959
18.3902	363.218	726.437
18.396	361.962	724.342
18.4018	360.293	720.17
18.4076	358.425	716.022
18.4134	357.185	713.957
18.4192	356.772	713.133
18.425	356.36	712.721
18.4308	356.155	712.309
18.4366	355.333	710.665
18.4424	354.922
18.4483	354.717
18.4541	354.717
18.4599	354.922
18.4657	355.333
18.4715	356.155
18.4773	355.949
18.4831	355.949
18.4889	355.949
18.4947	354.922
18.5005	354.103
18.5063	353.899
18.5121	354.513
18.5179	354.922
18.5237	355.538
18.5295	355.538
18.5353	354.922
18.5411	354.717
18.5469	353.694
18.5527	352.674
18.5585	352.471
18.5644	352.674
18.5702	353.286
18.576	354.103
18.5818	354.308
18.5876	354.922
18.5934	354.922
18.5992	354.922
18.605	355.127
18.6108	355.333
18.6166	356.155
18.6224	356.566
18.6282	357.185
18.634	357.185
18.6398	357.185
18.6456	357.598
18.6514	358.218
18.6572	358.011
18.663	357.804
18.6688	357.185
18.6746	355.949
18.6805	354.103
18.6863	352.674
18.6921	351.454
18.6979	349.632
18.7037	347.417
18.7095	346.215
18.7153	345.217
18.7211	344.023
18.7269	344.42
18.7327	344.42
18.7385	344.619
18.7443	346.616
18.7501	349.43
18.7559	353.49
18.7617	358.011
18.7675	362.589
18.7733	367.014
18.7791	371.065
18.7849	372.999
18.7907	375.159
18.7966	375.376
18.8024	374.294
18.8082	373.214
18.814	370.85
18.8198	364.269
18.8256	360.293
18.8314	356.155
18.8372	351.251
18.843	346.616
18.8488	342.041
18.8546	334.809
18.8604	329.057
18.8662	330.963
18.872	331.92
18.8778	332.496
18.8836	334.809
18.8894	338.503
18.8952	342.832
18.901	346.215
18.9068	350.036
18.9127	352.471
18.9185	363.638
18.9243	369.141
18.9301	374.51
18.9359	375.159
18.9417	377.115
18.9475	377.115
18.9533	377.333
18.9591	377.987
18.9649	372.783
18.9707	367.651
18.9765	363.638
18.9823	352.878
18.9881	346.816
18.9939	342.041
18.9997	337.722
19.0055	335.196
19.0113	333.458
19.0171	333.265
19.0229	332.304
19.0288	331.92
19.0346	336.554
19.0404	338.895
19.0462	343.031
19.052	354.103
19.0578	358.632
19.0636	362.799
19.0694	364.269
19.0752	365.745
19.081	368.714
19.0868	370.636
19.0926	370.422
19.0984	368.289
19.1042	365.322
19.11	364.479
19.1158	361.753
19.1216	359.669
19.1274	356.978
19.1332	353.082
19.139	346.215
19.1449	339.482
19.1507	330.39
19.1565	328.297
19.1623	326.407
19.1681	325.277
19.1739	325.653
19.1797	326.218
19.1855	327.729
19.1913	331.346
19.1971	339.482
19.2029	344.619
19.2087	351.048
19.2145	357.598
19.2203	359.461
19.2261	360.293
19.2319	360.709
19.2377	361.335
19.2435	361.962
19.2493	362.38
19.2551	361.126
19.261	357.804
19.2668	351.048
19.2726	346.215
19.2784	341.844
19.2842	337.917
19.29	332.688
19.2958	328.867
19.3016	324.714
19.3074	321.727
19.3132	319.874
19.319	319.689
19.3248	320.614
19.3306	322.844
19.3364	326.03
19.3422	330.009
19.348	336.554
19.3538	341.055
19.3596	346.616
19.3654	352.674
19.3712	360.085
19.3771	365.533
19.3829	368.501
19.3887	367.863
19.3945	365.322
19.4003	361.544
19.4061	356.772
19.4119	348.825
19.4177	342.437
19.4235	335.971
19.4293	325.089
19.4351	322.285
19.4409	321.355
19.4467	322.471
19.4525	325.277
19.4583	329.628
19.4641	339.482
19.4699	346.016
19.4757	359.669
19.4815	367.227
19.4873	369.994
19.4932	375.376
19.499	373.214
19.5048	372.353
19.5106	368.289
19.5164	367.863
19.5222	369.354
19.528	369.994
19.5338	369.354
19.5396	349.834
19.5454	351.86
19.5512
19.557
19.5628
19.5686
19.5744
19.5802
19.586
19.5918
19.5976
19.6034
19.6093
19.6151
19.6209
19.6267
19.6325
19.6383
19.6441
19.6499
19.6557
19.6615
19.6673
19.6731
19.6789
19.6847
19.6905
19.6963
19.7021
19.7079
19.7137
19.7195
19.7254
19.7312
19.737
19.7428
19.7486
19.7544
19.7602
19.766
19.7718
19.7776
19.7834
19.7892
19.795
19.8008
19.8066
19.8124
19.8182
19.824
19.8298
19.8356
19.8415
19.8473
19.8531
19.8589
19.8647
19.8705
19.8763
19.8821
19.8879
19.8937
19.8995
19.9053
19.9111
19.9169
19.9227
19.9285
19.9343
19.9401
19.9459
19.9517
19.9576
19.9634
19.9692
19.975
19.9808
19.9866
19.9924
19.9982
20.004
20.0098
20.0156
20.0214
20.0272
20.033
20.0388
20.0446
20.0504
20.0562
20.062
20.0678
20.0737
20.0795
20.0853
20.0911
20.0969
20.1027
20.1085
20.1143
20.1201
20.1259
20.1317
20.1375
20.1433
20.1491
20.1549
20.1607
20.1665
20.1723
20.1781
20.1839
20.1898
20.1956
20.2014
20.2072
20.213
20.2188
20.2246	383.928
20.2304	383.264
20.2362	384.816
20.242	382.158
20.2478	387.046
20.2536	386.152
20.2594	387.717
20.2652	383.485
20.271	384.372
20.2768	384.816
20.2826	382.158
20.2884	395.407
20.2942	387.717
20.3	389.288
20.3058	390.414
20.3117	387.269
20.3175	389.513
20.3233	388.614
20.3291	387.493
20.3349	395.178
20.3407	401.854
20.3465	388.389
20.3523	388.165
20.3581	387.046
20.3639	404.182
20.3697	409.351
20.3755	414.825
20.3813	425.258
20.3871	428.215
20.3929	417.228
20.3987	423.297
20.4045	405.351
20.4103	400.463
20.4161	400.232
20.4219	397.697
20.4278	414.107
20.4336	406.054	360.085	360.085
20.4394	399.77	355.127	355.127
20.4452	401.39	347.217	347.217
20.451	400.232	343.427	343.427
20.4568	403.948	342.437	351.86
20.4626	408.406	347.217	353.899
20.4684	427.721	360.709	365.111
20.4742	404.415	363.848	364.058
20.48	404.415	364.69	364.479
20.4858	404.415	365.533	365.322
20.4916	427.968	366.167	366.167
20.4974	427.968	367.439	367.439
20.5032	369.994	369.994
20.509	371.065	371.065
20.5148	372.999	372.999
20.5206	375.376	375.376
20.5264	377.551
20.5322	380.396
20.538	383.042
20.5439	384.816
20.5497	385.929
20.5555	385.484
20.5613	385.929
20.5671	387.046
20.5729	387.493
20.5787	387.269
20.5845	386.599
20.5903	385.929
20.5961	385.261
20.6019	385.039
20.6077	384.15
20.6135	382.379
20.6193	380.836
20.6251	378.861
20.6309	376.027
20.6367	371.708
20.6425	365.322
20.6483	356.772
20.6542	358.425
20.66	359.461
20.6658	362.171
20.6716	354.922
20.6774
20.6832	357.185
20.689	360.293
20.6948	359.669
20.7006	357.185
20.7064	356.772
20.7122	354.922
20.718	354.513
20.7238	354.922
20.7296	356.36
20.7354	351.454
20.7412	347.016
20.747	342.041
20.7528	338.112
20.7586	335.777
20.7644	337.137
20.7702	335.971
20.7761	334.809
20.7819	332.112
20.7877	331.537
20.7935	330.772
20.7993	330.009
20.8051	329.628
20.8109	329.437
20.8167	328.677
20.8225	328.677
20.8283	329.818
20.8341	329.628
20.8399	328.487
20.8457	328.108
20.8515	327.351
20.8573	326.784
20.8631	327.729
20.8689	332.688
20.8747	342.634	339.09
20.8805	342.832	341.055
20.8863	341.055	340.661
20.8922	340.071	341.055
20.898	339.875	341.449
20.9038	340.071	341.844
20.9096	340.464	341.449
20.9154	341.252	342.041
20.9212	342.239	342.239
20.927	344.023	343.427
20.9328	345.416	344.619
20.9386	346.816	345.816
20.9444	347.819
20.9502	348.825
20.956	349.632
20.9618	350.441
20.9676	351.251
20.9734	352.471
20.9792	353.899
20.985	355.333
20.9908	357.598
20.9966	360.293
21.0024	363.009
21.0083	365.745
21.0141	368.289
21.0199	369.567
21.0257	370.636
21.0315	372.353
21.0373	372.999
21.0431	373.214
21.0489	373.645
21.0547	374.726
21.0605	376.027
21.0663	378.205
21.0721	379.299
21.0779	380.836
21.0837	381.717
21.0895	382.821
21.0953	384.15
21.1011	384.816
21.1069	385.484
21.1127	386.599
21.1185	387.493
21.1244	388.389
21.1302	389.513
21.136	389.963
21.1418	390.414
21.1476	391.543
21.1534	392.222
21.1592	393.356
21.165	393.584
21.1708	393.356
21.1766	392.902
21.1824	391.543
21.1882	390.414
21.194	390.639
21.1998	390.414
21.2056	389.963
21.2114	389.288
21.2172	388.838
21.223	388.838
21.2288	389.513
21.2346	390.188
21.2405	390.639
21.2463	391.091
21.2521	391.317
21.2579	391.543
21.2637	391.091
21.2695	390.188
21.2753	388.614
21.2811	386.375
21.2869	383.042
21.2927	379.957
21.2985	375.376
21.3043	371.279
21.3101	365.956
21.3159	360.293
21.3217	355.333
21.3275	351.454
21.3333	347.016
21.3391	343.625
21.3449	341.252
21.3507	339.875
21.3566	338.308
21.3624	337.137
21.3682	336.165
21.374	335.002
21.3798	333.843
21.3856	333.073
21.3914	332.496
21.3972	331.537
21.403	330.199
21.4088	328.297
21.4146	327.162
21.4204	325.277
21.4262	324.902
21.432	324.339
21.4378	323.965
21.4436	324.152
21.4494	324.152
21.4552	325.089
21.461	325.277
21.4668	325.653
21.4727	325.841
21.4785	325.277
21.4843	324.902
21.4901	323.778
21.4959	323.03
21.5017	321.727
21.5075	320.799
21.5133	319.32
21.5191	317.664
21.5249	316.748
21.5307	315.652
21.5365	315.288
21.5423	314.924
21.5481	314.924
21.5539	314.56
21.5597	314.197
21.5655	314.379
21.5713	313.653
21.5771	313.11
21.5829	312.207
21.5888	311.667
21.5946	311.487
21.6004	311.127
21.6062	311.307
21.612	311.127
21.6178	311.127
21.6236	311.487
21.6294	312.027
21.6352	312.568
21.641	312.749
21.6468	313.472
21.6526	314.197
21.6584	314.742
21.6642	314.924
21.67	315.288
21.6758	315.47
21.6816	315.835
21.6874	316.748
21.6932	317.481
21.699	318.399
21.7049	318.767
21.7107	319.689
21.7165	320.799
21.7223	321.913
21.7281	322.658
21.7339	322.844
21.7397	322.658
21.7455	323.03
21.7513	323.591
21.7571	323.965
21.7629	324.527
21.7687	324.902
21.7745	325.653
21.7803	326.595
21.7861	327.54
21.7919	328.487
21.7977	329.057
21.8035	329.057
21.8093	329.247
21.8151	329.628
21.821	330.009
21.8268	330.199
21.8326	330.39
21.8384	331.154
21.8442	331.729
21.85	332.112
21.8558	332.304
21.8616	332.112
21.8674	332.112
21.8732	332.112
21.879	331.346
21.8848	330.963
21.8906	330.772
21.8964	329.818
21.9022	329.247
21.908	328.297
21.9138	327.351
21.9196	327.162
21.9254	327.162
21.9312	327.918
21.9371	328.297
21.9429	328.867
21.9487	328.867
21.9545	329.437
21.9603	330.199
21.9661	330.963
21.9719	332.112
21.9777	332.496
21.9835	332.88
21.9893	332.688
21.9951	332.112
22.0009	331.729
22.0067	331.154
22.0125	330.772
22.0183	329.818
22.0241	329.247
22.0299	328.487
22.0357	327.351
22.0415	326.784
22.0473	326.218
22.0532	325.653
22.059	324.714
22.0648	324.339
22.0706	324.527
22.0764	325.089
22.0822	325.653
22.088	325.089
22.0938	324.902
22.0996	324.527
22.1054	324.714
22.1112	324.714
22.117	324.527
22.1228	324.339
22.1286	324.714
22.1344	324.902
22.1402	324.339
22.146	324.339
22.1518	324.339
22.1576	323.591
22.1634	323.03
22.1693	321.913
22.1751	320.799
22.1809	320.059
22.1867	318.951
22.1925	319.136
22.1983	319.505
22.2041	318.399
22.2099	317.848
22.2157	319.32
22.2215	319.689
22.2273	321.17
22.2331	321.541
22.2389	320.984
22.2447	321.727
22.2505	320.429
22.2563	319.32
22.2621	319.136
22.2679	317.481
22.2737	316.748
22.2795	317.114
22.2854	317.664
22.2912	318.399
22.297	317.298
22.3028	316.931
22.3086	316.748
22.3144	315.652
22.3202	314.197
22.326	312.568
22.3318	311.127
22.3376	310.409
22.3434	309.335
22.3492	307.198
22.355	306.135
22.3608	305.429
22.3666	305.782
22.3724	308.087
22.3782	309.514
22.384	312.207
22.3898	316.017
22.3956	316.565
22.4015	318.951
22.4073	320.799
22.4131	321.727
22.4189	319.874
22.4247	316.565
22.4305	317.114
22.4363	316.931
22.4421	316.565
22.4479	316.565
22.4537	315.47
22.4595	312.568
22.4653	312.388
22.4711	307.376
22.4769	303.67
22.4827	298.971
22.4885	296.22
22.4943	292.818
22.5001	288.12
22.5059	284.153
22.5117	281.539
22.5176	280.08
22.5234	279.433
22.5292	279.756
22.535	280.241
22.5408	282.843
22.5466	286.13
22.5524	290.963
22.5582	294.344
22.564	299.489
22.5698	303.144
22.5756	306.312
22.5814	307.909
22.5872	309.693
22.593	311.667
22.5988	312.929
22.6046	312.568
22.6104	309.335
22.6162	307.021
22.622	303.319
22.6278	299.662
22.6336	294.004
22.6395	284.318
22.6453	280.89
22.6511	278.466
22.6569	277.984
22.6627	279.111
22.6685	280.727
22.6743	281.702
22.6801	283.17
22.6859	281.702
22.6917	271.165
22.6975	291.973
22.7033	315.47
22.7091	286.295
22.7149	309.872
22.7207
22.7265
22.7323
22.7381
22.7439
22.7498
22.7556
22.7614
22.7672
22.773
22.7788
22.7846
22.7904
22.7962
22.802
22.8078
22.8136
22.8194
22.8252
22.831
22.8368
22.8426
22.8484
22.8542
22.86
22.8659
22.8717
22.8775
22.8833
22.8891
22.8949
22.9007
22.9065
22.9123
22.9181
22.9239
22.9297
22.9355
22.9413
22.9471
22.9529
22.9587
22.9645
22.9703
22.9761
22.9819
22.9878
22.9936
22.9994
23.0052
23.011
23.0168
23.0226
23.0284
23.0342
23.04
23.0458
23.0516
23.0574
23.0632
23.069
23.0748
23.0806
23.0864
23.0922
23.098
23.1039
23.1097
23.1155
23.1213
23.1271
23.1329
23.1387
23.1445
23.1503
23.1561
23.1619
23.1677
23.1735
23.1793
23.1851
23.1909
23.1967
23.2025
23.2083	220
23.2141	218.859
23.22	218.733
23.2258	221.658
23.2316	225.272
23.2374	227.89
23.2432	231.071
23.249	238.53
23.2548	242.279
23.2606	246.372
23.2664	252.13
23.2722	255.06
23.278	261.022
23.2838	271.008
23.2896	279.918
23.2954	286.461
23.3012	292.649
23.307	298.108
23.3128	303.67
23.3186	308.621
23.3244	313.472
23.3302	318.215
23.3361	322.099
23.3419	325.089
23.3477	327.729
23.3535	330.963
23.3593	333.843
23.3651	336.943
23.3709	339.482
23.3767	341.449
23.3825	342.832
23.3883	344.619
23.3941	347.417
23.3999	350.036
23.4057	352.267
23.4115	354.513
23.4173	357.185
23.4231	359.046
23.4289	360.918
23.4347	362.171
23.4405	363.218
23.4463	363.848
23.4522	364.269
23.458	364.269
23.4638	365.745
23.4696	367.439
23.4754	369.781
23.4812	371.493
23.487	373.645
23.4928	375.593
23.4986	376.679
23.5044	376.679
23.5102	376.897
23.516	377.769
23.5218	378.205
23.5276	378.861
23.5334	379.957
23.5392	380.836
23.545	381.497
23.5508	381.938
23.5566	381.717
23.5624	381.717
23.5683	381.497
23.5741	381.497
23.5799	381.938
23.5857	382.158
23.5915	382.6
23.5973	382.6
23.6031	383.042
23.6089	383.707
23.6147	384.594
23.6205	385.039
23.6263	385.261
23.6321	385.707
23.6379	386.152
23.6437	386.152
23.6495	385.929
23.6553	385.261
23.6611	385.261
23.6669	385.039
23.6727	385.929
23.6785	386.822
23.6844	387.493
23.6902	388.165
23.696	388.165
23.7018	387.941
23.7076	387.493
23.7134	387.493
23.7192	387.269
23.725	387.493
23.7308	388.165
23.7366	389.063
23.7424	389.288
23.7482	389.513
23.754	389.288
23.7598	389.513
23.7656	390.639
23.7714	391.769
23.7772	392.449
23.783	393.129
23.7888	393.129
23.7946	393.356
23.8005	393.584
23.8063	393.811
23.8121	393.811
23.8179	394.039
23.8237	394.266
23.8295	394.266
23.8353	393.811
23.8411	393.356
23.8469	392.675
23.8527	392.449
23.8585	392.222
23.8643	392.449
23.8701	393.129
23.8759	393.811
23.8817	394.95
23.8875	396.779
23.8933	397.697
23.8991	398.617
23.9049	400.232
23.9107	401.622
23.9166	403.016
23.9224	404.883
23.9282	407.463
23.934	410.297
23.9398	411.484
23.9456	410.535
23.9514	408.17
23.9572	405.819
23.963	402.551
23.9688	399.078
23.9746	394.95
23.9804	389.738
23.9862	384.594
23.992	379.957
23.9978	376.027
24.0036	375.159
24.0094	376.027
24.0152	378.205
24.021	381.276
24.0268	385.929
24.0327	391.769
24.0385	397.009
24.0443	401.622
24.0501	406.288
24.0559	409.824
24.0617	412.436
24.0675	413.39
24.0733	412.913
24.0791	412.198
24.0849	409.587
24.0907	406.523
24.0965	402.086
24.1023	396.321
24.1081	390.639
24.1139	384.816
24.1197	378.205
24.1255	371.923
24.1313	365.956
24.1371	360.501
24.1429	356.36
24.1488	352.267
24.1546	349.027
24.1604	346.215
24.1662	344.023
24.172	341.844
24.1778	339.875
24.1836	337.722
24.1894	335.196
24.1952	333.265
24.201	330.963
24.2068	329.247
24.2126	327.54
24.2184	326.595
24.2242	325.465
24.23	324.714
24.2358	322.285
24.2416	320.799
24.2474	320.244
24.2532	320.614
24.259	323.778
24.2649	326.03	326.218
24.2707	330.581	330.199
24.2765	331.537	331.154
24.2823	331.92	331.346
24.2881	332.304	332.496
24.2939	333.265	333.458
24.2997	335.196	335.389
24.3055	337.722	337.332
24.3113	339.875	339.875
24.3171	343.229	343.625
24.3229	346.215	347.016
24.3287	351.048
24.3345	355.538
24.3403	359.669
24.3461	363.638
24.3519	368.501
24.3577	373.214
24.3635	379.08
24.3693	383.928
24.3751	389.288
24.381	394.722
24.3868	399.078
24.3926	402.783
24.3984	405.585
24.4042	406.758
24.41	407.699
24.4158	407.463
24.4216	405.117
24.4274	401.622
24.4332	397.238
24.439	393.356
24.4448	387.941
24.4506	381.056
24.4564	373.645
24.4622	365.745
24.468	357.804
24.4738	349.027
24.4796	341.844
24.4854	331.92
24.4912	325.465
24.4971	320.984
24.5029	315.106
24.5087	310.947
24.5145	308.621
24.5203	307.909
24.5261	305.429
24.5319	305.429
24.5377	306.135
24.5435	306.312
24.5493
24.5551	321.17
24.5609	327.162
24.5667	331.346
24.5725	333.458
24.5783	334.615
24.5841	335.002
24.5899	335.389
24.5957	334.615
24.6015	334.229
24.6073	333.843
24.6132	334.229
24.619	334.615
24.6248	335.196
24.6306	335.777
24.6364	336.165
24.6422	335.971
24.648	335.196
24.6538	334.036
24.6596	332.496
24.6654	331.154
24.6712	329.437
24.677	327.54
24.6828	325.465
24.6886	323.217
24.6944	320.614
24.7002	318.951
24.706	317.848
24.7118	316.2
24.7176	312.929
24.7234	309.693
24.7293	305.959	306.135
24.7351	302.969	302.619
24.7409	300.529	300.182
24.7467	297.249	297.077
24.7525	295.195	295.537
24.7583	291.973	292.987
24.7641	288.787	289.455
24.7699	286.295	287.289
24.7757	284.318	285.47
24.7815	282.843	283.661
24.7873	281.214	282.354
24.7931	279.918	281.052
24.7989	279.595	279.595
24.8047	279.756	279.433
24.8105	279.756	279.433
24.8163	280.241	280.241
24.8221	281.214
24.8279	282.354
24.8337	283.989
24.8395	285.14
24.8454	286.295
24.8512	287.787
24.857	289.12
24.8628	290.124
24.8686	291.468
24.8744	292.818
24.8802	293.665
24.886	294.004
24.8918	294.514
24.8976	294.684
24.9034	294.684
24.9092	294.514
24.915	294.514
24.9208	294.174
24.9266	294.004
24.9324	293.495
24.9382	293.156
24.944	292.818
24.9498	292.987
24.9556	293.326
24.9615	294.174
24.9673	294.174
24.9731	295.025
24.9789	295.537
24.9847	295.366
24.9905	295.366
24.9963	295.537
25.0021	295.366
25.0079	295.195
25.0137	295.537
25.0195	295.878
25.0253	296.049
25.0311	296.391
25.0369	296.734
25.0427	296.391
25.0485	295.537
25.0543	296.049
25.0601	296.563
25.0659	296.734
25.0717	297.42
25.0776	297.42
25.0834	297.249
25.0892	297.42
25.095	296.905
25.1008	296.734
25.1066	296.22
25.1124	296.391
25.1182	297.077
25.124	297.764
25.1298	297.936
25.1356	298.453
25.1414	298.453
25.1472	298.798
25.153	298.971
25.1588	299.316
25.1646	299.143
25.1704	299.316
25.1762	298.625
25.182	298.281
25.1878	297.936
25.1937	297.592
25.1995	296.905
25.2053	296.563
25.2111	296.049
25.2169	296.049
25.2227	296.22
25.2285	296.734
25.2343	297.42
25.2401	297.764
25.2459	297.764
25.2517	297.592
25.2575	297.592
25.2633	297.764
25.2691	297.764
25.2749	297.936
25.2807	297.764
25.2865	297.764
25.2923	297.592
25.2981	297.42
25.3039	297.249
25.3097	297.077
25.3156	297.077
25.3214	297.249
25.3272	297.42
25.333	297.592
25.3388	297.592
25.3446	297.592
25.3504	297.592
25.3562	297.764
25.362	297.764
25.3678	297.764
25.3736	297.936
25.3794	297.936
25.3852	297.936
25.391	297.936
25.3968	297.936
25.4026	297.936
25.4084	297.936
25.4142	297.936
25.42	298.108
25.4258	298.281
25.4317	298.108	893.832
25.4375	297.764	893.316
25.4433	297.592	892.8
25.4491	297.42	892.284
25.4549	297.592	893.316
25.4607	297.764	893.832
25.4665	298.108	894.348
25.4723	298.281	894.348
25.4781	298.453
25.4839	298.625
25.4897	298.798
25.4955	298.971
25.5013	298.971
25.5071	298.971
25.5129	299.143
25.5187	299.143
25.5245	299.316
25.5303	299.489
25.5361	299.489
25.542	299.489
25.5478	298.971
25.5536	298.453
25.5594	297.764
25.5652	296.905
25.571	295.707
25.5768	295.025
25.5826	294.004
25.5884	293.156
25.5942	293.156
25.6	293.834
25.6058	294.855
25.6116	295.366
25.6174	296.563
25.6232	297.249
25.629	297.42
25.6348	297.936
25.6406	297.936
25.6464	298.281
25.6522	298.625
25.658	299.143
25.6639	299.316
25.6697	299.143
25.6755	298.625
25.6813	298.281
25.6871	297.42
25.6929	296.22
25.6987	295.025
25.7045	294.004
25.7103	292.818
25.7161	292.48
25.7219	292.311
25.7277	292.142
25.7335	291.973
25.7393	292.818
25.7451	293.834
25.7509	294.855
25.7567	296.049
25.7625	297.764
25.7683	300.009
25.7741	301.746
25.78	302.969
25.7858	304.021
25.7916	304.724
25.7974	305.429
25.8032	305.782	918.43
25.809	305.605	917.37
25.8148	304.9	914.724
25.8206	303.494	911.559
25.8264	301.224	905.263
25.8322	298.453	897.972
25.838	294.344	887.145
25.8438	289.957	874.426
25.8496	285.965	862.388
25.8554	282.843	849.533
25.8612	280.565	842.204
25.867	279.595	836.387
25.8728	279.272	835.421
25.8786	280.08	838.806
25.8844	281.377	843.178
25.8902	283.661	847.083
25.8961	288.453	864.383
25.9019	295.707	883.055
25.9077	301.572	902.652
25.9135	308.087	921.087
25.9193	316.2	941.528
25.9251	320.614	957.985
25.9309	323.778	967.997
25.9367	325.465	977.55
25.9425	325.841	981.51
25.9483	325.089	980.377
25.9541	323.778	976.421
25.9599	320.799	967.439
25.9657	316.931	954.671
25.9715	312.388	943.161
25.9773	306.666	930.176
25.9831	302.095	912.613
25.9889	294.855	887.145
25.9947	284.153	855.936
26.0005	278.788	835.904
26.0063	274.316	819.647
26.0122	272.263	814.456
26.018	272.263	818.228
26.0238	276.224	827.258
26.0296	280.08	842.691
26.0354	287.289	860.398
26.0412	297.249	891.769
26.047	303.845	913.668
26.0528	313.11	932.866
26.0586	319.136	958.539
26.0644	322.285	970.237
26.0702	324.152	975.294
26.076	324.527	977.55
26.0818	323.03	975.294
26.0876	318.767	962.422
26.0934	311.667	937.187
26.0992	304.9	921.619
26.105	299.489	892.8
26.1108	285.634	867.885
26.1166	280.727	831.569
26.1224	273.525	821.543
26.1283	265.891	810.233
26.1341	260.871
26.1399	253.884
26.1457	247.656
26.1515	242.84
26.1573	238.806
26.1631	236.336
26.1689	233.891
26.1747	234.297
26.1805	233.891
26.1863	234.297
26.1921
26.1979
26.2037
26.2095	217.599
26.2153	226.839
26.2211	237.43
26.2269	237.293
26.2327	235.382
26.2385	234.026
26.2444	233.486
26.2502	232.007
26.256	230.804
26.2618	230.405
26.2676	232.813
26.2734	235.246
26.2792	239.358
26.285	241.72
26.2908	245.236
26.2966	249.378
26.3024	250.533
26.3082	251.403
26.314	252.568
26.3198	253.445
26.3256	254.766
26.3314	256.093
26.3372	258.919
26.343	263.141	287.621
26.3488	274.95	290.124
26.3546	281.865	287.123
26.3605	286.957	289.622
26.3663	289.957	290.795
26.3721	291.805	292.818
26.3779	294.344	295.195
26.3837	297.249	297.764
26.3895	299.835	300.182
26.3953	302.095	302.444
26.4011	304.9	304.9
26.4069	306.489	306.489
26.4127	308.265
26.4185	309.693
26.4243	311.127
26.4301	311.667
26.4359	313.291
26.4417	316.017
26.4475	318.215
26.4533	319.874
26.4591	321.541
26.4649	322.658
26.4707	324.152
26.4766	325.277
26.4824	325.841
26.4882	326.218
26.494	326.407
26.4998	326.407
26.5056	326.595
26.5114	326.595
26.5172	326.784
26.523	326.784
26.5288	326.218
26.5346	325.841
26.5404	325.841
26.5462	325.465
26.552	324.527
26.5578	324.152
26.5636	324.152
26.5694	323.591
26.5752	323.591
26.581	323.217
26.5868	323.591
26.5927	324.339
26.5985	324.902
26.6043	325.277
26.6101	325.277
26.6159	325.465
26.6217	325.465
26.6275	325.465
26.6333	326.03
26.6391	326.595
26.6449	327.351
26.6507	327.351
26.6565	327.351
26.6623	326.218
26.6681	326.03
26.6739	326.973
26.6797	328.108
26.6855	328.297
26.6913	327.729
26.6971	326.973
26.7029	325.653
26.7088	324.152
26.7146	323.217
26.7204	322.658
26.7262	322.285
26.732	321.913
26.7378	321.355
26.7436	320.244
26.7494	319.874
26.7552	319.32
26.761	319.505
26.7668	319.505
26.7726	318.951
26.7784	318.767
26.7842	318.399
26.79	318.032
26.7958	317.298
26.8016	317.298
26.8074	317.481
26.8132	317.481
26.819	317.481
26.8249	316.931
26.8307	316.383
26.8365	316.2
26.8423	316.383
26.8481	316.931
26.8539	317.114
26.8597	316.565
26.8655	315.47
26.8713	315.106
26.8771	314.197
26.8829	313.472
26.8887	312.929
26.8945	312.749
26.9003	312.568
26.9061	312.749
26.9119	312.929
26.9177	313.472
26.9235	313.291
26.9293	313.11
26.9351	313.11
26.941	313.291
26.9468	313.653
26.9526	313.291
26.9584	312.749
26.9642	313.11
26.97	313.291
26.9758	312.929
26.9816	312.027
26.9874	310.409
26.9932	309.156
26.999	308.265
27.0048	307.731
27.0106	308.087
27.0164	307.553
27.0222	306.844
27.028	306.489
27.0338	307.021
27.0396	307.198
27.0454	306.844
27.0512	306.844
27.0571	306.135
27.0629	304.372
27.0687	303.319
27.0745	303.144
27.0803	300.355
27.0861	297.592
27.0919	295.366
27.0977	295.025
27.1035	293.665
27.1093	294.174
27.1151	293.156
27.1209	294.514
27.1267	295.025
27.1325	294.855
27.1383	296.049
27.1441	296.391
27.1499	297.077
27.1557	296.734
27.1615	296.391
27.1673	295.366
27.1732	294.514
27.179	293.665
27.1848	292.48
27.1906	291.636
27.1964	290.963
27.2022	290.795
27.208	290.627
27.2138	291.973
27.2196	292.818
27.2254	295.025
27.2312	296.049
27.237	296.905
27.2428	297.249
27.2486	297.249
27.2544	297.077
27.2602	296.563
27.266	295.878
27.2718	295.025
27.2776	294.004
27.2834	292.48
27.2893	288.953
27.2951	287.455
27.3009	285.965
27.3067	285.305
27.3125	285.634
27.3183	286.295
27.3241	287.455
27.3299	288.953
27.3357	291.805
27.3415	292.818
27.3473	293.665
27.3531	294.174
27.3589	294.514
27.3647	294.174
27.3705	293.326
27.3763	291.805
27.3821	291.131
27.3879	289.287
27.3937	287.621
27.3995	286.626
27.4054	285.965
27.4112	285.634
27.417	285.634
27.4228	284.482
27.4286	283.498
27.4344	282.843
27.4402	282.191
27.446	282.517
27.4518	283.007
27.4576	283.661
27.4634	285.47
27.4692	286.626
27.475	289.957
27.4808	292.649
27.4866	296.049
27.4924	299.316
27.4982	301.921
27.504	304.724
27.5098	306.489
27.5156	307.553
27.5215	307.731
27.5273	306.666
27.5331	304.548
27.5389	301.572
27.5447	298.453
27.5505	295.366
27.5563	287.787
27.5621	282.517
27.5679	276.224
27.5737	263.902
27.5795	257.726
27.5853	251.403
27.5911	246.514
27.5969	246.087
27.6027	247.084
27.6085	250.968
27.6143	256.686
27.6201	262.837
27.6259	274.316
27.6317	278.466
27.6376	282.843
27.6434	291.131
27.6492	295.878
27.655	300.529
27.6608	304.9
27.6666	309.693
27.6724	312.929
27.6782	313.653
27.684	311.847
27.6898	308.621
27.6956	304.548
27.7014	299.143
27.7072	285.47
27.713	295.537
27.7188	296.905
27.7246	301.05
27.7304	315.835
27.7362	343.229
27.742	309.872
27.7478
27.7537
27.7595
27.7653
27.7711
27.7769
27.7827
27.7885
27.7943
27.8001
27.8059
27.8117
27.8175
27.8233
27.8291
27.8349
27.8407
27.8465
27.8523
27.8581
27.8639
27.8698
27.8756
27.8814
27.8872
27.893
27.8988
27.9046
27.9104
27.9162
27.922
27.9278
27.9336
27.9394
27.9452
27.951
27.9568
27.9626
27.9684
27.9742
27.98
27.9858
27.9917
27.9975
28.0033
28.0091
28.0149
28.0207
28.0265
28.0323
28.0381
28.0439
28.0497
28.0555
28.0613
28.0671
28.0729
28.0787
28.0845
28.0903
28.0961
28.1019
28.1078
28.1136
28.1194
28.1252
28.131
28.1368
28.1426
28.1484
28.1542
28.16
28.1658
28.1716
28.1774
28.1832
28.189
28.1948
28.2006
28.2064
28.2122
28.2181
28.2239
28.2297
28.2355
28.2413
28.2471
28.2529
28.2587
28.2645
28.2703
28.2761
28.2819
28.2877
28.2935
28.2993
28.3051
28.3109
28.3167
28.3225
28.3283
28.3341
28.34
28.3458
28.3516
28.3574
28.3632
28.369
28.3748
28.3806
28.3864
28.3922
28.398
28.4038
28.4096
28.4154
28.4212
28.427
28.4328
28.4386
28.4444
28.4502
28.4561
28.4619
28.4677
28.4735
28.4793
28.4851
28.4909
28.4967
28.5025
28.5083
28.5141
28.5199
28.5257
28.5315
28.5373
28.5431
28.5489
28.5547
28.5605
28.5663
28.5722
28.578
28.5838
28.5896
28.5954
28.6012
28.607
28.6128
28.6186
28.6244
28.6302
28.636
28.6418
28.6476
28.6534
28.6592
28.665
28.6708
28.6766
28.6824
28.6883
28.6941
28.6999
28.7057
28.7115
28.7173
28.7231
28.7289
28.7347
28.7405
28.7463
28.7521
28.7579
28.7637
28.7695
28.7753
28.7811
28.7869
28.7927
28.7985
28.8044
28.8102
28.816
28.8218
28.8276
28.8334
28.8392
28.845
28.8508
28.8566
28.8624
28.8682
28.874
28.8798
28.8856
28.8914
28.8972
28.903
28.9088	210.673
28.9146	213.984
28.9205	220.254
28.9263	228.417
28.9321	230.006
28.9379	231.071
28.9437	233.756
28.9495	240.05
28.9553	245.661
28.9611	242.699
28.9669	238.806
28.9727	234.026
28.9785	229.608
28.9843	223.458
28.9901	223.071
28.9959	221.53
29.0017	221.019
29.0075	219.746
29.0133	218.102
29.0191	215.971
29.0249	213.737
29.0307	212.629	426.487
29.0366	212.383	422.808
29.0424	212.998	427.721
29.0482	212.629	428.958
29.054	213.121	427.227
29.0598	213.49	430.945
29.0656	214.727	429.95
29.0714	216.096	431.443
29.0772	218.354	436.456
29.083	220.636	438.985
29.0888	223.458	438.224
29.0946	226.839	453.155
29.1004	230.272	460.012
29.1062	234.432	467.512
29.112	238.117	476.509
29.1178	243.261	480.378	242.279
29.1236	249.955	492.743	246.657
29.1294	254.471	505.427	251.113
29.1352	257.428	513.372	257.131
29.141	258.919	526.891	261.777
29.1468	265.738	545.471	265.431
29.1527	268.36	555.006	267.741
29.1585	271.635	555.006	268.205
29.1643	271.949	544.527	271.949
29.1701	274.316	548.631	273.841
29.1759	276.863	276.863
29.1817	280.565
29.1875	284.975
29.1933	288.12
29.1991	292.142
29.2049	296.049
29.2107	298.625
29.2165	301.572
29.2223	303.67
29.2281	304.9
29.2339	305.782
29.2397	306.489
29.2455	307.731
29.2513	308.799
29.2571	310.588
29.2629	312.568
29.2688	314.742
29.2746	316.931
29.2804	318.583
29.2862	320.429
29.292	321.913
29.2978	323.778
29.3036	325.653
29.3094	326.973
29.3152	328.487
29.321	330.39
29.3268	332.112
29.3326	334.036
29.3384	335.971
29.3442	337.332
29.35	337.722
29.3558	337.527
29.3616	337.137
29.3674	336.943
29.3732	336.554
29.379	336.748
29.3849	336.943
29.3907	337.527
29.3965	338.503
29.4023	338.895
29.4081	339.09
29.4139	338.895
29.4197	339.482
29.4255	340.268
29.4313	341.252
29.4371	342.832
29.4429	344.42
29.4487	345.616
29.4545	346.816
29.4603	347.618
29.4661	348.02
29.4719	348.02
29.4777	348.221
29.4835	346.816
29.4893	345.416
29.4951	344.818
29.501	344.818
29.5068	345.018
29.5126	345.018
29.5184	344.619
29.5242	344.221
29.53	344.023
29.5358	344.42
29.5416	344.818
29.5474	345.416
29.5532	346.215
29.559	347.016
29.5648	347.618
29.5706	348.422
29.5764	349.43
29.5822	350.238
29.588	350.846
29.5938	351.251
29.5996	351.657
29.6054	352.267
29.6112	352.064
29.6171	351.86
29.6229	350.846
29.6287	350.036
29.6345	349.228
29.6403	348.422
29.6461	347.217
29.6519	346.215
29.6577	345.616
29.6635	345.018
29.6693	344.42
29.6751	345.217
29.6809	347.016
29.6867	349.43
29.6925	352.674
29.6983	355.538
29.7041	358.632
29.7099	362.171
29.7157	365.533
29.7215	367.439
29.7273	367.014
29.7332	364.479
29.739	359.669
29.7448	345.416
29.7506	332.688
29.7564	319.32
29.7622	292.311
29.768
29.7738
29.7796
29.7854
29.7912
29.797
29.8028
29.8086
29.8144
29.8202
29.826
29.8318
29.8376
29.8434
29.8493
29.8551
29.8609
29.8667
29.8725
29.8783
29.8841
29.8899
29.8957
29.9015
29.9073
29.9131
