0
0.00580499
0.01161
0.017415
0.02322
0.0290249
0.0348299
0.0406349
0.0464399
0.0522449
0.0580499
0.0638549
0.0696599
0.0754649
0.0812698
0.0870748
0.0928798
0.0986848
0.10449
0.110295
0.1161
0.121905
0.12771
0.133515
0.13932
0.145125
0.15093
0.156735
0.16254
0.168345
0.17415
0.179955
0.18576
0.191565
0.19737
0.203175
0.20898
0.214785
0.22059
0.226395
0.2322
0.238005
0.24381
0.249615
0.255419
0.261224
0.267029
0.272834
0.278639
0.284444
0.290249
0.296054
0.301859
0.307664
0.313469
0.319274
0.325079
0.330884
0.336689
0.342494
0.348299
0.354104
0.359909
0.365714
0.371519
0.377324
0.383129
0.388934
0.394739
0.400544
0.406349
0.412154
0.417959
0.423764
0.429569
0.435374
0.441179
0.446984
0.452789
0.458594
0.464399
0.470204	1071.58
0.476009	1076.55
0.481814	1080.91
0.487619	1076.55	1076.55
0.493424	1062.95	1062.95
0.499229	1056.22	1056.22
0.505034	1053.17	1053.17
0.510839	1055	1055
0.516644	1069.11	1069.11
0.522449	1078.41	1078.41
0.528254	1083.41	1083.41
0.534059	1088.43	1088.43
0.539864	1089.05	1089.05
0.545669	1084.66	1084.66
0.551474	1080.28	1080.28
0.557279	1077.17	1077.17
0.563084	1070.96	1070.96
0.568889	1067.87	1067.87
0.574694	1056.22	1056.22
0.580499	1038.67
0.586304	1030.9
0.592109	1014.95
0.597914	1023.19
0.603719	1033.29
0.609524	1029.71
0.615329	1012.61
0.621134
0.626939
0.632744
0.638549
0.644354
0.650159
0.655964
0.661769
0.667574
0.673379
0.679184
0.684989
0.690794
0.696599
0.702404
0.708209
0.714014
0.719819
0.725624
0.731429
0.737234
0.743039
0.748844
0.754649
0.760454
0.766258	375.593
0.772063	382.821
0.777868	395.407
0.783673	402.783
0.789478	393.356
0.795283	388.838
0.801088	390.865
0.806893	390.639
0.812698	386.822
0.818503	394.266
0.824308	397.467
0.830113	399.308
0.835918	399.539
0.841723	398.617
0.847528	398.617	794.476
0.853333	397.238	794.476
0.859138	397.467	794.935
0.864943	397.697	792.185
0.870748	394.266	790.813
0.876553	391.769	786.713
0.882358	385.484	772.751
0.888163	376.679	754.665
0.893968	367.014	737.429
0.899773	364.058	729.801
0.905578	358.632	720.586
0.911383	350.846	704.942
0.917188	344.42	689.637
0.922993	340.268	680.929
0.928798	336.554	673.886
0.934603	332.88	664.608
0.940408	329.057	658.114
0.946213	329.818	659.255
0.952018	332.88	661.544
0.957823	330.581	659.255
0.963628	331.346	660.017
0.969433	331.92	662.309
0.975238	330.581	662.309
0.981043	329.437	659.255
0.986848	327.918	653.945
0.992653	325.653	653.568
0.998458	323.591	649.804
1.00426	323.217	646.434
1.01007	321.727	644.942
1.01587	320.059	641.598
1.02168	318.767	638.271
1.02748	317.298	633.131
1.03329	313.834	628.758
1.03909	311.307	624.414
1.0449	309.335	618.313
1.0507	314.56	631.67
1.05651	328.108	662.691
1.06231	318.399	637.903
1.06812	320.984	638.64
1.07392	315.652	629.848	1255.34
1.07973	639.748	1252.44
1.08553	640.487	1252.44
1.09134	636.431	1248.11
1.09714	1233.77
1.10295	1232.35
1.10875	1233.06
1.11456	1251.72
1.12036	1248.83	320.614
1.12617	1237.34	307.909
1.13197	1218.9	304.724
1.13778	1211.18	302.095
1.14358	1197.96	299.143
1.14939	1203.51	297.42
1.15519	1185.57	297.42
1.161	1191.74	301.224
1.1668	1155.15	299.316
1.17261	1100.44	297.077
1.17841	1041.08	291.636
1.18422	1041.08	283.989
1.19002	282.517
1.19583	281.539
1.20163	280.241
1.20744	277.343
1.21324	275.268
1.21905	275.586
1.22485	274.633
1.23066	276.224
1.23646	281.052
1.24227	281.052
1.24807	290.627
1.25388	302.794
1.25968	311.847	919.492
1.26549	316.383	892.284
1.27129	316.383	886.121
1.2771	314.742	888.171
1.2829	894.348
1.28871	897.453
1.29451	897.972
1.30032	900.049
1.30612	895.899
1.31193	877.969
1.31773	855.936
1.32354	809.765
1.32934	776.779
1.33515	330.39
1.34095	341.055
1.34676	344.818
1.35256	348.221
1.35837	360.501
1.36417	362.799
1.36998	370.636
1.37578	376.679
1.38159	381.276
1.38739	382.379
1.3932	384.594
1.399	387.046
1.40481	388.614	781.279
1.41061	389.963	780.376
1.41642	390.865	780.376
1.42222	394.722	788.532
1.42803	400.001	800.464
1.43383	403.249	807.896
1.43964	403.249	806.964
1.44544	401.39	799.54
1.45125	398.617	788.532	1476.56
1.45705	391.543	785.804	1475.71
1.46286	388.838	789.9	1469.75
1.46866	373.43	790.357	1437.02
1.47447	374.726	780.827	1418.05
1.48027	383.042	772.751	1427.09
1.48608	377.333	761.672	1454.55
1.49188	377.551	756.848	1478.27
1.49769	370.636	742.558	1474.01
1.50349	362.799	726.856	1458.76
1.5093	359.669	722.253	1448.68
1.5151	358.632	719.754	1431.22
1.52091	356.978	716.022	1430.39
1.52671	355.127	709.845	1414.78
1.53252	353.694	705.349	1417.23
1.53832	351.454	702.908	1406.63
1.54413	349.632	696.845	1389.67
1.54993	349.228	697.65	1393.69
1.55574	350.643	699.264	1400.95
1.56154	350.238	699.668	1408.26
1.56735	347.417	694.434	1370.54
1.57315	346.016	689.637	1376.09
1.57896	341.646	682.11	1366.59
1.58476	339.875	678.181	1388.87
1.59057	338.699	679.357	1392.08
1.59637	336.943	674.664	1357.93
1.60218	334.422	666.145	1340.01
1.60798	330.772	658.494	1346.21
1.61379	334.229	660.017	1313.95
1.61959	334.615	666.915	1304.12
1.6254	336.943	668.458	1332.29
1.6312	329.247	659.255	1375.3
1.63701	329.057	655.837	1426.27
1.64281	330.199	653.945
1.64862	319.874	648.304
1.65442	310.588	620.818
1.66023	316.748	599.671
1.66603	325.465	603.144
1.67184	599.671
1.67764	598.632
1.68345	596.217
1.68925	592.783
1.69506	589.028
1.70086	589.369
1.70667	585.636
1.71247	583.947
1.71828	577.573
1.72408	575.242
1.72989	578.575
1.73569	569.951
1.7415	567.651
1.7473	559.512	407.934
1.75311	559.836	416.987
1.75891	570.939	390.639
1.76472	571.929	377.551
1.77052	561.131	383.042
1.77633	560.807	381.938
1.78213	551.491	389.288
1.78794	534.863	388.838
1.79374	549.9	382.379
1.79955	557.899	390.414
1.80535	557.255	387.269
1.81116	574.578	383.485
1.81696	382.6
1.82277	377.769	901.61
1.82857	376.897	900.569
1.83438	380.177	900.569
1.84018	366.803	901.61
1.84599	383.264	900.569
1.85179	380.836	894.865
1.8576	386.599	884.076
1.8634	372.568	909.456
1.86921	371.065	892.8
1.87501	381.938	921.087
1.88082	380.616	924.819
1.88662	383.264	914.724
1.89243	384.816	915.253
1.89823	377.333	909.456	440.254
1.90404	384.594	908.931	437.466
1.90984	401.622	904.74	439.492
1.91565	400.001	919.492	442.549
1.92145	389.288	920.023	441.273
1.92726	376.244	904.74	437.971
1.93306	377.115	912.613	431.443
1.93887	377.333	913.668	423.542
1.94467	366.167	906.309	415.305
1.95048	366.591	922.684	413.151
1.95628	379.08	918.43	410.297
1.96209	365.533	919.492	411.484
1.96789	924.819	418.435
1.9737	924.284	420.859
1.9795	929.639	417.952
1.98531	942.072	414.346
1.99111	916.84	410.061
1.99692	927.493	406.523
2.00272	937.728	404.415
2.00853	939.355	393.356
2.01433	913.668	410.297
2.02014	933.405	410.297
2.02594	909.981	410.297
2.03175	911.559	426.487
2.03755	922.151	428.71
2.04336	921.087	650.93
2.04916	950.819	653.19
2.05497	923.217	635.696
2.06077	948.624	634.229
2.06658	650.555
2.07238	658.874
2.07819	653.945
2.08399	646.061
2.0898	640.117
2.0956	644.57
2.10141	643.082
2.10721	628.394
2.11302	624.414
2.11882	632.765
2.12463	639.379
2.13043	620.101
2.13624	609.096
2.14204	609.096
2.14785	608.744
2.15365	608.744	956.327
2.15946	611.211	957.432
2.16526	611.211	926.422
2.17107	938.812
2.17687	927.493
2.18268	918.43
2.18848	922.684
2.19429	930.713
2.20009	904.218
2.2059	919.492
2.2117	923.751
2.21751	946.435
2.22331	932.328
2.22912	917.9
2.23492	906.309
2.24073	921.619
2.24653	920.555
2.25234	905.263
2.25814	908.931	713.957
2.26395	905.263	715.608
2.26975	918.961	719.338
2.27556	915.781	718.923
2.28136	903.174	707.389
2.28717	912.613	701.286
2.29297	903.174	705.756
2.29878	917.37	705.756
2.30458	909.981	699.668
2.31039	917.37	695.638
2.31619	902.652	704.942
2.322	889.711	682.11
2.3278	896.935	674.275
2.33361	904.218	658.114
2.33941	907.357	653.568
2.34522	897.972	660.017
2.35102	906.833	661.926
2.35683	912.086	663.841
2.36263	900.569	668.844	637.166
2.36844	908.406	671.166	631.67
2.37424	900.569	667.686	627.669
2.38005	896.935	664.992	625.859
2.38585	911.033	669.617	624.414
2.39166	887.658	663.841	618.67
2.39746	654.701	618.67
2.40327	646.434	639.748
2.40907	653.568	637.166
2.41488
2.42068
2.42649
2.43229
2.4381
2.4439
2.44971
2.45551
2.46132
2.46712
2.47293
2.47873
2.48454
2.49034
2.49615
2.50195
2.50776
2.51356
2.51937
2.52517
2.53098
2.53678
2.54258
2.54839
2.55419
2.56
2.5658
2.57161
2.57741	704.942
2.58322	741.701
2.58902	741.272
2.59483	709.845
2.60063	704.942
2.60644	701.692
2.61224	693.231
2.61805	678.181
2.62385	673.886
2.62966	670.391
2.63546	662.309
2.64127	657.734
2.64707	655.08
2.65288	649.804
2.65868	646.808
2.66449	635.329
2.67029	632.035
2.6761	625.136
2.6819	640.857	925.353
2.68771	642.711	910.507
2.69351	649.053	914.196
2.69932	653.568	921.619
2.70512	644.198	915.253
2.71093	620.101	912.613
2.71673	656.216	909.456
2.72254	909.981
2.72834	910.507
2.73415	914.724
2.73995	908.931
2.74576	893.316
2.75156	902.131
2.75737	904.218
2.76317	902.652
2.76898	896.935
2.77478	907.881
2.78059	908.931
2.78639	906.309
2.7922	911.033
2.798	899.01
2.80381	907.357
2.80961	909.981
2.81542	901.089
2.82122	906.833	385.039
2.82703	914.196	388.165
2.83283	909.981	392.222
2.83864	909.981	400.232
2.84444	906.833	405.117
2.85025	910.507	407.228
2.85605	909.981	406.054
2.86186	906.309	407.228
2.86766	906.309	406.523
2.87347	931.789	405.585
2.87927	913.668	406.758	373.214
2.88508	913.668	403.482	365.322
2.89088	913.668	398.847	365.956
2.89669	909.456	397.927	368.501
2.90249	917.9	396.092	370.636
2.9083	916.84	395.635	369.567
2.9141	916.311	396.55	366.803
2.91991	904.74	403.249	367.439
2.92571	898.491	407.228	368.501
2.93152	904.218	384.816	376.679
2.93732	900.569	381.276	380.616
2.94313	920.555	392.902	375.376
2.94893	959.093	379.299	373.43
2.95474	904.74	376.244	375.81
2.96054	950.269	379.08	378.424
2.96635	889.711	375.81	375.376
2.97215	376.679	376.679
2.97796	375.81	375.593
2.98376	369.994	369.994
2.98957	367.227	367.227
2.99537	363.638	364.479	670.779
3.00118	364.269	364.058	663.457
3.00698	364.058	364.058	648.304
3.01279	364.901	365.111	635.329
3.01859	366.803	367.227	633.863
3.0244	369.994	369.994	632.035
3.0302	375.159	632.4
3.03601	370.85	628.031
3.04181	371.708	627.669
3.04762	376.027	629.121
3.05342	375.81	632.4
3.05923	373.645	643.454
3.06503	374.726	621.177
3.07084	374.943	634.962
3.07664	370.636	626.22
3.08245	371.279	630.212
3.08825	369.567	627.669
3.09406	372.568	639.379
3.09986	366.379	627.669
3.10567	374.726	635.329
3.11147	377.333	627.306
3.11728	382.821	622.973
3.12308	390.414	656.974	751.186
3.12889	386.822	656.974	721.419
3.13469	386.152	655.837	726.017
3.1405	382.158	748.587
3.1463	377.333	747.291
3.15211	375.593	739.562
3.15791	369.567	737.003
3.16372	368.927	734.029
3.16952	370.85	726.017
3.17533	370.636	717.264	1103.62
3.18113	373.861	740.844	1113.87
3.18694	376.679	743.846	1104.89
3.19274	376.462	741.272	1111.3
3.19855	376.897	740.844	1116.44
3.20435	363.428	734.029	1113.87
3.21016	369.141	738.281	1116.44
3.21596	369.994	745.566	1106.17
3.22177	369.994	742.558	1105.53	392.222
3.22757	371.493	743.416	1083.41	380.616
3.23338	369.781	760.353	1082.16	380.836
3.23918	773.644	1108.73	380.836
3.24499	766.527	1124.86	385.039
3.25079	759.914	1137.27	382.379
3.2566	768.3	1135.3	383.928
3.2624	771.413	1149.16	385.929
3.26821	771.859	1141.22	386.822
3.27401	770.077	1155.81	386.599
3.27982	763.434	1159.83	386.152	763.434
3.28562	760.793	1155.81	385.484	761.672
3.29143	763.875	1140.56	385.707	767.413
3.29723	760.793	1132.03	379.957	715.195
3.30304	733.605	1127.46	366.803	734.453
3.30884	718.508	1124.21	357.185	717.678
3.31465	713.545	1102.34	379.299	712.721
3.32045	711.487	1154.48	379.299	711.487
3.32626	706.572	1135.96	379.299	706.572
3.33206	699.264	1123.56	379.299	699.264
3.33787	698.053	1108.09	379.299	698.456
3.34367	695.236	379.299	695.236
3.34948	690.833	690.833
3.35528	688.443	688.045
3.36109	686.061	686.854
3.36689	686.854	686.457	339.875
3.3727	680.929	340.464
3.3785	669.617	339.482
3.38431	664.992	336.554
3.39011	670.779	335.971
3.39592	684.082	338.308
3.40172	696.845	340.268
3.40753	697.247	341.252
3.41333	686.061	328.867
3.41914	687.251	321.355
3.42494	694.434	319.32
3.43075	698.86	322.844
3.43655	694.033	325.653
3.44236	690.434	325.465	405.351
3.44816	324.902	384.816
3.45397	326.407	389.738
3.45977	331.729	385.484
3.46558	326.595	384.372
3.47138	338.699	385.039
3.47719	336.165	386.375
3.48299	340.268	385.484
3.4888	336.748	390.188
3.4946	340.464	394.722
3.50041	334.422	399.539
3.50621	339.875	401.854
3.51202	342.832	404.649	1561.65
3.51782	342.832	405.351	1535.71
3.52363	406.993	1553.56
3.52943	404.883	1547.29
3.53524	403.016	1538.38
3.54104	400.463	1533.05
3.54685	399.539	1525.99
3.55265	400.232	1525.99
3.55846	396.55	1507.59
3.56426	388.614	1498.9	768.744
3.57007	387.046	1529.52	767.857
3.57587	387.269	1555.35	770.968
3.58168	385.929	1550.87	746.428
3.58748	379.957	1512.82	755.974
3.59329	386.375	1513.7	761.232
3.59909	387.941	1522.46	772.751
3.6049	384.15	1524.22	776.779
3.6107	381.938	1534.83	759.037
3.61651	370.85	1539.27	744.706
3.62231	370.85	1518.95	732.335
3.62812	363.848	1488.55	724.342
3.63392	358.425	1443.67	718.093
3.63973	360.085	1428.74	724.342
3.64553	355.127	721.836
3.65134	359.877	729.801
3.65714	358.011	708.207
3.66295	365.956	706.98
3.66875	372.999	712.721
3.67456	377.551	716.436
3.68036	383.928	709.025
3.68617	381.276	743.416
3.69197	381.276	770.968
3.69778	393.356
3.70358	395.178
3.70939
3.71519
3.721
3.7268
3.73261
3.73841
3.74422
3.75002
3.75583
3.76163
3.76744
3.77324
3.77905
3.78485
3.79066
3.79646
3.80227
3.80807
3.81388
3.81968
3.82549
3.83129
3.8371
3.8429
3.84871
3.85451
3.86032
3.86612
3.87193
3.87773
3.88354
3.88934
3.89515
3.90095
3.90676
3.91256
3.91837
3.92417
3.92998
3.93578
3.94159
3.94739
3.9532
3.959
3.96481
3.97061
3.97642
3.98222
3.98803
3.99383
3.99964
4.00544
4.01125	580.583
4.01705	580.919
4.02286	576.906
4.02866	569.621
4.03447	570.28
4.04027	565.687
4.04608	564.055
4.05188	563.079
4.05769	563.404
4.06349	564.381
4.0693	566.995
4.0751	573.915
4.08091	578.575
4.08671	580.583
4.09252	576.24
4.09832	581.255
4.10413	579.578	366.167
4.10993	584.96	364.69
4.11574	578.575	363.638
4.12154	575.575	363.428
4.12735	362.171
4.13315	362.171
4.13896	361.753
4.14476	361.544
4.15057	362.589
4.15637	364.479
4.16218	366.167
4.16798	367.439
4.17379	371.279	721.419
4.17959	373.43	771.413
4.1854	384.816	756.411
4.1912	390.188	760.353
4.19701	406.523	758.161
4.20281	387.046	754.229
4.20862	384.816	750.752
4.21442	381.056	748.155
4.22023	749.452
4.22603	755.538
4.23184	753.359
4.23764	733.181
4.24345	711.487
4.24925	698.053
4.25506	690.035
4.26086	684.082
4.26667	678.965
4.27247	673.496
4.27828	655.08
4.28408	650.555
4.28989	639.379
4.29569	661.544
4.3015	662.691
4.3073	682.504
4.31311	696.845
4.31891	671.166
4.32472	665.376
4.33052	677.007
4.33633
4.34213	670.391
4.34794	680.535
4.35374	684.873
4.35955	669.231
4.36535	653.19
4.37116	681.322
4.37696	678.965
4.38277	647.555
4.38857	652.06
4.39438	652.436
4.40018	649.428
4.40599	644.942
4.41179	640.117
4.4176	634.229
4.4234	626.944
4.42921	619.028
4.43501	608.042
4.44082	604.19
4.44662	587.33
4.45243	583.947
4.45823	573.583
4.46404	585.636
4.46984	571.269
4.47565	594.154
4.48145	611.917
4.48726
4.49306	623.333
4.49887	624.414
4.50467	630.576
4.51048	637.166
4.51628	639.748
4.52209	638.64
4.52789	643.826
4.5337	642.34
4.5395	637.535
4.54531	633.131
4.55111	636.063
4.55692	625.859
4.56272	616.174
4.56853	620.459
4.57433	623.333
4.58014	628.031
4.58594	614.042
4.59175	619.385
4.59755	609.096
4.60336	614.042
4.60916	624.775	436.708
4.61497	622.613	438.985
4.62077	620.459	442.549
4.62658	617.956	442.293
4.63238	621.895	427.474
4.63819	630.576	410.772
4.64399	635.329	412.198
4.6498	640.117	424.521
4.6556	646.808	427.474
4.66141	631.67	429.454
4.66721	637.535	431.692
4.67302	619.743	436.708
4.67882	619.028	428.463	741.701
4.68463	622.973	428.463	729.801
4.69043	625.497	428.463	721.836
4.69624	628.031	437.213	698.053
4.70204	657.734	437.719	700.881
4.70785	678.573	436.204	702.503	1766.11
4.71365	650.555	433.191	689.637	1717.82
4.71946	433.191	688.443	1703.98
4.72526	415.785	690.035	1748.85
4.73107	433.692	685.665	1735.77
4.73687	683.293	1714.84
4.74268	686.061	1719.8
4.74848	684.478	1745.82
4.75429	688.443	1762.03
4.76009	698.456	1775.32
4.7659	679.75	1793.87
4.7717	684.873	1794.91
4.77751	685.269	1800.1
4.78331	682.504	1778.39
4.78912	687.648	1812.62
4.79492	698.86	1889.59
4.80073	711.487	1854.99
4.80653	700.072	1864.66	347.417
4.81234	696.04	1873.29	347.016
4.81814	692.431	1918.19	346.215
4.82395	1897.25	344.221
4.82975	1810.53	340.858
4.83556	1829.45	337.137
4.84136	1867.89	334.036
4.84717	333.843
4.85297	335.971
4.85878	335.196
4.86458	333.843
4.87039	333.458
4.87619	334.422
4.882	335.002
4.8878	332.688
4.89361	337.332
4.89941	339.286
4.90522	340.661
4.91102	340.858
4.91683	339.482
4.92263	332.112
4.92844	337.722
4.93424	343.625	345.416
4.94005	352.471	342.437
4.94585	349.632	340.464
4.95166	343.427	351.048
4.95746	338.895	353.082
4.96327	334.229	345.416
4.96907	345.416	344.42
4.97487	348.825	347.819
4.98068	348.825	349.632
4.98649	346.616	348.221
4.99229	345.217	347.417
4.9981	345.616	345.416
5.0039	342.239	344.42
5.00971	344.023	344.619
5.01551	344.818	344.818
5.02132	347.417
5.02712	351.454
5.03293	358.011
5.03873	361.544
5.04454	364.269
5.05034	367.439
5.05615	371.065
5.06195	373.43
5.06776	375.81
5.07356	374.294
5.07936	377.551
5.08517	367.227
5.09097	367.651	727.276
5.09678	367.439	726.017
5.10258	364.269	725.598
5.10839	358.839	723.087
5.11419	356.566	719.754
5.12	354.922	718.093
5.1258	352.878	714.782
5.13161	350.643	713.133
5.13741	347.417	703.721
5.14322	351.657	708.616
5.14902	347.217	711.076	307.909
5.15483	359.046	704.534	326.973
5.16063	363.428	677.398	321.17
5.16644	654.701	319.874
5.17225	670.004	320.799	361.335
5.17805	322.844	360.501
5.18385	323.778	358.011
5.18966	327.729	354.308
5.19546	311.307	367.014
5.20127	309.514	381.056
5.20707	318.215	381.056
5.21288	325.653	374.294
5.21868	339.482	366.803
5.22449	342.239	369.141
5.23029	339.875	369.781
5.2361	338.308	371.708
5.2419	336.943	372.783
5.24771	342.634	373.861
5.25351	344.023	365.745
5.25932	338.503	381.497
5.26512	335.389	376.897
5.27093	339.482	380.177
5.27673	333.843	374.726
5.28254	339.875	367.227
5.28834	335.971	368.076
5.29415	333.458	363.428
5.29995	321.541	366.591
5.30576	328.487	369.567
5.31156	331.537	376.027
5.31737	337.332	368.714
5.32317	356.772	364.058
5.32898	449.505
5.33478	442.038
5.34059	439.492
5.34639	438.985
5.3522	414.346
5.358	405.585
5.36381	405.351
5.36961	406.523
5.37542	405.351
5.38122	403.948
5.38703	404.883
5.39283	403.948
5.39864	403.948
5.40444	403.715
5.41025	402.318
5.41605	401.39
5.42186	400.001
5.42766	396.779
5.43347	392.449
5.43927	383.264
5.44508	376.679
5.45088	375.593
5.45669	373.645
5.46249	372.568
5.4683	372.138
5.4741	371.923
5.47991	371.923
5.48571	371.708
5.49152	371.279
5.49732	371.279
5.50313	369.994
5.50893	367.651
5.51474	366.803
5.52054	363.218
5.52635	362.171
5.53215	362.38
5.53796	359.046
5.54376	350.846
5.54957	345.217
5.55537	345.616
5.56118	348.825
5.56698	350.036
5.57279	347.618
5.57859	353.899
5.5844	369.141
5.5902	352.267	1877.62
5.59601	366.803	1857.13
5.60181	375.159	1872.21
5.60762	369.994	1819.96	368.289
5.61342	371.493	1734.77	377.115
5.61923	1778.39	374.51
5.62503	1778.39	376.679
5.63084	1743.81	376.462
5.63664	1738.78	378.643
5.64245	1761.02	375.376
5.64825	1755.94	376.244
5.65406	1777.37	373.43
5.65986	1840.05	375.159
5.66567	1836.86	376.897
5.67147	1840.05	372.568
5.67728	1834.74	375.159
5.68308	1829.45	375.593
5.68889	1778.39	375.376
5.69469	1784.57	373.214
5.7005	1761.02	374.294
5.7063	1793.87	371.708
5.71211	1793.87	371.923
5.71791	1779.42	373.861
5.72372	1754.92	374.943
5.72952	1808.44	374.077
5.73533	1764.07	374.726
5.74113	374.294
5.74694	374.51
5.75274	373.645
5.75855	372.783
5.76435	372.568
5.77016	370.208
5.77596	372.138
5.78177	375.376
5.78757	375.81
5.79338	370.85
5.79918	371.493
5.80499	372.783
5.81079	373.43
5.8166	374.077
5.8224	372.138
5.82821	375.593
5.83401	371.493
5.83982	380.177
5.84562	379.518
5.85143	373.214
5.85723	376.027
5.86304	362.589
5.86884	362.799
5.87465	363.638
5.88045	362.589
5.88626	364.479
5.89206
5.89787
5.90367
5.90948
5.91528
5.92109
5.92689
5.9327
5.9385
5.94431
5.95011
5.95592
5.96172
5.96753
5.97333
5.97914
5.98494
5.99075
5.99655
6.00236
6.00816
6.01397
6.01977
6.02558
6.03138
6.03719
6.04299
6.0488
6.0546
6.06041
6.06621
6.07202
6.07782
6.08363
6.08943
6.09524
6.10104
6.10685
6.11265
6.11846
6.12426
6.13007
6.13587
6.14168
6.14748
6.15329
6.15909
6.1649
6.1707
6.17651
6.18231
6.18812
6.19392
6.19973
6.20553
6.21134
6.21714
6.22295
6.22875
6.23456
6.24036
6.24617
6.25197
6.25778
6.26358
6.26939
6.27519
6.281
6.2868
6.29261
6.29841
6.30422
6.31002
6.31583
6.32163
6.32744
6.33324
6.33905
6.34485	343.427
6.35066	343.824
6.35646	342.041
6.36227	343.625
6.36807	343.031
6.37388	343.031
6.37968	341.646
6.38549	340.268
6.39129	336.359
6.3971	336.359
6.4029	340.071
6.40871	332.88
6.41451	335.196
6.42032	351.251
6.42612	347.217	299.489
6.43193	339.482	300.529
6.43773	339.482	300.182
6.44354	339.482	315.288
6.44934	350.846	319.689
6.45515	355.127	323.778
6.46095	352.878	328.297
6.46676	358.425	333.265
6.47256	372.138	336.554
6.47837	371.279	340.858
6.48417	344.818
6.48998	346.816
6.49578	347.819
6.50159	355.538
6.50739	351.86
6.5132	353.286
6.519	351.048
6.52481	354.308
6.53061	359.046
6.53642	365.111
6.54222	353.49	354.308
6.54803	363.638	363.009
6.55383	352.674	365.322
6.55964	363.428	367.651
6.56544	368.927	368.714
6.57125	369.567	371.493
6.57705	371.493	373.861
6.58286	374.077	376.897
6.58866	377.115	379.299
6.59447	379.08	379.957
6.60027	379.299	381.056
6.60608	372.353	377.551
6.61188	368.927	372.568
6.61769	367.439
6.62349	368.927
6.6293	375.593
6.6351	370.85
6.64091	365.745	1339.23
6.64671	347.417	1305.63
6.65252	346.016	1379.27
6.65832	343.824	1361.86
6.66413	342.041	1362.64
6.66993	336.359	1361.86
6.67574	334.422	1355.58
6.68154	327.54	1354.8
6.68735	327.162	1379.27
6.69315	334.422	1394.49
6.69896	331.92	1360.29
6.70476	331.729	1356.36
6.71057	323.591	1353.23
6.71637	320.059	1337.69
6.72218	325.277	1329.22
6.72798	325.465	1329.22
6.73379	339.09	1324.62
6.73959	343.427	1312.43
6.7454	348.825	1336.92
6.7512	360.918	1328.45
6.75701
6.76281
6.76862
6.77442
6.78023
6.78603
6.79184
6.79764
6.80345
6.80925
6.81506
6.82086
6.82667	403.249
6.83247	412.913
6.83828	421.589
6.84408	412.913
6.84989	403.482
6.85569	394.95
6.8615	392.675
6.8673	390.865
6.87311	389.738
6.87891	388.389
6.88472	386.822
6.89052	388.838
6.89633	401.39
6.90213	406.758
6.90794	402.783
6.91374	406.523
6.91955	392.222
6.92535	395.864
6.93116	391.091
6.93696	388.838	1891.78
6.94277	382.379	1824.17
6.94857	372.783	1907.14
6.95438	370.422	1893.96
6.96018	372.783	1871.13
6.96599	375.593	1851.77
6.97179	383.042	1866.81
6.9776	379.957	1858.2
6.9834	1856.06
6.98921	1850.71
6.99501	1824.17
7.00082	1822.07
7.00662	1807.39
7.01243	1809.48
7.01823	1830.51
7.02404	1852.84
7.02984	1842.17
7.03565	1830.51
7.04145	1817.86
7.04726	1826.28
7.05306	1850.71
7.05887	1847.5
7.06467	1814.71
7.07048	1853.92
7.07628
7.08209
7.08789
7.0937	1837.92
7.0995	1829.45
7.10531	1865.73
7.11111	1829.45	393.584
7.11692	1827.34	397.467
7.12272	1852.84	396.55
7.12853	1835.8	392.449
7.13433	1854.99	391.543
7.14014	1873.29	391.543	1885.23
7.14594	1843.24	391.995	1929.3
7.15175	1929.3	391.543	1929.3
7.15755	1831.56	390.414	1880.88
7.16336	1872.21	389.738	1872.21
7.16916	1870.05	389.738	1870.05
7.17497	1873.29	389.963	1873.29
7.18077	1878.71	390.639	1878.71
7.18658	1884.14	391.317	1884.14
7.19238	1879.79	392.675	1879.79
7.19819	1860.35	398.387	1864.66
7.20399	1840.05	383.042	1815.76
7.2098	1872.21	385.261	1857.13
7.2156	1877.62	385.707	1874.37
7.22141	1877.62	383.042	1877.62
7.22721	1865.73	1865.73
7.23302	1856.06
7.23882	1880.88
7.24463	1862.5
7.25043	1878.71
7.25624
7.26204
7.26785
7.27365
7.27946
7.28526
7.29107
7.29687
7.30268
7.30848
7.31429
7.32009
7.3259
7.3317
7.33751
7.34331	1866.81
7.34912	1888.5
7.35492	1846.43
7.36073	1813.67
7.36653	1803.22
7.37234	1793.87
7.37814	1774.29
7.38395	1776.34
7.38975	1798.02	361.962
7.39556	1802.18	363.428
7.40136	1798.02	363.848
7.40717	1798.02	363.009
7.41297	1813.67	362.799
7.41878	1831.56	363.428
7.42458	1824.17	363.638
7.43039	1844.3	364.901
7.43619	1849.64	367.651
7.442	1830.51	372.138
7.4478	1840.05	373.214
7.45361	1846.43	370.208
7.45941	1813.67	368.076
7.46522	1783.54	366.803
7.47102	1832.62	365.745
7.47683	1838.98	364.901
7.48263	1844.3	362.799
7.48844	362.171
7.49424	361.544
7.50005	360.501
7.50585	366.167
7.51166	350.036
7.51746	348.624
7.52327	350.441	649.804
7.52907	659.636
7.53487	668.072
7.54068	648.678
7.54648	640.857
7.55229	641.228
7.55809	641.598
7.5639	639.748
7.56971	633.863
7.57551	628.758
7.58132	622.613
7.58712	628.031
7.59293	628.031
7.59873	648.678
7.60454	641.598
7.61034	659.255
7.61615	665.761
7.62195	683.293
7.62776	623.693
7.63356	646.808
7.63936	652.813
7.64517	646.061
7.65097	633.131
7.65678	620.818
7.66258	403.249
7.66839	384.372
7.67419	385.039
7.68	376.897
7.6858	374.726
7.69161	377.333
7.69741	380.177
7.70322	380.177
7.70902	378.205
7.71483	382.158
7.72063	385.039
7.72644	388.389
7.73224	388.389
7.73805	387.941
7.74385	387.269
7.74966	385.929
7.75546	385.484
7.76127	387.046
7.76707	383.707
7.77288	385.929
7.77868	390.639
7.78449	392.902
7.79029	387.493
7.7961	383.707
7.8019	378.424	374.51
7.80771	373.861	376.244
7.81351	375.376	375.376
7.81932	374.51	372.783
7.82512	370.636
7.83093	369.567
7.83673	368.927
7.84254	368.927
7.84834	369.141	1186.25
7.85415	368.501	1188.99
7.85995	368.289	1176.02
7.86576	368.714	1184.2
7.87156	371.493	1186.94
7.87737	374.51	1195.88
7.88317	371.708	1199.34
7.88898	374.077	1178.06
7.89478	374.077	1129.41
7.90059	373.861	1128.11
7.90639	373.214	1125.51
7.9122	371.493	1118.38
7.918	368.714	1098.53
7.92381	368.289	1102.34
7.92961	368.076	1157.15	1310.92
7.93542	366.167	1161.17	1316.99
7.94122	365.533	1155.15	1295.11
7.94703	366.591	1141.88	1307.14
7.95283	372.138	1151.81	1316.99
7.95864	371.065	1157.82	1361.86
7.96444	380.396	1180.1	1376.89
7.97025	372.783	1180.1	1380.07
7.97605	372.783	1184.88	1401.76
7.98186	372.783	1228.79	1354.8
7.98766	376.897	1343.11	677.789
7.99347	375.81	1333.83	672.33
7.99927	375.159	1320.8	665.761
8.00508	1321.56	664.224
8.01088	1282.46	668.072
8.01669	1312.43	656.595
8.02249	1350.11	650.93
8.0283	1289.14	631.305
8.0341	1282.46	630.212
8.03991	1275.07	628.394
8.04571	1272.13	634.229
8.05152	1272.86	637.535
8.05732	1287.65	640.487
8.06313	1290.63	638.271
8.06893	1278.76	634.229
8.07474	1269.92	633.497
8.08054	1247.39	622.613
8.08635	1306.38	629.121
8.09215	1291.38	653.568
8.09796
8.10376
8.10957
8.11537
8.12118
8.12698
8.13279
8.13859
8.1444
8.1502
8.15601
8.16181
8.16762
8.17342
8.17923
8.18503
8.19084
8.19664
8.20245
8.20825
8.21406
8.21986
8.22567
8.23147
8.23728
8.24308
8.24889
8.25469
8.2605
8.2663
8.27211
8.27791
8.28372	377.115
8.28952	377.115
8.29533	393.129
8.30113	393.356
8.30694	391.091
8.31274	394.039
8.31855	394.039
8.32435	396.779
8.33016	391.769
8.33596	394.95
8.34177	400.001
8.34757	398.157
8.35338	391.317
8.35918	387.717	1516.32
8.36499	385.707	1505.85
8.37079	378.643	1489.41
8.3766	370.636	1468.06
8.3824	363.638	1452.03
8.38821	362.171	1439.51
8.39401	365.322	1457.08
8.39982	363.009	1460.45
8.40562	364.269	1464.67
8.41143	370.85	1472.3
8.41723	369.354	1472.3
8.42304	372.138	1479.98
8.42884	374.077	1496.31
8.43465	369.994	1492.86
8.44045	369.354	1481.69
8.44626	366.167	1485.97
8.45206	366.167	1480.83
8.45787	353.899	1464.67
8.46367	367.651	1465.52
8.46948	368.289	1476.56
8.47528	368.289	1477.42
8.48109	368.289	1471.45
8.48689	367.227	1469.75
8.4927	365.745	1474.86
8.4985	367.227	1487.69
8.50431	369.141	1494.58
8.51011	369.567	1484.26
8.51592	368.501	1481.69
8.52172	1480.83
8.52753	1478.27
8.53333	1479.12
8.53914	1483.4
8.54494	1478.27
8.55075	1472.3
8.55655	1470.6
8.56236	1467.21
8.56816
8.57397
8.57977
8.58558
8.59138
8.59719
8.60299
8.6088
8.6146
8.62041
8.62621
8.63202
8.63782
8.64363
8.64943
8.65524
8.66104
8.66685
8.67265
8.67846
8.68426
8.69007
8.69587
8.70168
8.70748
8.71329
8.71909
8.7249
8.7307
8.73651
8.74231
8.74812
8.75392
8.75973
8.76553
8.77134
8.77714
8.78295
8.78875
8.79456
8.80036
8.80617
8.81197
8.81778
8.82358
8.82939
8.83519
8.841
8.8468
8.85261
8.85841
8.86422
8.87002
8.87583
8.88163
8.88744
8.89324
8.89905	445.113
8.90485	444.599
8.91066	444.599
8.91646	442.549
8.92227	434.193
8.92807	431.692
8.93388	429.702
8.93968	427.968
8.94549	418.677
8.95129	411.246
8.9571	403.948
8.9629	392.222
8.96871	386.152	1911.55
8.97451	385.484	1796.98
8.98032	385.484	1871.13
8.98612	383.707	1837.92
8.99193	371.923	1761.02
8.99773	369.781	1819.96
9.00354	369.781	1762.03
9.00934	367.014	1720.8
9.01515	380.396	1772.24
9.02095	363.638	1778.39
9.02676	361.544	1767.13
9.03256	359.877	1772.24
9.03837	351.657	1761.02
9.04417	350.036	1754.92
9.04998	356.978	1765.09
9.05578	351.251	1795.94
9.06159	366.591	1801.14
9.06739	371.065	1798.02
9.0732	362.589	1799.06
9.079	360.293	1757.97
9.08481	369.141	1803.22
9.09061
9.09642
9.10222
9.10803
9.11383
9.11964
9.12544
9.13125
9.13705
9.14286
9.14866
9.15447
9.16027
9.16608
9.17188
9.17769
9.18349	356.566
9.1893	358.632
9.1951	365.956
9.20091	369.781
9.20671	378.424
9.21252	383.485
9.21832	386.152
9.22413	387.941
9.22993	388.614
9.23574	387.941
9.24154	386.822
9.24735	385.929	385.929
9.25315	386.375	386.375
9.25896	389.963	364.479
9.26476	395.178	360.293
9.27057	397.467	356.36
9.27637	394.95	356.155
9.28218	388.165	347.618
9.28798	384.15	335.196
9.29379	376.897	325.841
9.29959	362.38	328.108
9.3054	354.308	328.108
9.3112	354.922	320.244
9.31701	346.016	307.731
9.32281	350.643	304.548
9.32862	345.416	305.429
9.33442	350.036	312.929
9.34023	360.085	311.667
9.34603	377.333	306.666
9.35184	301.05
9.35764	298.453	298.798
9.36345	298.108	298.108
9.36925	297.592	297.42
9.37506	296.563	297.077
9.38086	292.142	309.872
9.38667	280.241	315.47
9.39247	279.111	322.099
9.39828	282.517	322.844
9.40408	295.537	333.458
9.40989	293.156	331.729
9.41569	294.004	335.002	1053.78
9.4215	308.265	333.265	1059.89
9.4273	325.841	330.009	1057.44
9.43311	331.92	330.772	1050.14
9.43891	331.92	336.359	1063.57
9.44472	321.541	340.071	1079.04
9.45052	344.42	1079.66
9.45633	344.221	1079.66
9.46213	345.416	1089.68
9.46794	347.417	1101.07
9.47374	347.819	1110.01	723.923
9.47955	347.417	1104.26	718.508
9.48535	338.895	1100.44	710.255
9.49116	339.875	1084.66	709.025
9.49696	336.165	1048.92	710.665
9.50277	346.415	1043.48	713.545
9.50857	351.86	1064.18	710.255
9.51438	347.618	1106.81	709.025	1389.67
9.52018	356.566	1093.47	711.898	1365.01
9.52599	357.598	1079.04	713.957	1360.29
9.53179	359.669	1090.31	711.898	1398.53
9.5376	361.753	1093.47	719.754	1367.37
9.5434	356.566	1063.57	716.849	1357.93
9.54921	352.267	1041.68	712.721	1346.21
9.55501	351.048	706.572	1336.14
9.56082	346.616	695.236	1338.46
9.56662	349.027	695.638	1336.14
9.57243	351.048	676.225	1335.37
9.57823	348.221	678.573	1339.23
9.58404	351.86	686.457	1339.23	627.669
9.58984	686.854	1322.32	621.177
9.59565	685.269	1301.86	616.886
9.60145	677.398	1278.76	616.53
9.60726	679.357	1231.64	614.397
9.61306	694.835	1242.35	619.028
9.61887	667.686	1248.83	621.177
9.62467	666.145	1250.27	621.535
9.63048	669.617	1252.44	623.333
9.63628	669.617	1252.44	622.613
9.64209	1249.55	622.973
9.64789	1255.34	624.414
9.6537	1283.94	625.859
9.6595	1353.23	625.859
9.66531	1315.47	634.595
9.67111	1335.37	656.216
9.67692	634.962
9.68272	636.431
9.68853	658.874
9.69433
9.70014
9.70594
9.71175	729.38
9.71755	742.987
9.72336	759.037
9.72916	734.029
9.73497	715.608
9.74077	725.179	404.182
9.74658	731.067	397.697
9.75238	734.877	394.266
9.75819	743.416	389.738
9.76399	750.319	386.152
9.7698	746.859	384.372
9.7756	746.428	387.269
9.78141	750.752	386.375
9.78721	751.186	385.484
9.79302	752.489	381.276
9.79882	768.3	369.781
9.80463	763.875	364.901
9.81043	734.453	363.218
9.81624	716.436	358.632
9.82204	707.389	353.082
9.82785	709.845	351.657
9.83365	346.816	695.638
9.83946	339.875	672.719
9.84526	336.943	669.617
9.85107	335.583	670.779
9.85687	336.554	674.275
9.86268	338.112	678.573
9.86848	338.308	677.789
9.87429	334.229	665.761
9.88009	326.595	653.945
9.8859	325.277	646.434
9.8917	322.658	639.379
9.89751	319.689	638.64
9.90331	331.729	661.926
9.90912	666.53
9.91492	660.398
9.92073	672.719
9.92653	663.074
9.93234	666.145
9.93814	667.301
9.94394
9.94975
9.95555
9.96136
9.96716
9.97297
9.97878
9.98458
9.99039
9.99619
10.002
10.0078
10.0136
10.0194
10.0252
10.031
10.0368
10.0426
10.0484
10.0542
10.06
10.0659
10.0717
10.0775
10.0833
10.0891
10.0949
10.1007
10.1065
10.1123
10.1181
10.1239
10.1297
10.1355
10.1413
10.1471
10.1529
10.1587
10.1645
10.1703
10.1761
10.1819
10.1878
10.1936
10.1994
10.2052
10.211
10.2168
10.2226
10.2284
10.2342
10.24
10.2458
10.2516
10.2574
10.2632
10.269
10.2748
10.2806
10.2864
10.2922
10.298
10.3039
10.3097
10.3155
10.3213
10.3271
10.3329
10.3387
10.3445
10.3503
10.3561
10.3619
10.3677
10.3735
10.3793
10.3851
10.3909
10.3967
10.4025
10.4083
10.4141
10.42
10.4258
10.4316
10.4374
10.4432
10.449
10.4548
10.4606
10.4664
10.4722
10.478
10.4838
10.4896
10.4954
10.5012
10.507
10.5128
10.5186
10.5244
10.5302
10.5361
10.5419
10.5477
10.5535
10.5593
10.5651
10.5709
10.5767
10.5825
10.5883
10.5941
10.5999
10.6057
10.6115
10.6173
10.6231
10.6289
10.6347
10.6405
10.6463
10.6522
10.658
10.6638
10.6696
10.6754
10.6812
10.687
10.6928
10.6986
10.7044
10.7102
10.716
10.7218
10.7276
10.7334
10.7392
10.745
10.7508
10.7566
10.7624
10.7683
10.7741
10.7799
10.7857
10.7915
10.7973
10.8031
10.8089
10.8147
10.8205
10.8263
10.8321
10.8379
10.8437
10.8495
10.8553
10.8611
10.8669
10.8727
10.8785
10.8844
10.8902
10.896
10.9018
10.9076
10.9134
10.9192
10.925
10.9308
10.9366
10.9424
10.9482
10.954
10.9598
10.9656
10.9714
10.9772
10.983
10.9888
10.9946
11.0005
11.0063
11.0121
11.0179
11.0237
11.0295
11.0353
11.0411
11.0469
11.0527
11.0585
11.0643
11.0701
11.0759
11.0817
11.0875
11.0933
11.0991
11.1049
11.1107
11.1166
11.1224
11.1282
11.134
11.1398
11.1456
11.1514
11.1572
11.163
11.1688
11.1746
11.1804
11.1862
11.192
11.1978
11.2036
11.2094
11.2152
11.221
11.2268
11.2327
11.2385
11.2443
11.2501
11.2559
11.2617
11.2675
11.2733
11.2791
11.2849
11.2907
11.2965
11.3023
11.3081
11.3139
11.3197
11.3255
11.3313
11.3371
11.3429
11.3488
11.3546
11.3604
11.3662
11.372
11.3778	466.164
11.3836	434.444
11.3894	429.454
11.3952	429.95
11.401	431.692
11.4068	434.193	434.193
11.4126	437.213	437.213
11.4184	435.449	435.449
11.4242	428.71	431.692
11.43	430.199	430.199
11.4358	428.958	428.958
11.4416	428.463	428.463
11.4474	429.206	429.206
11.4532	429.206	430.447
11.459	432.191	432.191
11.4649	434.695	434.695
11.4707	443.316	443.316
11.4765	444.342	444.342
11.4823	443.829	443.829	436.456
11.4881	443.829	443.829	421.345
11.4939	441.783	441.783	398.157
11.4997	440.509	394.266
11.5055	442.293	390.414
11.5113	442.293	394.722
11.5171	442.293	396.55
11.5229	396.092
11.5287	395.635
11.5345	395.864
11.5403	400.232
11.5461	403.016
11.5519	403.948
11.5577	403.715
11.5635	395.178
11.5693	392.675
11.5751	388.838
11.581	386.375
11.5868	397.238
11.5926	410.772
11.5984	403.482
11.6042	411.009
11.61	411.246
11.6158	412.674
11.6216	412.674
11.6274	392.222
11.6332	402.783
11.639
11.6448
11.6506
11.6564
11.6622
11.668
11.6738
11.6796
11.6854
11.6912
11.6971
11.7029
11.7087
11.7145
11.7203
11.7261	414.586
11.7319	424.521
11.7377	415.065
11.7435	423.053
11.7493	413.868
11.7551	411.96
11.7609	413.868
11.7667	414.107
11.7725	428.463
11.7783	433.692
11.7841	439.238
11.7899	440
11.7957	434.193
11.8015	429.702
11.8073	426.981
11.8132	423.053
11.819	414.346
11.8248	418.435
11.8306	429.454
11.8364	431.194
11.8422	432.191
11.848
11.8538
11.8596
11.8654
11.8712
11.877
11.8828
11.8886
11.8944
11.9002
11.906
11.9118
11.9176
11.9234
11.9293
11.9351
11.9409
11.9467
11.9525
11.9583
11.9641
11.9699
11.9757
11.9815
11.9873
11.9931
11.9989
12.0047
12.0105
12.0163
12.0221
12.0279
12.0337
12.0395
12.0454
12.0512
12.057
12.0628
12.0686
12.0744
12.0802
12.086
12.0918
12.0976
12.1034
12.1092
12.115
12.1208
12.1266
12.1324
12.1382
12.144
12.1498
12.1556
12.1615
12.1673
12.1731
12.1789
12.1847
12.1905
12.1963
12.2021
12.2079
12.2137
12.2195
12.2253
12.2311
12.2369
12.2427
12.2485
12.2543
12.2601
12.2659
12.2717
12.2776
12.2834
12.2892
12.295
12.3008
12.3066
12.3124
12.3182
12.324
12.3298
12.3356
12.3414
12.3472
12.353
12.3588
12.3646
12.3704
12.3762
12.382
12.3878
12.3937
12.3995
12.4053
12.4111
12.4169
12.4227
12.4285
12.4343
12.4401
12.4459
12.4517
12.4575
12.4633
12.4691
12.4749
12.4807
12.4865
12.4923
12.4981
12.5039
12.5098
12.5156
12.5214
12.5272
12.533
12.5388
12.5446
12.5504
12.5562
12.562
12.5678
12.5736
12.5794
12.5852
12.591
12.5968
12.6026
12.6084
12.6142
12.62
12.6258
12.6317
12.6375
12.6433
12.6491
12.6549
12.6607
12.6665
12.6723
12.6781
12.6839
12.6897
12.6955
12.7013
12.7071
12.7129
12.7187
12.7245
12.7303
12.7361
12.742
12.7478
12.7536
12.7594
12.7652
12.771
12.7768
12.7826
12.7884
12.7942
12.8
12.8058
12.8116
12.8174
12.8232
12.829
12.8348
12.8406
12.8464
12.8522
12.858
12.8639
12.8697
12.8755
12.8813
12.8871
12.8929
12.8987
12.9045
12.9103
12.9161
12.9219
12.9277
12.9335
12.9393
12.9451
12.9509
12.9567
12.9625
12.9683
12.9741
12.98
12.9858
12.9916
12.9974
13.0032
13.009
13.0148
13.0206
13.0264
13.0322
13.038
13.0438
13.0496
13.0554
13.0612
13.067
13.0728
13.0786
13.0844
13.0902
13.0961
13.1019
13.1077
13.1135
13.1193
13.1251
13.1309
13.1367
13.1425
13.1483
13.1541
13.1599
13.1657
13.1715
13.1773
13.1831
13.1889
13.1947
13.2005
13.2063
13.2122
13.218
13.2238
13.2296
13.2354
13.2412
13.247
13.2528
13.2586
13.2644
13.2702
13.276
13.2818
13.2876
13.2934
13.2992
13.305
13.3108
13.3166
13.3224
13.3283
13.3341
13.3399
13.3457
13.3515
13.3573
13.3631
13.3689
13.3747
13.3805
13.3863
13.3921
13.3979
13.4037
13.4095
13.4153
13.4211
13.4269
13.4327
13.4385
13.4444
13.4502
13.456
13.4618
13.4676
13.4734
13.4792
13.485
13.4908
13.4966
13.5024
13.5082
13.514
13.5198
13.5256
13.5314
13.5372
13.543
13.5488
13.5546
13.5605
13.5663
13.5721
13.5779
13.5837
13.5895
13.5953
13.6011
13.6069
13.6127
13.6185
13.6243
13.6301
13.6359
13.6417
13.6475
13.6533
13.6591
13.6649
13.6707
13.6766
13.6824
13.6882
13.694
13.6998
13.7056
13.7114
13.7172
13.723
13.7288
13.7346
13.7404
13.7462
13.752
13.7578
13.7636
13.7694
13.7752
13.781
13.7868
13.7927
13.7985
13.8043
13.8101
13.8159
13.8217
13.8275
13.8333
13.8391
13.8449
13.8507
13.8565
13.8623
13.8681
13.8739
13.8797
13.8855
13.8913
13.8971
13.9029
13.9088
13.9146
13.9204
13.9262
13.932
13.9378
13.9436
13.9494
13.9552
13.961
13.9668
13.9726
13.9784
13.9842
13.99
13.9958
14.0016
14.0074
14.0132
14.019
14.0249
14.0307
14.0365
14.0423
14.0481
14.0539
14.0597
14.0655
14.0713
14.0771
14.0829
14.0887
14.0945
14.1003
14.1061
14.1119
14.1177
14.1235
14.1293
14.1351
14.141
14.1468
14.1526
14.1584
14.1642
14.17
14.1758
14.1816
14.1874
14.1932
14.199
14.2048
14.2106
14.2164
14.2222
14.228
14.2338
14.2396
14.2454
14.2512
14.2571
14.2629
14.2687
14.2745
14.2803
14.2861
14.2919
14.2977
14.3035
14.3093
14.3151
14.3209
14.3267
14.3325
14.3383
14.3441
14.3499
14.3557
14.3615
14.3673
14.3732
14.379
14.3848
14.3906
14.3964
14.4022
14.408
14.4138
14.4196
14.4254
14.4312
14.437
14.4428
14.4486
14.4544
14.4602
14.466
14.4718
14.4776
14.4834
14.4893
14.4951
14.5009
14.5067
14.5125
14.5183
14.5241
14.5299
14.5357
14.5415
14.5473
14.5531
14.5589
14.5647
14.5705
14.5763
14.5821
14.5879
14.5937
14.5995
14.6054
14.6112
14.617
14.6228
14.6286
14.6344
14.6402
14.646
14.6518
14.6576
14.6634
14.6692
14.675
14.6808
14.6866
14.6924
14.6982
14.704
14.7098
14.7156
14.7215
14.7273
14.7331
14.7389
14.7447
14.7505
14.7563
14.7621
14.7679
14.7737
14.7795
14.7853
14.7911
14.7969
14.8027
14.8085
14.8143
14.8201
14.8259
14.8317
14.8376
14.8434
14.8492
14.855
14.8608
14.8666
14.8724
14.8782
14.884
14.8898
14.8956
14.9014
14.9072
14.913
14.9188
14.9246
14.9304
14.9362
14.942
14.9478
14.9537
14.9595
14.9653
14.9711
14.9769
14.9827
14.9885
14.9943
15.0001
15.0059
15.0117
15.0175
15.0233
15.0291
15.0349
15.0407
15.0465
15.0523
15.0581
15.0639
15.0697
15.0756
15.0814
15.0872
15.093
15.0988
15.1046
15.1104
15.1162
15.122
15.1278
15.1336
15.1394
15.1452
15.151
15.1568
15.1626
15.1684
15.1742
15.18
15.1859
15.1917
15.1975
15.2033
15.2091
15.2149
15.2207
15.2265
15.2323
15.2381
15.2439
15.2497
15.2555
15.2613
15.2671
15.2729
15.2787
15.2845
15.2903
15.2961
15.3019
15.3078
15.3136
15.3194
15.3252
15.331
15.3368
15.3426
15.3484
15.3542
15.36
15.3658
15.3716
15.3774
15.3832
15.389
15.3948
15.4006
15.4064
15.4122
15.418
15.4239
15.4297
15.4355
15.4413
15.4471
15.4529
15.4587
15.4645
15.4703
15.4761
15.4819
15.4877
15.4935
15.4993
15.5051
15.5109
15.5167
15.5225
15.5283
15.5341
15.54
15.5458
15.5516
15.5574
15.5632
15.569
15.5748
15.5806
15.5864
15.5922
15.598
15.6038
15.6096
15.6154
15.6212
15.627
15.6328
15.6386
15.6444
15.6502
15.6561
15.6619
15.6677
15.6735
15.6793
15.6851
15.6909
15.6967
15.7025
15.7083
15.7141
15.7199
15.7257
15.7315
15.7373
15.7431
15.7489
15.7547
15.7605
15.7663
15.7722
15.778
15.7838
15.7896
15.7954
15.8012
15.807
15.8128
15.8186
15.8244
15.8302
15.836
15.8418
15.8476
15.8534
15.8592
15.865
15.8708
15.8766
15.8824
15.8883
15.8941
15.8999
15.9057
15.9115
15.9173
15.9231
15.9289
15.9347
15.9405
15.9463
15.9521
15.9579
15.9637
15.9695
15.9753
15.9811
15.9869
15.9927
15.9985
16.0044
16.0102
16.016
16.0218
16.0276
16.0334
16.0392
16.045
16.0508
16.0566
16.0624
16.0682
16.074
16.0798
16.0856
16.0914
16.0972
16.103
16.1088
16.1146
16.1205
16.1263
16.1321
16.1379
16.1437
16.1495
16.1553
16.1611
16.1669
16.1727
16.1785
16.1843
16.1901
16.1959
16.2017
16.2075
16.2133
16.2191
16.2249
16.2307
16.2366
16.2424
16.2482
16.254
16.2598
16.2656
16.2714
16.2772
16.283
16.2888
16.2946
16.3004
16.3062
16.312
16.3178
16.3236
16.3294
16.3352
16.341
16.3468
16.3527
16.3585
16.3643
16.3701
16.3759
16.3817
16.3875
16.3933
16.3991
16.4049
16.4107
16.4165
16.4223
16.4281
16.4339
16.4397
16.4455
16.4513
16.4571
16.4629
16.4688
16.4746
16.4804
16.4862
16.492
16.4978
16.5036
16.5094
16.5152
16.521
16.5268
16.5326
16.5384
16.5442
16.55
16.5558
16.5616
16.5674
16.5732
16.579
16.5849
16.5907
16.5965
16.6023
16.6081
16.6139
16.6197
16.6255
16.6313
16.6371
16.6429
16.6487
16.6545
16.6603
16.6661
16.6719
16.6777
16.6835
16.6893
16.6951
16.701
16.7068
16.7126
16.7184
16.7242
16.73
16.7358
16.7416
16.7474
16.7532
16.759
16.7648
16.7706
16.7764
16.7822
16.788
16.7938
16.7996
16.8054
16.8112
16.8171
16.8229
16.8287
16.8345
16.8403
16.8461
16.8519
16.8577
16.8635
16.8693
16.8751
16.8809
16.8867
16.8925
16.8983
16.9041
16.9099
16.9157
16.9215
16.9273
16.9332
16.939
16.9448
16.9506
16.9564
16.9622
16.968
16.9738
16.9796
16.9854
16.9912
16.997
17.0028
17.0086
17.0144
17.0202
17.026
17.0318
17.0376
17.0434
17.0493
17.0551
17.0609
17.0667
17.0725
17.0783
17.0841
17.0899
17.0957
17.1015
17.1073
17.1131
17.1189
17.1247
17.1305
17.1363
17.1421
17.1479
17.1537
17.1595
17.1654
17.1712
17.177
17.1828
17.1886
17.1944
17.2002
17.206
17.2118
17.2176
17.2234
17.2292
17.235
17.2408
17.2466
17.2524
17.2582
17.264
17.2698
17.2756
17.2815
17.2873
17.2931
17.2989
17.3047
17.3105
17.3163
17.3221
17.3279
17.3337
17.3395
17.3453
17.3511
17.3569
17.3627
17.3685
17.3743
17.3801
17.3859
17.3917
17.3976
17.4034
17.4092
17.415
17.4208
17.4266
17.4324
17.4382
17.444
17.4498
17.4556
17.4614
17.4672
17.473
17.4788
17.4846
17.4904
17.4962
17.502
17.5078
17.5137
17.5195
17.5253
17.5311
17.5369
17.5427
17.5485
17.5543
17.5601
17.5659
17.5717
17.5775
17.5833
17.5891
17.5949
17.6007
17.6065
17.6123
17.6181
17.6239
17.6297
17.6356
17.6414
17.6472
17.653
17.6588
17.6646
17.6704
17.6762
17.682
17.6878
17.6936
17.6994
17.7052
17.711
17.7168
17.7226
17.7284
17.7342
17.74
17.7458
17.7517
17.7575
17.7633
17.7691
17.7749
17.7807
17.7865
17.7923
17.7981
17.8039
17.8097
17.8155
17.8213
17.8271
17.8329
17.8387
17.8445
17.8503
17.8561
17.8619
17.8678
17.8736
17.8794
17.8852
17.891
17.8968
17.9026
17.9084
17.9142
17.92
17.9258
17.9316
17.9374
17.9432
17.949
17.9548
17.9606
17.9664
17.9722
17.9781
17.9839
17.9897
17.9955
18.0013
18.0071
18.0129
18.0187
18.0245
18.0303
18.0361
18.0419
18.0477
18.0535
18.0593
18.0651
18.0709
18.0767
18.0825
18.0883
18.0941
18.1
18.1058
18.1116
18.1174
18.1232
18.129
18.1348
18.1406
18.1464
18.1522
18.158
18.1638
18.1696
18.1754
18.1812
18.187
18.1928
18.1986
18.2044
18.2102
18.2161
18.2219
18.2277
18.2335
18.2393
18.2451
18.2509
18.2567
18.2625
18.2683
18.2741
18.2799
18.2857
18.2915
18.2973
18.3031
18.3089
18.3147
18.3205
18.3263
18.3322
18.338
18.3438
18.3496
18.3554
18.3612
18.367
18.3728
18.3786
18.3844
18.3902
18.396
18.4018
18.4076
18.4134
18.4192
18.425
18.4308
18.4366
18.4424
18.4483
18.4541
18.4599
18.4657
18.4715
18.4773
18.4831
18.4889
18.4947
18.5005
18.5063
18.5121
18.5179
18.5237
18.5295
18.5353
18.5411
18.5469
18.5527
18.5585
18.5644
18.5702
18.576
18.5818
18.5876
18.5934
18.5992
18.605
18.6108
18.6166
18.6224
18.6282
18.634
18.6398
18.6456
18.6514
18.6572
18.663
18.6688
18.6746
18.6805
18.6863
18.6921
18.6979
18.7037
18.7095
18.7153
18.7211
18.7269
18.7327
18.7385
18.7443
18.7501
18.7559
18.7617
18.7675
18.7733
18.7791
18.7849
18.7907
18.7966
18.8024
18.8082
18.814
18.8198
18.8256
18.8314
18.8372
18.843
18.8488
18.8546
18.8604
18.8662
18.872
18.8778
18.8836
18.8894
18.8952
18.901
18.9068
18.9127
18.9185
18.9243
18.9301
18.9359
18.9417
18.9475
18.9533
18.9591
18.9649
18.9707
18.9765
18.9823
18.9881
18.9939
18.9997
19.0055
19.0113
19.0171
19.0229
19.0288
19.0346
19.0404
19.0462
19.052
19.0578
19.0636
19.0694
19.0752
19.081
19.0868
19.0926
19.0984
19.1042
19.11
19.1158
19.1216
19.1274
19.1332
19.139
19.1449
19.1507
19.1565
19.1623
19.1681
19.1739
19.1797
19.1855
19.1913
19.1971
19.2029
19.2087
19.2145
19.2203
19.2261
19.2319
19.2377
19.2435
19.2493
19.2551
19.261
19.2668
19.2726
19.2784
19.2842
19.29
19.2958
19.3016
19.3074
19.3132
19.319
19.3248
19.3306
19.3364
19.3422
19.348
19.3538
19.3596
19.3654
19.3712
19.3771
19.3829
19.3887
19.3945
19.4003
19.4061
19.4119
19.4177
19.4235
19.4293
19.4351
19.4409
19.4467
19.4525
19.4583
19.4641
19.4699
19.4757
19.4815
19.4873
19.4932
19.499
19.5048
19.5106
19.5164
19.5222
19.528
19.5338
19.5396
19.5454
19.5512
19.557
19.5628
19.5686
19.5744
19.5802
19.586
19.5918
19.5976
19.6034
19.6093
19.6151
19.6209
19.6267
19.6325
19.6383
19.6441
19.6499
19.6557
19.6615
19.6673
19.6731
19.6789
19.6847
19.6905
19.6963
19.7021
19.7079
19.7137
19.7195
19.7254
19.7312
19.737
19.7428
19.7486
19.7544
19.7602
19.766
19.7718
19.7776
19.7834
19.7892
19.795
19.8008
19.8066
19.8124
19.8182
19.824
19.8298
19.8356
19.8415
19.8473
19.8531
19.8589
19.8647
19.8705
19.8763
19.8821
19.8879
19.8937
19.8995
19.9053
19.9111
19.9169
19.9227
19.9285
19.9343
19.9401
19.9459
19.9517
19.9576
19.9634
19.9692
19.975
19.9808
19.9866
19.9924
19.9982
20.004
20.0098
20.0156
20.0214
20.0272
20.033
20.0388
20.0446
20.0504
20.0562
20.062
20.0678
20.0737
20.0795
20.0853
20.0911
20.0969
20.1027
20.1085
20.1143
20.1201
20.1259
20.1317
20.1375
20.1433
20.1491
20.1549
20.1607
20.1665
20.1723
20.1781
20.1839
20.1898
20.1956
20.2014
20.2072
20.213
20.2188
20.2246
20.2304
20.2362
20.242
20.2478
20.2536
20.2594
20.2652
20.271
20.2768
20.2826
20.2884
20.2942
20.3
20.3058
20.3117
20.3175
20.3233
20.3291
20.3349
20.3407
20.3465
20.3523
20.3581
20.3639
20.3697
20.3755
20.3813
20.3871
20.3929
20.3987
20.4045
20.4103
20.4161
20.4219
20.4278
20.4336
20.4394
20.4452
20.451
20.4568
20.4626
20.4684
20.4742
20.48	946.982
20.4858	946.982
20.4916	946.435
20.4974	945.888
20.5032	945.342
20.509	945.342
20.5148	949.721
20.5206	948.624
20.5264	942.072
20.5322	945.888
20.538	948.077
20.5439	950.819
20.5497	966.322
20.5555	916.311
20.5613	937.187
20.5671	946.982
20.5729	939.897
20.5787	939.355
20.5845	943.161
20.5903	945.342
20.5961	931.789
20.6019	924.819
20.6077	924.819
20.6135	966.322
20.6193	926.958
20.6251	894.865
20.6309	931.251
20.6367	949.721
20.6425	950.269
20.6483	921.087
20.6542	921.087
20.66
20.6658
20.6716
20.6774
20.6832
20.689
20.6948
20.7006
20.7064
20.7122
20.718
20.7238
20.7296
20.7354
20.7412
20.747
20.7528
20.7586
20.7644
20.7702
20.7761
20.7819
20.7877
20.7935
20.7993
20.8051
20.8109
20.8167
20.8225
20.8283
20.8341
20.8399
20.8457
20.8515
20.8573
20.8631
20.8689
20.8747
20.8805
20.8863
20.8922
20.898
20.9038
20.9096
20.9154
20.9212
20.927
20.9328
20.9386
20.9444
20.9502
20.956
20.9618
20.9676
20.9734
20.9792
20.985
20.9908
20.9966	422.808
21.0024	434.193
21.0083	435.952
21.0141	434.193
21.0199	433.441
21.0257	431.194	1896.15
21.0315	428.463	1896.15
21.0373	409.351	1848.57
21.0431	392.675	1819.96
21.0489	391.091	1805.3
21.0547	388.389	1801.14
21.0605	403.715	1801.14
21.0663	404.883	1815.76	354.717
21.0721	404.649	1796.98	351.048
21.0779	387.269	1781.48	346.816
21.0837	387.269	1794.91	344.221
21.0895	1796.98	340.858
21.0953	1813.67	336.165
21.1011	1798.02	331.729
21.1069	1822.07	331.154
21.1127	1819.96	339.679	1793.87
21.1185	1822.07	340.858	1862.5
21.1244	1858.2	338.895	1865.73
21.1302	1877.62	332.112	1866.81
21.136	1880.88	325.277	1871.13
21.1418	1884.14	322.471	1880.88
21.1476	1884.14	316.2	1881.97
21.1534	1883.06	314.197	1881.97
21.1592	1863.58	319.874	1878.71
21.165	1897.25	323.404	1891.78
21.1708	1910.44	327.729	1909.34
21.1766	1899.44	326.595	1899.44
21.1824	1878.71	322.844	1880.88
21.1882	1867.89	318.951	1866.81
21.194	1886.32	315.47	1886.32
21.1998	1893.96	316.931	1898.34
21.2056	320.429	1893.96
21.2114	321.541	1900.54
21.2172	322.658	1895.06
21.223	323.404
21.2288	326.218
21.2346	331.92
21.2405	342.634
21.2463	349.834
21.2521	361.544
21.2579	365.322	365.745
21.2637	368.076	368.289
21.2695	368.076	368.289
21.2753	344.221	367.863
21.2811	326.595	368.927
21.2869	331.154	373.214
21.2927	383.485
21.2985	383.485
21.3043	406.054
21.3101	408.406
21.3159	410.535
21.3217	411.246
21.3275	410.535
21.3333	408.406
21.3391	406.054
21.3449	401.854
21.3507	389.963
21.3566	385.261
21.3624	371.923
21.3682	362.589
21.374	352.878
21.3798	345.217
21.3856	343.625
21.3914	340.464
21.3972	337.722
21.403	326.595
21.4088	320.984
21.4146	315.288
21.4204	312.749
21.4262	312.027
21.432	300.529
21.4378	292.818
21.4436	296.049
21.4494	297.077
21.4552
21.461
21.4668	443.829
21.4727	445.37
21.4785	425.749
21.4843	428.958
21.4901	432.441
21.4959	434.946
21.5017	428.71
21.5075	415.545
21.5133	418.919
21.5191	419.888	422.564
21.5249	421.345	425.258
21.5307	409.824	424.276
21.5365	411.722	415.785
21.5423	411.722	411.009
21.5481	414.107	411.246
21.5539	412.913	431.692
21.5597	410.772	434.946
21.5655	415.545	433.191
21.5713	410.061	413.39	425.258
21.5771	404.182	405.351	423.542
21.5829	404.182	406.288	423.297
21.5888	419.645	408.642	422.564
21.5946	419.645	416.747	424.521
21.6004	419.645	419.161	424.521
21.6062	419.645	421.102	426.487
21.612	426.734	427.227	848.552
21.6178	428.463	428.463	856.431
21.6236	426.981	426.981	849.043
21.6294	423.297	423.297	839.775
21.6352	416.506	416.506	835.421
21.641	412.436	412.674	835.904
21.6468	408.642	408.878	826.78
21.6526	394.95	798.156
21.6584	386.375	771.859
21.6642	382.379	762.112
21.67	379.738	755.974
21.6758	363.638	721.836
21.6816	355.538	693.632
21.6874	348.624	675.835
21.6932	345.018	667.301	987.196
21.699	330.772	656.974	969.117
21.7049	327.351	653.568	966.322
21.7107	328.108	655.837	968.557
21.7165	327.162	658.114	965.764	426.241
21.7223	325.841	650.555	945.342	428.71
21.7281	330.009	663.457	914.724	429.95
21.7339	312.749	663.457	903.174	433.692
21.7397	305.782	663.457	894.348	434.946
21.7455	309.156	906.309	440.254
21.7513	323.965	900.569	442.038
21.7571	897.972	441.528
21.7629	903.174	439.746
21.7687	921.087	438.985
21.7745	921.087	438.731
21.7803	921.087	439.492
21.7861	921.087	442.038
21.7919	921.087	435.197
21.7977	437.213
21.8035	444.085
21.8093	439.492
21.8151	438.224
21.821	437.719
21.8268	434.695
21.8326	422.564
21.8384	437.971
21.8442	430.696
21.85
21.8558
21.8616
21.8674
21.8732
21.879
21.8848
21.8906
21.8964
21.9022	1610.2
21.908	1540.15
21.9138	1561.65
21.9196	1586.2
21.9254	1577.98	396.092
21.9312	1568.89	394.266
21.9371	1554.45	389.963
21.9429	1559.85	387.941
21.9487	1582.54	385.707
21.9545	1604.63	386.375
21.9603	1590.79	404.182
21.9661	1616.73	402.783
21.9719	1572.52	398.157
21.9777	1585.29	378.861
21.9835	1559.85	380.177
21.9893	1564.36	385.707
21.9951	1599.08	402.086
22.0009	1599.08	399.77	417.469
22.0067	399.078	425.258
22.0125	404.415	426.981
22.0183	400.001	428.463
22.0241	398.617	429.702
22.0299	398.617	431.194
22.0357	402.783	434.444
22.0415	406.758	441.528
22.0473	407.228	441.783
22.0532	403.715	437.719
22.059	411.722	437.719	376.897
22.0648	411.484	442.549	374.294
22.0706	411.009	443.829	371.923
22.0764	407.228	443.829	370.208
22.0822	411.722	443.829	368.927
22.088	408.878	464.015	351.86
22.0938	405.351	475.684	343.625
22.0996	401.622	340.661
22.1054	394.95	340.268
22.1112	389.063	338.308
22.117	384.816	340.858
22.1228	380.836	341.646
22.1286	392.675	342.832
22.1344	404.649	341.844
22.1402	406.054	339.875
22.146	406.054	339.679
22.1518	400.926	339.286
22.1576	401.854	339.286
22.1634	391.769	338.503
22.1693	337.332
22.1751	336.359
22.1809	330.581
22.1867	328.677
22.1925	325.841
22.1983	324.714
22.2041	321.355
22.2099	319.689
22.2157	318.215
22.2215	316.2
22.2273	316.383
22.2331	316.2
22.2389	309.872
22.2447	307.731
22.2505	306.844
22.2563	306.489
22.2621	305.253
22.2679	305.605
22.2737	305.782
22.2795	305.605
22.2854	305.429
22.2912	304.372
22.297	304.548
22.3028	315.106	388.389
22.3086	317.664	384.816
22.3144	331.346	383.707
22.3202	357.185	382.379
22.326	344.023	383.928
22.3318	346.215	385.929
22.3376	388.614
22.3434	390.639
22.3492	391.317
22.355	391.769
22.3608	392.449
22.3666	393.356
22.3724	391.995
22.3782	390.865	782.182
22.384	386.822	771.859
22.3898	383.928	759.914
22.3956	383.707	755.101
22.4015	373.214	747.723
22.4073	369.567	737.003	1463.82
22.4131	366.167	734.029	1464.67
22.4189	366.167	733.181	1464.67
22.4247	365.322	730.645	1458.76
22.4305	361.544	725.598	1451.2
22.4363	360.501	722.67	1444.51
22.4421	358.425	718.093	1436.19
22.4479	357.391	713.133	1424.62
22.4537	355.538	708.616	1417.23
22.4595	350.643	700.881	1410.7
22.4653	348.221	697.247	1394.49
22.4711	346.415	696.845	1383.26	340.464
22.4769	339.09	678.965	1375.3	339.679
22.4827	335.196	671.942	1346.99	339.09
22.4885	334.036	668.458	1339.23	336.359
22.4943	329.437	659.255	1329.22	327.918
22.5001	326.973	659.255	1320.8	328.108
22.5059	328.297	659.255	1324.62	329.247
22.5117	326.03	639.379	1323.09	328.867
22.5176	316.017	626.22	1357.15	323.591
22.5234	317.114	630.212	1336.92	319.689
22.5292	317.481	628.758	1329.22	314.924
22.535	307.909	615.107	1310.92	308.265
22.5408	301.224	605.238	1336.14	306.666
22.5466	295.537	592.44	1330.75	296.391
22.5524	294.174	591.073	1336.92	295.366
22.5582	292.818	585.636	1311.67	293.156
22.564	281.702	577.24	289.12
22.5698	579.578	279.595
22.5756	561.455	280.241
22.5814	553.725	275.109
22.5872	550.536	285.14
22.593	538.895	283.989
22.5988	520.237	274.791
22.6046	503.097	273.999
22.6104	500.488	272.263
22.6162	499.622	276.064
22.622	510.71	272.578
22.6278	517.839	271.008
22.6336	264.36
22.6395	262.079
22.6453	259.969
22.6511
22.6569
22.6627
22.6685
22.6743
22.6801
22.6859
22.6917
22.6975
22.7033
22.7091
22.7149
22.7207
22.7265
22.7323
22.7381
22.7439
22.7498
22.7556
22.7614
22.7672
22.773
22.7788	506.304
22.7846	510.12
22.7904	512.187
22.7962	491.322
22.802	503.97
22.8078	502.226
22.8136	515.749
22.8194	516.346
22.8252	506.011
22.831	518.138
22.8368	513.965
22.8426	513.075
22.8484	519.637
22.8542	521.14
22.86	517.241
22.8659	510.12
22.8717	508.943
22.8775	513.668
22.8833	519.337
22.8891	509.237
22.8949	519.037
22.9007	511.595
22.9065	501.357
22.9123	525.371
22.9181	499.911
22.9239	518.737
22.9297	524.461
22.9355	524.461
22.9413	511.3
22.9471	529.637
22.9529
22.9587
22.9645
22.9703
22.9761
22.9819
22.9878
22.9936
22.9994
23.0052
23.011
23.0168	417.952
23.0226	420.616
23.0284	426.241
23.0342	428.71
23.04	431.443
23.0458	445.113
23.0516	436.204
23.0574	436.708
23.0632	417.228
23.069	409.587
23.0748	392.902
23.0806	383.928
23.0864	369.567
23.0922	362.589
23.098	342.041
23.1039	334.422
23.1097	324.527
23.1155	319.136
23.1213	306.844
23.1271	308.978
23.1329	308.978
23.1387	308.978
23.1445	301.224
23.1503	301.224	370.208
23.1561	395.635
23.1619	408.878
23.1677	406.288
23.1735	406.054
23.1793	409.824
23.1851	416.506
23.1909	430.696
23.1967	428.215
23.2025	427.721
23.2083	436.961
23.2141	437.971
23.22	441.783
23.2258	441.273
23.2316	435.197
23.2374	433.441
23.2432	432.191
23.249	421.345
23.2548	434.946
23.2606	447.95
23.2664	450.024
23.2722	440
23.278	430.945	386.822
23.2838	426.734	370.208
23.2896	424.031	374.294
23.2954	426.981	381.056
23.3012	425.503	376.244
23.307	422.076	384.816
23.3128	422.808	384.372
23.3186	440.509	380.836
23.3244	444.599	386.822
23.3302	428.71	389.513
23.3361	432.941	390.414
23.3419	447.174	372.568
23.3477	434.946	364.901
23.3535	357.804
23.3593	350.846
23.3651	350.238
23.3709	344.023
23.3767	346.215
23.3825	348.624
23.3883	339.286
23.3941	336.165
23.3999	343.824
23.4057	351.454
23.4115	351.048
23.4173	350.846
23.4231	339.482
23.4289
23.4347
23.4405
23.4463
23.4522
23.458
23.4638
23.4696
23.4754
23.4812
23.487	413.629
23.4928	428.463
23.4986	429.454
23.5044	430.199
23.5102	432.441
23.516	436.961
23.5218	441.783
23.5276	441.273
23.5334	440.763
23.5392	434.946
23.545	445.113
23.5508	446.142
23.5566	450.284
23.5624	452.37
23.5683	451.587
23.5741	460.543
23.5799	458.42
23.5857	460.543	383.707
23.5915	438.985	380.836
23.5973	444.085	372.138
23.6031	376.244
23.6089	383.264
23.6147	381.938
23.6205	380.836
23.6263	386.152
23.6321	401.622
23.6379	385.039
23.6437	403.249
23.6495	403.016
23.6553	401.622
23.6611	400.232
23.6669	394.95
23.6727	388.838
23.6785	383.042
23.6844	373.43
23.6902	366.591
23.696	361.126
23.7018	349.43
23.7076	345.217
23.7134	345.217
23.7192	344.619
23.725	331.537
23.7308	327.54
23.7366	326.973
23.7424	320.244
23.7482	316.748
23.754	318.215
23.7598
23.7656
23.7714
23.7772
23.783
23.7888
23.7946
23.8005
23.8063
23.8121
23.8179
23.8237
23.8295
23.8353
23.8411
23.8469
23.8527
23.8585
23.8643
23.8701
23.8759
23.8817
23.8875
23.8933
23.8991
23.9049
23.9107
23.9166	1627.97
23.9224	1625.15
23.9282	1627.03
23.934	1625.15
23.9398	1623.28
23.9456	1625.15
23.9514	1624.21
23.9572	1623.28
23.963	1627.97
23.9688	1631.74
23.9746	1629.85
23.9804	1600
23.9862	1577.06
23.992	1556.25
23.9978	1581.63
24.0036	1549.08
24.0094	1524.22
24.0152	1524.22
24.021	1646.89
24.0268	1646.89
24.0327	1646.89
24.0385
24.0443
24.0501
24.0559
24.0617
24.0675
24.0733
24.0791
24.0849
24.0907
24.0965	683.687
24.1023	682.11
24.1081	674.275
24.1139	668.458
24.1197	670.779
24.1255	678.965
24.1313	687.648
24.1371	671.942
24.1429	671.554
24.1488	665.761
24.1546	672.719
24.1604	675.835
24.1662	686.061
24.172	716.436
24.1778	718.508
24.1836	714.369
24.1894	716.022
24.1952	681.716
24.201	674.275
24.2068	667.686
24.2126	690.035
24.2184	678.573
24.2242	691.631
24.23	693.632
24.2358	700.881
24.2416	700.881	762.553
24.2474	753.794
24.2532	751.186
24.259	748.587
24.2649	742.558
24.2707	736.577
24.2765	728.959
24.2823	700.881
24.2881	688.841
24.2939	705.349
24.2997	679.357
24.3055	650.555
24.3113	650.555
24.3171	633.131
24.3229	639.748
24.3287	670.004
24.3345	698.456
24.3403	709.025
24.3461	709.025
24.3519	689.637
24.3577
24.3635
24.3693
24.3751
24.381
24.3868
24.3926
24.3984
24.4042
24.41
24.4158
24.4216
24.4274
24.4332
24.439
24.4448
24.4506
24.4564
24.4622
24.468
24.4738
24.4796
24.4854
24.4912
24.4971
24.5029
24.5087
24.5145
24.5203
24.5261
24.5319
24.5377
24.5435
24.5493
24.5551
24.5609
24.5667
24.5725
24.5783
24.5841
24.5899
24.5957
24.6015
24.6073
24.6132
24.619
24.6248
24.6306
24.6364
24.6422
24.648
24.6538
24.6596
24.6654
24.6712
24.677
24.6828
24.6886
24.6944
24.7002
24.706
24.7118
24.7176
24.7234
24.7293
24.7351
24.7409
24.7467
24.7525
24.7583	542.957
24.7641	514.262
24.7699	516.644
24.7757	518.438
24.7815	515.452
24.7873	514.559
24.7931	523.553
24.7989	517.241
24.8047	519.637
24.8105	518.438
24.8163	521.14
24.8221	519.337
24.8279	511.005	419.161
24.8337	502.226	411.96	411.96
24.8395	520.538	412.674	412.674
24.8454	507.475	413.39	413.39
24.8512	519.037	419.161	405.351
24.857	536.101	425.258	404.415
24.8628	523.856	431.692	405.117
24.8686	526.282	410.535	399.308
24.8744	509.826	425.258	400.001
24.8802	512.187	435.197	396.092
24.886	534.246	430.447	390.865
24.8918	439.746	388.838
24.8976	451.587	375.593
24.9034	439.238	369.781	743.846
24.9092	454.203	371.279	741.701
24.915	443.06	371.279	742.129
24.9208	372.138	736.152
24.9266	372.568	713.545
24.9324	370.422	736.152
24.9382	366.167	729.38
24.944	361.753	725.179
24.9498	361.753	724.342
24.9556	361.126	724.342
24.9615	363.218	724.76
24.9673	359.669	718.093
24.9731	354.103	711.487
24.9789	352.064	694.835
24.9847	344.818	688.045
24.9905	344.42	688.443
24.9963	347.417	685.269
25.0021	335.583	677.007
25.0079	330.581	655.837
25.0137	336.943	669.617
25.0195	328.108	637.166
25.0253	329.628	630.94
25.0311	329.818	636.798
25.0369	341.252	619.743
25.0427	354.103	600.364
25.0485	597.251
25.0543	602.796
25.0601	589.028
25.0659	589.028
25.0717	589.369
25.0776	588.688
25.0834	588.688
25.0892	639.009
25.095	627.306
25.1008	622.973
25.1066	606.638
25.1124	642.711
25.1182	642.711
25.124	642.711
25.1298
25.1356
25.1414
25.1472
25.153
25.1588
25.1646
25.1704
25.1762
25.182
25.1878
25.1937
25.1995
25.2053
25.2111
25.2169
25.2227
25.2285
25.2343
25.2401
25.2459
25.2517
25.2575
25.2633
25.2691
25.2749
25.2807
25.2865
25.2923
25.2981
25.3039
25.3097
25.3156
25.3214
25.3272
25.333
25.3388
25.3446
25.3504
25.3562
25.362
25.3678
25.3736
25.3794
25.3852
25.391
25.3968
25.4026
25.4084
25.4142
25.42
25.4258
25.4317
25.4375
25.4433
25.4491
25.4549
25.4607
25.4665
25.4723
25.4781
25.4839
25.4897
25.4955
25.5013
25.5071
25.5129
25.5187
25.5245	422.564
25.5303	406.523
25.5361	406.288
25.542	408.406
25.5478	410.061
25.5536	411.246
25.5594	425.749
25.5652	429.702
25.571	434.444
25.5768	439.746
25.5826	443.829
25.5884	446.142
25.5942	448.467
25.6	447.433
25.6058	446.658
25.6116	448.727
25.6174	447.174
25.6232	440
25.629	438.985
25.6348	442.038
25.6406	418.435
25.6464	430.447
25.6522	430.447
25.658	415.545
25.6639	417.952
25.6697	408.642
25.6755	407.228
25.6813	425.012
25.6871	411.246	385.707
25.6929	422.564	381.497
25.6987	406.993	383.485
25.7045	411.722	388.389
25.7103	421.589	393.356
25.7161	421.589	406.054
25.7219	408.17
25.7277	407.463
25.7335	406.523
25.7393	396.779
25.7451	390.865
25.7509	386.822
25.7567	371.065
25.7625	365.533
25.7683	362.171
25.7741	371.708
25.78	377.769
25.7858	379.957
25.7916	369.354
25.7974	366.379
25.8032	362.799
25.809	363.428	406.523
25.8148	363.218	427.474
25.8206	364.269	419.161
25.8264	364.479	410.772
25.8322	353.082	411.009
25.838	411.246
25.8438	410.297
25.8496	411.484
25.8554	407.228
25.8612	408.878
25.867	413.629
25.8728	404.182
25.8786	416.265
25.8844	416.025
25.8902	417.711
25.8961	416.265
25.9019	411.009
25.9077	417.711
25.9135	414.825
25.9193	410.772
25.9251	411.009
25.9309	410.772
25.9367	414.825
25.9425	399.078
25.9483	407.934
25.9541	407.934
25.9599	416.747
25.9657	422.32
25.9715	415.545
25.9773	427.227	452.109
25.9831	419.403	429.206
25.9889	416.747	430.696
25.9947	424.767	429.702
26.0005	427.968	425.749
26.0063	411.722	416.025
26.0122	413.868
26.018	413.868
26.0238	412.436
26.0296	412.436
26.0354	409.114
26.0412	403.482
26.047	398.847
26.0528	394.95
26.0586	389.963
26.0644	388.165
26.0702	383.264
26.076	387.493
26.0818	394.266
26.0876	391.995
26.0934	394.266
26.0992	394.494
26.105	389.513
26.1108	374.294
26.1166	370.208	422.32
26.1224	362.38	422.32
26.1283	343.229	422.564
26.1341	424.276
26.1399	426.981
26.1457	429.702
26.1515	432.691
26.1573	431.443
26.1631	430.945
26.1689	428.958
26.1747	435.449
26.1805	445.37
26.1863	436.708	527.805
26.1921	434.695	531.476
26.1979	429.702	525.675
26.2037	422.32	523.251
26.2095	438.731	522.949
26.2153	455.517	522.044
26.2211	443.573	522.044
26.2269	522.647
26.2327	522.044
26.2385	521.441
26.2444	521.441
26.2502	523.856
26.256	522.647
26.2618	513.965
26.2676	526.586	352.064
26.2734	531.783	355.743
26.2792	520.538	377.551
26.285	519.637	353.899
26.2908	519.937	363.638
26.2966	516.346	366.591
26.3024	526.586	383.042
26.3082	517.839	386.152
26.314	526.282	393.811
26.3198	526.586	391.995
26.3256	521.14	391.995
26.3314	517.839	391.995
26.3372	521.441	390.639
26.343	520.538	387.046
26.3488	516.644	384.372
26.3546	531.783	381.497
26.3605	516.047	368.714
26.3663	524.159	360.709
26.3721	529.331	353.694
26.3779	527.805	346.016
26.3837	528.72	342.437
26.3895	523.856	342.832
26.3953	520.839	343.625
26.4011	525.978	343.625
26.4069	516.346	344.023
26.4127	523.251	341.844
26.4185	520.839	342.239
26.4243	510.71	341.646
26.4301	522.647	339.679
26.4359	516.942	334.036
26.4417	519.637	317.848
26.4475	513.965	314.379	726.856
26.4533	519.037	321.17	727.276
26.4591	517.839	326.595	723.923
26.4649	530.249	326.595	718.093
26.4707	528.414	315.835	721.836
26.4766	530.249	718.923
26.4824	526.586	713.133
26.4882	526.586	710.665
26.494	526.586	711.487
26.4998	521.742	695.638
26.5056	531.783	707.389
26.5114	522.647	709.025
26.5172	508.355	710.255
26.523	510.12	707.798
26.5288	704.128
26.5346	716.436
26.5404	700.072
26.5462	669.617
26.552	670.391
26.5578	660.017
26.5636	637.535
26.5694	636.798
26.5752	630.576
26.581	628.031
26.5868	632.765	377.551
26.5927	629.848	383.485
26.5985	633.497	408.878
26.6043	646.808	406.523
26.6101	660.78	405.585
26.6159	646.808	404.415
26.6217	640.117	401.158
26.6275	656.216	392.222
26.6333	649.053	387.717
26.6391	643.082	384.15
26.6449	644.57	380.177
26.6507	622.254	373.43
26.6565	367.439
26.6623	366.379
26.6681	364.269
26.6739	363.218
26.6797	364.058
26.6855	363.218
26.6913	360.709
26.6971	358.632
26.7029	358.839
26.7088	355.333
26.7146	346.016
26.7204	343.625
26.7262	345.018
26.732	345.416
26.7378	343.625
26.7436	338.699
26.7494	337.137	697.247
26.7552	336.359	699.264
26.761	335.389	658.494
26.7668	334.229	648.304
26.7726	333.265	648.678
26.7784	333.265	643.454
26.7842	340.268	645.315
26.79	322.844	643.082
26.7958	321.727	643.454
26.8016	327.918	647.181
26.8074	322.471	646.061
26.8132	320.614	642.34
26.819	319.874	641.969
26.8249	313.653	628.758
26.8307	310.051	618.313
26.8365	306.135	611.564
26.8423	310.947	600.364
26.8481	294.855	592.098
26.8539	290.627	583.273
26.8597	291.805	583.947
26.8655	288.62	578.575
26.8713	290.627	569.951
26.8771	285.634	570.609
26.8829	283.334	562.104
26.8887	283.334	581.59
26.8945	282.843	561.779
26.9003	295.195	577.24
26.9061	298.281	602.448
26.9119	306.312	578.241
26.9177	289.455	564.381
26.9235	262.534	544.842
26.9293	274.316
26.9351
26.941
26.9468
26.9526
26.9584
26.9642
26.97
26.9758
26.9816
26.9874
26.9932
26.999
27.0048
27.0106
27.0164	410.535
27.0222	430.447
27.028	430.945
27.0338	432.441
27.0396	436.456
27.0454	434.695	820.121
27.0512	438.478	821.069
27.0571	433.942	820.121
27.0629	434.193	817.756
27.0687	434.444	820.121
27.0745	430.199	820.121
27.0803	424.767	820.121
27.0861	406.993	810.701
27.0919	402.318	810.233
27.0977	401.158	805.566
27.1035	397.697	793.1
27.1093	394.95	779.025
27.1151	383.485	770.968
27.1209	375.159	746.428
27.1267	367.014	735.727
27.1325	359.254	722.253
27.1383	356.36	714.782
27.1441	357.804	711.898
27.1499	354.922	711.076
27.1557	354.717	709.025
27.1615	353.286	708.207
27.1673	351.86	702.097
27.1732	350.036	700.072
27.179	350.036	698.86
27.1848	346.215	692.431
27.1906	343.229	686.854
27.1964	342.041	682.898
27.2022	338.503	674.664
27.208	335.971	670.391
27.2138	335.002	666.915
27.2196	346.616	656.974
27.2254	326.973	656.216
27.2312	325.465	650.93
27.237	322.099	642.34
27.2428	311.667	624.054
27.2486	308.087	621.895
27.2544	306.666	610.505
27.2602	299.835	600.711
27.266	298.108	597.596
27.2718	295.025	592.783
27.2776	297.077	605.938
27.2834	283.334	636.431
27.2893	292.649	608.042
27.2951	563.404
27.3009	558.866
27.3067	575.907
27.3125	568.635
27.3183	586.651
27.3241	571.599
27.3299	525.068
27.3357
27.3415
27.3473
27.3531
27.3589
27.3647
27.3705
27.3763
27.3821
27.3879
27.3937
27.3995
27.4054
27.4112
27.417
27.4228
27.4286
27.4344
27.4402
27.446
27.4518
27.4576
27.4634
27.4692
27.475
27.4808
27.4866
27.4924
27.4982
27.504
27.5098
27.5156
27.5215
27.5273
27.5331
27.5389
27.5447
27.5505
27.5563
27.5621
27.5679
27.5737
27.5795
27.5853
27.5911
27.5969	411.96
27.6027	409.824
27.6085	428.958
27.6143	425.012
27.6201	447.691
27.6259	447.433
27.6317	449.245
27.6376	450.545
27.6434	448.467
27.6492	439.492
27.655	437.213
27.6608	441.528
27.6666	450.805
27.6724	449.245
27.6782	443.06
27.684	448.467
27.6898	435.197
27.6956	441.273
27.7014	428.215
27.7072	437.213
27.713	445.885
27.7188	438.224
27.7246	445.885
27.7304	447.691
27.7362	448.727
27.742	459.746
27.7478	445.627
27.7537	448.209
27.7595	472.125
27.7653	474.586
27.7711	450.024	417.952
27.7769	457.098	414.586
27.7827	465.357	410.061
27.7885	466.164	408.878
27.7943	470.22	426.487
27.8001	477.887	427.721
27.8059	505.135	430.696
27.8117	502.807	406.523
27.8175	525.978	406.288	762.553
27.8233	404.883	756.848
27.8291	406.523	740.416
27.8349	413.151	716.849
27.8407	418.919	693.231
27.8465	424.276	670.004
27.8523	420.859	655.08
27.8581	408.642	630.576
27.8639	411.246	617.599
27.8698	409.824	614.397
27.8756	404.883	610.153
27.8814	406.993	607.691
27.8872	411.484	613.333
27.893	407.228	615.818
27.8988	405.585	630.94
27.9046	402.783	615.107
27.9104	412.674	630.212
27.9162	410.535	638.271
27.922	400.695	605.588
27.9278	415.065	636.431
27.9336	432.441	636.798
27.9394	423.786	639.748
27.9452	410.772	639.748
27.951	416.747	616.174
27.9568	416.747	614.752
27.9626	617.599
27.9684	615.818
27.9742	618.67
27.98	612.979
27.9858	612.979
27.9917	615.462
27.9975	606.989
28.0033	589.028
28.0091	589.028
28.0149	606.288
28.0207	610.858
28.0265	614.042
28.0323	634.229
28.0381	660.017
28.0439	671.942
28.0497	643.082
28.0555	610.505
28.0613	591.756
28.0671	1197.96
28.0729	1190.37
28.0787	1207.68
28.0845	1245.23
28.0903	1242.35
28.0961	1234.48
28.1019	1209.08
28.1078	1168.57
28.1136	1146.5
28.1194	1140.56
28.1252	1167.22
28.131	1143.86
28.1368	1124.21
28.1426	1083.41	730.645
28.1484	1058.05	716.849
28.1542	1036.88	675.835
28.16	1027.34	663.841
28.1658	1024.97	654.701
28.1716	1035.68	634.962
28.1774	1041.68	624.414
28.1832	1047.11	627.669
28.189	1069.11	607.691
28.1948	596.217
28.2006	600.711
28.2064	600.017
28.2122	596.217
28.2181	572.26
28.2239	592.098
28.2297	574.91
28.2355	565.687
28.2413	549.9
28.2471	555.327
28.2529	557.255
28.2587	592.783
28.2645	590.05
28.2703
28.2761
28.2819
28.2877
28.2935
28.2993
28.3051
28.3109
28.3167
28.3225
28.3283
28.3341
28.34
28.3458
28.3516
28.3574	381.938
28.3632	386.375
28.369	387.269
28.3748	384.372
28.3806	385.929
28.3864	380.836
28.3922	387.493
28.398	389.963
28.4038	385.929
28.4096	388.614
28.4154	391.317
28.4212	397.238
28.427	380.177
28.4328	381.717
28.4386	393.584
28.4444	399.078
28.4502	401.622
28.4561	397.697
28.4619	400.695
28.4677	394.95
28.4735	397.238
28.4793	406.288
28.4851	400.926
28.4909	395.864
28.4967	409.587
28.5025	404.649	337.332
28.5083	420.616	347.618
28.5141	403.948	346.215
28.5199	413.868	332.688
28.5257	399.539	340.071
28.5315	401.854	350.441
28.5373	396.321	350.441
28.5431	409.114	349.632
28.5489	419.161	350.643
28.5547	411.722	347.217
28.5605	412.436	348.02
28.5663	420.616	348.02
28.5722	421.589	346.816
28.578	423.053	348.422
28.5838	422.808	347.618
28.5896	424.767	348.02
28.5954	429.454	347.217
28.6012	410.535	349.834
28.607	418.919	351.454
28.6128	424.276	355.949
28.6186	432.941	359.669
28.6244	441.273	361.962
28.6302	445.627	364.479
28.636	459.215	367.014
28.6418	476.509	364.69
28.6476	477.611	363.009
28.6534	472.671	362.799
28.6592	464.819	357.598
28.665	366.591
28.6708	370.422
28.6766	369.354
28.6824	372.138
28.6883	370.636	1119.67
28.6941	377.551	1117.73
28.6999	375.593	1119.03
28.7057	371.923	1117.73
28.7115	368.501	1118.38
28.7173	367.651	1115.15
28.7231	368.714	1106.17
28.7289	356.978	1088.43
28.7347	356.772	1079.66
28.7405	347.016	1075.92
28.7463	337.722	1060.5
28.7521	335.971	1023.19
28.7579	343.229	1003.87
28.7637	349.43	1034.48
28.7695	336.359	995.787
28.7753	331.92	966.322
28.7811	331.537	967.997
28.7869	328.677	975.294
28.7927	321.355	959.647
28.7985	312.929	952.468
28.8044	305.605	918.961
28.8102	303.67	929.102
28.816	309.872
28.8218	309.872
28.8276
28.8334
28.8392
28.845
28.8508
28.8566
28.8624
28.8682
28.874
28.8798
28.8856
28.8914
28.8972
28.903
28.9088
28.9146
28.9205
28.9263
28.9321
28.9379
28.9437
28.9495
28.9553
28.9611
28.9669	417.711
28.9727	409.351
28.9785	412.436
28.9843	413.39
28.9901	414.346
28.9959	413.39
29.0017	413.39
29.0075	414.586
29.0133	412.436
29.0191	408.17
29.0249	408.17
29.0307	399.308
29.0366	385.039
29.0424	381.497
29.0482	373.861	740.416
29.054	360.709	721.419
29.0598	352.878	710.255
29.0656	352.878	702.503
29.0714	388.838	690.833
29.0772	380.616	680.929
29.083	390.188	672.719
29.0888	387.493	667.686
29.0946	666.145
29.1004	672.33
29.1062	678.181
29.112	690.035
29.1178	681.716
29.1236	680.929
29.1294	677.398
29.1352	678.181
29.141	685.269
29.1468	667.301
29.1527	664.224
29.1585	650.179
29.1643	646.061
29.1701	646.808
29.1759	641.969
29.1817	644.57
29.1875	632.4
29.1933	646.808
29.1991	644.198
29.2049	657.354
29.2107	655.08
29.2165	630.212
29.2223	630.212
29.2281	605.938
29.2339	616.53
29.2397
29.2455
29.2513
29.2571
29.2629
29.2688
29.2746
29.2804
29.2862
29.292
29.2978
29.3036
29.3094
29.3152
29.321
29.3268
29.3326
29.3384
29.3442
29.35
29.3558
29.3616
29.3674
29.3732
29.379
29.3849
29.3907
29.3965
29.4023
29.4081
29.4139
29.4197
29.4255
29.4313
29.4371
29.4429
29.4487
29.4545
29.4603
29.4661
29.4719
29.4777
29.4835
29.4893
29.4951
29.501
29.5068	365.322
29.5126	371.923
29.5184	383.042
29.5242	383.264
29.53	388.389
29.5358	390.414
29.5416	397.467
29.5474	401.622
29.5532	404.182
29.559	405.117	816.34
29.5648	394.266	807.896
29.5706	391.995	790.357
29.5764	400.463	805.101
29.5822	400.926	802.779
29.588	394.494	789.9
29.5938	391.091	781.279
29.5996	391.317	792.185
29.6054	392.675	788.077
29.6112	389.963	782.634
29.6171	377.115	800.002	1479.98
29.6229	373.645	799.078	1474.01
29.6287	371.279	816.34	1474.86
29.6345	370.208	816.812	1469.75
29.6403	365.111	797.695	1466.36
29.6461	366.803	789.444	1466.36
29.6519	364.269	790.357	1465.52
29.6577	361.544	789.9	1458.76
29.6635	360.501	824.396	1445.34
29.6693	360.085	813.986	1441.17
29.6751	360.085	816.812	1428.74
29.6809	356.772	824.872	1427.09
29.6867	356.155	833.493	1445.34
29.6925	357.185	830.13	1428.74
29.6983	354.308	821.069	1422.15
29.7041	349.228	821.069	1411.51
29.7099	346.016	821.069	1403.38
29.7157	347.417	805.566	1400.14
29.7215	345.416	801.852	1375.3
29.7273	342.239	800.002	1452.87
29.7332	336.943	794.017	1447.85
29.739	336.359	798.617	1413.96
29.7448	338.503	784.444	1389.67
29.7506	339.482	808.363	1380.87
29.7564	330.963	814.927	1320.03
29.7622	330.009	780.376	1402.57
29.768	328.867	788.988	1418.87
29.7738	325.841	815.869
29.7796	325.277	827.736
29.7854	323.404	821.069
29.7912	325.277	826.78
29.797	322.658	821.543
29.8028	320.799	799.54
29.8086	316.565	822.493
29.8144	314.742	823.444
29.8202	316.017	839.29
29.826	325.465	832.531
29.8318	312.568	825.825
29.8376	310.588	828.214
29.8434	302.27	818.228
29.8493	301.05	799.078
29.8551	300.182	801.389
29.8609	297.249	803.243
29.8667	297.42	806.964
29.8725	294.344	817.756
29.8783	817.756
29.8841	817.756
29.8899
29.8957
29.9015
29.9073
29.9131
