3.71519	3.8371	6459.44	3.35635
3.81388	4.05188	12536.6	10.5162
4.0693	4.24925	12941.3	10.1606
4.25506	4.54531	13038.8	4.8869
5.56698	5.85723	2617.29	9.44256
7.17497	7.32009	1951.71	5.26052
7.56971	7.75546	3326.28	2.34557
7.86576	8.12698	5329.16	4.63345
7.92961	8.15601	2658.43	25.2769
8.06313	8.30113	2661.5	30.7138
8.20825	8.60299	2663.04	38.3785
8.51011	8.92807	2633.98	16.8711
12.1731	12.353	2207.24	2.8247
12.2601	12.4981	2211.07	2.5454
14.3848	14.5879	1973.25	7.11445
14.4951	14.7505	1974.39	6.58094
14.9072	15.2555	1983.54	4.77686
15.0291	15.2265	10590.8	4.65897
15.1336	15.3716	10633.7	14.4152
15.1626	15.8766	1978.96	8.02686
15.2265	15.5806	10652.2	9.84762
15.3136	15.5283	6016.44	3.15444
15.4877	15.7373	5981.78	70.71
15.6619	15.9231	5978.33	87.6784
15.8302	15.9985	5974.88	55.6086
15.9347	16.4339	8285.42	17.8126
15.9753	16.2249	5974.88	52.3137
16.1146	16.4397	1187.62	24.742
16.2656	16.6255	5957.65	15.2313
16.492	16.8229	8290.21	8.81932
16.6371	16.9506	5967.98	10.915
16.6719	16.8287	1193.12	5.11653
16.7416	17.2408	1967.56	6.60114
17.2873	17.6878	1974.39	4.19067
17.6123	17.7458	3364.93	3.58986
17.7923	18.2509	1992.72	27.9423
17.8097	18.2451	8304.59	24.1757
17.8503	18.4424	1190.37	43.0224
18.3322	18.605	7080.78	7.7773
18.8314	19.1507	1778.39	27.0324
19.0578	19.2203	3542.44	19.4198
19.1158	19.3364	2656.9	22.1747
19.1449	19.4932	1320.03	12.8679
19.3016	19.4641	6761.03	9.17298
19.3422	20.4278	2643.12	45.2976
19.4003	19.5918	1771.22	4.11238
19.4351	19.7195	5313.79	13.2203
19.5512	19.795	1327.68	6.23766
19.7254	19.8531	1317.75	5.0674
19.7254	19.8531	1317.75	5.0674
19.8647	20.1375	1323.85	13.5282
20.1956	20.4394	1311.67	6.07786
20.4336	20.6077	2638.54	7.70499
20.6135	20.9444	2714.29	2.31243
23.9862	24.2126	5523.47	7.82403
24.1488	24.5261	3192.62	2.03082
24.5667	24.7583	2159.32	4.08476
24.944	26.3082	2647.7	123.806
25.0137	25.1762	1314.71	8.07831
25.0137	25.1762	1314.71	8.07831
25.1066	25.5942	5313.79	25.825
25.5884	25.6929	5662.38	8.80409
25.6697	25.9019	5329.16	24.3328
25.9193	26.1108	1316.23	14.6505
26.314	27.0396	2675.38	3.06614
26.4243	26.6217	5967.98	10.7352
26.6275	26.7842	5961.09	9.29136
26.97	27.2196	5978.33	6.90618
27.0919	27.4054	8261.53	3.04397
27.3125	27.5795	8266.3	3.38461
27.4866	27.6492	8261.53	2.09177
27.7653	27.951	8323.8	4.96905
27.8581	28.3051	8309.39	4.60579
28.0265	28.2239	1191.74	5.89806
28.0787	28.2935	5978.33	7.26981
28.2239	28.5722	5950.77	2.34324
28.3109	28.6186	8318.99	3.14184
