6.65832	6.97179	2806.77	339.332
6.68154	6.94277	5808.14	258.01
6.72798	6.9776	8652.25	235.274
6.80925	6.95438	3971.66	102.157
6.87891	7.08789	8469.3	78.2576
7.04145	7.27365	5419.18	105.279
7.05306	7.25624	2717.43	78.115
7.14594	7.3259	2470.4	81.324
7.19238	7.47102	3205.56	270.638
7.27365	7.45361	9728.67	326.031
7.33751	7.56971	6519.41	208.203
7.43039	7.70322	3278.59	112.6
7.70902	7.99927	3409.93	367.342
8.01088	8.17923	3333.97	104.165
8.2663	8.46367	3449.55	377.989
8.30113	8.48689	6683.37	373.287
8.4927	8.69007	6761.03	81.8849
8.56816	8.68426	3407.96	71.2494
8.71909	9.04998	3413.87	259.257
8.79456	9.03837	6741.53	274.016
8.841	8.98032	5180.44	99.739
9.13125	9.3054	5132.79	117.729
9.20671	9.48535	2536.92	119.76
9.44472	9.64209	4409.38	86.7211
9.44472	10.478	2223.87	521.764
9.56662	9.93234	6753.22	180.111
10.2168	10.4954	4338.64	95.086
10.269	10.4316	6455.71	88.4831
10.8379	10.9424	6246.62	139.828
11.2965	11.7261	3783.55	202.461
11.3604	11.5171	7681.61	244.799
11.639	11.906	4406.83	323.819
12.2601	12.4633	7179.63	183.753
12.3937	12.6549	3064.34	488.924
12.6317	12.8232	1647.84	217.28
12.7884	12.98	6444.53	339.483
12.8058	13.0206	3250.31	719.43
13.3224	13.6185	3345.55	477.3
13.5488	13.694	2849.24	200.879
13.6359	13.7868	3489.63	241.459
13.8101	13.9958	3148.67	307.593
13.8101	14.0771	9819	276.901
14.1003	14.3035	6687.23	41.1579
14.2745	14.5241	3431.66	388.33
14.3035	14.5357	6947.09	342.878
14.4544	14.7563	2579.77	134.398
14.646	14.8434	5261.87	41.3284
14.7098	14.8782	7721.65	70.0032
14.8666	15.1046	2591.72	51.0565
14.9769	15.6793	4491.64	195.604
15.0291	15.7489	2241.93	185.118
15.1568	15.9289	6706.57	176.948
15.5864	16.0682	4460.61	190.219
15.6735	16.0508	2212.34	243.481
15.9985	16.1669	4376.39	51.655
16.3236	16.4978	2652.3	641.398
16.5326	16.7242	2725.29	171.227
16.7358	16.8983	3631.52	76.6128
16.7938	16.9622	4800.14	136.092
16.8519	17.1015	2850.88	1066.93
17.1944	17.3627	2298.31	811.73
17.2815	17.4962	2088.17	1199.3
17.682	17.9664	2353.39	181.451
17.7749	18.0013	6598.98	362.906
17.8271	18.4366	2474.68	962.472
17.9548	18.2857	3798.88	411.444
18.3205	18.4308	4986.67	309.004
18.3205	18.7733	2849.24	764.499
18.814	19.1855	2857.48	323.999
18.8314	18.9301	3692.87	128.766
18.8836	19.0578	5652.58	328.489
18.9301	19.1274	11357.5	43.0324
18.9881	19.1739	8572.66	78.6574
19.0346	19.3074	2919.2	217.531
19.1797	19.4409	2692.43	698.409
19.3712	19.557	8091.51	82.2466
19.4293	19.7021	2806.77	434.648
19.499	19.7137	5695.18	350.296
19.6267	19.8356	6706.57	204.749
19.6963	20.0272	2232.88	967.518
20.4394	20.6019	2750.59	256.055
20.4974	20.6019	3565.02	310.573
20.4974	20.6019	3565.02	310.573
20.5671	20.6948	6722.09	179.922
20.6367	20.7935	2576.79	290.68
20.7006	20.8167	10089.2	59.7485
20.9618	21.1127	2936.12	777.289
21.2288	21.4494	10283.4	405.695
21.3333	21.5133	10457.1	224.6
21.5946	21.9603	2752.18	435.57
22.2505	22.4363	1188.99	415.992
22.4015	22.6743	2008.9	553.81
22.5872	22.7962	6012.96	51.4657
27.3995	27.6143	1590.79	100.757
27.8988	28.0903	2195.79	163.77
28.0149	28.4328	2207.24	156.73
28.0961	28.3864	4396.66	180.681
28.4096	28.6128	2615.78	169.024
28.5025	28.6824	7874.79	153.403
28.5547	28.6766	5350.75	45.8875
28.7927	29.4893	2644.65	137.444
28.903	29.1991	7897.57	109.077
28.9611	29.292	5255.79	200.817
29.1585	29.4313	2256.22	62.4786
29.501	29.6461	6096.9	57.8094
