0
0.00580499	289.455
0.01161	295.025
0.017415	296.391
0.02322	297.42
0.0290249	297.764
0.0348299	297.936
0.0406349	298.281
0.0464399	298.281
0.0522449	297.592
0.0580499	297.42
0.0638549	297.077
0.0696599	296.049
0.0754649	296.563	296.563
0.0812698	296.905	296.905
0.0870748	297.077	297.077
0.0928798	296.905	296.905
0.0986848	296.563	296.563
0.10449	295.537	295.878
0.110295	295.025	295.025
0.1161	294.344	294.344
0.121905	293.495	293.495
0.12771	293.326	293.326
0.133515	293.326	293.495
0.13932	293.156	293.326
0.145125	292.818	292.818
0.15093	292.649	292.48
0.156735	292.987	292.987	292.818
0.16254	293.156	293.156	293.156
0.168345	292.818	292.987
0.17415	292.987	293.156
0.179955	293.326	293.326
0.18576	292.818	293.156
0.191565	292.818	292.649
0.19737	292.987	292.987
0.203175	292.649	292.649
0.20898	291.973	292.142
0.214785	291.3	291.3
0.22059	290.963	290.963
0.226395	290.124	289.957
0.2322	288.953	288.62
0.238005	288.287	288.287
0.24381	287.954	287.621
0.249615	286.461
0.255419	285.47
0.261224	284.646
0.267029	284.318
0.272834	283.498
0.278639	282.517
0.284444	281.702
0.290249	280.241
0.296054	278.466
0.301859	277.503
0.307664	275.905
0.313469	274.791
0.319274	273.683
0.325079	273.051
0.330884	272.263
0.336689	271.949
0.342494	271.322
0.348299	270.539
0.354104	269.915
0.359909	269.759
0.365714	270.227
0.371519	270.383
0.377324	270.695
0.383129	270.695
0.388934	269.603
0.394739	268.05
0.400544	265.431
0.406349	262.079
0.412154	259.668
0.417959	267.741
0.423764	265.891
0.429569	267.741
0.435374	275.745
0.441179	280.403
0.446984	282.517
0.452789	282.191
0.458594	277.183
0.464399
0.470204
0.476009
0.481814
0.487619
0.493424
0.499229
0.505034
0.510839
0.516644
0.522449
0.528254
0.534059
0.539864	264.207
0.545669	252.13
0.551474	257.577
0.557279	257.28
0.563084	256.538
0.568889	256.538
0.574694	258.471
0.580499	258.919
0.586304	260.119
0.592109	262.989
0.597914	263.598
0.603719	263.445
0.609524	263.598
0.615329	264.055
0.621134	264.818
0.626939	265.431
0.632744	266.814
0.638549	268.205
0.644354	268.36
0.650159	267.586
0.655964	267.277
0.661769	266.814
0.667574	266.814
0.673379	266.66
0.679184	266.353
0.684989	266.045
0.690794	265.891
0.696599	265.738
0.702404	265.891
0.708209	265.278
0.714014	265.431
0.719819	265.891
0.725624	266.199
0.731429	266.506
0.737234	267.741
0.743039	268.515
0.748844	268.515
0.754649	268.05	537.962
0.760454	267.895	535.791
0.766258	267.895	533.013
0.772063	267.277	531.476
0.777868	265.891	530.249
0.783673	265.125	529.331
0.789478	264.207	528.109
0.795283	263.293	526.586
0.801088	263.445	525.068
0.806893	258.024	521.742
0.812698	258.919	517.839
0.818503	256.389	514.559
0.824308	253.738	508.943
0.830113	247.084	501.067	248.803
0.835918	250.244	494.74	246.372
0.841723	244.67	489.057	243.261
0.847528	239.22	480.378	248.947
0.853333	236.063	473.218	236.609
0.859138	232.544	466.164	233.217
0.864943	228.417	454.991	228.549
0.870748	223.587	447.174	223.975
0.876553	219.112	434.946	218.354
0.882358	215.846	429.206	214.479
0.888163	211.771	423.786	211.038
0.893968	210.429	420.373	208.253
0.899773	206.218	412.913	205.742
0.905578	203.379	406.054	204.439
0.911383	202.091	404.182	202.558
0.917188	200.811	400.926	201.624
0.922993	399.77	200.695
0.928798	398.847	199.885
0.934603	398.387	199.424
0.940408	397.467	199.539
0.946213	397.697	199.539
0.952018	398.157	199.654
0.957823	397.927	199.424
0.963628	397.927	199.654
0.969433	399.078	200.116
0.975238	399.078	200.116
0.981043	399.539	200.116
0.986848	399.078	200.463
0.992653	402.086	200.927
0.998458	402.318	201.043
1.00426	402.086	201.043
1.01007	400.695	200.695
1.01587	400.695	200.463
1.02168	400.695	200.463
1.02748	400.463	200.463
1.03329	400.232	200.232
1.03909	399.539	200.232
1.0449	400.463	200.347
1.0507	400.232	200.232
1.05651	398.157	199.77
1.06231	397.238	199.539
1.06812	397.238	199.309
1.07392	396.779	198.504
1.07973	395.178	197.703
1.08553	394.039	197.361
1.09134	393.129	196.792
1.09714	392.449	196.338
1.10295	391.543	195.885
1.10875	391.317	195.658
1.11456	391.091	195.432
1.12036	390.188	194.981
1.12617	390.414	194.869
1.13197	390.414	194.531
1.13778	389.513	194.195
1.14358	388.614	194.083
1.14939	387.046	193.411
1.15519	385.039	192.075
1.161	381.276	189.869
1.1668	376.897	189.759
1.17261	370.422	185.532
1.17841	367.863	187.797
1.18422	367.439	195.658
1.19002	374.51	198.046
1.19583	377.115	199.885
1.20163	383.042	197.932
1.20744	394.494
1.21324	198.39	400.232
1.21905	200	405.117
1.22485	200.811	408.878
1.23066	200.811	407.699
1.23646	200.927	405.585
1.24227	200.927	406.288
1.24807	201.043	406.993
1.25388	201.275	404.182
1.25968	201.392	403.948
1.26549	201.508	404.883
1.27129	201.624	405.117
1.2771	202.441	406.288
1.2829	202.91	406.993
1.28871	203.496	408.406
1.29451	204.085	409.351
1.30032	204.439	410.061
1.30612	205.742	410.772
1.31193	206.218	411.484
1.31773	206.934	412.436
1.32354	208.494	415.305
1.32934	209.217	416.987
1.33515	208.614	413.629
1.34095	208.976	414.586
1.34676	209.823	416.265
1.35256	208.976	414.825
1.35837	209.097	416.025
1.36417	207.772	414.107
1.36998	207.413	412.198
1.37578	205.267	411.96
1.38159	204.675	410.535
1.38739	204.321	409.587
1.3932	201.741	412.198
1.399	414.346
1.40481	416.747
1.41061	417.711
1.41642	417.228	207.293
1.42222	416.987	208.735
1.42803	419.161	209.217
1.43383	412.674	207.652
1.43964	411.722	206.934
1.44544	412.436	206.456
1.45125	417.952	206.456
1.45705	415.065	207.053
1.46286	415.785	208.012
1.46866	420.616	207.892
1.47447	421.345	208.614
1.48027	421.589	209.944
1.48608	423.297	211.648
1.49188	426.487	212.875
1.49769	428.215	213.737
1.50349	430.447	214.851
1.5093	432.191	215.722
1.5151	433.191	216.345
1.52091	432.941	216.47
1.52671	432.441	216.221
1.53252	431.942	215.846
1.53832	431.942	215.846
1.54413	431.942	215.846
1.54993	432.441	215.971
1.55574	433.191	216.096
1.56154	433.942	216.721
1.56735	433.942	217.222
1.57315	434.444	217.348
1.57896	434.444	217.097
1.58476	434.444	216.971
1.59057	433.942	216.846
1.59637	432.941	216.721
1.60218	433.692	216.721
1.60798	433.191	216.596
1.61379	432.691	216.345
1.61959	433.191	216.596
1.6254	433.441	216.846
1.6312	434.193	216.971
1.63701	434.193	217.222
1.64281	433.942	217.724
1.64862	436.456	218.228
1.65442	437.466	218.986
1.66023	437.719	219.619
1.66603	439.238	220.127
1.67184	438.985	220.254
1.67764	438.985	220.127
1.68345	439.238	219.873
1.68925	439.746	219.619
1.69506	439.492	219.492
1.70086	437.971	219.112
1.70667	438.224	218.859
1.71247	437.466	218.48
1.71828	436.708	218.228
1.72408	436.708	218.102
1.72989	436.456	217.599
1.73569	436.204	217.473
1.7415	435.197	217.097
1.7473	434.193	216.971
1.75311	433.692	216.971
1.75891	432.941	216.345
1.76472	431.443	215.597
1.77052	430.945	215.348
1.77633	431.194	215.348
1.78213	432.441	215.597
1.78794	433.191	216.096
1.79374	433.692	216.721
1.79955	435.197	217.097
1.80535	435.701	217.348
1.81116	435.701	217.85
1.81696	436.961	218.102
1.82277	436.708	217.976
1.82857	436.961	218.102
1.83438	436.961	218.354
1.84018	437.466	218.48
1.84599	437.971	218.733
1.85179	437.719	218.733
1.8576	436.456	218.607
1.8634	436.456	218.48
1.86921	436.961	218.354
1.87501	436.961	218.48
1.88082	436.204	218.607
1.88662	437.466	219.112
1.89243	439.492	219.873
1.89823	440.254	220.127
1.90404	438.224	219.492
1.90984	440.763	219.492
1.91565	441.783	218.986
1.92145	439.746	218.48
1.92726	436.456	218.228
1.93306	435.952	217.85
1.93887	434.695	217.724
1.94467	433.942	217.473
1.95048	432.191	216.721
1.95628	432.191	216.721
1.96209	434.444	217.348
1.96789	434.695	217.348
1.9737	436.708	217.724
1.9795	437.466	218.354
1.98531	437.971	218.859
1.99111	438.478	219.239
1.99692	438.731	219.239
2.00272	438.985	219.492
2.00853	439.238	220.254
2.01433	443.573	221.786
2.02014	444.856	222.556
2.02594	446.4	223.2
2.03175	448.986	223.716
2.03755	449.245	224.363
2.04336	449.765	224.363
2.04916	448.467	223.846
2.05497	448.986	223.587
2.06077	223.071
2.06658	222.942
2.07238	222.814
2.07819	222.428
2.08399	221.914
2.0898	221.658
2.0956	221.786
2.10141	221.786
2.10721	221.658
2.11302	221.53
2.11882	221.53	665.376
2.12463	221.658	668.458
2.13043	221.658	665.761
2.13624	221.786	667.686
2.14204	221.914	666.915
2.14785	221.786	666.915
2.15365	222.556	666.915
2.15946	222.685	667.301
2.16526	222.814	670.779
2.17107	223.329	671.554
2.17687	223.716	671.942
2.18268	223.846	675.444
2.18848	224.234	675.054
2.19429	224.104	673.107
2.20009	223.846	674.664
2.2059	223.587	674.275
2.2117	223.071	673.886
2.21751	222.043	673.107
2.22331	221.53	670.004
2.22912	217.85	666.53
2.23492	663.457
2.24073	660.398	221.786
2.24653	670.779	222.814
2.25234	671.942	222.814
2.25814	222.814
2.26395	222.942
2.26975	222.299
2.27556	221.53
2.28136	221.019
2.28717	220.636
2.29297	220.636
2.29878	220.382
2.30458	220.127
2.31039	220.127
2.31619	220.382
2.322	221.274
2.3278	222.043
2.33361	222.428
2.33941	222.428
2.34522	222.428
2.35102	222.556
2.35683	222.685
2.36263	222.043
2.36844	221.274
2.37424	220.891
2.38005	220.891
2.38585	221.658
2.39166	221.53
2.39746	221.658
2.40327	221.658
2.40907	221.786
2.41488	221.147
2.42068	221.402
2.42649	221.53
2.43229	222.814
2.4381	223.846
2.4439	223.975
2.44971	225.403
2.45551	224.752
2.46132	223.458
2.46712	221.402
2.47293	220.509
2.47873	218.986
2.48454	218.354
2.49034	217.599
2.49615	216.596
2.50195	215.846
2.50776	215.348
2.51356	214.975
2.51937	214.727
2.52517	216.846
2.53098	222.171
2.53678	220.509
2.54258	222.685
2.54839	212.629
2.55419	211.16
2.56
2.5658
2.57161
2.57741
2.58322
2.58902
2.59483
2.60063
2.60644
2.61224
2.61805
2.62385
2.62966
2.63546
2.64127
2.64707
2.65288
2.65868
2.66449
2.67029
2.6761
2.6819
2.68771
2.69351
2.69932
2.70512
2.71093
2.71673
2.72254
2.72834
2.73415
2.73995
2.74576
2.75156
2.75737
2.76317
2.76898
2.77478
2.78059
2.78639
2.7922
2.798
2.80381
2.80961
2.81542
2.82122
2.82703
2.83283
2.83864
2.84444
2.85025
2.85605
2.86186
2.86766
2.87347
2.87927
2.88508
2.89088
2.89669
2.90249
2.9083
2.9141
2.91991
2.92571
2.93152
2.93732
2.94313
2.94893
2.95474
2.96054
2.96635
2.97215
2.97796
2.98376
2.98957
2.99537
3.00118
3.00698
3.01279
3.01859
3.0244
3.0302
3.03601
3.04181
3.04762
3.05342
3.05923
3.06503
3.07084
3.07664
3.08245
3.08825
3.09406
3.09986
3.10567
3.11147
3.11728
3.12308
3.12889
3.13469
3.1405
3.1463
3.15211
3.15791
3.16372
3.16952
3.17533
3.18113
3.18694
3.19274
3.19855
3.20435
3.21016
3.21596
3.22177
3.22757
3.23338
3.23918
3.24499
3.25079
3.2566
3.2624
3.26821
3.27401
3.27982
3.28562
3.29143
3.29723
3.30304
3.30884
3.31465
3.32045
3.32626
3.33206
3.33787
3.34367
3.34948
3.35528
3.36109
3.36689
3.3727
3.3785
3.38431
3.39011
3.39592
3.40172
3.40753
3.41333
3.41914
3.42494
3.43075
3.43655
3.44236
3.44816
3.45397
3.45977
3.46558
3.47138
3.47719
3.48299
3.4888
3.4946
3.50041
3.50621
3.51202
3.51782
3.52363
3.52943
3.53524
3.54104
3.54685
3.55265
3.55846
3.56426
3.57007
3.57587
3.58168
3.58748
3.59329
3.59909
3.6049
3.6107	198.39
3.61651	203.732
3.62231	206.814
3.62812	209.459
3.63392	211.771
3.63973	212.752
3.64553	213.737
3.65134	214.851
3.65714	216.096
3.66295	217.097
3.66875	217.724
3.67456	218.48
3.68036	218.986
3.68617	219.366
3.69197	219.492
3.69778	219.492
3.70358	219.492
3.70939	219.873
3.71519	220.509
3.721	221.274
3.7268	222.299
3.73261	222.685
3.73841	223.587
3.74422	224.623
3.75002	224.882
3.75583	224.882
3.76163	224.493
3.76744	223.458
3.77324	222.814
3.77905	222.299
3.78485	221.914
3.79066	220.891
3.79646	220.254
3.80227	220
3.80807	219.619
3.81388	218.859
3.81968	218.228
3.82549	218.102
3.83129	218.228
3.8371	218.607
3.8429	219.112
3.84871	219.619
3.85451	220.382
3.86032	221.147
3.86612	222.299
3.87193	223.458
3.87773	224.363
3.88354	225.142
3.88934	225.533
3.89515	225.924
3.90095	225.403
3.90676	224.882
3.91256	224.104
3.91837	222.428
3.92417	220.636
3.92998	219.112
3.93578	216.47
3.94159	214.108
3.94739	211.648
3.9532	208.373
3.959	204.912
3.96481	201.857
3.97061	198.504
3.97642	195.771	182.029
3.98222	194.195	180.355
3.98803	192.519	191.521
3.99383	191.742	190.638
3.99964	191.632	189.979
4.00544	191.742	190.859
4.01125	191.964	192.631
4.01705	192.853	193.523
4.02286	193.523	194.307
4.02866	194.307	194.644
4.03447	193.97	194.195
4.04027	193.299	193.97
4.04608	193.411	194.195
4.05188	193.188	195.094
4.05769	196.451
4.06349	195.998
4.0693	196.451
4.0751	197.247
4.08091	198.046
4.08671	198.504
4.09252	200.579
4.09832	201.974
4.10413	201.392	402.783
4.10993	201.741	402.783
4.11574	202.091	405.117
4.12154	202.091	403.948
4.12735	202.675	404.415
4.13315	201.974	403.948
4.13896	201.043	402.551
4.14476	200.232	400.926
4.15057	199.424	398.387
4.15637	197.703	395.407
4.16218	196.565	391.995
4.16798	195.658	389.738
4.17379	194.083	387.493
4.17959	192.742	385.929
4.1854	191.3	383.042
4.1912	189.65	375.159
4.19701	184.784	369.781
4.20281	184.144	365.956
4.20862	182.134	363.638
4.21442	180.251	359.461
4.22023	178.283	356.978
4.22603	177.974	355.333
4.23184	176.337	352.267
4.23764	176.032	350.441
4.24345	175.322	349.228
4.24925	174.614	348.624
4.25506	173.408	347.618
4.26086	173.208	346.616
4.26667	346.016	172.908
4.27247	346.215	173.308
4.27828	346.616	173.508
4.28408	348.825	174.715
4.28989	350.036	175.22
4.29569	349.834	174.917
4.3015	350.036	175.322
4.3073	351.251	175.727
4.31311	352.267	175.93
4.31891	353.694	176.235
4.32472	353.49	176.643	529.637
4.33052	354.308	176.949	531.169
4.33633	354.308	176.949	532.09
4.34213	353.49	177.052	530.555
4.34794	353.082	176.643	530.555
4.35374	352.878	176.541	529.943
4.35955	352.471	176.337	529.025
4.36535	352.878	176.541	529.025
4.37116	353.899	176.745	530.862
4.37696	354.922	177.564	532.705
4.38277	355.743	177.974	533.629
4.38857	356.155	178.18	533.937
4.39438	356.978	178.386	535.172
4.40018	356.978	178.592	535.791
4.40599	357.598	178.799	535.791
4.41179	358.425	179.005	537.03
4.4176	358.839	179.005	537.651
4.4234	359.046	178.902	539.829
4.42921	358.632	178.902	539.206
4.43501	357.185	178.386	538.895
4.44082	354.717	175.22	541.391
4.44662	351.048	173.108	543.584
4.45243	351.86	174.614	530.555
4.45823	354.308	177.154	530.555
4.46404	355.333	177.974	527.5
4.46984	354.513	177.359	517.54
4.47565	354.922	177.359
4.48145	356.772	177.359
4.48726	354.103	176.439
4.49306	353.899	177.154
4.49887	357.804	177.256
4.50467	177.461
4.51048	178.077
4.51628	177.052
4.52209	178.386
4.52789	179.42
4.5337	177.769
4.5395	176.745
4.54531
4.55111
4.55692
4.56272
4.56853
4.57433
4.58014
4.58594
4.59175
4.59755
4.60336
4.60916
4.61497
4.62077	241.58
4.62658	248.947
4.63238	252.86
4.63819	254.618
4.64399	255.946
4.6498	257.577
4.6556	259.818
4.66141	261.173
4.66721	263.141
4.67302	265.738
4.67882	267.741
4.68463	268.515
4.69043	271.635
4.69624	274.791
4.70204	277.183
4.70785	278.627
4.71365	281.539
4.71946	283.498
4.72526	285.47
4.73107	287.621
4.73687	289.622
4.74268	292.142
4.74848	294.004
4.75429	295.025
4.76009	296.049
4.7659	296.905
4.7717	297.592
4.77751	297.764
4.78331	298.108
4.78912	298.453
4.79492	297.936
4.80073	297.077
4.80653	297.249
4.81234	297.077
4.81814	296.563
4.82395	296.391
4.82975	296.049
4.83556	295.195
4.84136	294.855
4.84717	294.684
4.85297	294.344
4.85878	294.004
4.86458	294.174
4.87039	294.684
4.87619	295.025
4.882	296.049
4.8878	296.734
4.89361	297.592
4.89941	298.108
4.90522	298.453
4.91102	298.453
4.91683	298.281
4.92263	297.592
4.92844	297.077
4.93424	297.077
4.94005	296.734
4.94585	296.22
4.95166	296.391
4.95746	296.22
4.96327	296.22
4.96907	296.22
4.97487	295.707
4.98068	295.878
4.98649	295.878
4.99229	295.878
4.9981	296.22
5.0039	296.22
5.00971	296.22
5.01551	296.563
5.02132	296.563
5.02712	296.734
5.03293	296.905
5.03873	297.077
5.04454	297.42
5.05034	297.764
5.05615	298.453
5.06195	299.489
5.06776	299.835
5.07356	299.835
5.07936	299.835
5.08517	299.662
5.09097	299.489
5.09678	299.662
5.10258	299.835
5.10839	299.316
5.11419	298.625
5.12	298.798
5.1258	299.143
5.13161	298.971
5.13741	298.625
5.14322	298.453
5.14902	298.625
5.15483	298.798
5.16063	298.108
5.16644	297.42
5.17225	297.249
5.17805	297.249
5.18385	296.905
5.18966	296.563
5.19546	296.049
5.20127	295.707
5.20707	295.025
5.21288	295.195
5.21868	295.195
5.22449	295.025
5.23029	295.025
5.2361	295.537
5.2419	295.537
5.24771	295.366
5.25351	294.684
5.25932	294.514
5.26512	294.174
5.27093	294.174
5.27673	293.834
5.28254	294.174
5.28834	294.174
5.29415	294.344
5.29995	294.344
5.30576	294.344
5.31156	294.004
5.31737	293.495
5.32317	293.156
5.32898	292.48
5.33478	291.131
5.34059	290.963
5.34639	290.292
5.3522	288.287
5.358	286.626
5.36381	285.8
5.36961	284.975
5.37542	284.153
5.38122	283.498
5.38703	282.68
5.39283	281.702
5.39864	281.214
5.40444	280.727
5.41025	279.756
5.41605	277.984
5.42186	275.905
5.42766	273.841
5.43347	271.478
5.43927	270.852
5.44508	269.603
5.45088	267.895
5.45669	266.814
5.46249	265.278
5.4683	263.75
5.4741	262.989
5.47991	262.686	523.553
5.48571	261.626	523.251
5.49152	259.818	521.441
5.49732	258.471	518.737
5.50313	257.875	516.346
5.50893	257.131	513.668
5.51474	255.65	510.71
5.52054	253.152	503.97
5.52635	250.678	499.911
5.53215	246.087	496.171
5.53796	237.842	492.459
5.54376	235.926	497.606
5.54957	234.974	492.175
5.55537	253.445	500.778
5.56118	250.823	507.475
5.56698	484.838
5.57279	488.493
5.57859	496.171
5.5844	498.469
5.5902	494.454
5.59601	501.067
5.60181	505.135
5.60762	492.459
5.61342	501.646
5.61923	517.241
5.62503	516.346
5.63084	511.005
5.63664	512.483
5.64245	520.839
5.64825	519.337
5.65406	509.531
5.65986	501.936
5.66567	491.606
5.67147	487.365	258.471
5.67728	494.169	258.919
5.68308	480.101	260.269
5.68889	481.211	261.173
5.69469	489.623	261.626
5.7005	486.803	261.928
5.7063	489.057	262.382
5.71211	501.646	262.079
5.71791	507.182	261.928
5.72372	512.483	262.534
5.72952	522.345	262.534
5.73533	522.044	262.079
5.74113	510.71	261.928
5.74694	512.187	261.777
5.75274	508.649	262.079
5.75855	522.949	262.534
5.76435	525.371	262.837
5.77016	526.891	262.837
5.77596	528.109	263.598
5.78177	528.109	264.055
5.78757	498.181	264.665
5.79338	528.72	264.971
5.79918	265.891
5.80499	266.199
5.81079	266.045
5.8166	265.738
5.8224	265.584
5.82821	265.584
5.83401	265.584
5.83982	265.431
5.84562	264.971
5.85143	264.971
5.85723	264.971
5.86304	265.278
5.86884	265.431
5.87465	265.738
5.88045	264.513
5.88626
5.89206
5.89787
5.90367
5.90948
5.91528
5.92109
5.92689
5.9327
5.9385
5.94431
5.95011
5.95592
5.96172
5.96753
5.97333
5.97914	270.071
5.98494	271.949
5.99075	282.843
5.99655	277.503
6.00236	275.586
6.00816	275.745
6.01397	274.474
6.01977	274.791
6.02558	277.824
6.03138	279.756
6.03719	281.052
6.04299	281.539
6.0488	283.661
6.0546	286.13
6.06041	290.292
6.06621	293.495
6.07202	296.563
6.07782	299.835
6.08363	303.144
6.08943	306.312
6.09524	308.265
6.10104	310.768
6.10685	312.207
6.11265	314.924
6.11846	317.114
6.12426	318.583
6.13007	321.355
6.13587	322.658
6.14168	324.339
6.14748	325.841
6.15329	326.595
6.15909	326.973
6.1649	326.973
6.1707	327.351
6.17651	327.162
6.18231	326.973
6.18812	326.784
6.19392	326.595
6.19973	326.973
6.20553	327.918
6.21134	329.247
6.21714	330.39
6.22295	331.537
6.22875	332.496
6.23456	332.88
6.24036	332.304
6.24617	331.92
6.25197	331.537
6.25778	330.963
6.26358	330.772
6.26939	330.963
6.27519	331.346
6.281	331.92
6.2868	332.304
6.29261	332.304
6.29841	332.304
6.30422	331.729
6.31002	331.346
6.31583	330.963
6.32163	330.199
6.32744	329.628
6.33324	329.247
6.33905	329.057
6.34485	328.677
6.35066	328.297
6.35646	327.918
6.36227	327.54
6.36807	327.351
6.37388	327.162
6.37968	327.351
6.38549	328.677
6.39129	330.39
6.3971	331.537
6.4029	332.112
6.40871	333.073
6.41451	333.843
6.42032	334.036
6.42612	333.843
6.43193	333.458
6.43773	332.88
6.44354	332.304
6.44934	331.346
6.45515	330.581
6.46095	329.437
6.46676	328.867
6.47256	328.108
6.47837	327.351
6.48417	327.351
6.48998	324.714
6.49578	319.689
6.50159	319.32
6.50739	322.844
6.5132	322.285
6.519
6.52481	315.106
6.53061	316.017
6.53642	313.472
6.54222	313.291
6.54803	314.924
6.55383	317.848
6.55964	319.32
6.56544	319.136
6.57125	318.032
6.57705	316.565	634.229
6.58286	315.106	630.212
6.58866	313.653	627.669
6.59447	312.207	622.613
6.60027	310.051	615.462
6.60608	308.978	612.979
6.61188	306.844	611.564
6.61769	305.605	610.858
6.62349	304.724	614.042
6.6293	304.372	612.625
6.6351	302.969	612.271
6.64091	304.724	612.979
6.64671	304.372	614.752
6.65252	303.494	614.752
6.65832	304.021	616.886
6.66413	304.548	616.886
6.66993	305.253	617.956
6.67574	307.909	620.818
6.68154	308.799	624.054
6.68735	311.307	626.582	310.768
6.69315	312.568	626.944	308.443
6.69896	313.291	629.121	311.127
6.70476	315.288	632.035	316.383
6.71057	317.481	633.497	319.136
6.71637	319.689	638.64	321.17
6.72218	322.099	639.009	323.03
6.72798	325.277	646.808	325.653
6.73379	327.351	649.804	327.54
6.73959	329.818	654.323	329.437
6.7454	331.729	655.458	331.92
6.7512	334.229	658.114	333.843
6.75701	335.583	655.837	335.196
6.76281	643.082	335.971
6.76862	661.162	336.165
6.77442	667.301	336.165
6.78023	670.779	335.583
6.78603	662.691	334.229
6.79184	664.608	333.65
6.79764	665.761	332.496
6.80345	665.376	331.346
6.80925	661.162	329.628
6.81506	657.354	328.108
6.82086	654.323	326.784
6.82667	652.06	325.653
6.83247	648.304	323.217
6.83828	647.181	321.913
6.84408	647.555	320.614
6.84989	643.082	319.136
6.85569	635.329	318.032
6.8615	633.131	316.931
6.8673	630.94	315.47
6.87311	627.669	313.653
6.87891	623.333	311.847
6.88472	618.313	309.514
6.89052	613.687	306.135
6.89633	602.796	302.444
6.90213	598.632	299.143
6.90794	295.537
6.91374	290.795
6.91955	286.792
6.92535	284.318
6.93116	280.727
6.93696	277.023
6.94277	273.683
6.94857	253.298
6.95438	242.559
6.96018
6.96599
6.97179
6.9776
6.9834
6.98921
6.99501
7.00082
7.00662
7.01243
7.01823
7.02404
7.02984
7.03565
7.04145
7.04726
7.05306
7.05887
7.06467	181.295
7.07048	193.97
7.07628	193.188
7.08209	192.853
7.08789	192.519
7.0937	191.632
7.0995	191.853
7.10531	192.519
7.11111	192.631
7.11692	193.076
7.12272	193.299
7.12853	193.411
7.13433	193.97
7.14014	194.307
7.14594	194.531
7.15175	195.094
7.15755	195.207
7.16336	196.224
7.16916	196.565
7.17497	196.565
7.18077	196.906
7.18658	198.046
7.19238	200.347
7.19819	200.695
7.20399	200.695
7.2098	200
7.2156	199.424
7.22141	199.309
7.22721	198.275
7.23302	201.159
7.23882	196.224
7.24463	195.885
7.25043	194.869
7.25624	194.531
7.26204	193.635	387.941
7.26785	193.858	388.165
7.27365	193.635	387.717
7.27946	193.635	387.269
7.28526	193.635	386.599
7.29107	192.408	384.816
7.29687	191.964	384.372
7.30268	191.742	382.821
7.30848	191.19	383.264
7.31429	191.521	383.042
7.32009	191.3	383.485
7.3259	191.632	384.15
7.3317	192.408	384.594
7.33751	193.523	385.929
7.34331	194.195	386.599
7.34912	195.998	385.484
7.35492	195.432	388.838
7.36073	196.338	388.165
7.36653	197.361	391.091
7.37234	198.734	392.222
7.37814	199.654	392.675
7.38395	200.347	378.861
7.38975	200.116	375.81
7.39556	200.116	381.056
7.40136	203.496	389.288
7.40717	203.496	396.55
7.41297	201.275	397.927
7.41878	398.157
7.42458	395.407
7.43039	395.178
7.43619	395.407
7.442	394.722
7.4478	393.584
7.45361	392.222
7.45941	393.129
7.46522	390.188
7.47102	389.738
7.47683	388.614
7.48263	389.738
7.48844	388.614
7.49424	391.769
7.50005	390.188
7.50585	390.865
7.51166	392.222
7.51746	393.129
7.52327	393.129
7.52907	393.129
7.53487	393.584
7.54068	394.266
7.54648	395.864
7.55229	397.238
7.55809	399.078
7.5639	398.157
7.56971
7.57551
7.58132
7.58712
7.59293
7.59873
7.60454
7.61034
7.61615
7.62195
7.62776
7.63356
7.63936
7.64517
7.65097
7.65678
7.66258
7.66839
7.67419
7.68
7.6858
7.69161
7.69741
7.70322
7.70902
7.71483
7.72063
7.72644
7.73224
7.73805
7.74385
7.74966
7.75546
7.76127
7.76707
7.77288
7.77868
7.78449
7.79029
7.7961
7.8019
7.80771
7.81351
7.81932
7.82512
7.83093
7.83673
7.84254
7.84834
7.85415
7.85995
7.86576
7.87156
7.87737
7.88317
7.88898
7.89478
7.90059
7.90639
7.9122
7.918
7.92381
7.92961
7.93542
7.94122
7.94703
7.95283
7.95864
7.96444
7.97025
7.97605
7.98186
7.98766
7.99347
7.99927
8.00508
8.01088
8.01669
8.02249
8.0283
8.0341
8.03991
8.04571
8.05152
8.05732
8.06313
8.06893
8.07474
8.08054
8.08635
8.09215
8.09796
8.10376
8.10957
8.11537
8.12118
8.12698
8.13279
8.13859
8.1444
8.1502
8.15601
8.16181
8.16762
8.17342
8.17923
8.18503
8.19084
8.19664
8.20245
8.20825
8.21406
8.21986
8.22567
8.23147
8.23728
8.24308
8.24889
8.25469
8.2605
8.2663
8.27211
8.27791
8.28372
8.28952
8.29533
8.30113
8.30694
8.31274
8.31855
8.32435
8.33016
8.33596
8.34177
8.34757
8.35338
8.35918
8.36499
8.37079
8.3766
8.3824
8.38821
8.39401
8.39982
8.40562
8.41143
8.41723
8.42304
8.42884
8.43465
8.44045
8.44626
8.45206
8.45787
8.46367
8.46948
8.47528
8.48109
8.48689
8.4927
8.4985
8.50431
8.51011
8.51592
8.52172
8.52753
8.53333
8.53914
8.54494
8.55075
8.55655
8.56236
8.56816
8.57397
8.57977
8.58558
8.59138
8.59719
8.60299
8.6088
8.6146
8.62041
8.62621
8.63202
8.63782
8.64363
8.64943
8.65524
8.66104
8.66685
8.67265
8.67846
8.68426
8.69007
8.69587
8.70168
8.70748
8.71329
8.71909
8.7249
8.7307
8.73651
8.74231
8.74812
8.75392
8.75973
8.76553
8.77134
8.77714
8.78295
8.78875
8.79456	191.853
8.80036	196.451
8.80617	201.857
8.81197	208.012
8.81778	214.479
8.82358	220
8.82939	224.493
8.83519	229.342
8.841	233.351	466.972
8.8468	237.43	475.409
8.85261	240.745	480.933
8.85841	243.964	489.057
8.86422	246.942	494.454
8.87002	248.803	498.469
8.87583	251.403	503.97
8.88163	252.86	506.889
8.88744	254.471	508.649
8.89324	255.798	511.005
8.89905	256.538	512.483
8.90485	257.726	514.559
8.91066	258.77	516.346
8.91646	259.518	519.037
8.92227	260.419	520.839
8.92807	261.777	522.345
8.93388	262.686	525.978
8.93968	263.598	527.5
8.94549	263.141	525.068
8.95129	261.474	522.345
8.9571	259.818	518.138
8.9629	258.322	516.942
8.96871	258.621	516.346
8.97451	256.538	515.452
8.98032	256.982	516.942
8.98612	259.668	533.937
8.99193	259.668	520.839
8.99773	267.277	520.839
9.00354	513.965
9.00934	509.826
9.01515	523.856
9.02095
9.02676
9.03256
9.03837
9.04417
9.04998
9.05578
9.06159
9.06739
9.0732
9.079
9.08481
9.09061
9.09642
9.10222	253.884
9.10803	254.618
9.11383	255.502
9.11964	255.207
9.12544	255.65
9.13125	255.798
9.13705	256.538
9.14286	256.982
9.14866	256.834
9.15447	257.131
9.16027	257.28
9.16608	256.686
9.17188	256.538
9.17769	256.241
9.18349	255.65
9.1893	255.65
9.1951	256.686
9.20091	257.131
9.20671	257.875
9.21252	258.471
9.21832	259.518
9.22413	259.969
9.22993	260.72
9.23574	260.871
9.24154	261.022
9.24735	261.022
9.25315	262.231
9.25896	263.293
9.26476	263.902
9.27057	264.36
9.27637	264.971
9.28218	265.431
9.28798	265.584
9.29379	265.891
9.29959	266.045
9.3054	266.045
9.3112	265.891
9.31701	265.584
9.32281	265.125
9.32862	265.584
9.33442	265.738
9.34023	265.125
9.34603	264.36
9.35184	264.207
9.35764	263.445
9.36345	262.837
9.36925	262.686
9.37506	263.141
9.38086	263.598
9.38667	263.902
9.39247	264.207
9.39828	263.75
9.40408	263.598
9.40989	263.445
9.41569	263.598
9.4215	264.207
9.4273	264.818
9.43311	265.278
9.43891	265.278
9.44472	266.045
9.45052	266.814
9.45633	267.586
9.46213	268.05
9.46794	268.826
9.47374	269.136
9.47955	269.292
9.48535	269.447
9.49116	270.071
9.49696	269.759
9.50277	269.447
9.50857	268.36
9.51438	267.586
9.52018	267.123
9.52599	266.969
9.53179	266.353
9.5376	265.891
9.5434	265.125
9.54921	265.125
9.55501	264.971
9.56082	264.513
9.56662	263.141
9.57243	261.626
9.57823	258.173
9.58404	254.766
9.58984	250.968
9.59565	249.378
9.60145
9.60726
9.61306
9.61887
9.62467
9.63048
9.63628
9.64209
9.64789
9.6537
9.6595	255.65
9.66531	245.519
9.67111	251.113
9.67692	258.919
9.68272	263.902
9.68853	266.353
9.69433	266.814
9.70014	266.66
9.70594	266.814
9.71175	268.36
9.71755	268.36
9.72336	269.447
9.72916	268.36
9.73497	264.055
9.74077	259.369
9.74658	260.119
9.75238	259.668
9.75819	259.518
9.76399	259.219
9.7698	259.219
9.7756
9.78141
9.78721	258.173
9.79302	258.024
9.79882	266.814
9.80463	269.447
9.81043	257.577
9.81624	258.77
9.82204	260.119
9.82785	261.173
9.83365	261.474
9.83946	261.626
9.84526	262.079
9.85107	261.777
9.85687	262.231
9.86268	262.534
9.86848	262.382
9.87429	262.534
9.88009	262.382
9.8859	262.686
9.8917	262.989
9.89751	263.293
9.90331	263.598
9.90912	263.75
9.91492	264.36
9.92073	265.431
9.92653	265.891
9.93234	265.891
9.93814	265.584
9.94394	265.278
9.94975	265.125
9.95555	264.665
9.96136	264.36
9.96716	264.055
9.97297	263.902
9.97878	263.902
9.98458	263.75
9.99039	263.75
9.99619	264.055
10.002	264.36
10.0078	264.665
10.0136	265.278
10.0194	265.584
10.0252	265.891
10.031	266.199
10.0368	266.506
10.0426	266.506
10.0484	265.738
10.0542	264.818
10.06	264.055
10.0659	263.141
10.0717	262.686
10.0775	262.837
10.0833	262.534
10.0891	262.231
10.0949	261.928
10.1007	262.079
10.1065	261.928
10.1123	262.079
10.1181	262.231
10.1239	261.928
10.1297	261.626
10.1355	263.598	261.928
10.1413	263.902	262.382
10.1471	263.75	261.777
10.1529	262.534
10.1587	263.75
10.1645	264.971
10.1703	267.277
10.1761	269.136
10.1819	268.36
10.1878	268.515
10.1936	268.515
10.1994	268.205
10.2052	267.895
10.211	267.741
10.2168	267.741
10.2226	267.277
10.2284	266.969
10.2342	266.814
10.24	266.506
10.2458	265.891
10.2516	265.738
10.2574	265.584
10.2632	265.431
10.269	265.278
10.2748	264.971
10.2806	264.818
10.2864	264.818
10.2922	264.665
10.298	264.665
10.3039	264.971
10.3097	265.278
10.3155	266.353
10.3213	266.66
10.3271	266.506
10.3329	265.431
10.3387	263.598
10.3445	262.231
10.3503	259.969
10.3561	257.726
10.3619	264.055
10.3677	264.513
10.3735	265.431
10.3793	265.431
10.3851	264.971
10.3909	263.75
10.3967	265.125
10.4025	264.971
10.4083	265.738
10.4141	266.045
10.42	264.513
10.4258	263.141
10.4316	264.971
10.4374	265.584
10.4432	262.382
10.449	262.079
10.4548
10.4606
10.4664
10.4722	209.58
10.478	214.231
10.4838	217.222
10.4896	220.636
10.4954	222.942
10.5012	223.458
10.507	225.663
10.5128	226.97
10.5186	228.285
10.5244	229.873
10.5302	232.544
10.5361	234.297
10.5419	235.382
10.5477	236.199	471.036
10.5535	236.472	472.944
10.5593	236.609	472.671
10.5651	236.199	472.944
10.5709	236.472	473.218
10.5767	236.199	473.218
10.5825	236.063	472.671
10.5883	236.063	472.944
10.5941	236.336	473.764
10.5999	236.609	474.038
10.6057	236.336	473.764
10.6115	236.336	473.764
10.6173	235.926	472.125
10.6231	235.654	471.58
10.6289	235.654	471.308
10.6347	234.703	469.406
10.6405	234.161	468.052
10.6463	233.621	468.052
10.6522	233.217	466.703
10.658	232.544	464.015
10.6638	231.739	462.409
10.6696	230.139	459.215
10.6754	228.549	457.891
10.6812	233.486	465.626
10.687	220.382	462.409
10.6928	215.846	449.245
10.6986	213.737	428.958
10.7044	464.283
10.7102
10.716
10.7218
10.7276
10.7334
10.7392
10.745
10.7508
10.7566
10.7624
10.7683
10.7741
10.7799
10.7857
10.7915
10.7973
10.8031	215.099
10.8089	213.861
10.8147	215.224
10.8205	216.47
10.8263	218.48
10.8321	219.873
10.8379	220
10.8437	220.636
10.8495	220.382
10.8553	219.873
10.8611	219.239
10.8669	218.986
10.8727	218.48
10.8785	218.228
10.8844	218.228
10.8902	217.976
10.896	217.724
10.9018	217.724
10.9076	217.85
10.9134	218.48
10.9192	218.607
10.925	219.112
10.9308	220.254
10.9366	220.764
10.9424	221.658
10.9482	222.299
10.954	222.299
10.9598	221.274
10.9656	220.382
10.9714	220.127
10.9772	219.366
10.983	218.48
10.9888	216.971
10.9946	215.472
11.0005	214.231
11.0063	212.629
11.0121	210.551
11.0179	208.373
11.0237	205.505
11.0295	201.974
11.0353	199.539
11.0411	196.224
11.0469	193.635
11.0527	191.3
11.0585	189.431
11.0643	186.607
11.0701	183.719
11.0759	181.609
11.0817	179.42
11.0875	172.509
11.0933	170.429
11.0991	169.545
11.1049	166.44
11.1107
11.1166
11.1224
11.1282
11.134
11.1398
11.1456
11.1514
11.1572
11.163
11.1688
11.1746
11.1804
11.1862
11.192	163.486
11.1978	164.149
11.2036	165.1
11.2094	164.814
11.2152	164.528
11.221	165.864
11.2268	166.536
11.2327	166.633
11.2385	165.195
11.2443	163.959
11.2501	163.486
11.2559	163.77
11.2617	164.814
11.2675	164.624
11.2733	164.149
11.2791	163.77
11.2849	164.244
11.2907	163.486
11.2965	162.921
11.3023	160.307
11.3081	161.515
11.3139	157.553
11.3197	161.329
11.3255	162.076
11.3313	161.982
11.3371	160.863
11.3429
11.3488
11.3546	161.049
11.3604	160.863
11.3662	161.236
11.372	161.329
11.3778	165.195
11.3836	165.482
11.3894	165.1
11.3952	165.386
11.401	165.577
11.4068	165.673
11.4126	166.248
11.4184	167.598
11.4242	169.252
11.43	171.021
11.4358	173.208
11.4416	175.829
11.4474	180.042
11.4532	183.613
11.459	187.471
11.4649	191.079
11.4707	193.858
11.4765	196.906
11.4823	200.695
11.4881	202.91
11.4939	203.967
11.4997	204.675
11.5055	205.149
11.5113	205.03
11.5171	204.794
11.5229	203.496
11.5287	202.091
11.5345	200.463
11.5403	198.275
11.5461	188.884
11.5519	188.448
11.5577	192.075
11.5635	197.247
11.5693	199.654
11.5751
11.581
11.5868
11.5926
11.5984
11.6042
11.61
11.6158
11.6216
11.6274
11.6332	165.96
11.639	165.1
11.6448	164.528
11.6506	165.1	327.351
11.6564	166.536	332.88
11.6622	168.861	334.615
11.668	172.111	335.196
11.6738	173.809	337.722
11.6796	172.908	345.816
11.6854	172.708	343.625
11.6912	170.823	338.308
11.6971	169.839	336.359
11.7029	169.545	337.137
11.7087	169.643	337.527
11.7145	168.374	337.332
11.7203	167.792	335.777
11.7261	168.277	336.554
11.7319	169.252	338.308
11.7377	170.134	340.071
11.7435	170.232	340.661
11.7493	170.527	341.055
11.7551	171.614	343.427
11.7609	173.108	346.415
11.7667	174.211	348.624
11.7725	175.018	350.238
11.7783	175.524	350.441
11.7841	175.524	351.048
11.7899	175.22	350.441
11.7957	175.22	349.834
11.8015	174.816	349.834
11.8073	174.513	349.834
11.8132	174.211	350.846
11.819	174.312	348.825
11.8248	174.211	347.417
11.8306	174.01	347.417
11.8364	173.408	346.016
11.8422	172.808	344.619
11.848	172.908	345.217
11.8538	173.308	346.415
11.8596	174.01	348.422
11.8654	174.816	349.632
11.8712	175.727	350.846
11.877	176.541	352.471
11.8828	176.847	353.286
11.8886	176.847	354.922
11.8944	177.154	354.103
11.9002	176.337	352.674
11.906	175.93	352.064
11.9118	175.93	351.454
11.9176	175.524	350.643
11.9234	174.816	349.834
11.9293	174.211	349.43
11.9351	173.008	347.217	347.016
11.9409	172.31	344.818	357.804
11.9467	171.515	343.625	357.185
11.9525	171.119	343.824	353.49
11.9583	171.416	343.031	354.103
11.9641	171.515	343.427	353.082
11.9699	172.31	344.818	347.217
11.9757	173.108	346.415	346.816
11.9815	174.01	347.618	347.819
11.9873	174.816	349.632	349.834
11.9931	175.727	351.657	351.86
11.9989	176.541	353.082	353.082
12.0047	177.359	354.922	354.717
12.0105	177.769	354.922	354.308
12.0163	177.974	355.333	355.127
12.0221	178.696	357.185
12.0279	179.42	358.218
12.0337	179.523	358.218
12.0395	179.212	358.011
12.0454	179.005	357.185
12.0512	178.489	355.949
12.057	177.359	354.103
12.0628	176.847	352.878
12.0686	176.235	352.674
12.0744	175.829	351.657
12.0802	175.829	351.454
12.086	175.93	351.86
12.0918	175.93	352.267
12.0976	175.93	352.064
12.1034	176.235	352.267
12.1092	176.134	352.674
12.115	176.439	353.286
12.1208	176.235	352.471
12.1266	176.847	353.286
12.1324	176.847	353.899
12.1382	177.154	355.333
12.144	177.359	354.922
12.1498	177.154	354.308	665.376
12.1556	175.727	353.49	666.53
12.1615	175.829	351.251	665.761
12.1673	175.524	350.238	666.915
12.1731	174.816	349.43	665.376
12.1789	174.816	351.048	664.224
12.1847	175.018	354.103	661.926
12.1905	175.018	348.221	671.166
12.1963	173.408	349.027	661.926
12.2021	174.111	346.816	659.255
12.2079	173.408	345.018	662.691
12.2137	172.31	344.42	665.376
12.2195	172.111	343.824	663.074
12.2253	173.108	346.415	672.33
12.2311	173.608	347.819	672.719
12.2369	175.119	347.618	658.874
12.2427	176.134	350.441	669.231
12.2485	174.816	351.048	666.915
12.2543	176.032	359.254	668.458
12.2601	170.331	349.834	671.942
12.2659	170.922	359.669	679.357
12.2717	175.93	685.269
12.2776	677.007
12.2834	673.496
12.2892	674.275
12.295	673.107
12.3008	671.942
12.3066
12.3124
12.3182
12.324
12.3298
12.3356
12.3414
12.3472
12.353
12.3588
12.3646
12.3704
12.3762
12.382
12.3878
12.3937
12.3995
12.4053
12.4111
12.4169
12.4227
12.4285
12.4343
12.4401
12.4459
12.4517
12.4575
12.4633
12.4691
12.4749
12.4807
12.4865
12.4923
12.4981
12.5039
12.5098
12.5156
12.5214
12.5272
12.533
12.5388
12.5446
12.5504
12.5562
12.562
12.5678
12.5736
12.5794
12.5852
12.591
12.5968
12.6026
12.6084
12.6142
12.62
12.6258
12.6317
12.6375
12.6433
12.6491
12.6549
12.6607
12.6665
12.6723
12.6781
12.6839
12.6897
12.6955
12.7013
12.7071
12.7129
12.7187
12.7245
12.7303
12.7361
12.742
12.7478
12.7536
12.7594
12.7652
12.771
12.7768
12.7826
12.7884
12.7942
12.8
12.8058
12.8116
12.8174
12.8232
12.829
12.8348
12.8406
12.8464
12.8522
12.858
12.8639
12.8697
12.8755
12.8813
12.8871
12.8929
12.8987
12.9045
12.9103
12.9161
12.9219
12.9277
12.9335
12.9393
12.9451
12.9509
12.9567
12.9625
12.9683
12.9741
12.98
12.9858
12.9916
12.9974
13.0032
13.009
13.0148
13.0206
13.0264
13.0322
13.038
13.0438
13.0496
13.0554
13.0612
13.067
13.0728
13.0786
13.0844
13.0902
13.0961
13.1019
13.1077
13.1135
13.1193
13.1251
13.1309
13.1367
13.1425
13.1483
13.1541
13.1599
13.1657
13.1715
13.1773
13.1831
13.1889
13.1947
13.2005
13.2063
13.2122
13.218
13.2238
13.2296
13.2354
13.2412
13.247
13.2528
13.2586
13.2644
13.2702
13.276
13.2818
13.2876
13.2934
13.2992
13.305
13.3108
13.3166
13.3224
13.3283
13.3341
13.3399
13.3457
13.3515
13.3573
13.3631
13.3689
13.3747
13.3805
13.3863
13.3921
13.3979
13.4037
13.4095
13.4153
13.4211
13.4269
13.4327
13.4385
13.4444
13.4502
13.456
13.4618
13.4676
13.4734
13.4792
13.485
13.4908
13.4966
13.5024
13.5082
13.514
13.5198
13.5256
13.5314
13.5372
13.543
13.5488
13.5546
13.5605
13.5663
13.5721
13.5779
13.5837
13.5895
13.5953
13.6011
13.6069
13.6127
13.6185
13.6243
13.6301
13.6359
13.6417
13.6475
13.6533
13.6591
13.6649
13.6707
13.6766
13.6824
13.6882
13.694
13.6998
13.7056
13.7114
13.7172
13.723
13.7288
13.7346
13.7404
13.7462
13.752
13.7578
13.7636
13.7694
13.7752
13.781
13.7868
13.7927
13.7985
13.8043
13.8101
13.8159	637.535
13.8217	635.329
13.8275	634.595
13.8333	632.4
13.8391	631.305
13.8449	631.67
13.8507	636.431
13.8565	633.497
13.8623	641.598
13.8681	632.035
13.8739	632.4
13.8797	647.93
13.8855	670.779	242.84
13.8913	664.224	248.372
13.8971	664.608	253.884
13.9029	683.293	261.777
13.9088	695.638	268.05
13.9146	726.437	275.109
13.9204	280.241
13.9262	286.13
13.932	291.973
13.9378	297.764	595.184
13.9436	301.05	601.405
13.9494	304.9	608.042
13.9552	307.021	613.687
13.961	309.872	619.743
13.9668	314.016	627.669
13.9726	317.114	634.229
13.9784	320.059	640.857
13.9842	323.217	644.198
13.99	325.465	650.179
13.9958	327.54	653.945
14.0016	329.818	659.255
14.0074	332.304	664.992
14.0132	334.615	670.004
14.019	336.554	673.886
14.0249	338.308	676.225
14.0307	339.679	679.357
14.0365	341.252	682.504
14.0423	342.239	684.478
14.0481	343.229	686.854
14.0539	344.221	689.239
14.0597	344.619	689.637
14.0655	345.816	691.631
14.0713	346.415	692.831
14.0771	346.616	692.831
14.0829	346.616	692.431
14.0887	346.616	692.431
14.0945	346.816	693.632
14.1003	346.816	693.632
14.1061	346.616	693.231
14.1119	346.816	693.231
14.1177	347.016	694.033
14.1235	347.016	694.033
14.1293	347.016
14.1351	347.618
14.141	348.624
14.1468	349.632
14.1526	350.238
14.1584	350.441
14.1642	350.846
14.17	350.846
14.1758	350.643
14.1816	350.238
14.1874	349.834
14.1932	349.43
14.199	349.228
14.2048	348.825
14.2106	349.43
14.2164	350.036
14.2222	351.454
14.228	352.674
14.2338	353.49
14.2396	353.899
14.2454	354.717
14.2512	355.127
14.2571	354.717
14.2629	354.103
14.2687	353.082
14.2745	351.86
14.2803	351.251
14.2861	351.657
14.2919	352.471
14.2977	352.471
14.3035	352.064
14.3093	352.064
14.3151	352.267
14.3209	352.471
14.3267	352.471
14.3325	352.471
14.3383	352.267
14.3441	351.86
14.3499	352.267
14.3557	352.674
14.3615	353.694
14.3673	354.922
14.3732	356.36
14.379	357.804
14.3848	359.046
14.3906	359.046
14.3964	358.425
14.4022	357.804
14.408	357.185
14.4138	356.36
14.4196	355.949
14.4254	355.538
14.4312	354.717
14.437	353.694
14.4428	352.878
14.4486	351.657
14.4544	349.632
14.4602	348.825	591.415
14.466	346.016	593.125
14.4718	343.427	591.415
14.4776	339.286	591.415
14.4834	351.048	590.391
14.4893	354.513	589.369
14.4951	351.048	589.369
14.5009	353.286	586.99
14.5067	349.027	586.651
14.5125	586.99
14.5183	588.008
14.5241	587.669
14.5299	595.184
14.5357	588.348
14.5415	590.732
14.5473	601.405
14.5531	622.973
14.5589	604.889
14.5647
14.5705
14.5763	284.811
14.5821	286.461
14.5879	290.124
14.5937	288.62
14.5995	291.468
14.6054	292.142
14.6112	293.834
14.617	296.391
14.6228	296.734
14.6286	295.878
14.6344	296.391
14.6402	297.42
14.646	298.108
14.6518	297.764
14.6576	297.249
14.6634	297.077
14.6692	297.42
14.675	297.592
14.6808	297.249
14.6866	297.42
14.6924	297.249
14.6982	297.592
14.704	298.281
14.7098	298.971
14.7156	298.625
14.7215	298.281
14.7273	297.077
14.7331	293.665
14.7389	292.818
14.7447	293.834
14.7505	293.665
14.7563	292.311
14.7621	289.12
14.7679	288.12	258.621
14.7737	286.295	262.837
14.7795	283.989	278.788
14.7853	282.517	286.295
14.7911	284.482	288.287
14.7969	285.965
14.8027	281.214
14.8085	277.023
14.8143	274.316
14.8201	287.954
14.8259	296.391
14.8317	286.295
14.8376	288.287
14.8434	291.805
14.8492	299.489
14.855	285.965
14.8608	282.843
14.8666	293.326
14.8724	287.621
14.8782	296.734
14.884	294.855
14.8898	292.818
14.8956	241.58
14.9014	245.661
14.9072	249.811
14.913	254.471
14.9188	259.069
14.9246	254.324
14.9304	251.549
14.9362	251.403
14.942	253.006
14.9478	253.591
14.9537	254.324
14.9595	254.766
14.9653	254.471
14.9711	256.538
14.9769	258.471
14.9827	259.668
14.9885	260.269
14.9943	261.022
15.0001	261.323
15.0059	261.173
15.0117	261.474
15.0175	261.928
15.0233	263.141
15.0291	265.125
15.0349	266.66
15.0407	267.586
15.0465	268.515
15.0523	269.603
15.0581	270.539
15.0639	271.792
15.0697	272.736
15.0756	272.421
15.0814	272.263
15.0872	271.165
15.093	270.539
15.0988	270.383
15.1046	269.292
15.1104	268.67
15.1162	268.05
15.122	267.432
15.1278	266.506
15.1336	266.045
15.1394	265.431
15.1452	265.278
15.151	264.818
15.1568	264.36
15.1626	264.36
15.1684	264.513
15.1742	264.971
15.18	265.125
15.1859	265.125
15.1917	265.125
15.1975	265.584
15.2033	265.738
15.2091	265.738
15.2149	265.584
15.2207	265.584
15.2265	265.278
15.2323	264.971
15.2381	264.36
15.2439	263.902
15.2497	263.445
15.2555	262.989
15.2613	261.928
15.2671	261.022
15.2729	260.269
15.2787	258.621
15.2845	257.28
15.2903	256.241
15.2961	255.65
15.3019	255.207
15.3078	254.618
15.3136	253.445
15.3194	252.276
15.3252	251.113
15.331	249.523
15.3368	248.085
15.3426	245.661
15.3484	243.542
15.3542	241.72
15.36	239.496
15.3658	236.609
15.3716	234.026
15.3774	230.272
15.3832	226.708
15.389	222.556
15.3948	216.846
15.4006	211.16
15.4064	205.98
15.4122	200.811
15.418	194.644
15.4239	192.631
15.4297	187.905
15.4355	184.038
15.4413
15.4471
15.4529
15.4587
15.4645
15.4703
15.4761
15.4819
15.4877
15.4935
15.4993
15.5051
15.5109
15.5167
15.5225
15.5283
15.5341
15.54
15.5458
15.5516
15.5574
15.5632
15.569
15.5748	265.584
15.5806	252.714
15.5864	250.968
15.5922	247.37
15.598	249.667
15.6038	250.389
15.6096	250.968
15.6154	252.86
15.6212	253.152
15.627	254.031
15.6328	253.591
15.6386	254.618
15.6444	253.884
15.6502	253.298	152.362
15.6561	254.178	151.397
15.6619	250.533	150.786
15.6677	246.799	148.882
15.6735	247.942	147.598
15.6793	247.799	147.172
15.6851	253.152	146.409
15.6909	254.031	144.811
15.6967	258.621	144.31
15.7025	261.626	143.977
15.7083	262.686	143.148
15.7141	261.626	142.9
15.7199	264.36	143.065
15.7257	266.045	143.23
15.7315	266.969	144.06
15.7373	267.123	144.727
15.7431	266.969	146.832
15.7489	264.36	143.977
15.7547	262.686	151.222
15.7605	263.141	150.178
15.7663	263.141
15.7722	261.022
15.778
15.7838
15.7896
15.7954
15.8012
15.807
15.8128
15.8186
15.8244
15.8302
15.836
15.8418
15.8476
15.8534
15.8592
15.865
15.8708
15.8766
15.8824
15.8883
15.8941
15.8999
15.9057
15.9115
15.9173
15.9231
15.9289
15.9347
15.9405
15.9463
15.9521
15.9579
15.9637	162.451
15.9695	162.639
15.9753	163.392
15.9811	164.149
15.9869	165.96
15.9927	166.344
15.9985	167.792
16.0044	169.252
16.0102	169.447
16.016	168.861
16.0218	167.211
16.0276	165.386
16.0334	166.922
16.0392	162.827
16.045	162.451
16.0508	161.982
16.0566	162.451
16.0624	162.263
16.0682	162.639
16.074	162.921
16.0798	163.015
16.0856	163.203
16.0914	161.795	323.217
16.0972	160.771	322.099
16.103	160.214	320.059
16.1088	159.476	319.136
16.1146	159.108	318.767
16.1205	159.108	318.583
16.1263	159.292	318.767
16.1321	159.752	320.059
16.1379	160.214	305.782
16.1437	160.771	314.56
16.1495	161.422	318.215
16.1553	158.191	325.653
16.1611	162.921	327.351
16.1669	163.959	327.162
16.1727	165.1	330.39
16.1785	166.056	332.304
16.1843	166.729	333.458
16.1901	166.922	333.458
16.1959	167.115	334.422
16.2017	167.115	334.422
16.2075	167.018	334.036
16.2133	166.248	332.88
16.2191	165.96	332.496
16.2249	165.29	330.39
16.2307	165.195	329.818
16.2366	164.244	332.88
16.2424	163.77	333.843
16.2482	163.109	324.902
16.254	162.263	335.971
16.2598	161.515	343.427
16.2656	157.553	329.628
16.2714	160.585	320.244
16.2772	159.752	320.059
16.283	160.4
16.2888	160.863
16.2946	161.329
16.3004	161.702
16.3062	163.109
16.312	163.109
16.3178	166.44
16.3236	164.244
16.3294	164.719
16.3352	163.392
16.341
16.3468
16.3527
16.3585
16.3643
16.3701
16.3759
16.3817
16.3875
16.3933
16.3991
16.4049
16.4107
16.4165
16.4223
16.4281
16.4339
16.4397
16.4455
16.4513
16.4571
16.4629
16.4688
16.4746
16.4804
16.4862
16.492
16.4978
16.5036
16.5094
16.5152
16.521
16.5268
16.5326
16.5384
16.5442
16.55
16.5558
16.5616
16.5674
16.5732
16.579
16.5849
16.5907
16.5965
16.6023
16.6081
16.6139
16.6197
16.6255
16.6313
16.6371
16.6429
16.6487
16.6545
16.6603
16.6661
16.6719
16.6777
16.6835
16.6893
16.6951
16.701
16.7068
16.7126
16.7184
16.7242
16.73
16.7358
16.7416
16.7474
16.7532
16.759
16.7648
16.7706
16.7764
16.7822
16.788
16.7938
16.7996
16.8054
16.8112
16.8171
16.8229
16.8287
16.8345
16.8403
16.8461
16.8519
16.8577
16.8635
16.8693
16.8751
16.8809
16.8867
16.8925
16.8983
16.9041
16.9099
16.9157
16.9215
16.9273
16.9332
16.939
16.9448
16.9506
16.9564
16.9622
16.968
16.9738
16.9796
16.9854
16.9912
16.997
17.0028
17.0086
17.0144
17.0202
17.026
17.0318
17.0376
17.0434
17.0493
17.0551
17.0609
17.0667
17.0725
17.0783
17.0841
17.0899
17.0957
17.1015
17.1073
17.1131
17.1189
17.1247
17.1305
17.1363
17.1421
17.1479
17.1537
17.1595
17.1654
17.1712
17.177
17.1828
17.1886
17.1944
17.2002
17.206
17.2118
17.2176
17.2234
17.2292
17.235
17.2408
17.2466
17.2524
17.2582
17.264
17.2698
17.2756
17.2815
17.2873
17.2931
17.2989
17.3047
17.3105
17.3163
17.3221
17.3279
17.3337
17.3395
17.3453
17.3511
17.3569
17.3627
17.3685
17.3743
17.3801
17.3859
17.3917
17.3976
17.4034
17.4092
17.415
17.4208
17.4266
17.4324
17.4382
17.444
17.4498
17.4556
17.4614
17.4672
17.473
17.4788
17.4846
17.4904
17.4962
17.502
17.5078
17.5137
17.5195
17.5253
17.5311
17.5369
17.5427
17.5485
17.5543
17.5601
17.5659
17.5717
17.5775
17.5833
17.5891
17.5949
17.6007
17.6065
17.6123
17.6181
17.6239
17.6297
17.6356
17.6414
17.6472
17.653
17.6588
17.6646
17.6704
17.6762
17.682
17.6878
17.6936
17.6994
17.7052
17.711
17.7168
17.7226
17.7284
17.7342
17.74
17.7458
17.7517
17.7575
17.7633
17.7691
17.7749
17.7807
17.7865
17.7923
17.7981
17.8039
17.8097
17.8155
17.8213
17.8271
17.8329
17.8387
17.8445
17.8503
17.8561
17.8619
17.8678
17.8736
17.8794
17.8852
17.891
17.8968
17.9026
17.9084
17.9142
17.92
17.9258
17.9316
17.9374
17.9432	362.589
17.949	360.918
17.9548	363.218
17.9606	365.745
17.9664	364.479
17.9722	366.591
17.9781	364.058
17.9839	363.848
17.9897	368.076
17.9955	367.651	209.701
18.0013	382.821	207.293
18.0071	373.43	208.614
18.0129	372.999	213.614
18.0187	372.138	217.724
18.0245	367.439	220.127
18.0303	379.299	228.153
18.0361	388.165	236.609
18.0419	397.238	242.699
18.0477	417.469	247.37
18.0535	251.985
18.0593	257.131
18.0651	263.445
18.0709	267.741
18.0767	271.478
18.0825	275.745
18.0883	277.824
18.0941	282.191
18.1	285.47
18.1058	289.287
18.1116	292.649
18.1174	296.391
18.1232	299.835
18.129	304.196
18.1348	307.021
18.1406	308.799
18.1464	311.127
18.1522	312.388
18.158	314.197
18.1638	315.652
18.1696	318.215
18.1754	320.984
18.1812	323.404
18.187	325.277
18.1928	327.351
18.1986	329.247
18.2044	330.963
18.2102	331.729
18.2161	333.458
18.2219	334.809
18.2277	335.777
18.2335	336.554
18.2393	336.943
18.2451	336.748
18.2509	336.359
18.2567	335.583
18.2625	335.002
18.2683	333.65
18.2741	331.92
18.2799	330.39
18.2857	327.729
18.2915	322.471
18.2973	323.404
18.3031	320.059
18.3089	320.059
18.3147	319.874	325.089
18.3205	318.215	316.931
18.3263	319.136	317.114
18.3322	316.383
18.338	314.379
18.3438	309.872
18.3496	306.489
18.3554	304.372
18.3612	301.224
18.367	297.936
18.3728	296.049
18.3786	295.537
18.3844	294.855
18.3902	294.684
18.396	294.855
18.4018	294.855
18.4076	294.855
18.4134	295.025
18.4192	295.025
18.425	294.344
18.4308	293.665
18.4366	293.326
18.4424	292.987
18.4483	292.311
18.4541	292.142
18.4599	291.973
18.4657	291.131
18.4715	290.795
18.4773	290.627
18.4831	290.292
18.4889	290.459
18.4947	290.963
18.5005	291.468
18.5063	292.311
18.5121	292.649
18.5179	292.48
18.5237	292.311
18.5295	291.805
18.5353	291.805
18.5411	291.468
18.5469	291.131
18.5527	290.627
18.5585	289.789
18.5644	288.62
18.5702	286.626
18.576	285.14
18.5818	281.214
18.5876	278.627
18.5934	273.999
18.5992	271.322
18.605	268.67
18.6108	265.584
18.6166	264.207
18.6224	262.686
18.6282	261.173
18.634	260.419
18.6398	259.518
18.6456	258.919
18.6514	258.919
18.6572	259.668
18.663	260.57
18.6688	261.474
18.6746	262.686
18.6805	263.75
18.6863	264.513
18.6921	264.818
18.6979	265.431
18.7037	265.584
18.7095	265.431
18.7153	265.278
18.7211	264.971
18.7269	264.513
18.7327	264.055
18.7385	264.055
18.7443	264.207
18.7501	264.207
18.7559	264.055
18.7617	264.207
18.7675	264.513
18.7733	264.36
18.7791	263.75
18.7849	263.293
18.7907	262.989
18.7966	262.534
18.8024	261.777
18.8082	261.474
18.814	260.72
18.8198	260.119
18.8256	259.219
18.8314	258.322
18.8372	257.577
18.843	255.798
18.8488	253.006
18.8546	253.591
18.8604	260.269
18.8662	262.989
18.872	262.231
18.8778	263.141
18.8836	263.445
18.8894	262.231
18.8952	262.382
18.901	262.231
18.9068	261.626
18.9127	262.231
18.9185
18.9243
18.9301
18.9359
18.9417
18.9475
18.9533
18.9591
18.9649
18.9707
18.9765
18.9823
18.9881	460.543
18.9939	462.142	242.98
18.9997	464.551	238.392
19.0055	465.088	245.803
19.0113	472.398	242.84
19.0171	474.038	242.699
19.0229	482.603	242.84
19.0288	487.084	243.542
19.0346	492.743	248.085
19.0404	498.469	249.955
19.0462	502.807	252.276
19.052	506.889	253.884
19.0578	512.779	256.389
19.0636	515.749	258.024
19.0694	516.047	258.173
19.0752	516.942	258.322
19.081	517.54	258.471
19.0868	517.54	258.621
19.0926	518.138	259.069
19.0984	518.138	259.069
19.1042	517.839	259.069
19.11	517.839	259.069
19.1158	518.138	259.369
19.1216	519.637	259.969
19.1274	519.937	260.119
19.1332	520.538	260.419
19.139	521.14	260.72
19.1449	523.251	261.323
19.1507	524.461	262.231
19.1565	525.371	262.837
19.1623	525.371	262.837
19.1681	525.675	262.534
19.1739	523.856	262.079
19.1797	523.856	261.928
19.1855	522.949	261.474
19.1913	522.647	261.323
19.1971	522.345	261.022
19.2029	522.044	261.323
19.2087	523.856	261.777
19.2145	524.765	262.382
19.2203	526.282	262.989
19.2261	528.109	263.75
19.2319	530.249	265.278
19.2377	531.783	265.891
19.2435	533.013	266.506
19.2493	533.013	266.353
19.2551	531.476	265.738
19.261	531.783	265.738
19.2668	530.862	265.431
19.2726	529.943	265.278
19.2784	530.249	264.818
19.2842	528.72	264.055
19.29	528.109	263.75
19.2958	528.414	264.055
19.3016	527.195	263.598
19.3074	526.586	263.141
19.3132	526.282	262.837
19.319	525.068	262.231
19.3248	522.949	261.323
19.3306	521.441	260.72
19.3364	522.345	261.022
19.3422	523.553	261.474
19.348	523.856	261.626
19.3538	523.553	261.626
19.3596	524.159	261.626
19.3654	523.856	261.777
19.3712	523.553	262.079
19.3771	525.675	262.837
19.3829	527.5	263.598
19.3887	529.025	264.36
19.3945	528.72	264.665
19.4003	529.943	264.971
19.4061	531.783	265.584
19.4119	532.397	266.045
19.4177	532.705	266.353
19.4235	533.013	266.353
19.4293	532.397	266.199
19.4351	531.783	265.891
19.4409	531.169	265.431
19.4467	529.331	264.971
19.4525	529.025	264.207
19.4583	527.195	263.75
19.4641	525.978	262.989
19.4699	524.461	262.382
19.4757	525.068	262.382
19.4815	525.068	262.382
19.4873	524.765	262.382
19.4932	524.461	262.231
19.499	523.856	261.928
19.5048	525.371	262.534
19.5106	525.675	262.837
19.5164	525.978	262.989
19.5222	525.978	262.989
19.528	525.978	262.989
19.5338	525.675	262.686
19.5396	524.461	262.534
19.5454	523.856	262.079
19.5512	524.159	262.231
19.557	525.068	262.534
19.5628	522.949	261.777
19.5686	522.044	261.323
19.5744	521.14	260.57
19.5802	518.438	259.818
19.586	516.942	258.322
19.5918	513.668	256.538
19.5976	508.943	254.324
19.6034	503.097	251.403
19.6093	492.459	246.087
19.6151	482.603	242.139
19.6209	476.509	238.255
19.6267	475.135	235.382
19.6325	475.409	223.975
19.6383	492.743	226.708
19.6441	491.322	211.771
19.6499	516.644
19.6557
19.6615
19.6673
19.6731
19.6789
19.6847
19.6905
19.6963
19.7021
19.7079
19.7137
19.7195
19.7254
19.7312
19.737
19.7428
19.7486
19.7544
19.7602
19.766
19.7718
19.7776
19.7834
19.7892
19.795
19.8008
19.8066
19.8124
19.8182
19.824
19.8298
19.8356
19.8415
19.8473
19.8531
19.8589
19.8647
19.8705
19.8763
19.8821
19.8879
19.8937
19.8995
19.9053
19.9111	433.441
19.9169	438.478
19.9227	438.731
19.9285	441.018
19.9343	440.254
19.9401	439.492
19.9459	440.763
19.9517	441.528
19.9576	439.238
19.9634	440.509
19.9692	444.085
19.975	447.433
19.9808	449.765
19.9866	437.971	166.344
19.9924	452.631	166.44
19.9982	460.809	166.825
20.004	465.895	158.649
20.0098	470.492	168.764
20.0156	463.211	168.764
20.0214	471.036	170.725
20.0272	480.933	171.813
20.033	466.703	172.908
20.0388	461.076	173.91
20.0446	454.991	175.524
20.0504	176.745
20.0562	177.256
20.062	177.359
20.0678	176.541
20.0737	176.541
20.0795	175.119
20.0853	175.119
20.0911	174.715
20.0969	174.715
20.1027	174.513
20.1085	174.312
20.1143	174.01
20.1201	173.608
20.1259	173.008
20.1317	172.908
20.1375	172.609
20.1433	171.614
20.1491	172.011
20.1549	171.912
20.1607	171.813
20.1665	172.21
20.1723	171.912
20.1781	172.31
20.1839	172.509
20.1898	172.708
20.1956	173.008
20.2014	173.408
20.2072	173.709
20.213	174.413
20.2188	174.413
20.2246	175.423
20.2304	175.93
20.2362	177.154
20.242	176.949
20.2478	177.666
20.2536	179.005
20.2594	179.731
20.2652	181.085	362.38
20.271	181.819	363.638
20.2768	182.872	365.322
20.2826	183.401	366.803
20.2884	183.613	366.379
20.2942	183.401	365.956
20.3	182.345	365.533
20.3058	181.714	363.428
20.3117	181.085	362.171
20.3175	180.563	361.126
20.3233	179.835	359.877
20.3291	179.109	359.046
20.3349	178.489	360.293
20.3407	181.819	355.949
20.3465	177.461	361.335
20.3523	177.256	362.589
20.3581	176.134	352.471
20.3639	175.93	352.064
20.3697	175.423	357.598
20.3755	174.917	349.834
20.3813	174.211	349.228
20.3871	173.208	337.137
20.3929	172.509	345.416
20.3987	172.111	344.023
20.4045	172.011	344.023
20.4103	171.912	344.023
20.4161	172.111	344.023
20.4219	171.614	343.824
20.4278	171.912	344.023
20.4336	172.409	345.018
20.4394	172.808	348.221
20.4452	172.708	333.265
20.451	172.21	333.265
20.4568	173.308	330.772
20.4626	172.808
20.4684	172.21
20.4742	172.708
20.48	172.908
20.4858
20.4916
20.4974
20.5032
20.509
20.5148
20.5206
20.5264
20.5322
20.538
20.5439
20.5497
20.5555
20.5613
20.5671
20.5729
20.5787
20.5845
20.5903
20.5961
20.6019
20.6077
20.6135
20.6193
20.6251
20.6309
20.6367
20.6425
20.6483
20.6542
20.66
20.6658
20.6716
20.6774
20.6832
20.689
20.6948
20.7006
20.7064
20.7122
20.718
20.7238
20.7296
20.7354
20.7412
20.747
20.7528
20.7586
20.7644
20.7702
20.7761
20.7819
20.7877
20.7935
20.7993
20.8051
20.8109
20.8167
20.8225
20.8283
20.8341
20.8399
20.8457
20.8515
20.8573
20.8631
20.8689
20.8747
20.8805
20.8863
20.8922
20.898
20.9038
20.9096
20.9154
20.9212
20.927
20.9328
20.9386
20.9444
20.9502
20.956
20.9618
20.9676
20.9734
20.9792
20.985
20.9908
20.9966
21.0024
21.0083
21.0141
21.0199
21.0257
21.0315
21.0373
21.0431
21.0489
21.0547
21.0605
21.0663
21.0721
21.0779
21.0837
21.0895
21.0953
21.1011
21.1069
21.1127
21.1185
21.1244
21.1302
21.136
21.1418
21.1476
21.1534
21.1592
21.165
21.1708
21.1766
21.1824
21.1882
21.194
21.1998
21.2056
21.2114
21.2172
21.223
21.2288
21.2346
21.2405
21.2463
21.2521
21.2579
21.2637
21.2695
21.2753
21.2811
21.2869
21.2927
21.2985
21.3043
21.3101
21.3159
21.3217
21.3275
21.3333
21.3391
21.3449
21.3507
21.3566
21.3624
21.3682
21.374
21.3798
21.3856
21.3914
21.3972
21.403
21.4088
21.4146
21.4204
21.4262
21.432
21.4378
21.4436
21.4494
21.4552
21.461
21.4668
21.4727
21.4785
21.4843
21.4901
21.4959
21.5017
21.5075
21.5133
21.5191
21.5249
21.5307
21.5365
21.5423
21.5481
21.5539
21.5597
21.5655
21.5713
21.5771
21.5829
21.5888
21.5946
21.6004
21.6062
21.612
21.6178
21.6236
21.6294
21.6352
21.641
21.6468
21.6526
21.6584
21.6642
21.67
21.6758
21.6816
21.6874
21.6932
21.699
21.7049
21.7107
21.7165
21.7223
21.7281
21.7339
21.7397
21.7455
21.7513
21.7571
21.7629
21.7687
21.7745
21.7803
21.7861
21.7919
21.7977
21.8035
21.8093
21.8151
21.821
21.8268
21.8326
21.8384
21.8442
21.85
21.8558
21.8616
21.8674
21.8732
21.879
21.8848
21.8906
21.8964
21.9022
21.908
21.9138
21.9196
21.9254	511.595
21.9312	518.138
21.9371	505.427
21.9429	508.062
21.9487	503.679
21.9545	508.062
21.9603	509.531
21.9661	510.71
21.9719	506.889
21.9777	506.596
21.9835	507.475
21.9893	502.807
21.9951	492.743
22.0009	483.161
22.0067	484.838
22.0125	493.598
22.0183	500.488
22.0241	499.045
22.0299	494.454
22.0357	493.883
22.0415	495.598
22.0473	499.333
22.0532	500.199
22.059	491.039	251.403
22.0648	489.905	243.12
22.0706	497.319	248.516
22.0764	506.889	254.766
22.0822	513.372	258.024
22.088	522.345	261.626
22.0938	532.09	266.045
22.0996	537.962	269.292
22.1054	544.213	272.106
22.1112	549.9	275.586
22.117	553.725	278.306
22.1228	558.866	280.565
22.1286	563.079	282.517
22.1344	566.668	284.811
22.1402	573.583	287.123
22.146	577.907	288.953
22.1518	581.927	291.636
22.1576	590.05	295.195
22.1634	595.184	297.249
22.1693	596.217	298.453
22.1751	601.752	300.355
22.1809	601.752	300.876
22.1867	603.842	301.746
22.1925	301.572
22.1983	301.572
22.2041	302.27
22.2099	303.144
22.2157	303.845
22.2215	303.494
22.2273	302.619
22.2331	302.27
22.2389	301.746
22.2447	300.702
22.2505	300.009
22.2563	299.316
22.2621	298.798
22.2679	299.143
22.2737	298.625
22.2795	298.108
22.2854	297.936
22.2912	296.905
22.297	296.049
22.3028	295.366
22.3086	294.684
22.3144	294.684
22.3202	295.366
22.326	295.195
22.3318	295.707
22.3376	295.195
22.3434	295.366
22.3492	295.366
22.355	296.22
22.3608	296.905
22.3666	297.764
22.3724	297.592
22.3782	297.764
22.384	297.936
22.3898	298.108
22.3956	297.592
22.4015	297.592
22.4073	297.764
22.4131	297.936
22.4189	298.281
22.4247	298.971
22.4305	298.971
22.4363	299.143
22.4421	299.143
22.4479	299.316
22.4537	300.182
22.4595	301.05
22.4653	301.05
22.4711	300.529
22.4769	299.662
22.4827	299.835
22.4885	299.316
22.4943	299.143
22.5001	298.281
22.5059	297.936
22.5117	297.764
22.5176	297.764
22.5234	297.936
22.5292	297.764
22.535	297.936
22.5408	297.764
22.5466	297.592
22.5524	297.936
22.5582	297.249
22.564	296.049
22.5698	295.195
22.5756	292.649
22.5814	291.973
22.5872	293.665
22.593	294.174
22.5988	293.834
22.6046	293.834
22.6104	294.514
22.6162	293.665
22.622	293.156
22.6278	291.805
22.6336	291.805	288.953
22.6395	290.963	290.292
22.6453	290.963	292.818
22.6511	291.973	290.124
22.6569	292.48	289.622
22.6627	293.326	290.627
22.6685	294.344
22.6743	296.049
22.6801	296.049
22.6859	296.22
22.6917	296.049
22.6975	295.707
22.7033	295.025
22.7091	295.537
22.7149	295.878
22.7207	296.734
22.7265	297.592
22.7323	298.108
22.7381	297.42
22.7439	296.734
22.7498	295.195
22.7556	294.174
22.7614	293.495
22.7672	292.48
22.773	291.636
22.7788	291.131	585.636
22.7846	290.963	585.636
22.7904	290.459	580.919
22.7962	289.789	578.909
22.802	288.62	579.578
22.8078	287.954	576.573
22.8136	287.954	577.24
22.8194	286.13	573.915
22.8252	284.318	569.951
22.831	282.191	563.73
22.8368	280.08	560.159
22.8426	278.627	556.933
22.8484	276.064	550.854
22.8542	271.949	547.681
22.86	267.277	533.629
22.8659	263.902	526.282
22.8717	260.72	523.856
22.8775	257.726	513.965
22.8833	257.428	511.595	575.907
22.8891	252.86	516.346	572.26
22.8949	261.323	520.839	573.583
22.9007	265.584	540.766	577.907
22.9065	275.427	561.455	580.919
22.9123	279.756	574.578	574.91
22.9181	572.921	571.599
22.9239	565.687	566.014
22.9297	560.483	559.836
22.9355	556.29	554.686
22.9413	552.128	550.218
22.9471	542.016	542.643
22.9529	537.03	535.482
22.9587	532.09	529.025
22.9645	520.839
22.9703	515.154
22.9761	500.778
22.9819	499.333
22.9878	485.96
22.9936	495.026
22.9994	504.844
23.0052	507.768	223.458
23.011	505.719	225.924
23.0168	507.182	224.752
23.0226	525.371	225.012
23.0284	497.319	225.793
23.0342	485.679	226.316
23.04	480.101	226.446
23.0458	226.185
23.0516	227.364
23.0574	228.285
23.0632	228.945
23.069	229.475
23.0748	229.608
23.0806	229.873
23.0864	229.74
23.0922	230.405
23.098	231.606
23.1039	232.947
23.1097	234.568
23.1155	235.518
23.1213	235.79
23.1271	236.472
23.1329	237.293
23.1387	237.43
23.1445	237.567
23.1503	237.705
23.1561	237.567
23.1619	237.156
23.1677	236.199
23.1735	235.926
23.1793	235.382
23.1851	234.026
23.1909	233.082
23.1967	232.678
23.2025	232.678
23.2083	232.678
23.2141	232.275
23.22	231.472
23.2258	230.671
23.2316	229.608
23.2374	229.078
23.2432	228.549
23.249	225.924
23.2548	230.139
23.2606	229.342
23.2664	228.022
23.2722	230.139
23.278	231.472
23.2838	231.472
23.2896	234.161
23.2954	233.621
23.3012	233.621
23.307	234.703
23.3128	234.568
23.3186	234.974
23.3244	234.839
23.3302	232.544
23.3361	233.351
23.3419
23.3477	230.671
23.3535	231.205
23.3593	231.338
23.3651	228.022
23.3709	227.364
23.3767	227.89
23.3825	229.078
23.3883	229.608
23.3941	229.74
23.3999	229.608
23.4057	229.475
23.4115	229.342
23.4173	229.475
23.4231	230.006
23.4289	229.873
23.4347	229.873
23.4405	229.873
23.4463	230.272
23.4522	230.538
23.458	230.804
23.4638	230.671
23.4696	231.071
23.4754	231.205
23.4812	231.472
23.487	231.739
23.4928	232.141
23.4986	232.141
23.5044	231.472
23.5102	230.272
23.516	229.078
23.5218	228.549
23.5276	227.627
23.5334	227.89
23.5392	229.342
23.545	232.275
23.5508	231.472
23.5566	231.472
23.5624	230.405
23.5683	233.351
23.5741	234.568
23.5799	232.813
23.5857	231.606
23.5915	233.082
23.5973	232.275
23.6031	231.071
23.6089	231.739
23.6147	235.79
23.6205	236.472
23.6263
23.6321
23.6379
23.6437
23.6495
23.6553
23.6611
23.6669
23.6727
23.6785
23.6844
23.6902
23.696	239.082
23.7018	240.606
23.7076	239.773
23.7134	239.082
23.7192	238.117
23.725	237.842
23.7308	237.979
23.7366	238.668
23.7424	239.358
23.7482	239.22
23.754	240.189
23.7598	240.745
23.7656	241.023
23.7714	241.023	480.101
23.7772	240.884	478.44
23.783	239.635	477.887
23.7888	240.05	478.163
23.7946	241.302	477.336
23.8005	238.806	477.611
23.8063	237.293	475.684
23.8121	236.882	474.038
23.8179	235.79	472.671
23.8237	233.082	470.492
23.8295	232.275	470.764
23.8353	229.342	471.853
23.8411	225.663	476.234
23.8469	222.556	474.038
23.8527	218.607	471.853
23.8585	216.721	472.671
23.8643	215.099	472.671
23.8701	214.231	471.036
23.8759	213.737	471.036
23.8817	213.49	469.949
23.8875	467.242
23.8933	464.015
23.8991	456.043	426.241
23.9049	456.57	417.228
23.9107	447.691	414.586
23.9166	460.277	416.506
23.9224	444.856	419.161
23.9282	435.952
23.934	441.273
23.9398	441.273
23.9456	439.746
23.9514	441.018
23.9572	441.783
23.963	441.273
23.9688	441.273
23.9746	441.783
23.9804	441.018
23.9862	440.509
23.992	437.719
23.9978	442.549
24.0036	431.692
24.0094	421.102	186.284
24.0152	403.016	176.134
24.021	396.779	187.147
24.0268	407.228	193.411
24.0327	388.614	191.19
24.0385	389.738	190.418
24.0443	383.485	190.748
24.0501	384.372	191.632
24.0559	191.964
24.0617	192.853
24.0675	193.97
24.0733	194.419
24.0791	194.756
24.0849	195.207
24.0907	195.658
24.0965	195.658
24.1023	195.432
24.1081	195.094
24.1139	194.531
24.1197	194.419
24.1255	194.083
24.1313	194.083
24.1371	194.195	388.838
24.1429	194.307	387.717
24.1488	194.307	388.165
24.1546	194.307	388.614
24.1604	194.531	389.063
24.1662	195.32	390.639
24.172	196.111	392.675
24.1778	197.818	395.635
24.1836	199.078	397.927
24.1894	199.424	398.847
24.1952	198.963	397.927
24.201	198.619	397.009
24.2068	197.703	395.178
24.2126	197.247	394.494
24.2184	196.906	393.811
24.2242	195.545	391.543
24.23	194.195	388.614
24.2358	193.523	386.375
24.2416	192.408	384.372
24.2474	191.742	383.707
24.2532	191.3	383.485
24.259	191.19	383.264
24.2649	191.853	383.928
24.2707	191.742	383.264
24.2765	191.521	383.042
24.2823	190.859	381.276
24.2881	190.528	380.616
24.2939	190.088	380.177
24.2997	190.088	380.836
24.3055	190.638	381.717
24.3113	191.411	382.379
24.3171	191.742	382.821
24.3229	192.519	384.594
24.3287	193.076	385.707
24.3345	193.076	385.929
24.3403	193.746	387.493
24.3461	194.083	388.614
24.3519	194.307	389.063
24.3577	194.756	389.738
24.3635	195.545	391.317
24.3693	196.224	392.449
24.3751	196.451	392.449
24.381	196.906	392.902
24.3868	197.247	394.722
24.3926	197.703	396.092
24.3984	198.161	397.009
24.4042	198.046	396.55
24.41	197.818	395.635
24.4158	197.361	394.95
24.4216	196.792	394.039
24.4274	196.111	392.902
24.4332	195.432	391.091
24.439	194.531	389.738
24.4448	193.97	387.941
24.4506	193.188	385.929
24.4564	192.742	385.484
24.4622	192.965	386.599
24.468	192.853	384.372
24.4738	192.075	384.15
24.4796	192.519	385.707
24.4854	192.965	385.707
24.4912	193.523	387.046
24.4971	194.869	389.963
24.5029	196.451	392.902
24.5087	196.906	394.039
24.5145	197.361	394.722
24.5203	196.906	394.039
24.5261	195.998	392.449
24.5319	194.981	390.639
24.5377	194.419	388.838
24.5435	193.299	386.375
24.5493	192.297	384.15
24.5551	191.742	384.15
24.5609	191.853	383.707
24.5667	191.964	383.485
24.5725	192.075	383.928
24.5783	192.408	384.816
24.5841	192.631	385.261
24.5899	193.523	386.822
24.5957	194.419	388.838
24.6015	194.981	390.639
24.6073	195.432	391.543
24.6132	195.545	391.543
24.619	195.545	391.317
24.6248	195.771	391.769
24.6306	195.998	392.222
24.6364	195.771	391.317
24.6422	195.771	391.317
24.648	195.998	391.769
24.6538	196.224	392.222
24.6596	196.338	392.675
24.6654	196.565	394.039
24.6712	196.565	393.584
24.677	196.792	394.039
24.6828	197.019	394.039
24.6886	196.678	393.584
24.6944	196.111	392.449
24.7002	195.432	391.091
24.706	194.869	389.513
24.7118	194.644	389.063
24.7176	194.981	389.738
24.7234	195.094	389.963
24.7293	195.207	390.865
24.7351	195.32	389.963
24.7409	195.885	390.414
24.7467	196.451	391.769
24.7525	197.019	392.675
24.7583	196.906	392.902
24.7641	196.565	392.449
24.7699	196.224	392.222
24.7757	195.998	391.769
24.7815	195.998	391.317
24.7873	195.545	389.738
24.7931	195.207	390.188
24.7989	195.207	389.288
24.8047	195.432	390.188
24.8105	195.432	390.414
24.8163	195.32	390.865
24.8221	194.756	389.738
24.8279	194.644	389.513
24.8337	194.531	389.513
24.8395	194.195	388.838
24.8454	194.307	389.288
24.8512	194.419	389.063
24.857	195.32	390.865
24.8628	195.545	391.995
24.8686	196.111	393.584
24.8744	195.658	392.675
24.8802	195.545	391.091
24.886	195.432	390.865
24.8918	195.094	389.963
24.8976	194.083	388.389
24.9034	194.307	387.717
24.9092	193.188	387.046
24.915	194.981	382.158
24.9208	196.224	391.769
24.9266	196.906	392.902
24.9324	196.565	392.902
24.9382	194.981	391.995
24.944	194.644	390.639
24.9498	196.451	393.584
24.9556	197.589	393.356
24.9615	196.451	393.584
24.9673	195.658	393.584
24.9731	194.644	393.129
24.9789	195.771	392.449
24.9847	195.432	391.995
24.9905	194.756	389.963
24.9963	388.165
25.0021	388.614
25.0079
25.0137
25.0195
25.0253
25.0311
25.0369	213.737
25.0427	220.254
25.0485	217.724
25.0543	222.043
25.0601	225.142
25.0659	226.708
25.0717	226.97
25.0776	227.364
25.0834	226.839
25.0892	227.495
25.095	227.89
25.1008	227.364
25.1066	226.708
25.1124	225.533
25.1182	225.533
25.124	225.142
25.1298	225.403
25.1356	224.752
25.1414	224.623
25.1472	224.493
25.153	224.493
25.1588	223.975
25.1646	222.556
25.1704	222.043
25.1762	220.254
25.182	218.859
25.1878	217.976
25.1937	217.85
25.1995	218.102
25.2053	217.85
25.2111	218.228
25.2169	219.112
25.2227	219.366
25.2285	222.043
25.2343	222.685
25.2401	225.403
25.2459
25.2517
25.2575
25.2633
25.2691
25.2749
25.2807
25.2865
25.2923
25.2981
25.3039
25.3097
25.3156
25.3214
25.3272
25.333
25.3388
25.3446
25.3504
25.3562
25.362
25.3678
25.3736
25.3794
25.3852
25.391
25.3968
25.4026
25.4084
25.4142
25.42
25.4258
25.4317
25.4375
25.4433
25.4491
25.4549
25.4607
25.4665
25.4723
25.4781
25.4839
25.4897
25.4955
25.5013
25.5071
25.5129
25.5187
25.5245
25.5303
25.5361
25.542
25.5478
25.5536
25.5594
25.5652
25.571
25.5768
25.5826
25.5884
25.5942
25.6
25.6058
25.6116
25.6174
25.6232
25.629
25.6348
25.6406
25.6464
25.6522
25.658
25.6639
25.6697
25.6755
25.6813
25.6871
25.6929
25.6987
25.7045
25.7103
25.7161
25.7219
25.7277
25.7335
25.7393
25.7451
25.7509
25.7567
25.7625
25.7683
25.7741
25.78
25.7858
25.7916
25.7974
25.8032
25.809
25.8148
25.8206
25.8264
25.8322
25.838
25.8438
25.8496
25.8554
25.8612
25.867
25.8728
25.8786
25.8844
25.8902
25.8961
25.9019
25.9077
25.9135
25.9193
25.9251
25.9309
25.9367
25.9425
25.9483
25.9541
25.9599
25.9657
25.9715
25.9773
25.9831
25.9889
25.9947
26.0005
26.0063
26.0122	395.407
26.018	401.622
26.0238	403.482
26.0296	403.482
26.0354	407.228
26.0412	407.228
26.047	410.061
26.0528	410.061
26.0586	409.114	371.708	182.872
26.0644	411.246	375.81	186.499
26.0702	411.484	373.861	187.58
26.076	410.061	373.43	187.58
26.0818	411.96	377.333	189.212
26.0876	412.913	378.205	188.994
26.0934	419.645	381.938	190.418
26.0992	418.193	385.039	192.965
26.105	422.808	387.046	194.531
26.1108	431.942	391.543	196.565
26.1166	428.463	397.927	198.734
26.1224	433.692	401.39	200.579
26.1283	449.765	405.117	202.324
26.1341	455.254	409.587	204.794
26.1399	462.409	414.107	207.053
26.1457	460.543	419.403	209.097
26.1515	474.86	424.031	211.526
26.1573	477.887	426.981	213.614
26.1631	476.509	432.441	215.597
26.1689	483.719	435.701	217.724
26.1747	489.905	438.224	219.112
26.1805	484.838	439.238	219.746
26.1863	482.046	440.254	220.127
26.1921	483.44	441.018	220.509
26.1979	483.719	441.018	220.636
26.2037	483.999	441.783	220.891
26.2095	483.719	442.038	221.019
26.2153	487.084	442.038	220.764
26.2211	478.716	441.018	220.382
26.2269	483.161	440.509	220.254
26.2327	483.719	440.509	220.382
26.2385	484.558	441.018	220.382
26.2444	486.803	441.528	220.764
26.2502	485.399	443.573	221.786
26.256	488.775	445.885	222.685
26.2618	446.4	223.071
26.2676	445.627	222.942
26.2734	445.37	222.299
26.2792	443.06	221.147
26.285	439.238	219.492
26.2908	437.213	218.48
26.2966	434.193	216.846
26.3024	429.702	215.099
26.3082	427.721	214.108
26.314	426.241	212.629
26.3198	212.261
26.3256	212.138
26.3314	213.121
26.3372	213.861
26.343	214.603
26.3488	215.472
26.3546	216.596
26.3605	218.102
26.3663	219.239
26.3721	220.509
26.3779	221.658
26.3837	223.2
26.3895	224.623
26.3953	225.012
26.4011	225.403
26.4069	225.403
26.4127	225.142
26.4185	224.882
26.4243	224.234
26.4301	223.458
26.4359	222.556
26.4417	221.53
26.4475	220
26.4533	218.48
26.4591	217.097
26.4649	215.597
26.4707	214.355
26.4766	213.367
26.4824	212.875
26.4882	212.629
26.494	212.752
26.4998	212.998
26.5056	213.49
26.5114	213.984
26.5172	214.851
26.523	215.846
26.5288	216.971
26.5346	219.112
26.5404	220.891
26.5462	221.786
26.552	222.556
26.5578	223.2
26.5636	223.071
26.5694	222.685
26.5752	222.299
26.581	221.658
26.5868	220.764
26.5927	220.382
26.5985	219.873
26.6043	219.239
26.6101	218.48
26.6159	217.724
26.6217	216.971
26.6275	216.596
26.6333	216.47
26.6391	216.721
26.6449	216.971
26.6507	217.599
26.6565	218.48
26.6623	218.986
26.6681	219.366
26.6739	220
26.6797	220.891
26.6855	221.53
26.6913	221.786
26.6971	222.043
26.7029	222.043
26.7088	221.786
26.7146	221.786
26.7204	221.53
26.7262	220.764
26.732	220.127
26.7378	219.239
26.7436	218.859
26.7494	218.48
26.7552	217.976
26.761	218.102
26.7668	217.976
26.7726	217.976
26.7784	217.976
26.7842	218.48
26.79	218.859	438.731
26.7958	218.859	438.478
26.8016	218.986	436.456
26.8074	219.112	438.985
26.8132	218.986	439.492
26.819	218.859	438.478
26.8249	218.859	438.985
26.8307	219.873	440.254
26.8365	219.873	440.254
26.8423	219.746	438.985
26.8481	218.733	439.746
26.8539	218.733	435.952
26.8597	217.724	436.456
26.8655	216.721	435.449
26.8713	215.971	434.193
26.8771	215.971	433.942
26.8829	215.597	430.447
26.8887	215.224	430.945
26.8945	214.231	428.463
26.9003	213.367	427.474
26.9061	212.875	427.968
26.9119	212.261	425.258
26.9177	209.823	422.808
26.9235	207.652	418.193
26.9293	206.456	414.107
26.9351	414.107
26.941	413.151
26.9468	422.808
26.9526	425.012
26.9584	425.503
26.9642	425.012
26.97	426.981
26.9758	426.487
26.9816	426.241
26.9874	426.241
26.9932	426.981
26.999	425.995
27.0048	425.503
27.0106	421.589
27.0164	429.454
27.0222	429.454
27.028	440.254	188.557
27.0338	440.254	190.528
27.0396	432.941	192.186
27.0454	432.941	193.97
27.0512	431.194	195.885
27.0571	431.194	198.046
27.0629	431.194	199.885
27.0687	427.721	201.624
27.0745	411.722	203.496
27.0803	414.107	204.912	411.009
27.0861	207.892	415.305
27.0919	210.916	420.373
27.0977	212.138	424.276
27.1035	213.614	426.734
27.1093	215.348	429.95
27.1151	216.221	432.441
27.1209	218.48	435.952
27.1267	219.492	437.719
27.1325	220	440.254
27.1383	220.764	442.293
27.1441	221.658	443.573
27.1499	222.556	444.599
27.1557	222.942	446.658
27.1615	223.329	446.4
27.1673	223.458	446.142
27.1732	223.071	446.658
27.179	222.814	446.658
27.1848	222.814	445.627
27.1906	223.071	445.885
27.1964	223.071	446.916
27.2022	223.329	446.658
27.208	223.071	446.142
27.2138	222.814	445.37
27.2196	222.814	445.885
27.2254	222.428	444.856
27.2312	221.786	443.316
27.237	221.53	443.829
27.2428	221.658	443.06
27.2486	221.53	442.549
27.2544	221.402	442.805
27.2602	221.019	442.293
27.266	221.019	441.273
27.2718	220.764	441.528
27.2776	220.636	442.038
27.2834	220.764	441.273
27.2893	220.509	440.509
27.2951	220.382	440.763
27.3009	220.382	440.763
27.3067	220.509	440.509
27.3125	220.636	441.018
27.3183	220.636	441.783
27.3241	221.019	442.293
27.3299	220.891	441.273
27.3357	220.636	441.273
27.3415	220.127	440.254
27.3473	220.254	440.509
27.3531	220.127	440
27.3589	219.619	439.746
27.3647	219.366	438.478
27.3705	219.112	438.224
27.3763	218.986	437.466
27.3821	218.986	437.719
27.3879	219.366	438.731
27.3937	219.366	438.478
27.3995	219.239	438.478
27.4054	219.239	438.478
27.4112	218.733	437.719
27.417	218.48	436.961
27.4228	217.724	435.449
27.4286	217.473	434.946
27.4344	217.097	434.444
27.4402	217.473	434.695
27.446	217.097
27.4518	216.345
27.4576	215.722
27.4634	214.851
27.4692	214.355
27.475	213.737
27.4808	212.998
27.4866	211.893
27.4924	210.794
27.4982	208.855
27.504	207.532
27.5098	205.149
27.5156	203.732
27.5215	202.675
27.5273	201.275
27.5331	200.116
27.5389	199.193
27.5447	197.703
27.5505	195.885
27.5563	194.195
27.5621	193.076
27.5679	191.632
27.5737	190.528
27.5795	189.65
27.5853	188.775
27.5911	187.58
27.5969	185.854
27.6027	184.57
27.6085	183.189
27.6143	182.24
27.6201	181.295
27.6259	179.42
27.6317	179.212
27.6376	178.696
27.6434	177.769
27.6492	176.745
27.655	175.626
27.6608	174.312
27.6666	173.008
27.6724	176.235
27.6782	161.515
27.684	159.568
27.6898	160.122
27.6956	161.329
27.7014
27.7072
27.713
27.7188
27.7246
27.7304
27.7362
27.742
27.7478
27.7537
27.7595
27.7653
27.7711
27.7769
27.7827
27.7885
27.7943
27.8001
27.8059	167.889
27.8117	167.598
27.8175	167.115
27.8233	166.825
27.8291	166.536
27.8349	165.673
27.8407	164.528
27.8465	164.149
27.8523	163.392
27.8581	162.451
27.8639	163.77
27.8698	165.1
27.8756	166.152
27.8814	165.386
27.8872	163.959
27.893	163.109
27.8988	161.889
27.9046	162.733
27.9104	164.909
27.9162	169.643
27.922	169.741
27.9278	169.741
27.9336	160.956	324.339
27.9394	161.329	328.297
27.9452	344.818
27.951	348.221
27.9568	345.816
27.9626	349.632
27.9684	345.616	172.908
27.9742	350.238	174.312
27.98	347.618	174.211
27.9858	350.846	175.018
27.9917	349.834	175.727
27.9975	351.251	175.626
28.0033	350.238	175.829
28.0091	351.86	175.93
28.0149	349.834	175.423
28.0207	351.251	174.917
28.0265	348.624	174.614
28.0323	349.43	174.715
28.0381	347.217	173.91
28.0439	347.016	173.809
28.0497	347.217	173.608
28.0555	348.422	174.513
28.0613	348.422	174.614
28.0671	348.825	174.614
28.0729	348.624	175.524
28.0787	351.657	176.032
28.0845	351.454	176.032
28.0903	351.251	175.829
28.0961	351.86	175.93
28.1019	350.643	175.322
28.1078	350.036	175.322
28.1136	349.834	174.715
28.1194	349.834	174.614
28.1252	348.825	174.111
28.131	349.632	174.715
28.1368	350.238	175.018
28.1426	351.454	175.727
28.1484	351.657	176.032
28.1542	352.674	176.541
28.16	352.674	176.235
28.1658	354.717	177.256
28.1716	352.674	176.235
28.1774	353.286	176.745
28.1832	352.471	175.93
28.189	354.103	177.052
28.1948	352.267	175.727
28.2006	353.694	176.745
28.2064	351.657	175.727
28.2122	352.471	176.643
28.2181	351.657	175.524
28.2239	353.286	176.337
28.2297	350.643	174.917
28.2355	354.308	177.872
28.2413	351.86	176.134
28.2471	356.155	178.283
28.2529	353.694	177.974
28.2587	357.185	177.974
28.2645	354.513	177.564
28.2703	357.391	178.592
28.2761	356.155	178.18
28.2819	357.598	178.489
28.2877	356.566	178.489
28.2935	358.011	179.109
28.2993	357.598	179.109
28.3051	358.632	179.316
28.3109	358.011	179.109
28.3167	358.632	179.109
28.3225	358.632	179.109
28.3283	358.425	179.212
28.3341	358.425	179.523
28.34	358.839	179.523
28.3458	359.046	179.42
28.3516	357.185	179.005
28.3574	357.391	179.005
28.3632	356.772	178.283
28.369	355.127	177.461
28.3748	355.333	177.564
28.3806	353.899	176.949
28.3864	353.49	176.847
28.3922	352.471	176.439
28.398	352.878	176.032
28.4038	352.267	175.727
28.4096	352.471	176.032
28.4154	352.064	175.626
28.4212	352.064	176.032
28.427	351.251	175.727
28.4328	351.251	175.322
28.4386	351.048	175.423
28.4444	350.238	174.614
28.4502	350.643	174.01
28.4561	349.228	174.01
28.4619	348.825	174.312
28.4677	348.422	174.211
28.4735	348.422	174.211
28.4793	348.02	174.211
28.4851	348.422	174.917
28.4909	349.632	175.423
28.4967	350.036	176.134
28.5025	350.238	176.337
28.5083	351.454	176.439
28.5141	350.441	176.032
28.5199	352.471	176.847
28.5257	348.624	176.847
28.5315	353.082	177.564
28.5373	351.86	177.666
28.5431	355.743	177.769
28.5489	354.513	177.256
28.5547	355.127	177.564
28.5605	354.922	179.109
28.5663	353.899	178.283
28.5722	355.949	177.872
28.578	356.155	177.974
28.5838	356.978	177.256
28.5896	356.155	178.283
28.5954	357.598	179.005
28.6012	356.772	178.592
28.607	355.949	178.283
28.6128	354.922	177.052
28.6186	355.949	177.359
28.6244	352.674	177.359
28.6302	352.064	176.745
28.636	351.048	176.032
28.6418	349.834	174.917
28.6476	348.624	174.01
28.6534	348.422	173.508
28.6592	347.618	175.22
28.665	348.624
28.6708	348.825
28.6766	345.018
28.6824	347.417
28.6883	347.417
28.6941	346.816
28.6999	347.217
28.7057	348.624
28.7115	352.674
28.7173	353.694
28.7231	356.978
28.7289	358.425
28.7347	358.425
28.7405	356.566
28.7463	354.717
28.7521
28.7579
28.7637
28.7695
28.7753
28.7811
28.7869
28.7927
28.7985
28.8044
28.8102
28.816
28.8218
28.8276
28.8334
28.8392
28.845
28.8508
28.8566
28.8624
28.8682
28.874
28.8798
28.8856
28.8914
28.8972
28.903
28.9088
28.9146
28.9205
28.9263
28.9321
28.9379
28.9437
28.9495
28.9553
28.9611
28.9669
28.9727
28.9785
28.9843
28.9901
28.9959
29.0017
29.0075
29.0133
29.0191
29.0249
29.0307
29.0366
29.0424
29.0482
29.054
29.0598
29.0656
29.0714
29.0772
29.083
29.0888
29.0946
29.1004
29.1062
29.112
29.1178
29.1236
29.1294
29.1352
29.141
29.1468
29.1527
29.1585
29.1643
29.1701
29.1759
29.1817
29.1875
29.1933
29.1991
29.2049
29.2107
29.2165
29.2223
29.2281
29.2339
29.2397
29.2455
29.2513
29.2571
29.2629
29.2688
29.2746
29.2804
29.2862
29.292
29.2978
29.3036
29.3094
29.3152
29.321
29.3268
29.3326
29.3384
29.3442
29.35
29.3558
29.3616
29.3674
29.3732
29.379
29.3849
29.3907
29.3965
29.4023
29.4081
29.4139
29.4197
29.4255
29.4313
29.4371
29.4429
29.4487
29.4545
29.4603
29.4661
29.4719
29.4777
29.4835
29.4893
29.4951
29.501
29.5068
29.5126
29.5184
29.5242
29.53
29.5358
29.5416
29.5474
29.5532
29.559
29.5648
29.5706
29.5764
29.5822
29.588
29.5938
29.5996
29.6054
29.6112
29.6171
29.6229
29.6287
29.6345
29.6403
29.6461
29.6519
29.6577
29.6635
29.6693
29.6751
29.6809
29.6867
29.6925
29.6983
29.7041
29.7099
29.7157
29.7215
29.7273
29.7332
29.739
29.7448
29.7506
29.7564
29.7622
29.768
29.7738
29.7796
29.7854
29.7912
29.797
29.8028
29.8086
29.8144
29.8202
29.826
29.8318
29.8376
29.8434
29.8493
29.8551
29.8609
29.8667
29.8725
29.8783
29.8841
29.8899
29.8957
29.9015
29.9073
29.9131
29.9189
29.9247
29.9305
29.9363
29.9421
29.9479
29.9537
29.9595
29.9654
29.9712
29.977
29.9828
29.9886
29.9944
30.0002
30.006
30.0118
30.0176
30.0234
30.0292
30.035
30.0408
30.0466
