1.24227	1.60218	1939.35	58.8976
1.68925	2.18268	1946.09	22.975
2.31039	2.59483	1788.7	27.4592
2.50195	3.55265	1947.21	33.4899
3.82549	4.02286	1959.62	27.1381
4.02286	5.90367	1762.03	28.6113
7.9122	8.27791	1963.02	572.278
8.11537	8.46367	5434.86	50.8554
8.41143	8.6088	1780.45	161.103
8.52753	9.90331	1915.97	252.731
10.0717	10.2284	1778.39	119.615
10.1181	10.4722	3845.24	53.0725
10.2284	10.7276	1941.59	86.7527
10.9656	11.2094	1901.64	64.3005
11.3255	11.8654	1623.28	31.9814
11.3662	11.8712	3227.85	20.7508
18.7211	19.3422	1629.85	604.104
19.7834	21.9429	1655.47	102.537
19.8356	20.3465	3271.02	44.7881
21.0257	21.9371	3310.94	29.9727
22.2621	22.4769	1618.59	40.7842
22.2795	22.4189	811.17	24.376
22.2795	22.4189	811.17	24.376
22.4769	22.6685	1724.78	36.9424
22.4769	22.6685	1724.78	36.9424
22.4943	22.6627	3447.56	21.4287
22.6685	22.802	2001.95	12.9936
22.7323	23.0922	1963.02	24.5107
23.0226	23.3302	1933.76	14.1884
28.3516	28.6128	1175.34	39.0854
28.5199	28.8334	1704.97	128.275
28.8392	29.4661	1636.46	25.4051
29.4719	30.0176	2100.27	52.3787
29.53	29.8899	4142.71	31.5265
