0.02322	1.54413	1447.01	205.955
0.580499	1.48608	2905.75	117.944
1.57315	1.71247	1643.09	235.991
1.71247	2.76898	1835.8	235.991
2.6761	2.77478	1848.57	190.497
2.77478	3.86032	1645.94	447.692
2.84444	3.05923	3282.38	147.381
2.90249	3.29723	8242.46	127.9
3.48299	3.85451	4929.39	111.181
3.92998	5.04454	1354.8	180.974
4.08091	4.49887	2745.83	78.1458
4.6556	5.03293	2629.42	83.6992
5.05034	5.27673	886.121	138.644
5.18385	6.37388	1083.41	250.217
6.9776	8.39982	2456.17	539.687
6.99501	7.94703	1223.13	608.511
7.95283	8.33596	1240.92	163.227
7.95283	8.33596	1240.92	163.227
8.46367	8.83519	2695.54	188.013
8.46948	8.83519	1350.11	483.311
8.8468	9.75819	1247.39	345.472
9.75819	10.7218	821.069	246.717
9.78721	10.7276	1643.09	280.292
10.4141	10.7683	8299.79	79.3276
10.7218	11.1514	1083.41	246.717
10.7276	11.1456	2166.81	280.292
11.2501	12.5388	1057.44	338.96
11.5229	12.3066	2113.66	53.7646
14.5589	15.0407	2701.78	1111.36
14.5821	16.4629	1366.59	1697.53
16.6081	16.8519	3774.82	176.762
16.6603	17.653	1436.19	503.414
16.73	17.0667	2874.03	86.9523
17.9374	18.8488	1609.27	1609.46
18.814	21.6584	2723.71	407.938
21.0083	21.4204	5444.28	65.5013
22.0357	23.487	1630.79	806.692
23.5566	23.8411	1807.39	640.912
23.6785	23.8701	2854.18	102.37
23.8527	24.0094	2367.03	152.882
23.9514	24.172	1625.15	482.574
24.172	24.5899	1534.83	568.957
24.4912	24.8047	2510.68	465.604
24.8047	25.4491	2717.43	508.326
25.4433	25.8148	2415.37	450.288
25.9135	26.3779	2071.36	181.425
26.1108	26.5288	1433.7	524.825
26.5288	26.79	1405.01	144.803
27.0919	27.3299	1380.07	661.552
27.3299	27.7769	1363.43	661.552
27.7246	27.9046	2486.14	239.134
27.9858	28.1426	2103.91	78.5768
