0.0406349	0.168345	1846.43	158.371
0.16254	0.777868	1817.86	122.985
0.772063	1.0507	2085.76	116
0.847528	0.992653	4217.56	127.809
0.957823	1.09714	2477.54	211.129
0.998458	1.18422	9728.67	253.083
1.02748	1.19002	3259.71	203.328
1.07392	1.21905	4145.1	126.279
1.07392	1.21905	4145.1	126.279
1.30612	1.43964	1700.05	150.262
1.399	1.64862	5369.33	101.588
1.45705	1.66023	2624.86	221.71
1.49188	1.6254	8124.29	132.705
1.56154	1.85179	6683.37	436.474
1.56154	1.85179	6683.37	436.474
1.87501	2.07238	10689.2	188.819
1.88082	2.17687	3459.53	648.719
2.00853	2.18848	1654.52	379.982
2.07238	2.2059	11253	181.12
2.15946	2.39166	3250.31	304.825
2.23492	2.43229	11410.1	208.17
2.29878	2.51356	4205.4	369.497
4.35374	4.52209	1679.55	860.872
4.47565	4.59755	2248.42	232.086
4.58014	4.8878	3209.26	1677.36
4.85297	5.24771	3176.07	211.544
4.92844	5.06195	2345.25	693.688
4.94585	5.06195	11812.5	179.785
4.99229	5.21868	5587.65	107.711
5.14322	5.50893	2787.38	1312.86
5.19546	5.50893	5571.54	795.33
5.54957	5.77596	3071.43	1343.92
5.71791	5.94431	4612.58	337.238
5.83401	5.94431	4210.26	140.897
5.88045	6.01397	2367.03	298.908
6.03138	6.26939	1849.64	159.023
6.09524	6.281	4886.86	628.56
6.09524	6.31002	2489.02	940.908
6.281	6.71637	2269.29	1335.16
6.53061	6.65832	3076.75	321.521
6.64091	6.8615	6366.83	661.563
6.71637	6.90794	2088.17	1111.71
6.91955	7.10531	2130.82	149.119
7.00082	7.14594	1914.86	1499.16
7.14594	7.50585	2179.37	1654.01
7.47683	7.63356	3107.11	245.799
8.2605	8.4927	1618.59	1796.44
8.41143	8.56816	4193.27	306.56
8.4927	8.69007	1627.03	115.632
8.69007	9.10222	3172.4	749.112
8.69587	9.08481	1596.31	1637.36
9.09642	9.27057	2681.57	443.826
9.17769	9.76399	1902.74	699.694
9.40989	9.66531	4217.56	274.963
9.53179	9.70594	2420.95	580.715
9.68272	9.90331	2490.45	894.385
9.68272	9.90331	2490.45	894.385
9.83946	10.0368	3023.9	379.413
9.86848	10.031	1503.24	379.602
10.3561	10.5302	2792.21	171.355
10.3909	10.5419	2121	340.998
11.3139	11.43	3733.62	176.99
11.4881	11.6042	1754.92	130.734
11.5403	11.7087	2135.75	232.552
11.5751	11.8654	3161.43	1278.41
12.0047	12.2717	2750.59	1163.68
12.0105	12.2485	5498.01	551.901
12.2601	12.4111	3733.62	147.387
12.2776	12.8639	2774.53	1098.05
12.3298	12.6142	5571.54	528.95
12.6142	12.7942	6051.29	528.033
13.1831	13.4095	3753.08	232.123
13.4966	13.7578	2345.25	1069.31
13.8333	13.9726	1912.65	303.122
13.8449	14.2048	2053.49	1690.62
14.2454	14.5879	1852.84	1272.26
14.6402	14.855	1596.31	96.2637
14.7563	14.9827	1910.44	1205.8
14.8376	14.9885	5741.43	490.511
14.9827	15.2787	2102.7	1202.62
14.9885	15.2903	6337.48	488.522
15.1684	15.2787	3087.44	269.899
15.9173	16.0972	1579.8	1457.64
16.045	16.2366	3137.78	469.957
16.0566	16.2307	4171.53	671.709
16.103	16.3643	1582.54	206.328
16.3468	16.5558	4176.35	1145.77
16.3933	16.6081	1857.13	1438.08
16.6081	16.759	1598.16	1029.12
16.8519	17.3627	1893.96	551.139
17.0609	17.2002	4183.59	487
17.1189	17.444	7532.22	245.931
17.2292	17.4382	3768.29	184.4
17.3627	17.5311	2529.6	381.588
17.3627	17.9316	1388.87	337.849
17.4556	17.6414	2970.23	269.361
17.6704	17.8097	3755.25	231.324
17.711	17.8271	1812.62	187.7
19.7312	19.8995	2481.84	1384.09
19.8821	20.0446	3718.56	292.221
20.033	20.271	2849.24	1106.95
20.2826	20.4452	2752.18	584.759
20.2942	20.8863	2872.37	1276.31
20.3465	21.0024	5714.96	909.114
20.8515	21.0431	3729.31	607.995
21.5946	21.9661	2186.93	1714.46
21.8442	22.0822	2780.95	108.639
21.9022	22.0473	1957.36	232.872
22.0415	22.1576	2170.57	919.827
22.0648	22.297	2153.09	985.414
22.2912	22.5466	2158.07	136.859
22.3898	22.802	3761.76	243.975
22.4363	22.9297	1904.94	613.706
23.5857	23.8063	2353.39	531.198
23.7424	23.9746	2774.53	127.685
23.783	24.0501	5574.76	299.017
23.8759	24.0965	2782.55	1598.78
24.1023	24.2707	2776.13	343.502
24.1952	24.4042	2805.15	1098.61
24.2126	24.4042	5587.65	639.869
24.4622	24.7234	3174.23	955.891
25.4084	25.5187	1349.33	158.521
25.5071	25.8728	2077.35	1561.74
25.6987	25.8206	2806.77	624.788
25.9309	26.1283	2145.64	717.066
26.2153	26.6101	2059.43	1173.36
26.343	26.5346	3623.14	625.69
26.6449	26.7842	2792.21	327.508
26.6855	26.9932	2181.89	119.881
27.4576	27.5911	1627.97	496.567
27.5911	27.7595	3716.41	492.737
27.6201	27.8639	1859.28	190.358
27.9104	28.3051	2225.16	998.458
28.0149	28.2819	6698.83	439.194
28.0149	28.2819	6698.83	439.194
28.5722	28.7289	3703.55	651.621
28.5954	28.7985	6827.74	461.904
28.607	28.816	2854.18	921.844
28.7231	28.8624	2915.83	323.11
29.4777	29.7332	2213.62	501.116
