0.795283	1.00426	1459.6	116.89
1.78213	2.04336	3461.53	210.626
1.89823	2.07819	1662.18	390.292
2.11882	2.30458	2287.72	406.355
2.60644	2.88508	1750.87	269.322
2.74576	2.9141	3493.67	129.704
2.9083	3.1405	1424.62	118.379
3.11147	3.23338	1738.78	427.899
4.06349	4.1912	5814.85	139.485
4.15637	4.3073	1453.71	637.507
4.33633	4.5337	5761.36	109.788
4.46404	4.59755	3905.68	127.977
4.5337	4.86458	3661.01	323.067
4.66721	4.79492	1120.97	282.779
4.85878	5.08517	1448.68	217.469
5.07356	5.24771	3388.33	90.7496
5.2361	5.41605	1479.12	785.686
5.44508	5.5844	1295.86	208.12
5.49152	5.62503	1072.2	171.586
5.64245	5.79918	2711.16	416.991
6.14748	6.281	1541.04	803.755
6.46676	6.64091	2221.31	766.514
6.77442	6.91374	2895.69	840.834
6.79184	7.05306	1313.95	1242.51
7.19819	7.41878	1517.2	577.754
7.40136	7.5639	5394.2	147.746
7.49424	7.70902	1303.37	320.153
7.50585	7.70322	4173.94	164.508
7.57551	7.70322	4739.52	85.6093
7.67419	7.90639	3720.7	106.359
7.73224	7.97605	4736.79	135.884
8.24308	8.54494	1470.6	289.866
8.34177	8.46367	2864.09	102.835
8.50431	8.63782	4639.31	217.523
8.55075	8.70168	3309.03	289.396
8.56816	8.69007	6275.55	222.613
8.67846	8.81778	1364.22	169.141
8.71329	9.11383	2700.22	132.653
9.09642	9.24154	5050.44	177.664
9.20671	9.32862	1535.71	501.033
9.43311	9.5376	1246.67	78.9997
9.57243	9.73497	3194.47	672.141
9.62467	9.71755	1654.52	529.285
9.62467	9.71755	1654.52	529.285
9.81043	9.92653	1405.82	114.717
9.97878	10.0949	2531.06	415.86
10.3851	10.5244	2666.12	114.296
10.4432	10.6696	5234.59	292.313
10.5419	10.7508	2756.95	685.089
10.6405	10.8147	1281.71	316.234
10.8263	11.0527	2737.91	318.757
10.954	11.163	1511.95	253.34
11.3488	11.5055	1317.75	564.586
11.6622	11.8248	1612.99	1084.66
11.877	12.115	1478.27	1293.48
12.0105	12.1615	3157.78	284.983
12.3588	12.6897	1451.2	730.366
12.7652	12.9858	3667.36	148.16
12.858	13.0961	1432.87	820.4
13.3805	13.6766	3051.97	343.859
13.694	13.8913	1316.23	784.794
13.9552	14.2454	1487.69	493.211
14.2106	14.3499	3759.59	123.754
14.2919	14.5705	4278.91	586.165
14.4428	14.5995	1385.66	459.303
14.7273	14.9246	1542.83	629.182
14.8898	15.2961	3497.71	470.15
15.0349	15.331	1280.24	477.841
15.2961	15.5922	1509.33	1824.83
15.8708	16.312	2510.68	659.156
15.9579	16.2191	4926.54	446.473
16.3352	16.5152	2941.21	668.423
16.3643	16.6603	2591.72	457.996
16.5442	16.7532	5384.86	433.496
16.6371	16.7996	2573.82	1089.58
16.6777	17.026	2468.97	668.872
16.7764	16.9912	4960.81	592.626
16.7764	16.9912	4960.81	592.626
17.0318	17.1595	2977.1	819.752
17.0609	17.2118	2538.38	853.22
17.2176	17.4034	2083.36	175.073
17.3627	17.6297	2275.86	290.036
17.4324	17.6704	1345.44	354.242
17.5601	17.6936	4022.45	140.432
17.7691	17.949	1376.09	464.65
17.7691	17.9722	2750.59	416.048
17.949	18.1232	3577.39	206.204
18.0129	18.1232	1307.14	116.571
18.129	18.4715	2730.01	190.873
18.1812	18.3147	1358.71	322.061
18.3728	18.5934	3709.97	161.925
18.5644	18.7733	1376.09	498.513
18.7791	18.9881	1340.78	68.7169
18.9591	19.1971	1368.16	280.643
19.0055	19.1565	3471.54	291.667
19.0984	19.3074	3980.85	193.529
19.1042	19.2203	8091.51	108.727
19.6034	19.8531	5539.45	222.919
19.7428	19.9169	4078.6	194.58
19.7718	20.062	2810.01	246.484
20.0795	20.2536	1365.01	696.8
20.1491	20.4219	2591.72	343.83
20.3929	20.5322	2704.9	312.331
20.5613	20.8109	1320.8	316.282
20.7006	20.8457	9235.83	66.8969
20.9734	21.1476	3544.48	183.151
21.0141	21.1708	2872.37	280.965
21.1534	21.4262	3301.39	125.634
21.3507	21.5249	1289.88	313.194
21.432	21.5655	2487.58	64.1913
21.7281	21.9719	1336.14	135.197
22.1286	22.2912	4586.02	424.13
22.146	22.2737	1542.83	478.862
22.146	22.2737	1542.83	478.862
22.4943	22.6801	1241.64	169.778
22.7091	22.9355	1462.98	982.852
23.1967	23.3128	1464.67	492.796
23.4463	23.5741	1497.17	1354.81
23.6844	23.8933	2664.58	152.795
24.021	24.1488	3505.8	308.77
24.1546	24.3287	3333.97	405.81
24.3345	24.6073	2900.72	1049.52
24.4158	24.5435	3177.9	740.977
24.4622	24.6364	1474.01	699.938
25.6406	25.7916	5758.03	96.24
26.1921	26.5752	2819.77	101.944
26.5346	26.819	1479.98	150.134
26.6217	26.819	1343.11	129.378
26.9177	27.0977	2491.89	123.011
27.0048	27.2196	2910.79	135.553
27.0803	27.6027	3255.94	85.3248
27.1615	27.3125	3203.71	69.7633
27.2196	27.3821	1704.97	199.497
27.266	27.6085	1526.87	175.006
27.7595	27.9046	2756.95	173.762
27.8117	27.9452	1436.19	169.929
28.8914	29.1817	1721.79	189.011
28.9321	29.1701	3499.73	160.034
29.2107	29.3849	3288.07	153.101
29.2571	29.5184	1536.6	164.893
