0
0.00580499
0.01161
0.017415
0.02322
0.0290249
0.0348299
0.0406349
0.0464399
0.0522449
0.0580499
0.0638549
0.0696599
0.0754649
0.0812698
0.0870748
0.0928798
0.0986848
0.10449
0.110295
0.1161
0.121905
0.12771
0.133515
0.13932
0.145125
0.15093
0.156735
0.16254
0.168345
0.17415
0.179955
0.18576
0.191565
0.19737
0.203175
0.20898
0.214785
0.22059
0.226395
0.2322
0.238005
0.24381
0.249615
0.255419
0.261224
0.267029
0.272834
0.278639
0.284444
0.290249
0.296054
0.301859
0.307664	504.261
0.313469	485.399
0.319274	489.623
0.325079	501.646
0.330884	501.646
0.336689	503.097
0.342494	508.355
0.348299	510.12
0.354104	505.719
0.359909	504.552
0.365714	507.768
0.371519	509.826
0.377324	505.135
0.383129	511.891
0.388934	516.644	503.679
0.394739	512.483	483.161
0.400544	516.644	480.933
0.406349	513.965	482.046
0.412154	509.531	478.44
0.417959	508.943	486.521
0.423764	515.452	483.44
0.429569	509.531	482.603
0.435374	505.135	485.96
0.441179	513.372	493.883
0.446984	504.844	483.999
0.452789	495.884	482.882
0.458594	479.269	479.269
0.464399	483.44	487.365
0.470204	481.489	486.803
0.476009	488.775	487.929
0.481814	495.026	494.169
0.487619	492.175	492.459
0.493424	482.046	482.324
0.499229	489.623	477.336
0.505034	477.06	478.716
0.510839	462.944	482.882
0.516644	474.038	480.101
0.522449	487.929	487.084
0.528254	486.803
0.534059	505.135
0.539864	499.333
0.545669	477.336
0.551474	480.656
0.557279	481.767
0.563084	488.775
0.568889	494.169	333.65
0.574694	499.911	337.332
0.580499	505.427	330.39
0.586304	489.623	346.616
0.592109	490.755	348.02
0.597914	491.039	348.221
0.603719	487.365	347.217
0.609524	491.89	345.816
0.615329	498.757	339.09
0.621134	484.558	336.943
0.626939	474.312	342.437
0.632744	490.755	341.449
0.638549	495.884	337.527
0.644354	493.313	336.165
0.650159	490.472	333.073
0.655964	494.454	332.112
0.661769	494.454	329.628
0.667574	492.459	329.628
0.673379	489.905	329.437
0.679184	482.324	328.677
0.684989	499.622	327.729
0.690794	494.169	327.54
0.696599	491.606	326.03
0.702404	486.241	325.089
0.708209	325.465
0.714014	325.653
0.719819	326.03
0.725624	326.218
0.731429	328.297
0.737234	329.628
0.743039	330.963
0.748844	332.496
0.754649	330.199
0.760454	325.277
0.766258	325.465
0.772063	322.658
0.777868	316.931
0.783673	334.615
0.789478	327.54
0.795283	318.032
0.801088	318.583
0.806893	329.247
0.812698	327.162
0.818503	328.677
0.824308	327.729
0.830113	334.809
0.835918	331.154
0.841723	333.65
0.847528	331.537
0.853333	335.583
0.859138	337.137
0.864943	331.346
0.870748	326.973
0.876553	328.108
0.882358	328.487
0.888163	328.108
0.893968	326.595
0.899773	325.653
0.905578	331.537
0.911383	329.818
0.917188	327.918
0.922993	327.918
0.928798	329.247
0.934603	332.112
0.940408	339.09
0.946213	333.265
0.952018	333.073
0.957823	335.583
0.963628	336.554
0.969433	330.963
0.975238	329.437
0.981043	326.595
0.986848	330.963
0.992653	335.002
0.998458	334.809
1.00426	337.137
1.01007	337.917
1.01587	342.239	271.322
1.02168	333.265	273.841
1.02748	333.073	275.586
1.03329	333.458	271.635
1.03909	326.407	267.895
1.0449	332.688	271.792
1.0507	321.727	265.584
1.05651	326.407	265.278
1.06231	337.527	262.382
1.06812	331.729	259.818
1.07392	329.247	256.241
1.07973	330.581	254.766
1.08553	341.646	255.355
1.09134	255.502
1.09714	256.389
1.10295	258.024
1.10875	256.241
1.11456	256.389
1.12036	256.538
1.12617	257.28
1.13197	256.982
1.13778	258.77
1.14358	259.219
1.14939	259.369
1.15519	259.518
1.161	259.518
1.1668	260.419
1.17261	260.72
1.17841	260.871
1.18422	260.57
1.19002	259.518
1.19583	258.173
1.20163	258.173
1.20744	258.024
1.21324	257.726
1.21905	258.471
1.22485	258.919
1.23066	259.668
1.23646	260.57
1.24227	261.777
1.24807	261.323
1.25388	261.777
1.25968	262.231
1.26549	261.626
1.27129	260.57
1.2771	258.919
1.2829	257.875
1.28871	257.726
1.29451	257.428
1.30032	257.726
1.30612	258.621
1.31193	258.77
1.31773	258.919
1.32354	259.818
1.32934	261.173
1.33515	261.928
1.34095	262.534
1.34676	262.231
1.35256	262.837
1.35837	262.989
1.36417	261.173
1.36998	259.969
1.37578	262.837
1.38159	268.981
1.38739	266.66	305.959
1.3932	266.045	300.182
1.399	262.534	280.403
1.40481	256.538	301.224
1.41061	300.529
1.41642	304.9
1.42222	312.929	627.669
1.42803	318.215	639.009
1.43383	322.285	646.061
1.43964	326.595	653.568
1.44544	329.437	659.636
1.45125	332.496	664.608
1.45705	332.688	669.231
1.46286	334.809	671.166
1.46866	335.777	672.33
1.47447	335.971	672.719
1.48027	335.971	672.33
1.48608	334.036	668.072
1.49188	332.496	664.992
1.49769	330.772	664.608
1.50349	328.108	659.636
1.5093	328.677	658.114
1.5151	328.108	655.08
1.52091	327.351	653.945
1.52671	326.407	651.683
1.53252	323.965	647.93
1.53832	322.844	645.315
1.54413	322.844	646.434
1.54993	321.913	644.57
1.55574	320.614	640.117
1.56154	316.565	632.035
1.56735	315.288	629.121
1.57315	312.929	624.775
1.57896	311.127	620.459
1.58476	309.514	617.956
1.59057	307.553	616.53
1.59637	305.782	612.271
1.60218	304.372	609.096
1.60798	304.021	607.691
1.61379	304.372	609.448
1.61959	305.782	612.979
1.6254	305.959	610.505
1.6312	307.198	612.979
1.63701	310.409	621.535
1.64281	313.653	628.031
1.64862	317.114	634.229
1.65442	320.799	641.228
1.66023	323.404	647.181
1.66603	325.653	652.06
1.67184	328.297	657.354
1.67764	329.818	660.78
1.68345	331.346	664.224
1.68925	332.304	666.145
1.69506	311.487	661.926
1.70086	318.583	674.275
1.70667	320.614	679.75
1.71247	307.198	680.929
1.71828	303.319	664.608
1.72408	318.215	674.275
1.72989	674.664
1.73569	672.33
1.7415	674.275
1.7473	676.616
1.75311	676.616
1.75891	673.496
1.76472	672.33
1.77052	675.444
1.77633	674.275
1.78213	673.496
1.78794	673.886
1.79374	676.225
1.79955	675.444
1.80535	673.107
1.81116	675.054
1.81696	678.965
1.82277	678.181
1.82857	676.616	339.286
1.83438	676.225	337.527
1.84018	675.835	326.784
1.84599	674.664	331.346
1.85179	659.636	327.54
1.8576	640.857	321.913
1.8634	624.775	312.388
1.86921	610.153	300.702
1.87501	663.457	301.224
1.88082	688.841	312.027
1.88662	687.648	324.902
1.89243	315.652
1.89823	316.748
1.90404	327.918
1.90984	314.379
1.91565	327.162
1.92145	319.32
1.92726	322.285
1.93306	323.591	356.978
1.93887	327.729	360.293
1.94467	328.677	363.638
1.95048	317.848	359.669
1.95628	318.583	361.335
1.96209	312.027	351.657
1.96789	312.929	340.661
1.9737	322.285	339.679
1.9795	333.843	339.679
1.98531	339.875	339.875
1.99111	335.971	343.427
1.99692	346.415	345.616
2.00272	349.228	347.417
2.00853	349.43	348.624
2.01433	348.624	348.624	688.045
2.02014	349.228	347.417	681.716
2.02594	347.417	346.215	686.061
2.03175	345.616	344.818	688.443
2.03755	345.416	342.634	683.687
2.04336	343.031	333.265	667.301
2.04916	339.482	326.595	639.009
2.05497	339.875	333.265	602.796	280.89
2.06077	333.265	332.88	573.583	273.999
2.06658	323.965	324.152	555.648	266.66
2.07238	329.818	325.089	527.805	260.269
2.07819	332.112	319.505	515.452	256.241
2.08399	330.199	310.409	513.965	257.28
2.0898	338.112	304.021	513.372	259.668
2.0956	332.88	308.443	520.237	263.598
2.10141	344.818	313.291	533.321	269.759
2.10721	553.086	276.703
2.11302	576.906	286.626
2.11882	577.24	293.665
2.12463	576.573	300.009
2.13043	566.341	307.376
2.13624	550.854	311.847
2.14204	532.705	317.114
2.14785	539.518	321.17
2.15365	322.658
2.15946	322.471
2.16526	322.285
2.17107	320.244
2.17687	316.565
2.18268	314.379
2.18848	311.127
2.19429	309.156
2.20009	307.909
2.2059	309.872
2.2117	316.2
2.21751	318.951
2.22331	321.17
2.22912	323.03
2.23492	313.834
2.24073	317.848
2.24653	320.059
2.25234	313.11	681.716
2.25814	682.898
2.26395	649.428
2.26975	663.841
2.27556	676.225
2.28136	678.965
2.28717	676.616
2.29297	672.719
2.29878	649.053
2.30458	668.072
2.31039	650.179
2.31619	646.434
2.322	640.117
2.3278	640.487
2.33361	648.304
2.33941	651.683
2.34522	670.391
2.35102	676.225
2.35683	647.181
2.36263	644.942
2.36844	660.78
2.37424	677.007
2.38005	657.354
2.38585	664.992
2.39166	677.789
2.39746	677.789
2.40327	690.434
2.40907	723.923
2.41488	647.181
2.42068
2.42649
2.43229
2.4381
2.4439
2.44971
2.45551
2.46132
2.46712
2.47293
2.47873
2.48454
2.49034
2.49615
2.50195
2.50776
2.51356
2.51937
2.52517
2.53098
2.53678
2.54258
2.54839
2.55419
2.56
2.5658
2.57161
2.57741
2.58322
2.58902
2.59483
2.60063
2.60644
2.61224
2.61805
2.62385
2.62966
2.63546
2.64127
2.64707
2.65288
2.65868
2.66449
2.67029
2.6761
2.6819
2.68771
2.69351
2.69932
2.70512
2.71093
2.71673
2.72254
2.72834
2.73415
2.73995
2.74576
2.75156
2.75737
2.76317
2.76898
2.77478
2.78059
2.78639
2.7922
2.798
2.80381
2.80961
2.81542
2.82122
2.82703
2.83283
2.83864
2.84444
2.85025
2.85605
2.86186
2.86766
2.87347
2.87927
2.88508
2.89088
2.89669
2.90249
2.9083
2.9141
2.91991
2.92571
2.93152
2.93732
2.94313
2.94893
2.95474
2.96054
2.96635
2.97215
2.97796
2.98376
2.98957
2.99537
3.00118
3.00698
3.01279
3.01859
3.0244
3.0302
3.03601
3.04181
3.04762
3.05342
3.05923
3.06503
3.07084
3.07664
3.08245
3.08825
3.09406
3.09986
3.10567
3.11147
3.11728
3.12308
3.12889
3.13469
3.1405
3.1463
3.15211
3.15791
3.16372
3.16952
3.17533
3.18113
3.18694
3.19274
3.19855
3.20435
3.21016
3.21596
3.22177
3.22757
3.23338
3.23918
3.24499
3.25079
3.2566
3.2624
3.26821
3.27401
3.27982
3.28562
3.29143
3.29723
3.30304
3.30884
3.31465
3.32045
3.32626
3.33206
3.33787
3.34367
3.34948
3.35528
3.36109
3.36689
3.3727
3.3785
3.38431
3.39011
3.39592
3.40172
3.40753
3.41333
3.41914
3.42494
3.43075
3.43655
3.44236
3.44816
3.45397
3.45977
3.46558
3.47138
3.47719
3.48299
3.4888
3.4946
3.50041
3.50621
3.51202
3.51782
3.52363
3.52943
3.53524
3.54104
3.54685
3.55265
3.55846
3.56426
3.57007
3.57587
3.58168
3.58748
3.59329
3.59909
3.6049
3.6107
3.61651
3.62231
3.62812
3.63392
3.63973
3.64553
3.65134
3.65714
3.66295
3.66875
3.67456
3.68036
3.68617
3.69197
3.69778
3.70358
3.70939
3.71519
3.721
3.7268
3.73261
3.73841
3.74422
3.75002
3.75583
3.76163
3.76744
3.77324
3.77905
3.78485
3.79066
3.79646
3.80227
3.80807
3.81388
3.81968
3.82549
3.83129
3.8371
3.8429
3.84871
3.85451
3.86032
3.86612
3.87193
3.87773
3.88354
3.88934
3.89515
3.90095
3.90676
3.91256
3.91837
3.92417
3.92998
3.93578
3.94159
3.94739
3.9532
3.959
3.96481
3.97061
3.97642
3.98222
3.98803
3.99383
3.99964
4.00544
4.01125
4.01705
4.02286
4.02866
4.03447
4.04027
4.04608
4.05188
4.05769
4.06349
4.0693
4.0751
4.08091
4.08671
4.09252
4.09832
4.10413
4.10993
4.11574
4.12154
4.12735
4.13315
4.13896
4.14476
4.15057
4.15637
4.16218
4.16798
4.17379
4.17959
4.1854
4.1912
4.19701
4.20281
4.20862
4.21442
4.22023
4.22603
4.23184
4.23764
4.24345
4.24925
4.25506
4.26086
4.26667
4.27247
4.27828
4.28408
4.28989
4.29569
4.3015
4.3073
4.31311
4.31891
4.32472
4.33052
4.33633
4.34213
4.34794
4.35374
4.35955
4.36535
4.37116
4.37696
4.38277
4.38857
4.39438
4.40018
4.40599
4.41179
4.4176
4.4234
4.42921
4.43501
4.44082
4.44662
4.45243
4.45823
4.46404
4.46984
4.47565
4.48145
4.48726
4.49306
4.49887
4.50467
4.51048
4.51628
4.52209
4.52789
4.5337
4.5395
4.54531
4.55111
4.55692
4.56272
4.56853
4.57433
4.58014
4.58594
4.59175
4.59755
4.60336
4.60916
4.61497
4.62077
4.62658
4.63238
4.63819
4.64399
4.6498
4.6556
4.66141
4.66721
4.67302
4.67882
4.68463
4.69043
4.69624
4.70204
4.70785
4.71365
4.71946
4.72526
4.73107
4.73687
4.74268
4.74848
4.75429
4.76009
4.7659
4.7717
4.77751
4.78331
4.78912
4.79492
4.80073
4.80653
4.81234
4.81814
4.82395
4.82975
4.83556
4.84136
4.84717
4.85297
4.85878
4.86458
4.87039
4.87619
4.882
4.8878
4.89361
4.89941
4.90522
4.91102
4.91683
4.92263
4.92844
4.93424
4.94005
4.94585
4.95166
4.95746
4.96327
4.96907
4.97487
4.98068
4.98649
4.99229
4.9981
5.0039
5.00971
5.01551
5.02132
5.02712
5.03293
5.03873
5.04454
5.05034
5.05615
5.06195
5.06776
5.07356
5.07936
5.08517
5.09097
5.09678
5.10258
5.10839
5.11419
5.12
5.1258
5.13161
5.13741
5.14322
5.14902
5.15483
5.16063
5.16644
5.17225
5.17805
5.18385
5.18966
5.19546
5.20127
5.20707
5.21288
5.21868
5.22449
5.23029
5.2361
5.2419
5.24771
5.25351
5.25932
5.26512
5.27093
5.27673
5.28254
5.28834
5.29415
5.29995
5.30576
5.31156
5.31737
5.32317
5.32898
5.33478
5.34059
5.34639
5.3522
5.358
5.36381
5.36961
5.37542
5.38122
5.38703
5.39283
5.39864
5.40444
5.41025
5.41605
5.42186
5.42766
5.43347
5.43927
5.44508
5.45088
5.45669
5.46249
5.4683
5.4741
5.47991
5.48571
5.49152
5.49732
5.50313
5.50893
5.51474
5.52054
5.52635
5.53215
5.53796
5.54376
5.54957
5.55537
5.56118
5.56698
5.57279
5.57859
5.5844
5.5902
5.59601
5.60181
5.60762
5.61342
5.61923
5.62503
5.63084
5.63664
5.64245
5.64825
5.65406
5.65986
5.66567
5.67147
5.67728
5.68308
5.68889
5.69469
5.7005
5.7063
5.71211
5.71791
5.72372
5.72952
5.73533
5.74113
5.74694
5.75274
5.75855
5.76435
5.77016
5.77596
5.78177
5.78757
5.79338
5.79918
5.80499
5.81079
5.8166
5.8224
5.82821
5.83401
5.83982
5.84562
5.85143
5.85723
5.86304
5.86884
5.87465
5.88045
5.88626
5.89206
5.89787
5.90367
5.90948
5.91528
5.92109
5.92689
5.9327
5.9385
5.94431
5.95011
5.95592
5.96172
5.96753
5.97333
5.97914
5.98494
5.99075
5.99655
6.00236
6.00816
6.01397
6.01977
6.02558
6.03138
6.03719
6.04299
6.0488
6.0546
6.06041
6.06621
6.07202
6.07782
6.08363
6.08943
6.09524
6.10104
6.10685
6.11265
6.11846
6.12426
6.13007
6.13587
6.14168
6.14748
6.15329
6.15909
6.1649
6.1707
6.17651
6.18231
6.18812
6.19392
6.19973
6.20553
6.21134
6.21714
6.22295
6.22875
6.23456
6.24036
6.24617
6.25197
6.25778
6.26358
6.26939
6.27519
6.281
6.2868
6.29261
6.29841
6.30422
6.31002
6.31583
6.32163
6.32744
6.33324
6.33905
6.34485
6.35066
6.35646
6.36227
6.36807
6.37388
6.37968
6.38549
6.39129
6.3971
6.4029
6.40871
6.41451
6.42032
6.42612
6.43193
6.43773
6.44354
6.44934
6.45515
6.46095
6.46676
6.47256
6.47837
6.48417
6.48998
6.49578
6.50159
6.50739
6.5132
6.519
6.52481
6.53061
6.53642
6.54222
6.54803
6.55383
6.55964
6.56544
6.57125
6.57705
6.58286
6.58866
6.59447
6.60027
6.60608
6.61188
6.61769
6.62349
6.6293
6.6351
6.64091
6.64671
6.65252
6.65832
6.66413
6.66993
6.67574
6.68154
6.68735
6.69315
6.69896
6.70476
6.71057
6.71637
6.72218
6.72798
6.73379
6.73959
6.7454
6.7512
6.75701
6.76281
6.76862
6.77442
6.78023
6.78603
6.79184
6.79764
6.80345
6.80925
6.81506
6.82086
6.82667
6.83247
6.83828
6.84408
6.84989
6.85569
6.8615
6.8673
6.87311
6.87891
6.88472
6.89052
6.89633
6.90213
6.90794
6.91374
6.91955
6.92535
6.93116
6.93696
6.94277
6.94857
6.95438
6.96018
6.96599
6.97179
6.9776
6.9834
6.98921
6.99501
7.00082
7.00662
7.01243
7.01823
7.02404
7.02984
7.03565
7.04145
7.04726
7.05306
7.05887
7.06467
7.07048
7.07628
7.08209
7.08789
7.0937
7.0995
7.10531
7.11111
7.11692
7.12272
7.12853
7.13433
7.14014
7.14594
7.15175
7.15755
7.16336
7.16916
7.17497
7.18077
7.18658
7.19238
7.19819
7.20399
7.2098
7.2156
7.22141
7.22721
7.23302
7.23882
7.24463
7.25043
7.25624
7.26204
7.26785
7.27365
7.27946
7.28526
7.29107
7.29687
7.30268
7.30848
7.31429
7.32009
7.3259
7.3317
7.33751
7.34331
7.34912
7.35492
7.36073
7.36653
7.37234
7.37814
7.38395
7.38975
7.39556
7.40136
7.40717
7.41297
7.41878
7.42458
7.43039
7.43619
7.442
7.4478
7.45361
7.45941
7.46522
7.47102
7.47683
7.48263
7.48844
7.49424
7.50005
7.50585
7.51166
7.51746
7.52327
7.52907
7.53487
7.54068
7.54648
7.55229
7.55809
7.5639
7.56971
7.57551
7.58132
7.58712
7.59293
7.59873
7.60454
7.61034
7.61615
7.62195
7.62776
7.63356
7.63936
7.64517
7.65097
7.65678
7.66258
7.66839
7.67419
7.68
7.6858
7.69161
7.69741
7.70322
7.70902
7.71483
7.72063
7.72644
7.73224
7.73805
7.74385
7.74966
7.75546
7.76127
7.76707
7.77288
7.77868
7.78449
7.79029
7.7961
7.8019
7.80771
7.81351
7.81932
7.82512
7.83093
7.83673
7.84254
7.84834
7.85415
7.85995
7.86576
7.87156
7.87737
7.88317
7.88898
7.89478
7.90059
7.90639
7.9122
7.918
7.92381
7.92961
7.93542
7.94122
7.94703
7.95283
7.95864
7.96444
7.97025
7.97605
7.98186
7.98766
7.99347
7.99927
8.00508
8.01088
8.01669
8.02249
8.0283
8.0341
8.03991
8.04571
8.05152
8.05732
8.06313
8.06893
8.07474
8.08054
8.08635
8.09215
8.09796
8.10376
8.10957
8.11537
8.12118
8.12698
8.13279
8.13859
8.1444
8.1502
8.15601
8.16181
8.16762
8.17342
8.17923
8.18503
8.19084
8.19664
8.20245
8.20825
8.21406
8.21986
8.22567
8.23147
8.23728
8.24308
8.24889
8.25469
8.2605
8.2663
8.27211
8.27791
8.28372
8.28952
8.29533
8.30113
8.30694
8.31274
8.31855
8.32435
8.33016
8.33596
8.34177
8.34757
8.35338
8.35918
8.36499
8.37079
8.3766
8.3824
8.38821
8.39401
8.39982
8.40562
8.41143
8.41723
8.42304
8.42884
8.43465
8.44045
8.44626
8.45206
8.45787
8.46367
8.46948
8.47528
8.48109
8.48689
8.4927
8.4985
8.50431
8.51011
8.51592
8.52172
8.52753
8.53333
8.53914
8.54494
8.55075
8.55655
8.56236
8.56816
8.57397
8.57977
8.58558
8.59138
8.59719
8.60299
8.6088
8.6146
8.62041
8.62621
8.63202
8.63782
8.64363
8.64943
8.65524
8.66104
8.66685
8.67265
8.67846
8.68426
8.69007
8.69587
8.70168
8.70748
8.71329
8.71909
8.7249
8.7307
8.73651
8.74231
8.74812
8.75392
8.75973
8.76553
8.77134
8.77714
8.78295
8.78875
8.79456
8.80036
8.80617
8.81197
8.81778
8.82358
8.82939
8.83519
8.841
8.8468
8.85261
8.85841
8.86422
8.87002
8.87583
8.88163
8.88744
8.89324
8.89905
8.90485
8.91066
8.91646
8.92227
8.92807
8.93388
8.93968
8.94549
8.95129
8.9571
8.9629
8.96871
8.97451
8.98032
8.98612
8.99193
8.99773
9.00354
9.00934
9.01515
9.02095
9.02676
9.03256
9.03837
9.04417
9.04998
9.05578
9.06159
9.06739
9.0732
9.079
9.08481
9.09061
9.09642
9.10222
9.10803
9.11383
9.11964
9.12544
9.13125
9.13705
9.14286
9.14866
9.15447
9.16027
9.16608
9.17188
9.17769
9.18349
9.1893
9.1951
9.20091
9.20671
9.21252
9.21832
9.22413
9.22993
9.23574
9.24154
9.24735
9.25315
9.25896
9.26476
9.27057
9.27637
9.28218
9.28798
9.29379
9.29959
9.3054
9.3112
9.31701
9.32281
9.32862
9.33442
9.34023
9.34603
9.35184
9.35764
9.36345
9.36925
9.37506
9.38086
9.38667
9.39247
9.39828
9.40408
9.40989
9.41569
9.4215
9.4273
9.43311
9.43891
9.44472
9.45052
9.45633
9.46213
9.46794
9.47374
9.47955
9.48535
9.49116
9.49696
9.50277
9.50857
9.51438
9.52018
9.52599
9.53179
9.5376
9.5434
9.54921
9.55501
9.56082
9.56662
9.57243
9.57823
9.58404
9.58984
9.59565
9.60145
9.60726
9.61306
9.61887
9.62467
9.63048
9.63628
9.64209
9.64789
9.6537
9.6595
9.66531
9.67111
9.67692
9.68272
9.68853
9.69433
9.70014
9.70594
9.71175
9.71755
9.72336
9.72916
9.73497
9.74077
9.74658
9.75238
9.75819
9.76399
9.7698
9.7756
9.78141
9.78721
9.79302
9.79882
9.80463
9.81043
9.81624
9.82204
9.82785
9.83365
9.83946
9.84526
9.85107
9.85687
9.86268
9.86848
9.87429
9.88009
9.8859
9.8917
9.89751
9.90331
9.90912
9.91492
9.92073
9.92653
9.93234
9.93814
9.94394
9.94975
9.95555
9.96136
9.96716
9.97297
9.97878
9.98458
9.99039
9.99619
10.002
10.0078
10.0136
10.0194
10.0252
10.031
10.0368
10.0426
10.0484
10.0542
10.06
10.0659
10.0717
10.0775
10.0833
10.0891
10.0949
10.1007
10.1065
10.1123
10.1181
10.1239
10.1297
10.1355
10.1413
10.1471
10.1529
10.1587
10.1645
10.1703
10.1761
10.1819
10.1878
10.1936
10.1994
10.2052
10.211
10.2168
10.2226
10.2284
10.2342
10.24
10.2458
10.2516
10.2574
10.2632
10.269
10.2748
10.2806
10.2864
10.2922
10.298
10.3039
10.3097
10.3155
10.3213
10.3271
10.3329
10.3387
10.3445
10.3503
10.3561
10.3619
10.3677
10.3735
10.3793
10.3851
10.3909
10.3967
10.4025
10.4083
10.4141
10.42
10.4258
10.4316
10.4374
10.4432
10.449
10.4548
10.4606
10.4664
10.4722
10.478
10.4838
10.4896
10.4954
10.5012
10.507
10.5128
10.5186
10.5244
10.5302
10.5361
10.5419
10.5477
10.5535
10.5593
10.5651
10.5709
10.5767
10.5825
10.5883
10.5941
10.5999
10.6057
10.6115
10.6173
10.6231
10.6289
10.6347
10.6405
10.6463
10.6522
10.658
10.6638
10.6696
10.6754
10.6812
10.687
10.6928
10.6986
10.7044
10.7102
10.716
10.7218
10.7276
10.7334
10.7392
10.745
10.7508
10.7566
10.7624
10.7683
10.7741
10.7799
10.7857
10.7915
10.7973
10.8031
10.8089
10.8147
10.8205
10.8263
10.8321
10.8379
10.8437
10.8495
10.8553
10.8611
10.8669
10.8727
10.8785
10.8844
10.8902
10.896
10.9018
10.9076
10.9134
10.9192
10.925
10.9308
10.9366
10.9424
10.9482
10.954
10.9598
10.9656
10.9714
10.9772
10.983
10.9888
10.9946
11.0005
11.0063
11.0121
11.0179
11.0237
11.0295
11.0353
11.0411
11.0469
11.0527
11.0585
11.0643
11.0701
11.0759
11.0817
11.0875
11.0933
11.0991
11.1049
11.1107
11.1166
11.1224
11.1282
11.134
11.1398
11.1456
11.1514
11.1572
11.163
11.1688
11.1746
11.1804
11.1862
11.192
11.1978
11.2036
11.2094
11.2152
11.221
11.2268
11.2327
11.2385
11.2443
11.2501
11.2559
11.2617
11.2675
11.2733
11.2791
11.2849
11.2907
11.2965
11.3023
11.3081
11.3139
11.3197
11.3255
11.3313
11.3371
11.3429
11.3488
11.3546
11.3604
11.3662
11.372
11.3778
11.3836
11.3894
11.3952
11.401
11.4068
11.4126
11.4184
11.4242
11.43
11.4358
11.4416
11.4474
11.4532
11.459
11.4649
11.4707
11.4765
11.4823
11.4881
11.4939
11.4997
11.5055
11.5113
11.5171
11.5229
11.5287
11.5345
11.5403
11.5461
11.5519
11.5577
11.5635
11.5693
11.5751
11.581
11.5868
11.5926
11.5984
11.6042
11.61
11.6158
11.6216
11.6274
11.6332
11.639
11.6448
11.6506
11.6564
11.6622
11.668
11.6738
11.6796
11.6854
11.6912
11.6971
11.7029
11.7087
11.7145
11.7203
11.7261
11.7319
11.7377
11.7435
11.7493
11.7551
11.7609
11.7667
11.7725
11.7783
11.7841
11.7899
11.7957
11.8015
11.8073
11.8132
11.819
11.8248
11.8306
11.8364
11.8422
11.848
11.8538
11.8596
11.8654
11.8712
11.877
11.8828
11.8886
11.8944
11.9002
11.906
11.9118
11.9176
11.9234
11.9293
11.9351
11.9409
11.9467
11.9525
11.9583
11.9641
11.9699
11.9757
11.9815
11.9873
11.9931
11.9989
12.0047
12.0105
12.0163
12.0221
12.0279
12.0337
12.0395
12.0454
12.0512
12.057
12.0628
12.0686
12.0744
12.0802
12.086
12.0918
12.0976
12.1034
12.1092
12.115
12.1208
12.1266
12.1324
12.1382
12.144
12.1498
12.1556
12.1615
12.1673
12.1731
12.1789
12.1847
12.1905
12.1963
12.2021
12.2079
12.2137
12.2195
12.2253
12.2311
12.2369
12.2427
12.2485
12.2543
12.2601
12.2659
12.2717
12.2776
12.2834
12.2892
12.295
12.3008
12.3066
12.3124
12.3182
12.324
12.3298
12.3356
12.3414
12.3472
12.353
12.3588
12.3646
12.3704
12.3762
12.382
12.3878
12.3937
12.3995
12.4053
12.4111
12.4169
12.4227
12.4285
12.4343
12.4401
12.4459
12.4517
12.4575
12.4633
12.4691
12.4749
12.4807
12.4865
12.4923
12.4981
12.5039
12.5098
12.5156
12.5214
12.5272
12.533
12.5388
12.5446
12.5504
12.5562
12.562
12.5678
12.5736
12.5794
12.5852
12.591
12.5968
12.6026
12.6084
12.6142
12.62
12.6258
12.6317
12.6375
12.6433
12.6491
12.6549
12.6607
12.6665
12.6723
12.6781
12.6839
12.6897
12.6955
12.7013
12.7071
12.7129
12.7187
12.7245
12.7303
12.7361
12.742
12.7478
12.7536
12.7594
12.7652
12.771
12.7768
12.7826
12.7884
12.7942
12.8
12.8058
12.8116
12.8174
12.8232
12.829
12.8348
12.8406
12.8464
12.8522
12.858
12.8639
12.8697
12.8755
12.8813
12.8871
12.8929
12.8987
12.9045
12.9103
12.9161
12.9219
12.9277
12.9335
12.9393
12.9451
12.9509
12.9567
12.9625
12.9683
12.9741
12.98
12.9858
12.9916
12.9974
13.0032
13.009
13.0148
13.0206
13.0264
13.0322
13.038
13.0438
13.0496
13.0554
13.0612
13.067
13.0728
13.0786
13.0844
13.0902
13.0961
13.1019
13.1077
13.1135
13.1193
13.1251
13.1309
13.1367
13.1425
13.1483
13.1541
13.1599
13.1657
13.1715
13.1773
13.1831
13.1889
13.1947
13.2005
13.2063
13.2122
13.218
13.2238
13.2296
13.2354
13.2412
13.247
13.2528
13.2586
13.2644
13.2702
13.276
13.2818
13.2876
13.2934
13.2992
13.305
13.3108
13.3166
13.3224
13.3283
13.3341
13.3399
13.3457
13.3515
13.3573
13.3631
13.3689
13.3747
13.3805
13.3863
13.3921
13.3979
13.4037
13.4095
13.4153
13.4211
13.4269
13.4327
13.4385
13.4444
13.4502
13.456
13.4618
13.4676
13.4734
13.4792
13.485
13.4908
13.4966
13.5024
13.5082
13.514
13.5198
13.5256
13.5314
13.5372
13.543
13.5488
13.5546
13.5605
13.5663
13.5721
13.5779
13.5837
13.5895
13.5953
13.6011
13.6069
13.6127
13.6185
13.6243
13.6301
13.6359
13.6417
13.6475
13.6533
13.6591
13.6649
13.6707
13.6766
13.6824
13.6882
13.694
13.6998
13.7056
13.7114
13.7172
13.723
13.7288
13.7346
13.7404
13.7462
13.752
13.7578
13.7636
13.7694
13.7752
13.781
13.7868
13.7927
13.7985
13.8043
13.8101
13.8159
13.8217
13.8275
13.8333
13.8391
13.8449
13.8507
13.8565
13.8623
13.8681
13.8739
13.8797
13.8855
13.8913
13.8971
13.9029
13.9088
13.9146
13.9204
13.9262
13.932
13.9378
13.9436
13.9494
13.9552
13.961
13.9668
13.9726
13.9784
13.9842
13.99
13.9958
14.0016
14.0074
14.0132
14.019
14.0249
14.0307
14.0365
14.0423
14.0481
14.0539
14.0597
14.0655
14.0713
14.0771
14.0829
14.0887
14.0945
14.1003
14.1061
14.1119
14.1177
14.1235
14.1293
14.1351
14.141
14.1468
14.1526
14.1584
14.1642
14.17
14.1758
14.1816
14.1874
14.1932
14.199
14.2048
14.2106
14.2164
14.2222
14.228
14.2338
14.2396
14.2454
14.2512
14.2571
14.2629
14.2687
14.2745
14.2803
14.2861
14.2919
14.2977
14.3035
14.3093
14.3151
14.3209
14.3267
14.3325
14.3383
14.3441
14.3499
14.3557
14.3615
14.3673
14.3732
14.379
14.3848
14.3906
14.3964
14.4022
14.408
14.4138
14.4196
14.4254
14.4312
14.437
14.4428
14.4486
14.4544
14.4602
14.466
14.4718
14.4776
14.4834
14.4893
14.4951
14.5009
14.5067
14.5125
14.5183
14.5241
14.5299
14.5357
14.5415
14.5473
14.5531
14.5589
14.5647
14.5705
14.5763
14.5821
14.5879
14.5937
14.5995
14.6054
14.6112
14.617
14.6228
14.6286
14.6344
14.6402
14.646
14.6518
14.6576
14.6634
14.6692
14.675
14.6808
14.6866
14.6924
14.6982
14.704
14.7098
14.7156
14.7215
14.7273
14.7331
14.7389
14.7447
14.7505
14.7563
14.7621
14.7679
14.7737
14.7795
14.7853
14.7911
14.7969
14.8027
14.8085
14.8143
14.8201
14.8259
14.8317
14.8376
14.8434
14.8492
14.855
14.8608
14.8666
14.8724
14.8782
14.884
14.8898
14.8956
14.9014
14.9072
14.913
14.9188
14.9246
14.9304
14.9362
14.942
14.9478
14.9537
14.9595
14.9653
14.9711
14.9769
14.9827
14.9885
14.9943
15.0001
15.0059
15.0117
15.0175
15.0233
15.0291
15.0349
15.0407
15.0465
15.0523
15.0581
15.0639
15.0697
15.0756
15.0814
15.0872
15.093
15.0988
15.1046
15.1104
15.1162
15.122
15.1278
15.1336
15.1394
15.1452
15.151
15.1568
15.1626
15.1684
15.1742
15.18
15.1859
15.1917
15.1975
15.2033
15.2091
15.2149
15.2207
15.2265
15.2323
15.2381
15.2439
15.2497
15.2555
15.2613
15.2671
15.2729
15.2787
15.2845
15.2903
15.2961
15.3019
15.3078
15.3136
15.3194
15.3252
15.331
15.3368
15.3426
15.3484
15.3542
15.36
15.3658
15.3716
15.3774
15.3832
15.389
15.3948
15.4006
15.4064
15.4122
15.418
15.4239
15.4297
15.4355
15.4413
15.4471
15.4529
15.4587
15.4645
15.4703
15.4761
15.4819
15.4877
15.4935
15.4993
15.5051
15.5109
15.5167
15.5225
15.5283
15.5341
15.54
15.5458
15.5516
15.5574
15.5632
15.569
15.5748
15.5806
15.5864
15.5922
15.598
15.6038
15.6096
15.6154
15.6212
15.627
15.6328
15.6386
15.6444
15.6502
15.6561
15.6619
15.6677
15.6735
15.6793
15.6851
15.6909
15.6967
15.7025
15.7083
15.7141
15.7199
15.7257
15.7315
15.7373
15.7431
15.7489
15.7547
15.7605
15.7663
15.7722
15.778
15.7838
15.7896
15.7954
15.8012
15.807
15.8128
15.8186
15.8244
15.8302
15.836
15.8418
15.8476
15.8534
15.8592
15.865
15.8708
15.8766
15.8824
15.8883
15.8941
15.8999
15.9057
15.9115
15.9173
15.9231
15.9289
15.9347
15.9405
15.9463
15.9521
15.9579
15.9637
15.9695
15.9753
15.9811
15.9869
15.9927
15.9985
16.0044
16.0102
16.016
16.0218
16.0276
16.0334
16.0392
16.045
16.0508
16.0566
16.0624
16.0682
16.074
16.0798
16.0856
16.0914
16.0972
16.103
16.1088
16.1146
16.1205
16.1263
16.1321
16.1379
16.1437
16.1495
16.1553
16.1611
16.1669
16.1727
16.1785
16.1843
16.1901
16.1959
16.2017
16.2075
16.2133
16.2191
16.2249
16.2307
16.2366
16.2424
16.2482
16.254
16.2598
16.2656
16.2714
16.2772
16.283
16.2888
16.2946
16.3004
16.3062
16.312
16.3178
16.3236
16.3294
16.3352
16.341
16.3468
16.3527
16.3585
16.3643
16.3701
16.3759
16.3817
16.3875
16.3933
16.3991
16.4049
16.4107
16.4165
16.4223
16.4281
16.4339
16.4397
16.4455
16.4513
16.4571
16.4629
16.4688
16.4746
16.4804
16.4862
16.492
16.4978
16.5036
16.5094
16.5152
16.521
16.5268
16.5326
16.5384
16.5442
16.55
16.5558
16.5616
16.5674
16.5732
16.579
16.5849
16.5907
16.5965
16.6023
16.6081
16.6139
16.6197
16.6255
16.6313
16.6371
16.6429
16.6487
16.6545
16.6603
16.6661
16.6719
16.6777
16.6835
16.6893
16.6951
16.701
16.7068
16.7126
16.7184
16.7242
16.73
16.7358
16.7416
16.7474
16.7532
16.759
16.7648
16.7706
16.7764
16.7822
16.788
16.7938
16.7996
16.8054
16.8112
16.8171
16.8229
16.8287
16.8345
16.8403
16.8461
16.8519
16.8577
16.8635
16.8693
16.8751
16.8809
16.8867
16.8925
16.8983
16.9041
16.9099
16.9157
16.9215
16.9273
16.9332
16.939
16.9448
16.9506
16.9564
16.9622
16.968
16.9738
16.9796
16.9854
16.9912
16.997
17.0028
17.0086
17.0144
17.0202
17.026
17.0318
17.0376
17.0434
17.0493
17.0551
17.0609
17.0667
17.0725
17.0783
17.0841
17.0899
17.0957
17.1015
17.1073
17.1131
17.1189
17.1247
17.1305
17.1363
17.1421
17.1479
17.1537
17.1595
17.1654
17.1712
17.177
17.1828
17.1886
17.1944
17.2002
17.206
17.2118
17.2176
17.2234
17.2292
17.235
17.2408
17.2466
17.2524
17.2582
17.264
17.2698
17.2756
17.2815
17.2873
17.2931
17.2989
17.3047
17.3105
17.3163
17.3221
17.3279
17.3337
17.3395
17.3453
17.3511
17.3569
17.3627
17.3685
17.3743
17.3801
17.3859
17.3917
17.3976
17.4034
17.4092
17.415
17.4208
17.4266
17.4324
17.4382
17.444
17.4498
17.4556
17.4614
17.4672
17.473
17.4788
17.4846
17.4904
17.4962
17.502
17.5078
17.5137
17.5195
17.5253
17.5311
17.5369	321.913
17.5427	321.727
17.5485	325.277
17.5543	327.351
17.5601	330.581
17.5659	322.285
17.5717	320.984
17.5775	321.355
17.5833	322.285
17.5891	322.471
17.5949	323.217
17.6007	325.089
17.6065	325.841
17.6123	326.03
17.6181	326.595
17.6239	327.162	653.19
17.6297	327.729	656.216
17.6356	327.162	653.945
17.6414	327.351	655.08
17.6472	327.351	654.701
17.653	327.351	655.08
17.6588	327.729	656.595
17.6646	328.677	658.494
17.6704	330.772	658.494
17.6762	331.537	660.78
17.682	331.346	660.017
17.6878	331.346	660.017
17.6936	331.537	660.398
17.6994	331.537	662.309
17.7052	332.496	665.376
17.711	331.729	665.376
17.7168	331.346	664.224
17.7226	330.39	659.636
17.7284	330.581	661.162
17.7342	330.963	661.162
17.74	330.772	660.398
17.7458	332.112	664.224
17.7517	332.88	667.301
17.7575	331.154	660.78
17.7633	330.009	659.636
17.7691	329.247	659.636
17.7749	327.729	655.08
17.7807	326.784	652.813
17.7865	325.841	652.06
17.7923	325.089	652.813
17.7981	323.591	647.93
17.8039	320.614	642.34
17.8097	319.874	640.117
17.8155	322.844	648.304
17.8213	324.902	649.053
17.8271	326.407	652.436
17.8329	328.108	657.354
17.8387	329.818	661.162
17.8445	329.628	658.114
17.8503	327.54	650.179
17.8561	326.218	650.179
17.8619	326.595	650.555
17.8678	324.152	647.93
17.8736	324.714	649.804
17.8794	326.595	652.436
17.8852	328.108	650.93
17.891	325.653	648.304
17.8968	325.841	649.804
17.9026	327.54	654.323
17.9084	326.03	645.315
17.9142	325.089	648.304
17.92	324.714	647.93
17.9258	655.458
17.9316	662.691
17.9374	658.494	333.073
17.9432	651.307	328.677
17.949	628.394	329.437
17.9548	621.535	331.537
17.9606	624.775	333.65
17.9664	637.535	337.332
17.9722	638.271	340.661
17.9781	639.009	338.895
17.9839	636.431	338.503
17.9897	654.323	339.09
17.9955	625.497	332.304
18.0013	657.354	332.112
18.0071	682.898	332.304
18.0129	330.963
18.0187	330.009
18.0245	328.867
18.0303	327.729
18.0361	328.867
18.0419	325.841
18.0477	323.217
18.0535	320.614
18.0593	320.429
18.0651	320.984
18.0709	319.136
18.0767	317.298
18.0825	316.565
18.0883	315.835
18.0941	313.291
18.1	307.198
18.1058	302.619
18.1116	293.495
18.1174	283.007
18.1232	281.214
18.129	278.627
18.1348	273.367
18.1406	267.277
18.1464	261.474	244.67
18.1522	258.919
18.158	257.131
18.1638	257.577
18.1696	257.28
18.1754	255.06
18.1812	255.65	248.803
18.187	248.947
18.1928	249.09
18.1986	247.656
18.2044	247.942
18.2102	248.803
18.2161	249.667
18.2219	250.1
18.2277	250.968
18.2335	251.549
18.2393	251.403
18.2451	252.13
18.2509	253.152
18.2567	253.591
18.2625	255.207
18.2683	255.06
18.2741	255.06
18.2799	254.618
18.2857	254.913
18.2915	255.06
18.2973	256.389
18.3031	257.131
18.3089	257.726
18.3147	258.621
18.3205	258.322
18.3263	257.28
18.3322	256.093
18.338	254.618
18.3438	252.86
18.3496	252.714
18.3554	255.798
18.3612	258.322
18.367	256.982
18.3728	255.355
18.3786	256.686
18.3844	256.538
18.3902	255.946
18.396	256.389
18.4018	252.276
18.4076
18.4134
18.4192
18.425
18.4308
18.4366
18.4424
18.4483
18.4541
18.4599	257.726
18.4657	245.236
18.4715	251.985
18.4773	254.471
18.4831	255.798
18.4889	257.875
18.4947	259.369
18.5005	260.419
18.5063	261.474
18.5121	261.323
18.5179	261.173
18.5237	261.173
18.5295	261.022
18.5353	260.871
18.5411	260.419
18.5469	260.119
18.5527	259.369
18.5585	259.668
18.5644	258.322
18.5702	259.668
18.576	259.818
18.5818	259.818
18.5876	255.06
18.5934	247.942
18.5992	247.656
18.605	247.799
18.6108	248.372
18.6166
18.6224	249.667
18.6282	250.244
18.634	250.389
18.6398	251.113
18.6456	254.618
18.6514	256.093
18.6572	259.518
18.663	259.668
18.6688	260.871
18.6746	261.173
18.6805	261.474
18.6863	261.626
18.6921	261.474
18.6979	261.173
18.7037	261.022
18.7095	261.173
18.7153	260.871
18.7211	261.474
18.7269	261.323
18.7327	261.323
18.7385	261.474
18.7443	261.626
18.7501	261.928
18.7559	262.382
18.7617	262.382
18.7675	262.382
18.7733	261.928
18.7791	261.173
18.7849	260.119
18.7907	259.518
18.7966	258.621
18.8024	257.875
18.8082	257.577
18.814	258.322
18.8198	259.369
18.8256	259.518
18.8314	258.919
18.8372	259.069
18.843	257.875
18.8488	259.518
18.8546	259.219
18.8604	259.969
18.8662	259.219
18.872	258.024
18.8778	258.77
18.8836	260.419
18.8894	259.668
18.8952	258.471
18.901	258.322
18.9068	257.131
18.9127	256.093
18.9185	260.269
18.9243	260.269
18.9301	259.069
18.9359	258.77
18.9417	259.668
18.9475	256.686
18.9533
18.9591	258.322
18.9649	259.969
18.9707	258.024
18.9765	256.982
18.9823	258.471
18.9881	258.77
18.9939	273.683
18.9997	259.668
19.0055	261.626
19.0113	263.598
19.0171	269.915
19.0229	270.852
19.0288	273.367
19.0346	269.136
19.0404	271.165
19.0462	268.67
19.052	266.506
19.0578	261.928	525.978
19.0636	261.173	522.949
19.0694	259.518	523.251
19.0752	258.621	520.839
19.081	259.219	521.742
19.0868	260.119	519.937
19.0926	260.269	519.337
19.0984	260.119	516.942
19.1042	260.119	519.037
19.11	258.919	519.037
19.1158	258.322	518.438
19.1216	258.173	518.737
19.1274	258.173	518.438
19.1332	258.621	519.037
19.139	259.518	518.138
19.1449	259.219	511.595
19.1507	259.969	517.839
19.1565	262.231	516.346
19.1623	262.079	519.037	492.459
19.1681	260.419	518.438	485.679
19.1739	260.57	516.346	488.211
19.1797	259.668	515.452	494.454
19.1855	259.369	514.559	496.457
19.1913	258.173	515.154	498.469
19.1971	258.471	519.337	499.333
19.2029	258.77	519.637	501.357
19.2087	259.369	521.742	490.755
19.2145	259.369	520.839	496.744
19.2203	258.322	518.138	501.067
19.2261	259.668	518.737	505.427
19.2319	259.518	516.346	512.187
19.2377	259.818	518.438	516.942
19.2435	259.518	517.54	517.54
19.2493	259.069	516.346	516.346
19.2551	259.518	517.54	517.839
19.261	259.969	518.737	518.737
19.2668	260.57	519.937	520.237
19.2726	260.419	520.839	521.441
19.2784	260.57	520.839	520.538
19.2842	259.969	522.044	522.044	774.091
19.29	259.818	522.044	776.779
19.2958	260.57	522.949	786.713
19.3016	261.022	523.553	755.974
19.3074	260.119	522.647	766.97
19.3132	260.72	519.337	752.924
19.319	259.818	516.644	744.706
19.3248	257.28	510.12	755.101
19.3306	256.686	508.649	757.723
19.3364	254.766	505.135	748.587
19.3422	252.13	503.097	770.968
19.348	247.942	498.469	754.665
19.3538	246.657	493.028	749.452
19.3596	245.945	496.457	741.701
19.3654	244.953	734.029	491.322
19.3712	244.811	734.877	246.657	491.322
19.3771	245.519	743.416	247.942	493.028
19.3829	244.105	743.416	249.811	496.457
19.3887	243.542	726.437	262.837	517.839
19.3945	246.087	733.181	245.094	495.598
19.4003	252.13	746.859	250.244	510.415
19.4061	256.538	746.428	251.258	519.037
19.4119	250.389	745.136	250.533	501.357
19.4177	249.09	745.997	249.523	498.181
19.4235	247.942	745.136	249.667	495.884
19.4293	247.942	742.987	249.09	497.319
19.4351	248.803	745.997	248.516	498.757
19.4409	249.378	745.566	249.09	499.045
19.4467	249.811	748.155	249.811	499.911
19.4525	248.803	748.155	249.234	497.606
19.4583	247.799	750.319	248.659	496.457
19.4641	749.02	248.229	493.313
19.4699	749.02	247.799	490.189	1235.91
19.4757	739.989	246.799	488.211	1228.79
19.4815	738.281	245.945	489.623	1225.96
19.4873	736.577	245.519	487.365	1224.54
19.4932	733.181	245.378	489.905	1222.42
19.499	735.302	245.803	491.039	1222.42
19.5048	737.003	246.372	491.039	1226.67
19.5106	736.577	246.229	493.313	1232.35
19.5164	738.708	246.372	492.743	1235.2
19.5222	740.416	246.657	495.884	1241.64
19.528	741.701	247.799	495.884	1255.34
19.5338	747.291	248.229	497.893	1259.7
19.5396	737.429	246.229	495.026	1255.34
19.5454	728.538	245.661	493.883	1230.92
19.5512	732.758	245.661	497.606	1211.18
19.557	737.855	247.084	499.045	1207.68
19.5628	734.029	245.945	488.775	1221.01
19.5686	735.302	246.087	491.322	1205.59
19.5744	743.846	246.372	493.598	1235.2
19.5802	743.416	247.513	495.312	1239.49
19.586	744.276	248.229	494.169	1245.23
19.5918	749.885	249.667	493.313
19.5976	749.452	249.811	496.457
19.6034	752.489	249.09	494.169
19.6093	755.101	250.678	492.175
19.6151	766.527	252.568
19.6209	774.986	255.502
19.6267	782.182	257.577
19.6325
19.6383	249.811
19.6441	244.529
19.6499	244.105
19.6557	245.945
19.6615	247.942	498.181
19.6673	249.234	500.488
19.6731	252.714	508.062
19.6789	249.811	502.516
19.6847	248.947	503.097
19.6905	249.378	503.097
19.6963	250.533	502.516
19.7021	251.549	502.516
19.7079	252.568	503.388
19.7137	252.276	503.97
19.7195	251.549	503.679
19.7254	250.968	503.679
19.7312	250.968	503.679
19.737	250.244	503.097
19.7428	250.389	501.646
19.7486	250.678	500.199
19.7544	250.244	499.911
19.7602	248.372	497.606
19.766	247.799	496.171
19.7718	247.227	493.028
19.7776	245.236	490.189
19.7834	481.489	241.86
19.7892	473.764	239.22
19.795	463.747	231.472
19.8008	463.211	228.813
19.8066	478.993	224.882
19.8124	481.767	218.354
19.8182	492.175	216.096
19.824	495.026	204.557
19.8298	498.181	198.849
19.8356	495.312	194.981
19.8415	497.319	191.632
19.8473	496.744	187.688
19.8531	486.241	187.688
19.8589	479.269	187.255
19.8647	490.472	554.365	187.58
19.8705	501.067	560.483	188.994
19.8763	496.171	566.995	189.103
19.8821	497.031	566.014	188.884
19.8879	483.719	567.979	188.666
19.8937	484.838	566.995	189.321
19.8995	484.278	566.341	189.759
19.9053	482.882	565.687	188.775
19.9111	487.929	566.341	188.231
19.9169	490.472	563.079	188.666
19.9227	488.211	561.455	189.212
19.9285	496.744	563.73	189.65
19.9343	497.893	561.131	189.979
19.9401	483.999	573.252	189.431	248.659
19.9459	511.3	573.915	190.088	251.549
19.9517	509.531	569.951	190.638	249.667
19.9576	514.856	556.29	191.853	250.1
19.9634	508.943	547.049	192.631	250.678
19.9692	522.647	193.076	251.694
19.975	524.765	191.964	250.1
19.9808	533.629	193.858	247.942
19.9866	536.41	195.885	245.945
19.9924	532.397	196.224	248.085
19.9982	533.629	198.619	248.803
20.004	533.629	199.424	247.942
20.0098	529.331	199.078	247.799
20.0156	536.101	201.974	248.659
20.0214	535.791	202.91	248.085
20.0272	527.195	204.085	246.657
20.033	535.791	203.849	248.659
20.0388	534.554	204.321	249.811
20.0446	545.156	200.463	244.529
20.0504	555.648	201.043	241.999
20.0562	563.73	194.756	247.227
20.062	553.406	188.666	247.513
20.0678	247.513
20.0737	245.803	177.769
20.0795	248.085	165.769
20.0853	246.657	174.413
20.0911	247.084	175.524
20.0969	252.86	175.018
20.1027	253.152	174.917
20.1085	246.229	175.22
20.1143	239.773	175.322
20.1201	232.947	175.423
20.1259	238.668	175.119
20.1317	237.156	174.413
20.1375	172.908
20.1433	171.614
20.1491	171.317
20.1549	170.823
20.1607	170.725
20.1665	172.31
20.1723	172.609
20.1781	173.308
20.1839	173.709
20.1898	175.119
20.1956	181.819
20.2014	183.189
20.2072	175.22
20.213	174.816
20.2188	173.408
20.2246	172.011
20.2304	172.011
20.2362
20.242
20.2478
20.2536
20.2594
20.2652
20.271
20.2768
20.2826
20.2884
20.2942
20.3
20.3058
20.3117
20.3175
20.3233
20.3291
20.3349
20.3407
20.3465
20.3523
20.3581
20.3639
20.3697
20.3755
20.3813
20.3871
20.3929
20.3987
20.4045
20.4103
20.4161
20.4219	543.898
20.4278	533.321
20.4336	532.705
20.4394	534.863
20.4452	526.282
20.451	533.629
20.4568	529.943
20.4626	529.025
20.4684	537.341
20.4742	539.518
20.48	542.643
20.4858	529.637
20.4916	541.704
20.4974	528.414	211.648
20.5032	536.72	215.722
20.509	532.705	217.599
20.5148	538.895	218.859
20.5206	551.809	218.48
20.5264	550.854	219.492
20.5322	548.631	220.254
20.538	556.29	220.891
20.5439	545.786	222.171
20.5497	549.583	223.458
20.5555	555.327	224.623
20.5613	557.577	223.975
20.5671	553.725	222.171
20.5729	546.102	221.147
20.5787	547.049	219.873
20.5845	558.221	218.48
20.5903	538.273	216.971
20.5961	215.971
20.6019	216.345
20.6077	215.348
20.6135	213.861
20.6193	212.016
20.6251	212.016
20.6309	213.244
20.6367	213.737
20.6425	211.771
20.6483	212.138
20.6542	216.221
20.66	218.733
20.6658	220.636
20.6716	221.658
20.6774	222.685
20.6832	224.104
20.689	225.142
20.6948	225.142
20.7006	228.285
20.7064	231.873
20.7122	231.873
20.718	232.813
20.7238	232.007
20.7296	229.475
20.7354	227.89
20.7412	226.839
20.747	228.285
20.7528	227.495
20.7586	226.97
20.7644	226.185
20.7702	225.272
20.7761	226.839
20.7819	227.364
20.7877	225.142
20.7935	223.975
20.7993	223.587
20.8051	223.716
20.8109	223.071
20.8167	222.043
20.8225	219.619
20.8283	220
20.8341	216.721
20.8399	216.221
20.8457	219.366
20.8515	220.382
20.8573	222.171
20.8631	222.556
20.8689	223.846
20.8747	222.428
20.8805	223.071
20.8863	224.493
20.8922	220.509
20.898	216.345
20.9038	217.724
20.9096	222.685
20.9154	223.458
20.9212	223.587
20.927	229.74	289.455
20.9328	234.974	290.292
20.9386	231.071	290.627
20.9444	232.813	286.295
20.9502	235.926	285.965
20.956	227.233	298.281
20.9618	304.196
20.9676	307.021
20.9734	312.568
20.9792	314.56
20.985	318.767
20.9908	326.03	695.236
20.9966	328.297	663.074
21.0024	330.009	660.398
21.0083	331.346	661.162
21.0141	331.729	661.926
21.0199	332.496	662.691
21.0257	333.265	664.608
21.0315	332.88	664.608
21.0373	333.073	667.686
21.0431	333.843	669.617
21.0489	334.036	668.072
21.0547	334.615	669.617
21.0605	331.92	666.915
21.0663	331.346	663.841
21.0721	330.199	660.398
21.0779	329.437	658.494
21.0837	328.677	656.974
21.0895	327.351	654.701
21.0953	326.784	653.568
21.1011	325.841	649.804
21.1069	325.089	650.555
21.1127	323.404	648.304
21.1185	322.844	646.434
21.1244	323.404	648.678
21.1302	324.527	649.804
21.136	323.778	648.304
21.1418	324.339	649.428
21.1476	325.465	651.683
21.1534	323.591	652.813
21.1592	325.465	652.436
21.165	327.918	653.568
21.1708	328.867	655.458
21.1766	325.465	652.813
21.1824	325.841	656.216
21.1882	327.54	664.608
21.194	328.487	669.231
21.1998	329.437	672.33
21.2056	324.902	675.054
21.2114	332.496	666.915
21.2172	654.323
21.223
21.2288	330.39
21.2346	330.199
21.2405	326.407
21.2463	328.108
21.2521	336.748
21.2579	345.616
21.2637	343.031
21.2695	339.875
21.2753	339.09
21.2811	338.503
21.2869	335.777
21.2927	334.229
21.2985	332.88
21.3043	332.688
21.3101	330.39
21.3159	330.199
21.3217	328.677
21.3275	326.218
21.3333	324.152
21.3391	308.265
21.3449	306.135	305.429
21.3507	309.514	301.05
21.3566	315.47	296.22
21.3624	326.407	286.295
21.3682	331.346	283.989
21.374	329.628	283.007
21.3798	329.057	278.145
21.3856	327.351	274.633
21.3914	329.437	286.957
21.3972	330.772	280.403
21.403	289.287
21.4088	289.287
21.4146	296.391
21.4204	291.468
21.4262	294.174
21.432	298.971	702.503
21.4378	303.144	702.908
21.4436	309.872	668.072
21.4494	313.472	666.53	333.265
21.4552	327.729	682.504	340.464
21.461	327.54	683.687	341.844
21.4668	328.108	668.072	330.772
21.4727	328.677	664.224	329.628
21.4785	328.297	668.844	330.39
21.4843	329.057	661.926	329.437
21.4901	329.057	659.255	329.437
21.4959	327.729	655.837	327.729
21.5017	326.218	651.683	326.218
21.5075	326.218	651.307	325.841
21.5133	325.089	649.428	325.089
21.5191	323.778	645.315	323.965
21.5249	323.591	647.181	324.339
21.5307	324.339	649.053	324.714
21.5365	649.428	324.902
21.5423	651.683	326.03
21.5481	652.436	326.784
21.5539	653.945	327.162
21.5597	657.734	328.867
21.5655	661.544	330.009
21.5713	658.494	329.628
21.5771	657.354	329.247
21.5829	658.494	329.437
21.5888	658.114	329.628
21.5946	656.595	328.297
21.6004	655.837	327.918
21.6062	658.494	329.628
21.612	654.323	327.54
21.6178	653.945	326.595
21.6236	655.837	326.595
21.6294	653.568	325.841
21.6352	655.08	326.03
21.641	654.701	326.973
21.6468	652.06	326.973
21.6526	648.304	324.714
21.6584	651.307	325.841
21.6642	651.683	325.277
21.67	647.555	324.339
21.6758	637.166	324.902
21.6816	646.808	323.778
21.6874	646.808	323.03
21.6932	641.598	325.841
21.699	653.945	325.465
21.7049	652.813	327.918
21.7107	325.277
21.7165	328.487
21.7223
21.7281
21.7339
21.7397
21.7455
21.7513	332.88
21.7571	331.729
21.7629	330.581
21.7687	329.057
21.7745	326.218
21.7803	323.404
21.7861	321.727
21.7919	320.799
21.7977	325.277
21.8035	328.108
21.8093	328.867
21.8151	328.677
21.821	326.784
21.8268	323.591
21.8326	329.057
21.8384	329.057
21.8442	325.465
21.85	324.714
21.8558	323.03
21.8616	325.277
21.8674	328.297
21.8732	328.677
21.879	330.199
21.8848	327.918
21.8906	319.136
21.8964	327.729
21.9022	327.729
21.908	330.39
21.9138	333.073	278.949
21.9196	327.162	276.383
21.9254	330.199	277.503
21.9312	327.729	277.503
21.9371	330.199	277.023
21.9429	331.729	277.343
21.9487	332.496	275.745
21.9545	333.265	271.949
21.9603	327.351	270.071
21.9661	330.772	260.269
21.9719	325.089	256.686
21.9777	326.03	254.324
21.9835	330.581	254.913
21.9893	328.297	257.428
21.9951	324.152	265.125
22.0009	328.677	270.071
22.0067	331.729	268.981
22.0125	329.628	268.67
22.0183	326.03	257.131
22.0241	322.658	258.621
22.0299	326.595	255.06
22.0357	328.487	260.419
22.0415	326.595	257.577
22.0473	326.973	254.913
22.0532	325.653	245.094
22.059	326.784	247.799	233.891
22.0648	328.487	259.668	250.389
22.0706	326.595	255.06	254.031
22.0764	327.54	257.131	254.913
22.0822	328.108	258.621	258.024
22.088	327.729	260.57	259.969
22.0938	329.818	261.777	262.079
22.0996	326.03	262.989	262.837
22.1054	331.729	262.686	262.534
22.1112	334.615	261.777	260.269
22.117	324.152	258.173	256.834
22.1228	329.818	253.591	253.738
22.1286	331.729	252.86	252.568
22.1344	333.458	253.591	252.276
22.1402	336.165	253.445	252.276
22.146	335.777	253.298	252.568
22.1518	341.646	252.13
22.1576	340.858	249.955
22.1634	335.196	252.13
22.1693	325.465	245.378
22.1751	324.902	256.686
22.1809	331.537	255.65
22.1867	329.818	248.372
22.1925	332.496	246.087
22.1983	330.39	250.244
22.2041	335.002	254.324
22.2099	334.036	244.67
22.2157	330.581	238.255
22.2215	338.895	237.156	270.383
22.2273	337.722	241.86	273.999
22.2331	335.002	242.279	265.278
22.2389	346.016	241.86	266.045
22.2447	354.717	246.372	262.534
22.2505	346.415	254.913	264.207
22.2563	353.49	254.913	261.323
22.2621	351.048	253.152	262.231
22.2679	249.667	261.173
22.2737	249.667	261.474
22.2795	249.667	262.534
22.2854	249.378	261.777
22.2912	253.884	258.024
22.297	255.207	255.798
22.3028	255.65	256.093
22.3086	258.919	259.069
22.3144	260.871	261.928
22.3202	261.777	261.474
22.326	256.538	256.241
22.3318	251.258	249.234
22.3376	246.372	246.799
22.3434	247.656
22.3492	248.229
22.355	248.659
22.3608	246.799
22.3666	252.13
22.3724	246.799
22.3782	245.236
22.384	245.661
22.3898	249.811
22.3956	250.389
22.4015	249.811
22.4073	258.621
22.4131	256.686
22.4189	257.726
22.4247	260.269
22.4305	257.875
22.4363
22.4421
22.4479
22.4537
22.4595
22.4653
22.4711
22.4769
22.4827
22.4885
22.4943
22.5001
22.5059
22.5117	487.365
22.5176	523.553
22.5234	524.765
22.5292	523.251
22.535	518.737
22.5408	523.856
22.5466	527.805
22.5524	525.068
22.5582	525.675
22.564	519.037
22.5698	515.749
22.5756	510.415
22.5814	513.075
22.5872	530.249
22.593	522.345
22.5988	519.037
22.6046	524.461
22.6104	523.856
22.6162	515.154
22.622	526.586
22.6278	530.249
22.6336	525.978
22.6395	531.476
22.6453	528.109
22.6511	528.109
22.6569	524.765	266.969
22.6627	528.414	264.055
22.6685	528.72	278.627
22.6743	524.461	272.421	272.421
22.6801	536.101	270.852	270.852
22.6859	518.438	269.603	269.603
22.6917	507.182	274.791	260.419
22.6975	516.942	283.007	257.428
22.7033	497.606	284.153	258.621
22.7091	497.606	286.461	257.726
22.7149	295.366	257.131
22.7207	295.366	256.834
22.7265	310.051	256.834
22.7323	321.17	256.834
22.7381	320.984	256.241
22.7439	324.714	256.389
22.7498	322.099	257.131
22.7556	256.686
22.7614	256.686
22.7672	256.389	331.346
22.773	253.738	329.247
22.7788	252.422	328.108
22.7846	247.37	326.973
22.7904	249.955	325.089
22.7962	244.953	324.152
22.802	240.745	325.089
22.8078	239.082	325.277
22.8136	242.419	328.108
22.8194	244.387	321.17	254.031
22.8252	242.139	313.653	252.422
22.831	239.912	314.016	239.496
22.8368	247.799	325.841	251.403
22.8426	254.913	331.92	257.428
22.8484	254.913	341.646	257.875
22.8542	254.913	343.824	256.538
22.86	255.502	328.677	256.538
22.8659	255.65	323.217	256.982
22.8717	255.65	329.247	257.428
22.8775	257.428	322.471	257.131
22.8833	256.982	256.834
22.8891	255.946	256.241
22.8949	255.207	255.207
22.9007	253.591	253.738
22.9065	252.568	253.445
22.9123	251.839
22.9181	252.13
22.9239	253.445
22.9297	252.276
22.9355	250.389
22.9413	249.523
22.9471	249.09	483.161
22.9529	249.811	482.603
22.9587	249.811	481.767
22.9645	248.947	483.44
22.9703	249.523	480.378
22.9761	250.1	482.603
22.9819	248.516	493.598
22.9878	246.942	487.084
22.9936	245.094	489.34
22.9994	245.236	489.623
23.0052	244.387	488.775
23.011	244.529	489.623
23.0168	242.98	485.679
23.0226	241.86	483.161
23.0284	241.441	482.324
23.0342	242.98	485.399
23.04	243.401	486.241
23.0458	243.964	489.34
23.0516	244.529	490.189
23.0574	244.953	489.057
23.0632	244.529	489.057
23.069	243.542	485.399
23.0748	242.279	486.241
23.0806	241.86	487.647
23.0864	241.302	485.118
23.0922	241.72	484.278
23.098	242.98	486.241
23.1039	243.542	485.679
23.1097	243.542	486.803
23.1155	243.964	485.118
23.1213	245.519	487.929
23.1271	245.945	490.755
23.1329	245.945	491.606
23.1387	245.378	492.459
23.1445	244.246	491.89
23.1503	242.419	487.929
23.1561	242.699	487.647
23.1619	242.559	487.647
23.1677	242.559	485.399
23.1735	241.58	488.211
23.1793	241.162	483.161
23.1851	242.699	490.472
23.1909	243.683	488.211
23.1967	242.98	491.039
23.2025	245.378	502.516
23.2083	248.229	504.261
23.2141	249.955	503.388
23.22	248.229	500.778
23.2258	246.514	501.067
23.2316	249.667	500.778
23.2374	250.244	500.778
23.2432	245.378	500.488
23.249	246.372	496.457
23.2548	244.246	495.884
23.2606	245.519	496.171
23.2664	248.516	497.893
23.2722	246.799	497.893
23.278	248.516	497.606
23.2838	250.244	498.757
23.2896	250.1	498.181
23.2954	243.964	495.312
23.3012	244.246	495.312
23.307	239.635	497.893
23.3128	245.519	493.598
23.3186	247.084	491.89
23.3244	244.953	488.493
23.3302	240.884	482.603
23.3361	240.884	483.161
23.3419	237.705	484.838	191.742
23.3477	240.606	482.324	193.635
23.3535	241.58	483.999	192.075
23.3593	244.67	488.211	188.884
23.3651	244.246	488.211	188.231
23.3709	244.246	491.322	187.363
23.3767	245.236	493.028	186.931
23.3825	243.12	492.743	189.212
23.3883	241.999	478.993	189.54
23.3941	247.37	489.905	190.198
23.3999	246.087	487.647	190.418
23.4057	245.945	486.241	190.969
23.4115	245.803	493.313	192.742
23.4173	245.378	495.884	193.411
23.4231	245.378	492.743	194.083
23.4289	483.44	195.658
23.4347	493.883	196.906
23.4405	497.031	200.232
23.4463	487.929	201.741
23.4522	477.06	203.732	760.353
23.458	475.684	203.732	763.875
23.4638	488.775	202.091	762.553
23.4696	485.679	201.741	764.317
23.4754	497.319	200.232	775.434
23.4812	480.378	194.531	785.351
23.487	199.77	782.634
23.4928	202.208	776.33
23.4986	202.91	754.229
23.5044	200.927	764.317
23.5102	202.091	773.644
23.516	196.111	778.126
23.5218	203.967	771.413
23.5276	196.678	773.644
23.5334	193.411	771.859
23.5392	191.742	768.3	395.635
23.545	190.638	764.758	381.276
23.5508	187.147	750.752	388.614
23.5566	191.19	737.855	386.822
23.5624	195.207	739.134	382.821
23.5683	194.981	746.428	384.15
23.5741	191.521	734.453	380.836
23.5799	191.632	726.017	383.928
23.5857	190.198	751.62	384.15
23.5915	189.431	764.758	378.205
23.5973	193.97	774.538	386.375
23.6031	194.307	779.475	390.639
23.6089	194.419	771.859	392.449
23.6147	192.742	777.228	386.152	279.433
23.6205	197.247	737.855	391.995	269.603
23.6263	199.77	738.708	390.865	273.051
23.6321	198.275	389.738	278.466
23.6379	198.849	378.643	264.055
23.6437	203.261	375.81	274.316
23.6495	197.703	374.294	270.539
23.6553	201.974	365.745	271.635
23.6611	203.849	351.048	271.478
23.6669	213.244	353.899	269.759
23.6727	217.097	342.041	269.136
23.6785	215.472	342.437	268.36
23.6844	336.554	267.123
23.6902	342.634	266.045
23.696	264.207
23.7018	261.022
23.7076	258.322
23.7134	257.726
23.7192	255.502
23.725	254.766
23.7308	253.591
23.7366	252.422
23.7424	251.839
23.7482	251.113
23.754	250.533
23.7598	250.678
23.7656	251.258
23.7714	256.538
23.7772	259.969
23.783	254.471
23.7888	254.031
23.7946	250.968
23.8005	254.178
23.8063	253.591
23.8121	252.422
23.8179	251.839
23.8237	254.324
23.8295	254.913
23.8353
23.8411
23.8469
23.8527
23.8585
23.8643
23.8701
23.8759
23.8817
23.8875
23.8933
23.8991
23.9049
23.9107
23.9166
23.9224
23.9282
23.934
23.9398
23.9456	275.268
23.9514	275.586
23.9572	271.165
23.963	268.67
23.9688	268.67
23.9746	267.586
23.9804	266.199
23.9862	265.584
23.992	264.818
23.9978	264.055
24.0036	263.598
24.0094	262.534
24.0152	261.474
24.021	259.818
24.0268	258.621
24.0327	257.428
24.0385	256.241
24.0443	255.06
24.0501	254.031
24.0559	253.006
24.0617	252.86
24.0675	253.591
24.0733	255.06
24.0791	257.428
24.0849	261.173
24.0907	258.77
24.0965	258.322
24.1023	254.324
24.1081	250.389
24.1139	261.626
24.1197	258.621
24.1255	256.982
24.1313
24.1371
24.1429
24.1488
24.1546
24.1604
24.1662
24.172
24.1778
24.1836
24.1894
24.1952
24.201
24.2068
24.2126
24.2184
24.2242
24.23
24.2358
24.2416
24.2474	286.461
24.2532	287.787
24.259	274.316
24.2649	285.305
24.2707	280.565
24.2765	280.89
24.2823	281.702
24.2881	277.663
24.2939	276.224
24.2997	272.578
24.3055	271.478
24.3113	270.539
24.3171	269.447
24.3229	270.539
24.3287	269.603
24.3345	270.071
24.3403	269.603
24.3461	270.695
24.3519	271.478
24.3577	269.603
24.3635	267.895
24.3693	264.818
24.3751	261.928
24.381	258.173
24.3868	255.65
24.3926	246.514
24.3984	240.328
24.4042	239.082
24.41	238.668
24.4158	243.542
24.4216	247.799
24.4274	254.913
24.4332	260.72	572.26
24.439	274.157	580.919
24.4448	268.67	582.936
24.4506	260.269	588.688
24.4564	260.269	596.217
24.4622	260.419	602.1
24.468	270.539	592.44
24.4738	258.173	582.936
24.4796	258.919	564.707
24.4854	259.069	569.951
24.4912	256.241	585.636
24.4971	256.982	585.636
24.5029	258.322	576.24
24.5087	264.36	589.028
24.5145	257.577	588.348
24.5203	256.686	592.44
24.5261	266.045	589.709
24.5319	276.703	579.578
24.5377	569.293
24.5435	557.577
24.5493
24.5551
24.5609
24.5667
24.5725
24.5783
24.5841
24.5899
24.5957
24.6015
24.6073
24.6132
24.619
24.6248
24.6306
24.6364
24.6422
24.648
24.6538
24.6596
24.6654
24.6712
24.677
24.6828
24.6886
24.6944
24.7002
24.706
24.7118
24.7176
24.7234	379.738
24.7293	384.372
24.7351	396.092	194.869
24.7409	403.482	200.695
24.7467	408.406	203.379
24.7525	411.246	205.861
24.7583	417.952	205.623
24.7641	426.241	210.065
24.7699	422.32	211.526
24.7757	423.297	212.506
24.7815	431.942	215.224
24.7873	434.193	216.721
24.7931	437.971	218.733
24.7989	440.509	219.873
24.8047	440.763	220.764
24.8105	441.018	221.147
24.8163	440.509	220.636
24.8221	438.985	219.492
24.8279	436.456	217.473
24.8337	433.692	216.846
24.8395	431.194	215.224
24.8454	427.227	213.244
24.8512	420.859	210.429
24.857	417.469	209.701
24.8628	415.785	208.373
24.8686	408.406	207.892
24.8744	419.888	212.383
24.8802	434.946	217.473
24.886	439.746	220
24.8918	444.599	223.716
24.8976	443.316	224.363
24.9034	452.109	225.533
24.9092	450.284	227.364
24.915	455.517	227.627
24.9208	454.728	227.233
24.9266	452.893	228.813
24.9324	458.42	229.342
24.9382	454.728	233.486
24.944	236.745
24.9498	234.839
24.9556	229.873
24.9615
24.9673
24.9731
24.9789
24.9847
24.9905
24.9963
25.0021
25.0079
25.0137
25.0195
25.0253
25.0311
25.0369
25.0427
25.0485
25.0543
25.0601
25.0659
25.0717	458.42
25.0776	443.573
25.0834	450.805	226.185
25.0892	442.805	225.012
25.095	446.142	224.363
25.1008	437.719	218.733
25.1066	434.695	215.597
25.1124	435.952	211.526
25.1182	428.71	211.648
25.124	427.721	211.648
25.1298	427.721	212.383
25.1356	424.767	212.629
25.1414	426.241	213.121
25.1472	428.215	213.984
25.153	431.942	216.345
25.1588	435.197	217.724
25.1646	436.961	218.48
25.1704	434.695	217.85
25.1762	428.463	216.47
25.182	427.474	213.861
25.1878	427.474	217.097
25.1937	424.276	210.673
25.1995	428.958	215.846
25.2053	448.467	224.234
25.2111	451.587	227.495
25.2169	453.416	225.012
25.2227	451.587	227.101
25.2285	454.203	224.493
25.2343	461.076	220.127
25.2401	478.716	219.112
25.2459	486.521	218.354
25.2517	495.312	218.228
25.2575	506.304	220.254
25.2633	511.3	225.793
25.2691	508.943	218.986
25.2749	515.749
25.2807	509.237
25.2865	510.71
25.2923	514.262
25.2981	517.839
25.3039	542.016
25.3097	557.899
25.3156	560.807
25.3214	556.29
25.3272	553.406
25.333	561.455
25.3388	540.453
25.3446	526.282
25.3504	524.765
25.3562	526.891
25.362	533.629
25.3678	540.141
25.3736	537.341
25.3794	530.249
25.3852	508.355
25.391	492.459
25.3968	486.521
25.4026	478.163
25.4084	491.039
25.4142	488.493
25.42	506.889
25.4258	500.488
25.4317	511.891
25.4375	526.891
25.4433	530.555
25.4491	540.141	220.764	517.54
25.4549	536.101	222.685	500.199
25.4607	535.172	229.342	487.365
25.4665	551.172	237.43	470.22
25.4723	565.687	238.944	477.06
25.4781	559.836	242.559	486.803
25.4839	582.599	242.84	492.459
25.4897	582.599	244.105	493.313
25.4955	246.657	500.199
25.5013	246.514	503.679
25.5071	250.533	499.333
25.5129	250.1	499.045
25.5187	250.389	499.622
25.5245	250.678	499.333
25.5303	250.389	497.606
25.5361	247.513	494.169
25.542	247.37	490.189
25.5478	244.105	483.999
25.5536	238.392	478.993
25.5594	240.745	479.823
25.5652	242.279	490.755
25.571	244.811	489.34
25.5768	246.799	495.884
25.5826	249.811	499.622
25.5884	252.276	503.097
25.5942	252.422	508.649
25.6	251.258	520.839
25.6058	253.298
25.6116	254.031	226.97
25.6174	243.261
25.6232	245.661
25.629	249.955
25.6348	252.13
25.6406	252.13
25.6464	257.428	515.452
25.6522	258.77	518.138
25.658	261.323	521.14
25.6639	261.928	524.159
25.6697	262.231	523.553
25.6755	259.818	522.647
25.6813	257.28	522.044
25.6871	255.946	513.075
25.6929	256.241	512.779
25.6987	256.389	513.075
25.7045	256.538	511.3
25.7103	256.389	508.943
25.7161	256.093	510.71
25.7219	255.798	512.483
25.7277	255.946	512.483
25.7335	255.65	511.891
25.7393	256.389	511.595
25.7451	256.241	509.826
25.7509	255.502	506.304
25.7567	254.178	503.97
25.7625	252.714	503.679
25.7683	253.591	504.552
25.7741	253.884	504.552
25.78	255.207	509.531
25.7858	256.686	512.187
25.7916	257.726	517.241
25.7974	258.77	518.138
25.8032	260.72	520.839
25.809	263.293	524.461
25.8148	266.199	528.414
25.8206	266.66	521.441
25.8264	263.75	526.282
25.8322	262.079	522.044
25.838	262.686	524.461
25.8438	263.75	524.461
25.8496	263.141	530.249
25.8554	264.513	531.476
25.8612	261.323	520.839
25.867	256.389	503.97
25.8728	254.031	501.357
25.8786	253.298	501.067
25.8844	252.276	499.911
25.8902	254.618	511.3
25.8961	254.178	508.062
25.9019	255.65	512.779
25.9077	251.113	534.554
25.9135	499.333
25.9193	255.502	516.047
25.9251	253.591	515.749
25.9309	255.946	512.187
25.9367	255.06	509.237
25.9425	252.13	504.261
25.9483	250.389	502.226
25.9541	250.678	505.427
25.9599	254.178	506.596
25.9657	256.093	501.646
25.9715	258.024	515.452
25.9773	260.269	520.237
25.9831	262.079	525.675
25.9889	262.837	525.978
25.9947	262.382	524.461
26.0005	262.686	525.978
26.0063	262.686	525.068
26.0122	263.141	526.891
26.018	262.534	522.949
26.0238	262.534	523.553
26.0296	263.445	525.068
26.0354	263.902	527.805
26.0412	264.207	529.943
26.047	262.989	525.675
26.0528	261.022	520.538
26.0586	259.069	520.538
26.0644	257.875	516.942
26.0702	257.28	512.779
26.076	256.982	510.12
26.0818	260.119	511.891
26.0876	266.353	507.182
26.0934	264.971	494.169
26.0992	261.928	499.045
26.105	264.971	492.175
26.1108	261.474	516.942
26.1166	258.77	518.737
26.1224
26.1283
26.1341
26.1399
26.1457
26.1515
26.1573
26.1631
26.1689	261.928
26.1747	274.474
26.1805	274.791
26.1863	279.756
26.1921	279.272
26.1979	279.918
26.2037	277.023
26.2095	276.383
26.2153	275.745
26.2211	273.841
26.2269	273.525
26.2327	271.949
26.2385	271.165
26.2444	270.852
26.2502	270.539
26.256	270.539
26.2618	269.136
26.2676	268.05
26.2734	268.36
26.2792	268.36
26.285	267.895
26.2908	268.981
26.2966	268.205
26.3024	266.969
26.3082	265.738
26.314	272.421
26.3198	270.383
26.3256	259.668
26.3314
26.3372
26.343
26.3488
26.3546
26.3605
26.3663
26.3721
26.3779
26.3837
26.3895
26.3953	299.316
26.4011	280.08
26.4069	284.318
26.4127	273.999
26.4185	274.633	547.365
26.4243	272.893	543.584
26.4301	270.071	542.016
26.4359	269.603	540.141
26.4417	268.05	541.078
26.4475	266.814	537.341
26.4533	269.292	538.584
26.4591	270.227	539.829
26.4649	269.603	539.518
26.4707	268.36	537.341
26.4766	268.515	537.341
26.4824	267.277	535.482
26.4882	267.123	534.554
26.494	265.431	529.331
26.4998	262.534	524.765
26.5056	256.982	514.856
26.5114	252.276	506.011
26.5172	249.378	500.488
26.523	249.523	484.278
26.5288	240.189	477.887
26.5346	236.472	472.671
26.5404	235.518	459.746
26.5462	245.803	460.277
26.552	259.518	462.944
26.5578	265.584	452.893
26.5636	256.538	429.95
26.5694	248.947	415.305
26.5752	403.249
26.581
26.5868
26.5927
26.5985	239.22
26.6043	248.803
26.6101	243.12
26.6159	234.839
26.6217	232.41
26.6275	232.813
26.6333	231.071
26.6391	230.405
26.6449	231.472
26.6507	234.026
26.6565	236.745
26.6623	238.806
26.6681	241.441
26.6739	243.401
26.6797	242.139
26.6855	243.823
26.6913	242.98
26.6971	243.683
26.7029	244.529
26.7088	243.964
26.7146	243.542
26.7204	244.529
26.7262	244.953
26.732	245.803
26.7378	245.236
26.7436	244.67
26.7494	245.661	493.883
26.7552	245.945	493.028
26.761	245.378	490.472
26.7668	245.094	491.039
26.7726	244.529	489.905
26.7784	244.387	488.211
26.7842	242.98	489.623
26.79	243.683	485.679
26.7958	243.964	491.606
26.8016	244.67	490.755
26.8074	245.378	492.175
26.8132	246.942	493.883
26.819	247.799	494.169
26.8249	249.234	499.622
26.8307	251.258	502.226
26.8365	253.006	507.768
26.8423	254.913	508.062
26.8481	254.618	507.768
26.8539	255.502	513.075
26.8597	254.178	511.005
26.8655	251.113	503.679
26.8713	248.229	498.469
26.8771	247.227	495.312
26.8829	246.087	494.454
26.8887	245.661	489.905
26.8945	242.279	484.558
26.9003	243.261	487.929
26.9061	237.842	484.278
26.9119	234.432	478.993
26.9177	232.947	458.95
26.9235	238.668	457.098
26.9293	244.105	455.517	511.3
26.9351	245.945	480.933	507.475
26.941	247.084	463.211	494.454
26.9468	248.516	458.685	497.893
26.9526	250.823	472.398	500.199
26.9584	244.811	477.06	498.757
26.9642	241.999	480.933	497.606
26.97	240.467	479.823	499.333
26.9758	239.082	473.218	498.469
26.9816	247.513	468.323	498.757
26.9874	248.659	468.323	498.469
26.9932	249.667	477.887	497.319
26.999	253.591	467.782	498.181
27.0048	252.422	462.676	496.171
27.0106	255.946	461.875	501.357
27.0164	256.093	460.809	498.181
27.0222	253.738	473.491	498.469
27.028	252.422	474.038	499.333
27.0338	250.389	474.038	498.469
27.0396	249.234	461.875	498.181
27.0454	248.229	458.42	496.457
27.0512	248.229	448.986	495.312
27.0571	247.37	448.209	495.026
27.0629	246.942	438.478	495.598
27.0687	246.087	432.441	494.454
27.0745	246.514	450.284	493.598
27.0803	246.657	445.37	494.169
27.0861	247.227	495.884
27.0919	246.514	493.028
27.0977	245.661	491.039
27.1035	246.514	493.598
27.1093	246.657	491.89
27.1151	247.227	493.598
27.1209	249.234	497.319
27.1267	248.372	500.778
27.1325	249.667	499.333
27.1383	248.516	496.457
27.1441	248.516	495.312
27.1499	249.523	497.606
27.1557	245.236	497.031
27.1615	245.803	493.883
27.1673	248.516
27.1732	247.084
27.179	246.372
27.1848	245.519
27.1906	246.514	245.945	490.755
27.1964	245.661	245.236	490.755
27.2022	245.519	244.811	488.211
27.208	245.094	244.387	489.057
27.2138	244.811	245.378	490.189
27.2196	244.105	244.953	490.189
27.2254	244.387	244.67	489.057
27.2312	243.12	242.699	487.365
27.237	243.261	242.419	482.882
27.2428	244.529	245.803	485.399
27.2486	236.609	236.472	471.036
27.2544	235.11	234.839	470.764
27.2602	231.205	231.205	469.406
27.266	227.495	228.549	462.409
27.2718	228.153	456.307
27.2776	223.975	450.284
27.2834	222.428	447.95
27.2893	217.976	432.941	241.999
27.2951	205.742	447.95	242.98
27.3009	200.695	454.728	242.419
27.3067	197.133	457.891	245.378
27.3125	194.531	458.155	247.084
27.3183	190.308	452.631	250.968
27.3241	190.308	446.658	245.945
27.3299	193.97	435.197	248.229
27.3357	185.318	453.678	246.372
27.3415	183.613	466.433	244.105	391.091
27.3473	187.255	467.242	241.302	372.568
27.3531	184.997	474.86	246.372	387.493
27.3589	478.163	249.234	385.929
27.3647	487.365	243.683	384.15
27.3705	485.118	254.618	382.821
27.3763	256.982	382.6	204.675
27.3821	250.823	381.497	191.521
27.3879	381.056	191.079
27.3937	379.299	189.54
27.3995	377.333	188.557
27.4054	374.51	198.046
27.4112	373.43	186.931
27.417	372.138	186.176
27.4228	372.568	186.392
27.4286	373.645	188.34
27.4344	373.861	188.34
27.4402	373.645	188.014
27.446	375.593	187.797
27.4518	380.396	187.255
27.4576	373.861	187.905
27.4634	373.861	186.284
27.4692	376.679	189.212
27.475	379.518	192.075
27.4808	387.046	193.635
27.4866	388.165	194.419
27.4924	401.158	199.078
27.4982	407.699	204.675
27.504	415.545	204.794
27.5098	420.373	208.373
27.5156	428.215	213.121
27.5215	432.191	214.355
27.5273	426.487	217.348
27.5331	435.449	218.986
27.5389	429.206	218.228
27.5447	430.696	216.596
27.5505	426.734	213.984
27.5563	424.276	212.506
27.5621	419.161	206.934
27.5679	413.629	203.496
27.5737	409.587	195.32
27.5795	399.308	192.853
27.5853	382.379	191.521
27.5911	382.6	193.635
27.5969	386.152	195.771
27.6027	396.55	190.088
27.6085	400.695	185.854
27.6143	403.016	180.563
27.6201	404.883
27.6259	401.39
27.6317	400.463
27.6376	387.269
27.6434	366.803
27.6492	360.918
27.655	361.335
27.6608	381.497	197.475
27.6666	366.803	200.927
27.6724	369.354	202.091
27.6782	361.126	202.441
27.684	345.217	198.619
27.6898	325.841	199.309
27.6956	196.906
27.7014	194.869
27.7072	191.742
27.713	186.823
27.7188	183.401
27.7246	179.627
27.7304	177.154
27.7362	176.337
27.742	173.91
27.7478	172.409
27.7537	170.725
27.7595	170.527
27.7653	170.725
27.7711	171.912
27.7769	170.922
27.7827	171.021
27.7885	171.021
27.7943	167.308
27.8001	164.149
27.8059	166.922
27.8117	169.937
27.8175	176.032
27.8233	177.666
27.8291
27.8349
27.8407
27.8465
27.8523
27.8581
27.8639
27.8698
27.8756
27.8814
27.8872
27.893
27.8988
27.9046
27.9104
27.9162
27.922
27.9278
27.9336
27.9394
27.9452
27.951
27.9568
27.9626
27.9684
27.9742
27.98
27.9858
27.9917
27.9975
28.0033
28.0091
28.0149
28.0207
28.0265
28.0323
28.0381
28.0439
28.0497
28.0555
28.0613
28.0671
28.0729
28.0787
28.0845
28.0903
28.0961
28.1019
28.1078
28.1136
28.1194
28.1252
28.131
28.1368
28.1426
28.1484
28.1542
28.16
28.1658
28.1716
28.1774
28.1832
28.189
28.1948
28.2006
28.2064
28.2122	191.964
28.2181	192.297
28.2239	193.858
28.2297	198.504
28.2355	202.558
28.2413	194.981
28.2471	194.083
28.2529	186.392
28.2587	195.207
28.2645	198.161
28.2703	203.732
28.2761	206.456
28.2819	201.392
28.2877	191.964
28.2935	190.859
28.2993	191.632
28.3051	194.195
28.3109	186.284
28.3167
28.3225
28.3283
28.3341
28.34
28.3458
28.3516
28.3574
28.3632
28.369
28.3748
28.3806
28.3864
28.3922
28.398
28.4038
28.4096
28.4154
28.4212
28.427
28.4328
28.4386
28.4444
28.4502
28.4561	247.084
28.4619	243.261
28.4677	239.082
28.4735	234.026
28.4793	228.022
28.4851	227.758
28.4909	229.078
28.4967	229.21
28.5025	230.938
28.5083	230.804
28.5141	231.205
28.5199	231.205
28.5257	230.405
28.5315	230.671
28.5373	231.205
28.5431	231.205
28.5489	231.472
28.5547	230.804
28.5605	229.74
28.5663	228.153
28.5722	226.316
28.578	224.623
28.5838	224.493
28.5896	225.272
28.5954	226.97
28.6012	227.89
28.607	228.022
28.6128	228.813
28.6186	227.89
28.6244	225.924
28.6302	237.156
28.636	220
28.6418	220.127
28.6476	221.402
28.6534
28.6592
28.665
28.6708
28.6766
28.6824
28.6883
28.6941
28.6999
28.7057
28.7115
28.7173
28.7231
28.7289
28.7347
28.7405
28.7463
28.7521
28.7579	360.918
28.7637	352.674
28.7695	366.379
28.7753	374.726	745.997
28.7811	376.244	754.229
28.7869	372.999	752.054
28.7927	370.422	743.846
28.7985	368.076	735.727
28.8044	363.638	734.453
28.8102	360.501	732.758
28.816	361.962	730.223
28.8218	359.669	721.836
28.8276	355.333	714.782
28.8334	351.048	702.097
28.8392	348.624	695.236
28.845	347.618	696.04
28.8508	346.016	692.831
28.8566	344.221	688.045
28.8624	343.427	686.061
28.8682	343.427	685.665
28.874	342.239	684.873
28.8798	341.055	682.504
28.8856	341.449	683.687
28.8914	341.449	682.504
28.8972	341.449	682.898
28.903	341.252	681.716
28.9088	342.437	685.665
28.9146	343.031	684.873
28.9205	343.625	688.045
28.9263	343.824	685.665
28.9321	345.217	690.035
28.9379	348.02	688.841
28.9437	340.464	685.665
28.9495	345.616	682.504
28.9553	344.42	694.835
28.9611	341.252	693.231
28.9669	341.646	698.456
28.9727	348.624	701.286
28.9785	356.772	723.087
28.9843	356.566	725.598
28.9901	341.449	736.152
28.9959	739.989
29.0017	728.538	341.646
29.0075	344.221
29.0133	343.625
29.0191	343.031
29.0249	344.818
29.0307	345.416
29.0366	346.016
29.0424	342.239
29.0482	343.824
29.054	342.832
29.0598	343.427
29.0656	347.217
29.0714	343.625
29.0772	343.229
29.083	343.625
29.0888	341.844
29.0946	342.634
29.1004	346.616
29.1062	343.427
29.112	343.031
29.1178	338.895
29.1236	339.482
29.1294	343.824
29.1352	345.018
29.141	343.031
29.1468	350.441
29.1527	348.422
29.1585	358.839	355.127
29.1643	356.772	356.978
29.1701	354.717	354.103
29.1759	347.417	349.632
29.1817	351.86	345.416
29.1875	337.137	342.437
29.1933	330.772	342.239
29.1991	325.465	339.875
29.2049	335.583	336.165
29.2107	326.595	331.729
29.2165	335.002	325.653
29.2223	339.482	323.03
29.2281	320.614
29.2339	318.032
29.2397	318.032
29.2455	316.748
29.2513	315.652
29.2571	312.929
29.2629	313.11
29.2688	313.291
29.2746	311.667
29.2804	309.335
29.2862	307.376
29.292	305.782
29.2978	305.253
29.3036	304.196
29.3094	302.969
29.3152	301.572
29.321	300.355
29.3268	299.143
29.3326	298.625
29.3384	298.453
29.3442	298.798
29.35	298.798
29.3558	299.143
29.3616	300.182
29.3674	301.05
29.3732	302.444
29.379	303.67
29.3849	306.489
29.3907	309.514
29.3965	314.197
29.4023	317.848
29.4081	321.727
29.4139	324.527
29.4197	328.867
29.4255	332.304
29.4313	334.036
29.4371	336.359
29.4429	337.332
29.4487	337.722
29.4545	338.112
29.4603	338.112
29.4661	338.112
29.4719	337.917
29.4777	336.554
29.4835	335.583
29.4893	335.583
29.4951	335.196
29.501	334.809
29.5068	333.265
29.5126	331.729
29.5184	331.537
29.5242	330.963
29.53	330.581
29.5358	330.772
29.5416	331.729
29.5474	333.458
29.5532	335.777
29.559	338.112
29.5648	340.071
29.5706	341.055
29.5764	342.832
29.5822	344.619
29.588	344.42
29.5938	343.625
29.5996	341.252
29.6054	338.112
29.6112	335.389
29.6171	331.346
29.6229	326.218
29.6287	320.244
29.6345	312.749
29.6403	303.845
29.6461	294.855
29.6519	289.789
29.6577	288.953
29.6635	291.3
29.6693	297.249
29.6751	306.489
29.6809	316.2
29.6867	322.844
29.6925	331.154
29.6983	340.858
29.7041	349.43
29.7099	355.949
29.7157	359.254
29.7215	366.591
29.7273	366.591
29.7332	365.322
29.739	362.589
29.7448	352.267
29.7506	345.217
29.7564	335.777
29.7622	320.799
29.768	310.947
29.7738	305.076
29.7796	303.845
29.7854	305.253
29.7912	310.051
29.797	314.379
29.8028	322.285
29.8086	331.92
29.8144	343.427
29.8202	348.02
29.826	353.082
29.8318	357.391
29.8376	359.877
29.8434	362.589
29.8493	360.293
29.8551	356.36
29.8609	346.016
29.8667	334.615
29.8725	317.481
29.8783	323.591
29.8841	320.059
29.8899
29.8957
29.9015
29.9073
29.9131
