1.58476	1.82857	2279.8	505.369
1.83438	1.9737	2536.92	471.756
1.88082	2.14204	2517.94	581.053
2.14785	2.38005	2536.92	75.4384
2.31619	2.60644	3179.74	869.876
2.61224	2.798	3198.16	168.841
2.71093	2.98376	3284.28	302.451
2.98957	3.1405	3209.26	170.838
3.07664	3.3727	3254.06	373.876
3.33206	3.57587	6568.55	57.8963
3.36689	3.53524	3235.32	65.6192
3.50621	3.59909	3057.27	477.178
3.59909	3.80227	3250.31	477.178
3.76744	3.97642	3179.74	67.178
3.78485	3.97642	3263.47	70.9149
3.78485	3.97642	3263.47	70.9149
4.37696	4.71946	2661.5	149.208
4.7717	5.60181	2432.17	340.008
7.0995	7.2098	1593.55	138.207
7.29687	7.7961	1944.96	407.242
7.81351	8.27791	2478.97	194.64
8.71909	8.841	1970.97	188.667
8.74812	9.02095	1950.59	211.53
9.01515	9.16608	1593.55	55.5993
9.14286	9.26476	2163.06	169.835
9.23574	9.85687	2456.17	202.931
10.3213	10.5593	1617.66	125.385
10.6405	10.8089	2013.55	75.7229
10.8437	11.5868	1958.49	265.957
12.8987	13.2296	1459.6	219.571
13.1367	13.4385	1270.66	371.998
13.2296	13.3689	2536.92	108.424
13.3689	13.7114	2354.75	116.978
13.4327	13.7172	1180.78	190.722
13.7172	14.2861	1479.98	184.83
14.199	14.617	1961.89	138.487
14.5473	14.913	2429.36	344.786
15.4413	15.6444	2461.85	427.222
15.6619	15.8186	2456.17	43.4705
15.7896	16.0508	2229.02	446.872
16.1669	16.6139	1943.84	221.161
18.2161	18.367	1838.98	121.726
18.2567	18.6224	1917.08	371.32
18.2683	18.5934	3836.37	172.999
18.6282	18.8952	1772.24	343.063
18.8952	19.1739	1643.09	378.846
19.1797	19.5454	1998.49	621.939
19.5454	19.8647	2617.29	621.939
19.8705	20.1549	2633.98	183.998
20.0388	20.3755	6466.91	305.778
20.062	20.3813	3265.36	626.514
20.3871	20.5613	3237.19	151.896
20.48	20.6832	3272.91	222.673
20.689	21.1127	3310.94	184.803
21.0315	21.7571	3667.36	553.841
21.7629	21.9312	3661.01	50.1276
21.8616	22.0532	2776.13	295.85
22.0532	22.5698	3022.15	289.824
23.6263	23.8759	3591.89	43.7384
23.7366	23.9398	3282.38	53.6746
23.8875	24.0036	1970.97	76.7983
24.0036	24.2997	2486.14	767.746
24.3055	24.5841	2460.43	154.972
24.5145	24.8279	3269.13	799.884
24.8047	25.2053	3274.8	134.706
25.1182	25.3968	3305.21	511.884
25.4026	25.6	3343.61	494.503
25.6	25.7974	3301.39	190.298
25.6697	26.0122	3254.06	793.304
26.018	26.1979	3272.91	79.6157
26.018	26.1979	3272.91	79.6157
26.1224	26.4998	2925.96	487.518
26.5056	26.6623	2936.12	51.5484
26.6043	26.9119	2569.36	51.8369
26.7088	27.0164	2909.1	45.7944
26.9235	27.8001	2449.08	365.863
