0
0.00580499
0.01161
0.017415
0.02322
0.0290249
0.0348299
0.0406349
0.0464399
0.0522449
0.0580499
0.0638549
0.0696599
0.0754649
0.0812698
0.0870748
0.0928798
0.0986848
0.10449
0.110295
0.1161
0.121905
0.12771
0.133515
0.13932
0.145125
0.15093
0.156735
0.16254
0.168345
0.17415
0.179955
0.18576
0.191565
0.19737
0.203175
0.20898
0.214785
0.22059
0.226395
0.2322
0.238005
0.24381
0.249615
0.255419
0.261224
0.267029
0.272834
0.278639
0.284444
0.290249
0.296054
0.301859
0.307664
0.313469
0.319274
0.325079
0.330884
0.336689
0.342494
0.348299
0.354104
0.359909
0.365714
0.371519
0.377324
0.383129
0.388934
0.394739
0.400544
0.406349
0.412154
0.417959
0.423764
0.429569
0.435374
0.441179
0.446984
0.452789
0.458594
0.464399
0.470204
0.476009
0.481814
0.487619
0.493424
0.499229
0.505034
0.510839
0.516644
0.522449
0.528254
0.534059
0.539864
0.545669
0.551474
0.557279
0.563084
0.568889
0.574694
0.580499
0.586304
0.592109
0.597914
0.603719
0.609524
0.615329
0.621134
0.626939
0.632744
0.638549
0.644354
0.650159
0.655964
0.661769
0.667574
0.673379
0.679184
0.684989
0.690794
0.696599
0.702404
0.708209
0.714014
0.719819
0.725624
0.731429
0.737234
0.743039
0.748844
0.754649
0.760454
0.766258
0.772063
0.777868
0.783673
0.789478
0.795283
0.801088
0.806893
0.812698
0.818503
0.824308
0.830113
0.835918
0.841723
0.847528
0.853333
0.859138
0.864943
0.870748
0.876553
0.882358
0.888163
0.893968
0.899773
0.905578
0.911383
0.917188
0.922993
0.928798
0.934603
0.940408
0.946213
0.952018
0.957823
0.963628
0.969433
0.975238
0.981043
0.986848
0.992653
0.998458
1.00426
1.01007
1.01587
1.02168
1.02748
1.03329
1.03909
1.0449
1.0507
1.05651
1.06231
1.06812
1.07392
1.07973
1.08553
1.09134
1.09714
1.10295
1.10875
1.11456
1.12036
1.12617
1.13197
1.13778
1.14358
1.14939
1.15519
1.161
1.1668
1.17261
1.17841
1.18422
1.19002
1.19583
1.20163
1.20744
1.21324
1.21905
1.22485
1.23066
1.23646
1.24227
1.24807
1.25388
1.25968
1.26549
1.27129
1.2771
1.2829
1.28871
1.29451
1.30032
1.30612
1.31193
1.31773
1.32354
1.32934
1.33515
1.34095
1.34676
1.35256
1.35837
1.36417
1.36998
1.37578
1.38159
1.38739
1.3932
1.399
1.40481
1.41061
1.41642
1.42222
1.42803
1.43383
1.43964
1.44544
1.45125
1.45705
1.46286
1.46866
1.47447
1.48027
1.48608
1.49188
1.49769
1.50349
1.5093
1.5151
1.52091
1.52671
1.53252
1.53832
1.54413
1.54993
1.55574
1.56154
1.56735
1.57315
1.57896
1.58476
1.59057
1.59637
1.60218
1.60798
1.61379
1.61959
1.6254
1.6312
1.63701
1.64281
1.64862
1.65442
1.66023
1.66603
1.67184
1.67764
1.68345
1.68925
1.69506
1.70086
1.70667
1.71247
1.71828
1.72408
1.72989
1.73569
1.7415
1.7473
1.75311
1.75891
1.76472
1.77052
1.77633
1.78213
1.78794
1.79374
1.79955
1.80535
1.81116
1.81696
1.82277
1.82857
1.83438
1.84018
1.84599
1.85179
1.8576
1.8634
1.86921
1.87501
1.88082
1.88662
1.89243
1.89823
1.90404
1.90984
1.91565
1.92145
1.92726
1.93306
1.93887
1.94467
1.95048
1.95628
1.96209
1.96789
1.9737
1.9795
1.98531
1.99111
1.99692
2.00272
2.00853
2.01433
2.02014
2.02594
2.03175
2.03755
2.04336
2.04916
2.05497
2.06077
2.06658
2.07238
2.07819
2.08399
2.0898
2.0956
2.10141
2.10721
2.11302
2.11882
2.12463
2.13043
2.13624
2.14204
2.14785
2.15365
2.15946
2.16526
2.17107
2.17687
2.18268
2.18848
2.19429
2.20009
2.2059
2.2117
2.21751
2.22331
2.22912
2.23492
2.24073
2.24653
2.25234
2.25814
2.26395
2.26975
2.27556
2.28136
2.28717
2.29297
2.29878
2.30458
2.31039
2.31619
2.322
2.3278
2.33361
2.33941
2.34522
2.35102
2.35683
2.36263
2.36844
2.37424
2.38005
2.38585
2.39166
2.39746
2.40327
2.40907
2.41488
2.42068
2.42649
2.43229
2.4381
2.4439
2.44971
2.45551
2.46132
2.46712
2.47293
2.47873
2.48454
2.49034
2.49615
2.50195
2.50776
2.51356
2.51937
2.52517
2.53098
2.53678
2.54258
2.54839
2.55419
2.56
2.5658
2.57161
2.57741
2.58322
2.58902
2.59483
2.60063
2.60644
2.61224
2.61805
2.62385
2.62966
2.63546
2.64127
2.64707
2.65288
2.65868
2.66449
2.67029
2.6761
2.6819
2.68771
2.69351
2.69932
2.70512
2.71093
2.71673
2.72254
2.72834
2.73415
2.73995
2.74576
2.75156
2.75737
2.76317
2.76898
2.77478
2.78059
2.78639
2.7922
2.798
2.80381
2.80961
2.81542
2.82122
2.82703
2.83283
2.83864
2.84444
2.85025
2.85605
2.86186
2.86766
2.87347
2.87927
2.88508
2.89088
2.89669
2.90249
2.9083
2.9141
2.91991
2.92571
2.93152
2.93732
2.94313
2.94893
2.95474
2.96054
2.96635
2.97215
2.97796
2.98376
2.98957
2.99537
3.00118
3.00698
3.01279
3.01859
3.0244
3.0302
3.03601
3.04181
3.04762
3.05342
3.05923
3.06503
3.07084
3.07664
3.08245
3.08825
3.09406
3.09986
3.10567
3.11147
3.11728
3.12308
3.12889
3.13469
3.1405
3.1463
3.15211
3.15791
3.16372
3.16952
3.17533
3.18113
3.18694
3.19274
3.19855
3.20435
3.21016
3.21596
3.22177
3.22757
3.23338
3.23918
3.24499
3.25079
3.2566
3.2624
3.26821
3.27401
3.27982
3.28562
3.29143
3.29723
3.30304
3.30884
3.31465
3.32045
3.32626
3.33206
3.33787
3.34367
3.34948
3.35528
3.36109
3.36689
3.3727
3.3785
3.38431
3.39011
3.39592
3.40172
3.40753
3.41333
3.41914
3.42494
3.43075
3.43655
3.44236
3.44816
3.45397
3.45977
3.46558
3.47138
3.47719
3.48299
3.4888
3.4946
3.50041
3.50621
3.51202
3.51782
3.52363
3.52943
3.53524
3.54104
3.54685
3.55265
3.55846
3.56426
3.57007
3.57587
3.58168
3.58748
3.59329
3.59909
3.6049
3.6107
3.61651
3.62231
3.62812
3.63392
3.63973
3.64553
3.65134
3.65714
3.66295
3.66875
3.67456
3.68036
3.68617
3.69197
3.69778
3.70358
3.70939
3.71519
3.721
3.7268
3.73261
3.73841
3.74422
3.75002
3.75583
3.76163
3.76744
3.77324
3.77905
3.78485
3.79066
3.79646
3.80227
3.80807
3.81388
3.81968
3.82549
3.83129
3.8371
3.8429
3.84871
3.85451
3.86032
3.86612
3.87193
3.87773
3.88354
3.88934
3.89515
3.90095
3.90676
3.91256
3.91837
3.92417
3.92998
3.93578
3.94159
3.94739
3.9532
3.959
3.96481
3.97061
3.97642
3.98222
3.98803
3.99383
3.99964
4.00544
4.01125
4.01705
4.02286
4.02866
4.03447
4.04027
4.04608
4.05188
4.05769
4.06349
4.0693
4.0751
4.08091
4.08671
4.09252
4.09832
4.10413
4.10993
4.11574
4.12154
4.12735
4.13315
4.13896
4.14476
4.15057
4.15637
4.16218
4.16798
4.17379
4.17959
4.1854
4.1912
4.19701
4.20281
4.20862
4.21442
4.22023
4.22603
4.23184
4.23764
4.24345
4.24925
4.25506
4.26086
4.26667
4.27247
4.27828
4.28408
4.28989
4.29569
4.3015
4.3073
4.31311
4.31891
4.32472
4.33052
4.33633
4.34213
4.34794
4.35374
4.35955
4.36535
4.37116
4.37696
4.38277
4.38857
4.39438
4.40018
4.40599
4.41179
4.4176
4.4234
4.42921
4.43501
4.44082
4.44662
4.45243
4.45823
4.46404
4.46984
4.47565
4.48145
4.48726
4.49306
4.49887
4.50467
4.51048
4.51628
4.52209
4.52789
4.5337
4.5395
4.54531
4.55111
4.55692
4.56272
4.56853
4.57433
4.58014
4.58594
4.59175
4.59755
4.60336
4.60916
4.61497
4.62077
4.62658
4.63238
4.63819
4.64399
4.6498
4.6556
4.66141
4.66721
4.67302
4.67882
4.68463
4.69043
4.69624
4.70204
4.70785
4.71365
4.71946
4.72526
4.73107
4.73687
4.74268
4.74848
4.75429
4.76009
4.7659
4.7717
4.77751
4.78331
4.78912
4.79492
4.80073
4.80653
4.81234
4.81814
4.82395
4.82975
4.83556
4.84136
4.84717
4.85297
4.85878
4.86458
4.87039
4.87619
4.882
4.8878
4.89361
4.89941
4.90522
4.91102
4.91683
4.92263
4.92844
4.93424
4.94005
4.94585
4.95166
4.95746
4.96327
4.96907
4.97487
4.98068
4.98649
4.99229
4.9981
5.0039
5.00971
5.01551
5.02132
5.02712
5.03293
5.03873
5.04454
5.05034
5.05615
5.06195
5.06776
5.07356
5.07936
5.08517
5.09097
5.09678
5.10258
5.10839
5.11419
5.12
5.1258
5.13161
5.13741
5.14322
5.14902
5.15483
5.16063
5.16644
5.17225
5.17805
5.18385
5.18966
5.19546
5.20127
5.20707
5.21288
5.21868
5.22449
5.23029
5.2361
5.2419
5.24771
5.25351
5.25932
5.26512
5.27093
5.27673
5.28254
5.28834
5.29415
5.29995
5.30576
5.31156
5.31737
5.32317
5.32898
5.33478
5.34059
5.34639
5.3522
5.358
5.36381
5.36961
5.37542
5.38122
5.38703
5.39283
5.39864
5.40444
5.41025
5.41605
5.42186
5.42766
5.43347
5.43927
5.44508
5.45088
5.45669
5.46249
5.4683
5.4741
5.47991
5.48571
5.49152
5.49732
5.50313
5.50893
5.51474
5.52054
5.52635
5.53215
5.53796
5.54376
5.54957
5.55537
5.56118
5.56698
5.57279
5.57859
5.5844
5.5902
5.59601
5.60181
5.60762
5.61342
5.61923
5.62503
5.63084
5.63664
5.64245
5.64825
5.65406
5.65986
5.66567
5.67147
5.67728
5.68308
5.68889
5.69469
5.7005
5.7063
5.71211
5.71791
5.72372
5.72952
5.73533
5.74113
5.74694
5.75274
5.75855
5.76435
5.77016
5.77596
5.78177
5.78757
5.79338
5.79918
5.80499
5.81079
5.8166
5.8224
5.82821
5.83401
5.83982
5.84562
5.85143
5.85723
5.86304
5.86884
5.87465
5.88045
5.88626
5.89206
5.89787
5.90367
5.90948
5.91528
5.92109
5.92689
5.9327
5.9385
5.94431
5.95011
5.95592
5.96172	304.548
5.96753	306.489
5.97333	318.399
5.97914	305.782
5.98494	301.224
5.99075	310.409
5.99655	316.2
6.00236	312.027
6.00816	311.667
6.01397	314.379
6.01977	315.835
6.02558	325.465
6.03138	329.247
6.03719	325.841
6.04299	330.581
6.0488	335.777
6.0546	333.843
6.06041	333.843
6.06621	338.308
6.07202	330.199
6.07782	322.471
6.08363	320.984
6.08943	327.729
6.09524	329.437
6.10104	328.487
6.10685	328.297
6.11265	317.664
6.11846	326.973
6.12426	317.298
6.13007	307.198
6.13587	311.487
6.14168	320.614
6.14748	317.848
6.15329	318.767
6.15909	318.583
6.1649	317.298
6.1707	306.312
6.17651	308.978
6.18231	318.399
6.18812	313.11
6.19392	320.984
6.19973	325.841
6.20553	331.537
6.21134	329.818
6.21714	332.304
6.22295	326.03
6.22875	323.404
6.23456	316.2
6.24036	319.689
6.24617	328.677
6.25197	343.229
6.25778	339.875
6.26358	339.679
6.26939	339.09
6.27519	342.832
6.281	336.943
6.2868	329.057
6.29261	321.727
6.29841	326.407
6.30422	333.458
6.31002	333.073
6.31583	333.073
6.32163	317.114
6.32744	323.591
6.33324	325.653
6.33905	320.059
6.34485	322.844
6.35066	329.247
6.35646	325.277
6.36227	322.658
6.36807	327.729
6.37388	326.595
6.37968	335.971
6.38549	328.677
6.39129	338.503
6.3971	353.286
6.4029	336.943
6.40871	335.196
6.41451	335.583
6.42032	336.165
6.42612	324.339
6.43193	325.089
6.43773	325.089
6.44354	313.11
6.44934	302.095
6.45515	301.398
6.46095	300.529
6.46676	309.335
6.47256	300.182
6.47837	299.489
6.48417	285.47
6.48998	289.287
6.49578	289.957
6.50159	289.622
6.50739	299.662
6.5132	305.782
6.519	303.319
6.52481	310.051
6.53061	307.198
6.53642	295.195
6.54222	293.326
6.54803	292.311
6.55383	291.805
6.55964	302.444
6.56544	308.799
6.57125	323.965
6.57705	320.244
6.58286	316.383
6.58866	327.918
6.59447	345.816
6.60027	345.816
6.60608	349.43
6.61188	351.657
6.61769	358.632
6.62349	368.076
6.6293	368.076
6.6351	368.076
6.64091	345.018
6.64671	320.244
6.65252
6.65832
6.66413
6.66993
6.67574
6.68154
6.68735
6.69315
6.69896
6.70476
6.71057
6.71637
6.72218
6.72798
6.73379
6.73959
6.7454
6.7512
6.75701
6.76281
6.76862
6.77442
6.78023
6.78603
6.79184
6.79764
6.80345
6.80925
6.81506
6.82086
6.82667
6.83247
6.83828
6.84408
6.84989
6.85569
6.8615
6.8673
6.87311
6.87891
6.88472
6.89052
6.89633
6.90213
6.90794
6.91374
6.91955
6.92535
6.93116
6.93696
6.94277
6.94857
6.95438
6.96018
6.96599
6.97179
6.9776
6.9834
6.98921
6.99501
7.00082
7.00662
7.01243
7.01823
7.02404
7.02984
7.03565
7.04145
7.04726
7.05306
7.05887
7.06467
7.07048
7.07628
7.08209
7.08789
7.0937
7.0995
7.10531
7.11111
7.11692
7.12272
7.12853
7.13433
7.14014
7.14594
7.15175
7.15755
7.16336
7.16916
7.17497
7.18077
7.18658
7.19238
7.19819
7.20399
7.2098
7.2156
7.22141
7.22721
7.23302
7.23882
7.24463
7.25043
7.25624
7.26204
7.26785
7.27365
7.27946
7.28526
7.29107
7.29687
7.30268
7.30848
7.31429
7.32009
7.3259
7.3317
7.33751
7.34331
7.34912
7.35492
7.36073
7.36653
7.37234
7.37814
7.38395
7.38975
7.39556
7.40136
7.40717
7.41297
7.41878
7.42458
7.43039
7.43619
7.442
7.4478
7.45361
7.45941
7.46522
7.47102
7.47683
7.48263
7.48844
7.49424
7.50005
7.50585
7.51166
7.51746
7.52327
7.52907
7.53487
7.54068
7.54648
7.55229
7.55809
7.5639
7.56971
7.57551
7.58132
7.58712
7.59293
7.59873
7.60454
7.61034
7.61615
7.62195
7.62776
7.63356
7.63936
7.64517
7.65097
7.65678
7.66258
7.66839
7.67419
7.68
7.6858
7.69161
7.69741
7.70322
7.70902
7.71483
7.72063
7.72644
7.73224
7.73805
7.74385
7.74966
7.75546
7.76127
7.76707
7.77288
7.77868
7.78449
7.79029
7.7961
7.8019	427.227
7.80771	436.708
7.81351	430.696
7.81932	439.492
7.82512	417.952
7.83093	425.749
7.83673	424.276
7.84254	419.403
7.84834	418.919	591.073
7.85415	422.564	595.528
7.85995	438.731	596.906
7.86576	423.786	593.811
7.87156	424.031	600.711
7.87737	423.053	598.632
7.88317	422.564	605.938
7.88898	425.258	601.058
7.89478	421.345	597.941
7.90059	426.734	597.941
7.90639	425.995	600.711
7.9122	443.316	620.818
7.918	453.678	636.063
7.92381	432.191	627.306
7.92961	423.297	612.271
7.93542	419.403	605.238
7.94122	410.772	626.22
7.94703	392.449	630.94
7.95283	403.482	625.859
7.95864	628.758
7.96444	625.497
7.97025	626.22
7.97605	632.4
7.98186	633.497
7.98766	634.962
7.99347	631.305
7.99927	631.67
8.00508	634.962
8.01088	637.166
8.01669	621.895
8.02249	631.67
8.0283	605.938
8.0341	607.691
8.03991	627.669
8.04571	615.462
8.05152	616.886
8.05732	609.448
8.06313	625.497
8.06893	631.305
8.07474	601.405
8.08054	602.1
8.08635	598.632
8.09215	599.324
8.09796	632.4
8.10376	633.131
8.10957	626.582
8.11537	610.153
8.12118	576.24
8.12698
8.13279
8.13859
8.1444
8.1502
8.15601
8.16181
8.16762
8.17342
8.17923
8.18503
8.19084
8.19664
8.20245
8.20825
8.21406
8.21986
8.22567
8.23147
8.23728
8.24308
8.24889
8.25469
8.2605
8.2663
8.27211
8.27791
8.28372
8.28952
8.29533
8.30113	517.839
8.30694	518.438
8.31274	511.3
8.31855	483.161
8.32435	480.101
8.33016	481.211
8.33596	477.887
8.34177	478.716
8.34757	478.163
8.35338	477.611
8.35918	480.101
8.36499	478.993	239.773
8.37079	479.823	239.22
8.3766	477.887	239.358
8.3824	477.336	242.84
8.38821	479.823	239.635
8.39401	480.933	240.328
8.39982	486.241	239.773
8.40562	482.046	241.441
8.41143	483.161	241.999
8.41723	483.161	243.401
8.42304	484.278	243.261
8.42884	485.118	243.823
8.43465	489.905	243.683
8.44045	489.057	244.529
8.44626	487.647	244.529
8.45206	491.322	245.661
8.45787	490.472	244.67
8.46367	493.313	245.945
8.46948	501.936	246.657
8.47528	497.606	247.227
8.48109	497.319	248.085
8.48689	493.028	248.659
8.4927	495.026	248.372
8.4985	496.171	247.37
8.50431	492.743	246.657
8.51011	495.884	247.084
8.51592	494.74	247.37
8.52172	490.755	247.084
8.52753	485.118	245.661
8.53333	484.558	244.246
8.53914	487.084	243.12
8.54494	487.929	243.823
8.55075	489.057	244.246
8.55655	481.767	243.542
8.56236	485.96	243.261
8.56816	486.803	242.139
8.57397	482.324	242.279
8.57977	483.999	242.139
8.58558	482.324	241.72
8.59138	487.647	242.139
8.59719	491.322	241.72
8.60299	485.96	241.441
8.6088	480.378	241.58
8.6146	475.684	243.12
8.62041	478.163	243.683
8.62621	477.887	243.964
8.63202	487.647	244.387
8.63782	486.241	244.529
8.64363	244.246
8.64943	245.519
8.65524	245.661
8.66104	246.657
8.66685	248.372
8.67265	246.799
8.67846	247.656
8.68426	249.378
8.69007	247.942
8.69587	247.513
8.70168	248.516
8.70748	248.947
8.71329	249.378
8.71909	248.659
8.7249	248.229
8.7307	247.799	1723.78
8.73651	247.513	1750.87
8.74231	247.942	1746.83
8.74812	248.229	1725.77
8.75392	247.942	1700.05
8.75973	246.799	1723.78
8.76553	245.945	1714.84
8.77134	245.519	1713.85
8.77714	245.094	1716.82
8.78295	244.529	1717.82
8.78875	244.387	1719.8
8.79456	244.246	1721.79
8.80036	244.105	1721.79
8.80617	244.529	1718.81
8.81197	243.964	1714.84
8.81778	243.823	1716.82
8.82358	244.67	1717.82
8.82939	243.823	1725.77
8.83519	243.823	1728.77
8.841	243.12	1733.77
8.8468	245.378	1731.76
8.85261	243.964	1728.77
8.85841	242.419	1724.78
8.86422	241.023	1721.79
8.87002	250.533	1716.82
8.87583	250.533	1715.83
8.88163	249.523	1725.77
8.88744	249.523	1737.78
8.89324	1752.9
8.89905	1755.94
8.90485
8.91066
8.91646
8.92227
8.92807
8.93388
8.93968
8.94549
8.95129
8.9571
8.9629
8.96871
8.97451
8.98032
8.98612
8.99193
8.99773
9.00354
9.00934
9.01515
9.02095
9.02676
9.03256
9.03837
9.04417
9.04998
9.05578
9.06159
9.06739
9.0732
9.079
9.08481
9.09061
9.09642
9.10222
9.10803
9.11383
9.11964
9.12544
9.13125
9.13705
9.14286	235.926
9.14866	238.806
9.15447	237.43
9.16027	237.567
9.16608	237.979
9.17188	238.806
9.17769	239.22
9.18349	240.05
9.1893	240.745
9.1951	241.86
9.20091	242.139
9.20671	242.84
9.21252	243.683
9.21832	243.401
9.22413	243.823
9.22993	244.246
9.23574	245.519	483.999
9.24154	246.372	498.757
9.24735	245.661	497.031
9.25315	247.37	499.045
9.25896	246.087	505.135
9.26476	245.803	501.936
9.27057	247.513	501.936
9.27637	249.811	504.552
9.28218	249.234	498.181
9.28798	249.378	498.757
9.29379	251.549	503.097
9.29959	253.006	505.135
9.3054	253.591	505.719
9.3112	254.178	507.182
9.31701	254.178	509.531
9.32281	254.031	509.237
9.32862	253.152	506.011
9.33442	251.839	503.97
9.34023	249.667	497.893
9.34603	254.178	503.679
9.35184	247.656	490.472
9.35764	241.86	478.44
9.36345	243.261	484.838
9.36925	239.912	483.719
9.37506	245.094	490.755
9.38086	245.094	491.89
9.38667	246.514	494.74
9.39247	238.255	490.755
9.39828	487.929
9.40408	487.084
9.40989	491.322
9.41569	478.44
9.4215	492.459
9.4273	482.324
9.43311	499.622
9.43891	502.516
9.44472	503.97
9.45052	500.778
9.45633	505.427
9.46213	510.71
9.46794	513.075
9.47374	504.261
9.47955	498.757
9.48535	505.719
9.49116	494.74
9.49696	485.96
9.50277	507.475
9.50857	505.135
9.51438	498.757
9.52018	495.884
9.52599	493.313
9.53179	487.365
9.5376	489.34
9.5434	474.586
9.54921	466.972
9.55501	471.308
9.56082	476.509
9.56662	480.656
9.57243	486.521
9.57823	486.521
9.58404	480.933
9.58984	461.875
9.59565	468.323
9.60145	477.06
9.60726	469.949
9.61306	471.036
9.61887	472.944
9.62467	472.125
9.63048	465.626
9.63628	468.052
9.64209	465.895
9.64789	484.278
9.6537	472.398
9.6595	464.283
9.66531	471.308
9.67111	468.594	211.16
9.67692	466.703	208.494
9.68272	483.161	208.494	431.194
9.68853	468.864	206.456	414.346
9.69433	466.972	207.173	413.868
9.70014	462.409	205.623	414.586
9.70594	468.052	205.98	412.913
9.71175	489.905	204.912	412.436
9.71755	471.853	206.695	413.39
9.72336	475.409	204.912	411.96
9.72916	475.409	205.149	414.107
9.73497	469.677	204.675	413.151
9.74077	459.215	205.386	411.96
9.74658	463.211	206.218	413.39
9.75238	458.685	208.012	414.825
9.75819	464.015	207.532	414.825
9.76399	206.934	412.436
9.7698	208.253	413.629
9.7756	209.823	417.952
9.78141	209.944	420.859
9.78721	209.459	422.808
9.79302	208.133	420.616
9.79882	207.532	419.161
9.80463	209.217	423.297
9.81043	207.652	422.32
9.81624	207.892	424.521
9.82204	206.934	426.981
9.82785	205.98	420.373
9.83365	206.218	412.674
9.83946	205.267	411.484
9.84526	205.03	411.96
9.85107	204.203	407.228
9.85687	204.321	406.288
9.86268	203.967	407.699
9.86848	203.027	403.715
9.87429	203.379	408.642
9.88009	202.091	417.711
9.8859	199.424	400.695
9.8917	206.695	418.677
9.89751	201.741	412.674
9.90331	201.043	402.783	606.989
9.90912	201.043	399.77	601.058
9.91492	200.695	400.232	601.405
9.92073	200.347	399.308	599.671
9.92653	201.043	400.926	597.941
9.93234	199.77	397.927	596.906
9.93814	199.654	399.308	596.906
9.94394	198.734	395.864	596.561
9.94975	199.654	401.158	596.906
9.95555	199.885	401.854	594.841
9.96136	199.654	401.158	599.324
9.96716	199.193	394.039	597.941
9.97297	198.734	392.222	600.364
9.97878	198.046	603.144
9.98458	200.232	602.1	797.695
9.99039	202.091	600.364	799.54
9.99619	202.208	603.842	802.779
10.002	201.275	602.1	806.498	201.741
10.0078	200.463	601.752	805.566	201.043
10.0136	602.448	805.566	201.043
10.0194	605.588	806.498	201.624
10.0252	609.448	802.779	202.091
10.031	610.505	804.172	202.558
10.0368	607.691	805.566	202.558
10.0426	604.889	806.032	202.208
10.0484	604.889	802.779	201.508
10.0542	603.842	800.002	201.392
10.06	604.54	791.727	201.159
10.0659	602.448	784.897	200.463
10.0717	609.096	795.854	197.703
10.0775	607.34	794.476	198.046
10.0833	609.448	798.156	197.932
10.0891	612.271	798.156	198.275
10.0949	607.691	798.156	199.885
10.1007	607.34	794.935	200.116
10.1065	602.448	794.017	199.885
10.1123	602.448	794.476	199.885
10.1181	595.872	793.1	199.654
10.1239	591.756	800.002	199.539
10.1297	592.783	800.464	198.849
10.1355	589.709	793.559	197.932
10.1413	587.669	795.394	198.046
10.1471	583.947	799.54	198.39
10.1529	591.073	797.234	199.078
10.1587	597.596	794.476	200
10.1645	601.058	793.1	200.347
10.1703	604.889	799.54	201.624
10.1761	603.493	807.43	202.091
10.1819	603.842	808.363	201.741
10.1878	606.989	806.032	201.508
10.1936	612.979	808.83	201.392
10.1994	616.53	806.498	198.963
10.2052	611.564	800.927	199.77
10.211	607.34	820.121	199.654
10.2168	603.842	199.885
10.2226	603.842	200.695
10.2284	603.493	198.39
10.2342	600.364	200.116
10.24	599.324	200.116
10.2458	601.058	200.232
10.2516	605.588	200.811
10.2574	589.709	201.857
10.2632	585.974	194.756
10.269	595.872	196.111
10.2748	603.144	200.232
10.2806	603.493	200.347
10.2864	597.596	198.849
10.2922	601.405	195.545
10.298	586.651	195.32
10.3039	590.732	193.858
10.3097	596.561	193.411
10.3155	591.756	195.094
10.3213	593.811	195.207
10.3271	587.669	195.658
10.3329	600.364	195.998
10.3387	598.287	195.885
10.3445	597.941	195.432
10.3503	593.811	196.451
10.3561	595.528	194.307
10.3619	585.298	194.307
10.3677	589.369	194.756	532.705
10.3735	589.369	535.172
10.3793	535.791
10.3851	543.898
10.3909	540.141
10.3967	563.079
10.4025	555.969
10.4083	545.156
10.4141	545.156
10.42	550.854
10.4258	548.948
10.4316	541.391
10.4374
10.4432
10.449
10.4548
10.4606
10.4664
10.4722
10.478
10.4838
10.4896
10.4954
10.5012
10.507
10.5128
10.5186
10.5244
10.5302
10.5361
10.5419
10.5477
10.5535
10.5593
10.5651
10.5709
10.5767
10.5825
10.5883
10.5941
10.5999
10.6057
10.6115
10.6173
10.6231
10.6289
10.6347
10.6405
10.6463
10.6522
10.658
10.6638
10.6696
10.6754
10.6812
10.687
10.6928
10.6986
10.7044
10.7102
10.716
10.7218
10.7276
10.7334
10.7392
10.745
10.7508
10.7566
10.7624
10.7683
10.7741
10.7799
10.7857
10.7915
10.7973
10.8031
10.8089
10.8147
10.8205
10.8263
10.8321
10.8379
10.8437
10.8495
10.8553
10.8611
10.8669
10.8727
10.8785
10.8844
10.8902
10.896
10.9018
10.9076
10.9134
10.9192
10.925
10.9308
10.9366
10.9424
10.9482
10.954
10.9598
10.9656
10.9714
10.9772
10.983
10.9888
10.9946
11.0005
11.0063
11.0121
11.0179
11.0237
11.0295
11.0353
11.0411
11.0469
11.0527
11.0585
11.0643
11.0701
11.0759
11.0817
11.0875
11.0933
11.0991
11.1049
11.1107
11.1166
11.1224
11.1282
11.134
11.1398
11.1456
11.1514
11.1572
11.163
11.1688
11.1746
11.1804
11.1862
11.192
11.1978
11.2036
11.2094
11.2152
11.221
11.2268
11.2327
11.2385
11.2443
11.2501
11.2559
11.2617
11.2675
11.2733
11.2791
11.2849
11.2907
11.2965
11.3023
11.3081
11.3139
11.3197
11.3255
11.3313
11.3371
11.3429
11.3488
11.3546
11.3604
11.3662
11.372
11.3778
11.3836
11.3894
11.3952
11.401
11.4068
11.4126
11.4184
11.4242
11.43
11.4358
11.4416
11.4474
11.4532
11.459
11.4649
11.4707
11.4765
11.4823
11.4881
11.4939
11.4997
11.5055
11.5113
11.5171
11.5229
11.5287
11.5345
11.5403
11.5461
11.5519
11.5577
11.5635
11.5693
11.5751
11.581
11.5868
11.5926
11.5984
11.6042
11.61
11.6158
11.6216
11.6274
11.6332
11.639
11.6448
11.6506
11.6564
11.6622
11.668
11.6738
11.6796
11.6854
11.6912
11.6971
11.7029
11.7087
11.7145
11.7203
11.7261
11.7319
11.7377
11.7435
11.7493
11.7551
11.7609
11.7667
11.7725
11.7783
11.7841
11.7899
11.7957
11.8015
11.8073
11.8132
11.819
11.8248
11.8306
11.8364
11.8422
11.848
11.8538
11.8596
11.8654
11.8712
11.877
11.8828
11.8886
11.8944
11.9002
11.906
11.9118
11.9176
11.9234
11.9293
11.9351
11.9409
11.9467
11.9525
11.9583
11.9641
11.9699
11.9757
11.9815
11.9873
11.9931
11.9989
12.0047
12.0105
12.0163
12.0221
12.0279
12.0337
12.0395
12.0454
12.0512
12.057
12.0628
12.0686
12.0744
12.0802
12.086
12.0918
12.0976
12.1034
12.1092
12.115
12.1208
12.1266
12.1324
12.1382
12.144
12.1498
12.1556
12.1615
12.1673
12.1731
12.1789
12.1847
12.1905
12.1963
12.2021
12.2079
12.2137
12.2195
12.2253
12.2311
12.2369
12.2427
12.2485
12.2543
12.2601
12.2659
12.2717
12.2776
12.2834
12.2892
12.295
12.3008
12.3066
12.3124
12.3182
12.324
12.3298
12.3356
12.3414
12.3472
12.353
12.3588
12.3646
12.3704
12.3762
12.382
12.3878
12.3937
12.3995
12.4053
12.4111
12.4169
12.4227
12.4285
12.4343
12.4401
12.4459
12.4517
12.4575
12.4633
12.4691
12.4749
12.4807
12.4865
12.4923
12.4981
12.5039
12.5098
12.5156
12.5214
12.5272
12.533
12.5388
12.5446
12.5504
12.5562
12.562
12.5678
12.5736
12.5794
12.5852
12.591
12.5968
12.6026
12.6084
12.6142
12.62
12.6258
12.6317
12.6375
12.6433
12.6491
12.6549
12.6607
12.6665
12.6723
12.6781
12.6839
12.6897
12.6955
12.7013
12.7071
12.7129
12.7187
12.7245
12.7303
12.7361
12.742
12.7478
12.7536
12.7594
12.7652
12.771
12.7768
12.7826
12.7884
12.7942
12.8
12.8058
12.8116
12.8174
12.8232
12.829
12.8348
12.8406
12.8464
12.8522
12.858
12.8639
12.8697
12.8755
12.8813
12.8871
12.8929
12.8987
12.9045
12.9103
12.9161
12.9219
12.9277
12.9335
12.9393
12.9451
12.9509
12.9567
12.9625
12.9683
12.9741
12.98
12.9858
12.9916
12.9974
13.0032
13.009
13.0148
13.0206
13.0264
13.0322
13.038
13.0438
13.0496
13.0554
13.0612
13.067
13.0728
13.0786
13.0844
13.0902
13.0961
13.1019
13.1077
13.1135
13.1193
13.1251
13.1309
13.1367
13.1425
13.1483
13.1541
13.1599
13.1657
13.1715
13.1773
13.1831
13.1889
13.1947
13.2005
13.2063
13.2122
13.218
13.2238
13.2296
13.2354
13.2412
13.247
13.2528
13.2586
13.2644
13.2702
13.276
13.2818
13.2876
13.2934
13.2992
13.305
13.3108
13.3166
13.3224
13.3283
13.3341
13.3399
13.3457
13.3515
13.3573
13.3631
13.3689
13.3747
13.3805
13.3863
13.3921
13.3979
13.4037
13.4095
13.4153
13.4211
13.4269
13.4327
13.4385
13.4444
13.4502
13.456
13.4618
13.4676
13.4734
13.4792
13.485
13.4908
13.4966
13.5024
13.5082
13.514
13.5198
13.5256
13.5314
13.5372
13.543
13.5488
13.5546
13.5605
13.5663
13.5721
13.5779
13.5837
13.5895
13.5953
13.6011
13.6069
13.6127
13.6185
13.6243
13.6301
13.6359
13.6417
13.6475
13.6533
13.6591
13.6649
13.6707
13.6766
13.6824
13.6882
13.694
13.6998
13.7056
13.7114
13.7172
13.723
13.7288
13.7346
13.7404
13.7462
13.752
13.7578
13.7636
13.7694
13.7752
13.781
13.7868
13.7927
13.7985
13.8043
13.8101
13.8159
13.8217
13.8275
13.8333
13.8391
13.8449
13.8507
13.8565
13.8623
13.8681
13.8739
13.8797
13.8855
13.8913
13.8971
13.9029
13.9088
13.9146
13.9204
13.9262
13.932
13.9378
13.9436
13.9494
13.9552
13.961
13.9668
13.9726
13.9784
13.9842
13.99
13.9958
14.0016
14.0074
14.0132
14.019
14.0249
14.0307
14.0365
14.0423
14.0481
14.0539
14.0597
14.0655
14.0713
14.0771
14.0829
14.0887
14.0945
14.1003
14.1061
14.1119
14.1177
14.1235
14.1293
14.1351
14.141
14.1468
14.1526
14.1584
14.1642
14.17
14.1758
14.1816
14.1874
14.1932
14.199
14.2048
14.2106
14.2164
14.2222
14.228
14.2338
14.2396
14.2454
14.2512
14.2571
14.2629
14.2687
14.2745
14.2803
14.2861
14.2919
14.2977
14.3035
14.3093
14.3151
14.3209
14.3267
14.3325
14.3383
14.3441
14.3499
14.3557
14.3615
14.3673
14.3732
14.379
14.3848
14.3906
14.3964
14.4022
14.408
14.4138
14.4196
14.4254
14.4312
14.437
14.4428
14.4486
14.4544
14.4602
14.466
14.4718
14.4776
14.4834	638.64
14.4893	637.903
14.4951	635.696
14.5009	632.035
14.5067	629.848
14.5125	624.414
14.5183	630.576
14.5241	650.93
14.5299	666.145
14.5357	651.307
14.5415	649.428
14.5473	657.734
14.5531	653.568
14.5589	629.121
14.5647	610.153
14.5705	626.944	223.587
14.5763	614.042	224.752
14.5821	605.938	228.945
14.5879	601.058	229.342	229.342
14.5937	601.058	229.342	229.342
14.5995	602.1	229.078	229.078
14.6054	598.978	229.21	229.21
14.6112	600.017	229.078	238.806
14.617	607.691	228.945	241.023
14.6228	619.743	230.139	242.559
14.6286	614.042	229.078	243.683
14.6344	624.414	238.392	239.22
14.6402	607.691	239.912	240.189
14.646	609.096	240.884	241.023
14.6518	606.288	242.419	242.84
14.6576	606.638	242.98	243.12
14.6634	597.941	243.542	243.823
14.6692	606.989	243.683	243.683
14.675	608.744	243.401	243.12
14.6808	608.744	242.84	242.84
14.6866	610.858	242.98	242.84
14.6924	625.859	243.823	243.683
14.6982	619.385	244.246	244.105
14.704	605.938	244.67	244.529
14.7098	603.493	245.378	245.094
14.7156	608.744	245.945	245.661
14.7215	606.288	246.514	246.372
14.7273	591.073	247.084	246.942
14.7331	597.251	248.085	248.085
14.7389	612.625	248.947	248.803
14.7447	249.378	249.378
14.7505	250.533	250.389
14.7563	249.811
14.7621	249.234
14.7679	249.811
14.7737	249.523
14.7795	251.113
14.7853	249.523
14.7911	250.533
14.7969	246.799
14.8027	244.953
14.8085	246.942
14.8143	246.229
14.8201	246.229
14.8259	245.094
14.8317	244.67
14.8376	243.964
14.8434	242.84
14.8492	244.811
14.855	244.246
14.8608	246.372
14.8666	247.084
14.8724	247.656
14.8782	247.513
14.884	247.799
14.8898	248.229
14.8956	248.372
14.9014	247.942
14.9072	250.823
14.913	244.529
14.9188	243.12
14.9246	244.953
14.9304	242.139
14.9362	243.964
14.942	249.667
14.9478	246.799
14.9537	246.657
14.9595	246.229
14.9653	243.823
14.9711	245.945
14.9769	243.12	244.246
14.9827	243.964	244.953
14.9885	241.023	245.661
14.9943	243.261	243.683
15.0001	247.513	244.105
15.0059	245.519	243.823
15.0117	246.799	244.387
15.0175	246.942	244.67
15.0233	244.67	244.529
15.0291	243.964	244.105
15.0349	244.387	244.105
15.0407	245.803	243.964
15.0465	245.803	244.246
15.0523	244.387	244.529
15.0581	244.246	244.811
15.0639	244.105	244.105
15.0697	243.964
15.0756	243.261
15.0814	242.84
15.0872	242.139
15.093	241.999
15.0988	242.139
15.1046	242.139
15.1104	242.279
15.1162	240.884
15.122	240.467	483.161
15.1278	240.745	482.324
15.1336	240.606	481.489
15.1394	240.884	481.767
15.1452	241.58	483.44
15.151	241.58	482.882
15.1568	242.699	484.558
15.1626	243.542	489.905
15.1684	244.246	489.905
15.1742	245.236	491.039
15.18	246.087	491.039
15.1859	247.513	495.026
15.1917	247.513	494.454
15.1975	248.516	495.026
15.2033	249.09	496.171
15.2091	249.811	499.622
15.2149	249.955	499.622
15.2207	249.955	502.516
15.2265	250.1	497.319
15.2323	250.678	497.606
15.2381	251.113	503.388
15.2439	249.667	510.415
15.2497	247.227	501.646
15.2555	246.514	497.031
15.2613	246.799	490.755
15.2671	245.236	492.459
15.2729	243.261	491.039
15.2787	244.67	471.036
15.2845	239.912	487.647
15.2903	238.806	487.647
15.2961	236.609	480.933
15.3019	236.745	457.098
15.3078	248.085	447.95
15.3136	242.559	472.125
15.3194	237.156
15.3252	242.419
15.331	242.419
15.3368	253.298
15.3426
15.3484
15.3542
15.36
15.3658
15.3716
15.3774
15.3832
15.389
15.3948
15.4006
15.4064
15.4122
15.418
15.4239
15.4297
15.4355
15.4413
15.4471
15.4529
15.4587
15.4645
15.4703
15.4761
15.4819
15.4877
15.4935
15.4993
15.5051
15.5109
15.5167
15.5225
15.5283
15.5341
15.54
15.5458
15.5516
15.5574
15.5632
15.569
15.5748
15.5806
15.5864
15.5922
15.598
15.6038
15.6096
15.6154
15.6212
15.627
15.6328
15.6386
15.6444
15.6502
15.6561
15.6619
15.6677
15.6735
15.6793
15.6851
15.6909
15.6967
15.7025
15.7083
15.7141
15.7199
15.7257
15.7315
15.7373
15.7431
15.7489
15.7547
15.7605
15.7663
15.7722
15.778
15.7838
15.7896
15.7954
15.8012
15.807
15.8128
15.8186
15.8244
15.8302
15.836
15.8418
15.8476
15.8534
15.8592
15.865
15.8708
15.8766
15.8824
15.8883
15.8941
15.8999
15.9057
15.9115
15.9173
15.9231
15.9289
15.9347
15.9405
15.9463
15.9521
15.9579
15.9637
15.9695
15.9753
15.9811
15.9869
15.9927
15.9985
16.0044
16.0102
16.016
16.0218
16.0276
16.0334
16.0392
16.045
16.0508
16.0566	331.346
16.0624	348.624
16.0682	349.027
16.074	346.016
16.0798	352.471
16.0856	350.238
16.0914	346.016
16.0972	346.816
16.103	347.417
16.1088	347.819
16.1146	350.441
16.1205	349.834
16.1263	350.846
16.1321	365.322
16.1379	375.159
16.1437	362.589
16.1495	355.949
16.1553
16.1611
16.1669
16.1727
16.1785
16.1843
16.1901
16.1959
16.2017
16.2075
16.2133
16.2191
16.2249
16.2307
16.2366
16.2424
16.2482
16.254
16.2598
16.2656
16.2714
16.2772
16.283
16.2888
16.2946
16.3004
16.3062
16.312
16.3178
16.3236
16.3294
16.3352
16.341
16.3468
16.3527
16.3585
16.3643
16.3701
16.3759
16.3817
16.3875
16.3933
16.3991
16.4049
16.4107
16.4165
16.4223
16.4281
16.4339
16.4397	371.279
16.4455	364.269
16.4513	379.518
16.4571	368.076
16.4629	372.568
16.4688	364.69
16.4746	367.651
16.4804	365.322
16.4862	377.551
16.492	379.957
16.4978	379.08
16.5036	376.244
16.5094	380.396
16.5152	368.501
16.521	376.027
16.5268	383.042
16.5326	397.467
16.5384	406.523
16.5442	406.054
16.55	400.695
16.5558	406.758
16.5616	407.228
16.5674	409.351
16.5732	409.587
16.579	403.948
16.5849	412.436
16.5907	406.993
16.5965	411.246
16.6023	411.009
16.6081	411.96
16.6139	400.926
16.6197	404.182
16.6255	414.586
16.6313	410.535	207.652
16.6371	413.151	207.173
16.6429	415.305	207.413
16.6487	413.868	207.053
16.6545	413.629	206.695
16.6603	415.065	207.053
16.6661	413.151	207.532
16.6719	414.107	208.494
16.6777	411.722	208.614
16.6835	413.868	208.494
16.6893	414.346	206.934
16.6951	412.436	206.218
16.701	412.198	205.267
16.7068	413.868	205.03
16.7126	411.722	205.03
16.7184	406.993	205.386
16.7242	411.484	205.623
16.73	408.878	205.623
16.7358	406.523	203.379
16.7416	412.913	202.091
16.7474	412.436	209.217
16.7532	410.061	209.217
16.759	409.114	209.217
16.7648	410.772	204.675
16.7706	406.523	199.193
16.7764	410.535
16.7822	410.772
16.788	413.39
16.7938	423.053
16.7996	415.545
16.8054	420.13
16.8112	431.942
16.8171	427.474
16.8229	417.952
16.8287	421.589
16.8345	422.564
16.8403	421.102
16.8461	424.767	564.055
16.8519	415.785	542.957
16.8577	421.589	542.016
16.8635	420.373	535.172
16.8693	411.009	542.643
16.8751	407.699	547.049	955.222
16.8809	403.016	534.863	936.105
16.8867	395.864	542.957	955.775
16.8925	401.854	548.315	955.222
16.8983	396.55	541.704	948.077
16.9041	394.494	539.518	960.201
16.9099	402.318	563.404	945.888
16.9157	394.494	547.365	931.789
16.9215	544.842	928.565
16.9273	545.786	934.484
16.9332	536.72	935.024
16.939	536.101	946.435
16.9448	534.554	946.435
16.9506	538.584	948.624
16.9564	535.482	918.961
16.9622	538.273	933.405
16.968	534.554	933.945
16.9738	534.863	930.713
16.9796	541.704	951.918
16.9854	547.998	941.528
16.9912	535.791	931.789
16.997	535.172	942.072
17.0028	540.453	899.01
17.0086	536.101	930.713
17.0144	541.078	957.432
17.0202	544.213	956.327
17.026	543.27	959.093
17.0318	543.27	939.355
17.0376	538.273	939.897
17.0434	519.337	940.984
17.0493	544.527	935.564
17.0551	540.141	938.812
17.0609	545.471	940.984
17.0667	549.583	947.529
17.0725	551.809	973.043
17.0783	542.33	961.311
17.0841	552.447	946.982
17.0899	553.406	946.982
17.0957	546.733	937.187
17.1015	544.842	921.619
17.1073	554.686	928.565
17.1131	551.491	972.481
17.1189
17.1247
17.1305
17.1363
17.1421
17.1479
17.1537
17.1595
17.1654
17.1712
17.177
17.1828
17.1886
17.1944
17.2002
17.206
17.2118
17.2176
17.2234
17.2292
17.235
17.2408
17.2466
17.2524
17.2582
17.264
17.2698
17.2756
17.2815
17.2873
17.2931
17.2989
17.3047
17.3105
17.3163
17.3221
17.3279
17.3337
17.3395
17.3453
17.3511
17.3569
17.3627
17.3685
17.3743
17.3801
17.3859
17.3917
17.3976
17.4034
17.4092
17.415
17.4208
17.4266
17.4324
17.4382
17.444
17.4498
17.4556
17.4614
17.4672
17.473
17.4788
17.4846
17.4904
17.4962
17.502
17.5078
17.5137
17.5195
17.5253
17.5311
17.5369
17.5427
17.5485
17.5543
17.5601
17.5659
17.5717
17.5775
17.5833
17.5891
17.5949
17.6007
17.6065
17.6123
17.6181
17.6239
17.6297
17.6356
17.6414
17.6472
17.653
17.6588
17.6646
17.6704
17.6762
17.682
17.6878
17.6936
17.6994
17.7052
17.711
17.7168
17.7226
17.7284
17.7342
17.74
17.7458
17.7517
17.7575
17.7633
17.7691
17.7749
17.7807
17.7865
17.7923
17.7981
17.8039
17.8097
17.8155
17.8213
17.8271
17.8329
17.8387
17.8445
17.8503
17.8561
17.8619
17.8678
17.8736
17.8794
17.8852
17.891
17.8968
17.9026
17.9084
17.9142
17.92
17.9258
17.9316
17.9374
17.9432
17.949
17.9548
17.9606
17.9664
17.9722
17.9781
17.9839
17.9897
17.9955
18.0013
18.0071
18.0129
18.0187
18.0245
18.0303
18.0361
18.0419
18.0477
18.0535
18.0593
18.0651
18.0709
18.0767
18.0825
18.0883
18.0941
18.1
18.1058
18.1116
18.1174
18.1232
18.129
18.1348
18.1406
18.1464
18.1522
18.158
18.1638
18.1696
18.1754
18.1812
18.187
18.1928
18.1986
18.2044
18.2102
18.2161
18.2219
18.2277
18.2335
18.2393
18.2451
18.2509
18.2567
18.2625
18.2683
18.2741
18.2799
18.2857
18.2915
18.2973
18.3031
18.3089
18.3147
18.3205
18.3263
18.3322
18.338
18.3438
18.3496
18.3554
18.3612
18.367
18.3728
18.3786
18.3844
18.3902
18.396
18.4018
18.4076
18.4134
18.4192
18.425
18.4308
18.4366
18.4424
18.4483
18.4541
18.4599
18.4657
18.4715
18.4773
18.4831
18.4889
18.4947
18.5005
18.5063
18.5121
18.5179
18.5237
18.5295
18.5353
18.5411
18.5469
18.5527
18.5585
18.5644
18.5702
18.576
18.5818
18.5876
18.5934
18.5992
18.605
18.6108
18.6166
18.6224
18.6282
18.634
18.6398
18.6456
18.6514
18.6572
18.663
18.6688
18.6746
18.6805
18.6863
18.6921
18.6979
18.7037
18.7095
18.7153
18.7211
18.7269
18.7327
18.7385
18.7443
18.7501
18.7559
18.7617
18.7675
18.7733
18.7791
18.7849
18.7907
18.7966
18.8024
18.8082
18.814
18.8198
18.8256
18.8314
18.8372
18.843
18.8488
18.8546
18.8604
18.8662
18.872
18.8778
18.8836
18.8894
18.8952
18.901
18.9068
18.9127
18.9185
18.9243
18.9301
18.9359
18.9417
18.9475
18.9533
18.9591
18.9649
18.9707
18.9765
18.9823
18.9881
18.9939
18.9997
19.0055
19.0113
19.0171
19.0229
19.0288
19.0346
19.0404
19.0462
19.052
19.0578
19.0636
19.0694
19.0752
19.081
19.0868
19.0926
19.0984
19.1042
19.11
19.1158
19.1216
19.1274
19.1332
19.139
19.1449
19.1507
19.1565
19.1623
19.1681
19.1739
19.1797
19.1855
19.1913
19.1971
19.2029
19.2087
19.2145
19.2203
19.2261
19.2319
19.2377
19.2435
19.2493
19.2551
19.261
19.2668
19.2726
19.2784
19.2842
19.29
19.2958
19.3016
19.3074
19.3132
19.319
19.3248
19.3306
19.3364
19.3422
19.348
19.3538
19.3596
19.3654
19.3712
19.3771
19.3829
19.3887
19.3945
19.4003
19.4061
19.4119
19.4177
19.4235
19.4293
19.4351
19.4409
19.4467
19.4525
19.4583
19.4641
19.4699
19.4757
19.4815
19.4873
19.4932
19.499
19.5048
19.5106
19.5164
19.5222
19.528
19.5338
19.5396
19.5454
19.5512
19.557
19.5628
19.5686
19.5744
19.5802
19.586
19.5918
19.5976
19.6034
19.6093
19.6151
19.6209
19.6267
19.6325
19.6383
19.6441
19.6499
19.6557
19.6615
19.6673
19.6731
19.6789
19.6847
19.6905
19.6963
19.7021
19.7079
19.7137
19.7195
19.7254
19.7312
19.737
19.7428
19.7486
19.7544
19.7602
19.766
19.7718
19.7776
19.7834
19.7892
19.795
19.8008
19.8066
19.8124
19.8182
19.824
19.8298
19.8356
19.8415
19.8473
19.8531
19.8589
19.8647
19.8705
19.8763
19.8821
19.8879
19.8937
19.8995
19.9053
19.9111
19.9169
19.9227
19.9285
19.9343
19.9401
19.9459
19.9517
19.9576
19.9634
19.9692
19.975
19.9808
19.9866
19.9924
19.9982
20.004
20.0098
20.0156
20.0214
20.0272
20.033
20.0388
20.0446
20.0504
20.0562
20.062
20.0678
20.0737
20.0795
20.0853
20.0911
20.0969
20.1027
20.1085
20.1143
20.1201
20.1259
20.1317
20.1375
20.1433
20.1491
20.1549
20.1607
20.1665
20.1723
20.1781
20.1839
20.1898
20.1956
20.2014
20.2072
20.213
20.2188
20.2246
20.2304
20.2362
20.242
20.2478
20.2536
20.2594
20.2652
20.271
20.2768
20.2826
20.2884
20.2942
20.3
20.3058
20.3117
20.3175
20.3233
20.3291
20.3349
20.3407
20.3465
20.3523
20.3581
20.3639
20.3697
20.3755
20.3813
20.3871
20.3929
20.3987
20.4045
20.4103
20.4161
20.4219
20.4278
20.4336
20.4394
20.4452
20.451
20.4568
20.4626
20.4684
20.4742
20.48
20.4858
20.4916
20.4974
20.5032
20.509
20.5148
20.5206
20.5264
20.5322
20.538
20.5439
20.5497
20.5555
20.5613
20.5671
20.5729
20.5787
20.5845
20.5903
20.5961
20.6019
20.6077
20.6135
20.6193
20.6251
20.6309
20.6367
20.6425
20.6483
20.6542
20.66
20.6658
20.6716
20.6774
20.6832
20.689
20.6948
20.7006
20.7064
20.7122
20.718
20.7238
20.7296
20.7354
20.7412
20.747
20.7528
20.7586
20.7644
20.7702
20.7761
20.7819
20.7877
20.7935
20.7993
20.8051
20.8109
20.8167
20.8225
20.8283
20.8341
20.8399
20.8457
20.8515
20.8573
20.8631
20.8689
20.8747
20.8805
20.8863
20.8922
20.898
20.9038
20.9096
20.9154
20.9212
20.927
20.9328
20.9386
20.9444
20.9502
20.956
20.9618
20.9676
20.9734
20.9792
20.985
20.9908
20.9966
21.0024
21.0083
21.0141
21.0199
21.0257
21.0315
21.0373
21.0431
21.0489
21.0547
21.0605
21.0663
21.0721
21.0779
21.0837
21.0895
21.0953
21.1011
21.1069
21.1127
21.1185
21.1244
21.1302
21.136
21.1418
21.1476
21.1534
21.1592
21.165
21.1708
21.1766
21.1824
21.1882
21.194
21.1998
21.2056
21.2114
21.2172
21.223
21.2288
21.2346
21.2405
21.2463
21.2521
21.2579
21.2637
21.2695
21.2753
21.2811
21.2869
21.2927
21.2985
21.3043
21.3101
21.3159
21.3217
21.3275
21.3333
21.3391
21.3449
21.3507
21.3566
21.3624
21.3682
21.374
21.3798
21.3856
21.3914
21.3972
21.403
21.4088
21.4146
21.4204
21.4262
21.432
21.4378
21.4436
21.4494
21.4552
21.461
21.4668
21.4727
21.4785
21.4843
21.4901
21.4959
21.5017
21.5075
21.5133	304.021
21.5191	296.22
21.5249	299.316
21.5307	305.253
21.5365	297.936
21.5423	306.135
21.5481	306.844
21.5539	308.621
21.5597	306.489
21.5655	309.156
21.5713	309.335
21.5771	308.265
21.5829	310.051
21.5888	305.253
21.5946	304.724
21.6004	301.224
21.6062	312.568
21.612	312.749
21.6178	312.568
21.6236	316.2
21.6294	319.505
21.6352	317.664
21.641	319.505
21.6468	319.505
21.6526	314.016
21.6584	301.921
21.6642	313.11
21.67	308.978
21.6758	319.505
21.6816	312.568
21.6874	309.335
21.6932	297.936
21.699	307.731
21.7049	314.197
21.7107	302.444
21.7165	310.588
21.7223	298.625
21.7281	293.834
21.7339	305.253
21.7397	316.565
21.7455	323.404
21.7513	321.913
21.7571	306.489
21.7629	313.834
21.7687	307.909
21.7745	310.409
21.7803	323.217
21.7861	330.009
21.7919	322.099
21.7977	323.778	307.909
21.8035	313.11
21.8093	310.23
21.8151	307.731
21.821	313.653
21.8268	312.027
21.8326	308.978
21.8384	308.978
21.8442	309.872
21.85	313.291
21.8558	314.56
21.8616	314.379
21.8674	313.472
21.8732	312.749
21.879	312.027
21.8848	312.749
21.8906	313.291
21.8964	312.929
21.9022	313.11
21.908	312.568
21.9138	311.667
21.9196	311.307
21.9254	310.23	619.743
21.9312	310.768	620.459
21.9371	309.335	619.385
21.9429	307.731	616.53
21.9487	308.087	613.333
21.9545	307.198	611.564
21.9603	307.909	610.858
21.9661	303.845	611.564
21.9719	304.548	608.042
21.9777	303.319	606.989
21.9835	303.144	606.989
21.9893	302.27	602.448
21.9951	301.746	604.54
22.0009	301.224	604.19
22.0067	300.702	601.752
22.0125	300.702	598.978
22.0183	300.182	601.752
22.0241	299.835	603.493
22.0299	298.798	602.796
22.0357	300.702	600.364
22.0415	301.224	604.54
22.0473	300.702	602.1
22.0532	299.489	599.671
22.059	300.355	597.941
22.0648	301.572	599.671
22.0706	303.319	611.917
22.0764	301.746	603.842
22.0822	302.444	604.54
22.088	303.144	604.19
22.0938	303.494	604.19
22.0996	305.429	602.796
22.1054	306.312	604.54
22.1112	305.782	604.889
22.117	306.844	604.19
22.1228	305.959	608.042
22.1286	307.909	614.752
22.1344	308.443	615.818
22.1402	308.087	613.687	620.459
22.146	306.844	606.638	622.254
22.1518	305.605	596.906	623.693
22.1576	306.312	615.107	624.414
22.1634	305.959	614.397	622.613
22.1693	305.429	609.8	619.385
22.1751	305.429	615.818
22.1809	304.372	610.153
22.1867	303.67	610.153
22.1925	302.095	609.8
22.1983	301.746	607.691
22.2041	300.702	607.34
22.2099	300.529	604.19
22.2157	301.224	604.889
22.2215	300.529	604.889
22.2273	300.182	602.796
22.2331	299.835	601.752
22.2389	300.876	604.889
22.2447	296.905	596.906
22.2505	298.281	597.596
22.2563	296.734	607.34
22.2621	296.905	606.288
22.2679	298.971	606.288
22.2737	302.444	607.34
22.2795	305.253	612.271
22.2854	305.782	610.505
22.2912	303.494	604.889
22.297	304.021	603.842
22.3028	302.619	604.889
22.3086	304.196	606.989
22.3144	308.443	609.096
22.3202	308.443	609.448
22.326	309.872	609.448
22.3318	309.514	605.238
22.3376	307.021	610.505
22.3434	605.588
22.3492	600.017
22.355	603.144
22.3608	607.34
22.3666	609.8
22.3724	611.564
22.3782	608.042
22.384	611.564
22.3898	614.042
22.3956	612.979
22.4015	605.588
22.4073	603.144
22.4131	600.364
22.4189	602.1
22.4247	607.34
22.4305	605.938
22.4363
22.4421
22.4479
22.4537
22.4595
22.4653
22.4711
22.4769
22.4827
22.4885
22.4943
22.5001
22.5059
22.5117
22.5176
22.5234
22.5292
22.535
22.5408
22.5466
22.5524
22.5582
22.564
22.5698
22.5756	606.288
22.5814	608.393
22.5872	608.042
22.593	609.8	296.22
22.5988	611.917	311.847
22.6046	617.956	305.429
22.6104	610.858	304.548
22.6162	614.397	307.376
22.622	616.174	307.376
22.6278	617.956	308.443
22.6336	619.028	309.872
22.6395	620.818	310.409
22.6453	620.818	310.409
22.6511	623.333	309.335
22.6569	622.973	310.768
22.6627	623.333	310.768
22.6685	624.414	311.667
22.6743	623.693	311.487
22.6801	623.333	311.487
22.6859	625.136	311.487
22.6917	626.22	311.847	937.728
22.6975	627.669	311.847	932.866
22.7033	627.306	310.947	932.866
22.7091	624.775	309.514	931.251
22.7149	615.462	308.265	933.945
22.7207	616.174	309.693	922.684
22.7265	308.443	923.751	615.818
22.7323	308.087	918.961	616.174
22.7381	307.376	921.087	615.107
22.7439	305.605	912.086	611.917
22.7498	304.021	908.931	610.505
22.7556	304.021	916.84	608.393
22.7614	302.969	911.559	605.588
22.7672	302.619	911.559	605.938
22.773	302.444	910.507	605.238
22.7788	303.144	907.357	605.588
22.7846	302.444	904.74	603.842
22.7904	301.572	904.74	602.448
22.7962	302.794	908.931	605.938
22.802	301.398	904.74	605.588
22.8078	303.67	902.652	609.448
22.8136	303.494	900.569	604.889
22.8194	301.746	905.786	602.1
22.8252	299.316	894.865	599.671
22.831	296.563	893.832	592.783
22.8368	297.42	897.972	592.44
22.8426	296.734	896.417	591.073
22.8484	296.905	891.769	592.098
22.8542	298.108	912.086	596.217
22.86	303.845	899.01	602.1
22.8659	304.196	915.781	612.271
22.8717	307.198	920.555	614.752
22.8775	308.978	625.136
22.8833	310.409	616.53
22.8891	309.156	618.67
22.8949	306.135	614.752
22.9007	306.489
22.9065	307.553
22.9123	308.443
22.9181	308.621
22.9239	307.021
22.9297	304.9
22.9355	305.605
22.9413	305.959
22.9471	308.087	305.782
22.9529	305.253	304.548
22.9587	301.746
22.9645	302.619
22.9703	301.746
22.9761	302.444
22.9819	301.572
22.9878	302.095
22.9936	304.9
22.9994	303.144	487.647
23.0052	303.494	486.803
23.011	301.572	487.365
23.0168	302.444	486.521
23.0226	296.905	487.365
23.0284	298.971	487.084
23.0342	302.444	487.084
23.04	303.494	480.656
23.0458	302.794	483.999
23.0516	305.253	484.838
23.0574	306.312	481.211
23.0632	303.319	483.161
23.069	303.845	482.324
23.0748	306.135	482.882
23.0806	302.969	481.211
23.0864	304.021	483.999
23.0922	307.198	484.838
23.098	305.605	484.278
23.1039	305.253	482.046
23.1097	304.548	487.365
23.1155	300.009	482.324
23.1213	299.662	483.999
23.1271	302.969	482.603
23.1329	303.144	490.189
23.1387	303.144	499.622
23.1445	310.947	519.937
23.1503	305.253	527.5	238.53
23.1561	303.494	527.5	238.53
23.1619	303.67	531.783	239.635
23.1677	302.794	526.586	240.189
23.1735	302.095	529.943	239.773
23.1793	300.529	541.704	241.162
23.1851	302.444	517.839	240.745
23.1909	303.494	533.937	240.884
23.1967	306.666	529.943	240.745
23.2025	307.198	534.246	241.302
23.2083	308.621	517.54	241.86
23.2141	307.376	517.54	243.401
23.22	307.553	243.401
23.2258	305.782	242.419
23.2316	303.494	242.84
23.2374	302.095	244.67
23.2432	305.959	243.542
23.249	304.9	245.236
23.2548	305.429	249.955
23.2606	304.372	252.714
23.2664	303.494	252.568
23.2722	300.876	250.968
23.278	304.548	255.207
23.2838	298.798	255.502
23.2896	303.67	256.686
23.2954	302.095	254.618
23.3012	254.913
23.307	255.207
23.3128	255.946
23.3186	252.568
23.3244	251.694
23.3302	251.694
23.3361	251.113
23.3419	250.533
23.3477	249.378
23.3535	247.942
23.3593	243.542	246.799
23.3651	245.378	245.661
23.3709	246.372	245.945
23.3767	242.699	244.529
23.3825	244.246	244.105
23.3883	243.964	243.12
23.3941	243.542	242.98
23.3999	243.12	242.699
23.4057	243.542	242.84
23.4115	242.98	242.98
23.4173	242.419	243.12
23.4231	242.98	243.261
23.4289	243.683	243.683
23.4347	244.67	244.387	1706.94
23.4405	244.67	244.811	1715.83
23.4463	246.229	245.236	1717.82
23.4522	245.094	1704.97
23.458	244.953	1689.28
23.4638	245.945	1707.92
23.4696	247.656	1733.77
23.4754	247.799	1744.82
23.4812	248.803	1748.85	502.226
23.487	249.811	1750.87	502.516
23.4928	251.113	1757.97	503.97	1511.08
23.4986	251.258	1746.83	504.261	1515.45
23.5044	252.276	1749.86	506.889	1518.07
23.5102	253.006	1758.98	506.596	1518.07
23.516	253.006	1752.9	506.596	1518.07
23.5218	254.031	1753.91	506.596	1518.95
23.5276	255.06	1724.78	506.011	1519.83
23.5334	254.618	1734.77	505.135	1519.83
23.5392	253.006	1696.12	508.355	1525.11
23.545	248.372	1716.82	508.943	1492.86
23.5508	248.085	1720.8	493.598	1473.15
23.5566	249.667	1701.03	499.622	1485.97
23.5624	243.823	1738.78	491.606	1476.56
23.5683	243.823	1741.8	487.365	1447.85
23.5741	242.699	484.278	1453.71
23.5799	241.86	482.603	1449.52
23.5857	240.884	482.882	1451.2
23.5915	240.189	481.767	1446.17
23.5973	239.912	480.933	1437.02
23.6031	240.467	480.933	1437.85	1204.2
23.6089	241.441	483.719	1442.84	1211.18
23.6147	242.559	486.241	1449.52	1222.42
23.6205	243.542	488.775	1456.23	1225.96
23.6263	244.953	491.89	1461.29	1232.35
23.6321	245.378	490.472	1460.45	1244.51
23.6379	246.657	488.211	1462.13	1268.46
23.6437	248.372	497.893	1481.69	1269.92
23.6495	250.244	498.757	1489.41	1256.06
23.6553	253.298	506.011	1504.11	1257.51
23.6611	254.324	510.71	1515.45	1263.34
23.6669	254.913	511.595	1477.42	1264.8
23.6727	254.031	507.182	1493.72	1264.07
23.6785	252.86	504.844	1492.86	1268.46
23.6844	252.568	506.304	1520.71	1272.13
23.6902	252.422	513.668	1504.11	1274.33
23.696	251.549	508.649	1262.61
23.7018	251.403	507.768	1264.8
23.7076	245.519	505.135	1253.89
23.7134	246.514	504.844	1240.2
23.7192	246.372	500.488	1280.97
23.725	244.387	503.679	1284.68
23.7308	246.799	501.357	1270.66
23.7366	240.05	508.649	1256.79
23.7424	237.979	503.388	1269.92
23.7482	235.246	512.779	1269.92
23.754
23.7598
23.7656
23.7714
23.7772
23.783
23.7888
23.7946
23.8005
23.8063
23.8121
23.8179
23.8237
23.8295
23.8353
23.8411
23.8469
23.8527
23.8585
23.8643
23.8701
23.8759
23.8817
23.8875
23.8933
23.8991
23.9049
23.9107
23.9166
23.9224
23.9282
23.934
23.9398
23.9456
23.9514
23.9572
23.963
23.9688
23.9746
23.9804
23.9862
23.992
23.9978
24.0036
24.0094
24.0152
24.021
24.0268
24.0327
24.0385
24.0443
24.0501
24.0559
24.0617
24.0675
24.0733
24.0791
24.0849
24.0907
24.0965
24.1023
24.1081
24.1139
24.1197
24.1255
24.1313
24.1371
24.1429
24.1488
24.1546
24.1604
24.1662
24.172
24.1778
24.1836
24.1894
24.1952
24.201
24.2068
24.2126
24.2184
24.2242
24.23
24.2358
24.2416
24.2474
24.2532
24.259
24.2649
24.2707
24.2765
24.2823
24.2881
24.2939
24.2997
24.3055
24.3113
24.3171
24.3229
24.3287
24.3345
24.3403
24.3461
24.3519
24.3577
24.3635
24.3693
24.3751
24.381
24.3868
24.3926
24.3984
24.4042
24.41
24.4158
24.4216
24.4274
24.4332
24.439
24.4448
24.4506
24.4564
24.4622
24.468
24.4738
24.4796
24.4854
24.4912
24.4971
24.5029
24.5087
24.5145
24.5203
24.5261
24.5319
24.5377
24.5435
24.5493
24.5551
24.5609
24.5667
24.5725
24.5783
24.5841
24.5899
24.5957
24.6015
24.6073
24.6132
24.619
24.6248
24.6306
24.6364
24.6422
24.648
24.6538
24.6596
24.6654
24.6712
24.677
24.6828
24.6886
24.6944
24.7002
24.706
24.7118
24.7176
24.7234
24.7293
24.7351
24.7409
24.7467
24.7525
24.7583
24.7641
24.7699
24.7757
24.7815
24.7873
24.7931
24.7989
24.8047
24.8105
24.8163
24.8221
24.8279
24.8337
24.8395
24.8454
24.8512
24.857
24.8628
24.8686
24.8744
24.8802
24.886
24.8918
24.8976
24.9034
24.9092
24.915
24.9208
24.9266
24.9324
24.9382
24.944
24.9498
24.9556
24.9615
24.9673
24.9731
24.9789
24.9847
24.9905
24.9963
25.0021
25.0079
25.0137
25.0195
25.0253
25.0311
25.0369
25.0427
25.0485
25.0543
25.0601
25.0659
25.0717
25.0776
25.0834
25.0892
25.095
25.1008
25.1066
25.1124
25.1182
25.124
25.1298
25.1356
25.1414
25.1472
25.153
25.1588
25.1646
25.1704
25.1762
25.182
25.1878
25.1937
25.1995
25.2053
25.2111
25.2169
25.2227
25.2285
25.2343
25.2401
25.2459
25.2517
25.2575
25.2633
25.2691
25.2749
25.2807
25.2865
25.2923
25.2981
25.3039
25.3097
25.3156
25.3214
25.3272
25.333
25.3388
25.3446
25.3504
25.3562
25.362
25.3678
25.3736
25.3794
25.3852
25.391
25.3968
25.4026
25.4084
25.4142
25.42
25.4258
25.4317
25.4375
25.4433
25.4491
25.4549
25.4607
25.4665
25.4723
25.4781
25.4839
25.4897
25.4955
25.5013
25.5071
25.5129
25.5187
25.5245
25.5303
25.5361
25.542
25.5478
25.5536
25.5594
25.5652
25.571
25.5768
25.5826
25.5884
25.5942
25.6
25.6058
25.6116
25.6174
25.6232
25.629
25.6348
25.6406
25.6464
25.6522
25.658
25.6639
25.6697
25.6755
25.6813
25.6871
25.6929
25.6987
25.7045
25.7103
25.7161
25.7219
25.7277
25.7335
25.7393
25.7451
25.7509
25.7567
25.7625
25.7683
25.7741
25.78
25.7858
25.7916
25.7974
25.8032
25.809
25.8148
25.8206
25.8264
25.8322
25.838
25.8438
25.8496
25.8554
25.8612
25.867
25.8728
25.8786
25.8844
25.8902
25.8961
25.9019
25.9077
25.9135
25.9193
25.9251
25.9309
25.9367
25.9425
25.9483
25.9541
25.9599
25.9657
25.9715
25.9773
25.9831
25.9889
25.9947
26.0005
26.0063
26.0122
26.018
26.0238
26.0296
26.0354
26.0412
26.047
26.0528
26.0586
26.0644
26.0702
26.076
26.0818
26.0876
26.0934
26.0992
26.105
26.1108
26.1166
26.1224
26.1283
26.1341
26.1399
26.1457
26.1515
26.1573
26.1631
26.1689
26.1747
26.1805
26.1863
26.1921
26.1979
26.2037
26.2095
26.2153
26.2211
26.2269
26.2327
26.2385
26.2444
26.2502
26.256
26.2618
26.2676
26.2734
26.2792
26.285
26.2908
26.2966
26.3024
26.3082
26.314
26.3198
26.3256
26.3314
26.3372
26.343
26.3488
26.3546
26.3605
26.3663
26.3721
26.3779
26.3837
26.3895
26.3953
26.4011
26.4069
26.4127
26.4185
26.4243
26.4301
26.4359
26.4417
26.4475
26.4533
26.4591
26.4649
26.4707
26.4766
26.4824
26.4882
26.494
26.4998
26.5056
26.5114
26.5172
26.523
26.5288
26.5346
26.5404
26.5462
26.552
26.5578
26.5636
26.5694
26.5752
26.581
26.5868
26.5927
26.5985
26.6043
26.6101
26.6159
26.6217
26.6275
26.6333
26.6391
26.6449
26.6507
26.6565
26.6623
26.6681
26.6739
26.6797
26.6855
26.6913
26.6971
26.7029
26.7088
26.7146
26.7204
26.7262
26.732
26.7378
26.7436
26.7494
26.7552
26.761
26.7668
26.7726
26.7784
26.7842
26.79
26.7958
26.8016
26.8074
26.8132
26.819
26.8249
26.8307
26.8365
26.8423
26.8481
26.8539
26.8597
26.8655
26.8713
26.8771
26.8829
26.8887
26.8945
26.9003
26.9061
26.9119
26.9177
26.9235
26.9293
26.9351
26.941
26.9468
26.9526
26.9584
26.9642
26.97
26.9758
26.9816
26.9874
26.9932
26.999
27.0048
27.0106
27.0164
27.0222
27.028
27.0338
27.0396
27.0454
27.0512
27.0571
27.0629
27.0687
27.0745
27.0803
27.0861
27.0919
27.0977
27.1035
27.1093
27.1151
27.1209
27.1267
27.1325
27.1383
27.1441
27.1499
27.1557
27.1615
27.1673
27.1732
27.179
27.1848
27.1906
27.1964
27.2022
27.208
27.2138
27.2196
27.2254
27.2312
27.237
27.2428
27.2486
27.2544
27.2602
27.266
27.2718
27.2776
27.2834
27.2893
27.2951
27.3009
27.3067
27.3125
27.3183
27.3241
27.3299
27.3357
27.3415
27.3473
27.3531
27.3589
27.3647
27.3705
27.3763
27.3821
27.3879
27.3937
27.3995
27.4054
27.4112
27.417
27.4228
27.4286
27.4344
27.4402
27.446
27.4518
27.4576
27.4634
27.4692
27.475
27.4808
27.4866
27.4924
27.4982
27.504
27.5098
27.5156
27.5215
27.5273
27.5331
27.5389
27.5447
27.5505
27.5563
27.5621
27.5679
27.5737
27.5795
27.5853
27.5911
27.5969
27.6027
27.6085
27.6143
27.6201
27.6259
27.6317
27.6376
27.6434
27.6492
27.655
27.6608
27.6666
27.6724
27.6782
27.684
27.6898
27.6956
27.7014
27.7072
27.713
27.7188
27.7246
27.7304
27.7362
27.742
27.7478
27.7537
27.7595
27.7653
27.7711
27.7769
27.7827
27.7885
27.7943
27.8001
27.8059
27.8117
27.8175
27.8233
27.8291
27.8349
27.8407
27.8465
27.8523
27.8581
27.8639
27.8698
27.8756
27.8814
27.8872
27.893
27.8988
27.9046
27.9104
27.9162
27.922
27.9278
27.9336
27.9394
27.9452
27.951
27.9568
27.9626
27.9684
27.9742
27.98
27.9858
27.9917
27.9975
28.0033
28.0091
28.0149
28.0207
28.0265
28.0323
28.0381
28.0439
28.0497
28.0555
28.0613
28.0671
28.0729
28.0787
28.0845
28.0903
28.0961
28.1019
28.1078
28.1136
28.1194
28.1252
28.131
28.1368
28.1426
28.1484
28.1542
28.16
28.1658
28.1716
28.1774
28.1832
28.189
28.1948
28.2006
28.2064
28.2122
28.2181
28.2239
28.2297
28.2355
28.2413
28.2471
28.2529
28.2587
28.2645
28.2703
28.2761
28.2819
28.2877
28.2935
28.2993
28.3051
28.3109
28.3167
28.3225
28.3283
28.3341
28.34
28.3458
28.3516
28.3574
28.3632
28.369
28.3748
28.3806
28.3864
28.3922
28.398
28.4038
28.4096
28.4154
28.4212
28.427
28.4328
28.4386
28.4444
28.4502
28.4561
28.4619
28.4677
28.4735
28.4793
28.4851
28.4909
28.4967
28.5025
28.5083
28.5141
28.5199
28.5257
28.5315
28.5373
28.5431
28.5489
28.5547
28.5605
28.5663
28.5722
28.578
28.5838
28.5896
28.5954
28.6012
28.607
28.6128
28.6186
28.6244
28.6302
28.636
28.6418
28.6476
28.6534
28.6592
28.665
28.6708
28.6766
28.6824
28.6883
28.6941
28.6999
28.7057
28.7115
28.7173
28.7231
28.7289
28.7347
28.7405
28.7463
28.7521
28.7579
28.7637
28.7695
28.7753
28.7811
28.7869
28.7927
28.7985
28.8044
28.8102
28.816
28.8218
28.8276
28.8334
28.8392
28.845
28.8508
28.8566
28.8624
28.8682
28.874
28.8798
28.8856
28.8914
28.8972
28.903
28.9088
28.9146
28.9205
28.9263
28.9321
28.9379
28.9437
28.9495
28.9553
28.9611
28.9669
28.9727
28.9785
28.9843
28.9901
28.9959
29.0017
29.0075
29.0133
29.0191
29.0249
29.0307
29.0366
29.0424
29.0482
29.054
29.0598
29.0656
29.0714
29.0772
29.083
29.0888
29.0946
29.1004
29.1062
