7.69741	7.98186	2191.99	507.569
7.90059	8.16181	1819.96	653.481
7.90059	8.16181	1819.96	653.481
8.0341	8.16181	1724.78	423.753
8.16181	8.45787	2008.9	495.061
8.48109	8.7249	1750.87	357.971
8.69587	9.12544	1478.27	351.292
9.13125	9.61887	1463.82	152.614
9.95555	10.2922	1799.06	475.05
10.4025	10.6115	2018.21	257.88
10.6638	10.7799	2260.13	58.0235
10.6928	11.0005	2091.8	475.328
11.0005	11.3197	1743.81	428.665
11.3778	11.7319	1121.61	98.1833
11.639	11.9409	976.985	64.8817
11.848	12.5388	904.74	67.6606
11.8596	12.5446	1809.48	82.6385
15.5922	15.7838	3370.76	120.034
15.6328	15.9579	2053.49	400.503
15.9753	16.3643	1817.86	638.265
16.4281	16.8171	1588.03	348.994
16.8171	17.6297	1462.13	313.052
18.9997	19.3654	1770.2	454.442
19.4351	19.6034	1984.68	251.09
19.6557	20.062	2063	472.954
20.033	20.3407	1706.94	341.015
20.3755	20.9212	1061.11	71.4775
20.4045	20.8399	2011.23	51.82
20.8515	21.165	923.751	56.5624
24.8221	25.0253	1701.03	675.169
25.1124	25.333	1658.34	569.246
25.3388	25.7393	1714.84	477.789
25.7451	26.0354	1681.49	385.151
26.018	26.4243	1295.11	512.956
26.4301	26.8016	1298.11	396.988
26.7726	27.1557	1093.47	267.74
27.9917	28.4328	2680.02	149.078
28.1136	28.4909	1340.78	261.336
28.4677	28.7405	1468.91	222.816
28.7347	29.1294	1751.89	197.654
29.1527	29.3036	1491.13	145.653
29.292	29.4719	1833.68	45.5413
29.4081	29.7157	1206.99	85.4066
