11.7261	11.8654	3735.78	83.4316
11.7725	11.8654	4992.43	30.9794
11.7725	11.8654	4992.43	30.9794
26.2037	26.3895	8396.23	2.37128
26.2966	26.5056	8391.39	3.01655
26.3895	26.6217	8376.86	2.33077
26.7494	26.9584	8444.87	2.63636
26.8365	27.0512	8538.06	2.33645
26.8365	27.0512	8538.06	2.33645
27.0048	27.1383	8597.45	1.19865
27.0338	27.3937	8464.41	1.60566
27.3183	27.5331	8572.66	1.13573
27.417	27.6666	8732.58	1.09812
27.6317	27.8814	8647.25	4.1667
27.7595	27.9568	8543	3.49041
27.8756	28.1368	8722.5	2.72173
28.0439	28.3458	8727.54	1.30432
29.054	29.6693	1245.95	1.061
