0
0.00580499
0.01161
0.017415
0.02322
0.0290249
0.0348299
0.0406349
0.0464399
0.0522449
0.0580499
0.0638549
0.0696599
0.0754649
0.0812698
0.0870748
0.0928798
0.0986848
0.10449
0.110295
0.1161
0.121905
0.12771
0.133515
0.13932
0.145125
0.15093
0.156735
0.16254
0.168345	241.72
0.17415	243.12
0.179955	245.236
0.18576	246.942
0.191565	247.656
0.19737	247.799
0.203175	246.942
0.20898	246.942
0.214785	247.513
0.22059	247.656
0.226395	246.657
0.2322	246.087
0.238005	245.945
0.24381	245.378
0.249615	245.519
0.255419	245.519
0.261224	245.094
0.267029	244.67
0.272834	244.953
0.278639	244.246
0.284444	243.823
0.290249	243.823
0.296054	244.105
0.301859	244.811
0.307664	244.105
0.313469	243.542
0.319274	243.683
0.325079	244.105
0.330884	244.105
0.336689	244.105
0.342494	243.12
0.348299	240.189
0.354104	236.745
0.359909	247.227
0.365714	245.803
0.371519	245.803
0.377324	248.372
0.383129	248.372
0.388934	248.372
0.394739
0.400544
0.406349
0.412154
0.417959
0.423764
0.429569
0.435374
0.441179
0.446984
0.452789
0.458594	367.439
0.464399	363.218
0.470204	369.781
0.476009	379.518
0.481814	385.484
0.487619	386.822
0.493424	388.838
0.499229	388.838
0.505034	388.614
0.510839	387.717
0.516644	388.838
0.522449	388.838
0.528254	385.039
0.534059	383.264
0.539864	398.617
0.545669	402.086
0.551474	381.717
0.557279	381.938
0.563084	386.822
0.568889	404.649
0.574694	394.722
0.580499	387.269
0.586304	389.063
0.592109	388.614
0.597914	395.407
0.603719	404.415
0.609524	411.246
0.615329	399.308
0.621134	397.238
0.626939
0.632744
0.638549
0.644354
0.650159
0.655964
0.661769
0.667574
0.673379
0.679184
0.684989
0.690794
0.696599	204.085
0.702404	203.732
0.708209	201.974
0.714014	200.811
0.719819	198.39
0.725624	197.247	395.178
0.731429	196.338	393.356
0.737234	195.771	391.769
0.743039	195.32	389.738
0.748844	194.531	388.614
0.754649	194.083	388.614
0.760454	193.299	387.046
0.766258	193.858	388.614
0.772063	193.411	387.493
0.777868	193.523	387.717
0.783673	193.746	387.941
0.789478	193.746	388.389
0.795283	193.523	387.269
0.801088	193.746	387.941
0.806893	193.635	386.822
0.812698	193.858	387.717
0.818503	194.195	388.389
0.824308	194.531	389.738
0.830113	194.869	389.963
0.835918	195.094	391.091
0.841723	195.32	390.639
0.847528	194.644	389.513
0.853333	194.195	388.165
0.859138	190.528	386.822
0.864943	189.65	375.593
0.870748	185.104	355.949
0.876553	181.19	352.064
0.882358	173.508	344.619
0.888163	337.332
0.893968
0.899773
0.905578
0.911383
0.917188
0.922993
0.928798
0.934603
0.940408
0.946213
0.952018
0.957823
0.963628
0.969433
0.975238	171.813
0.981043	170.134
0.986848	169.349
0.992653	168.861
0.998458	169.252
1.00426	170.036
1.01007	171.614
1.01587	173.308
1.02168	174.917
1.02748	176.949
1.03329	178.489
1.03909	179.109
1.0449	179.212
1.0507	178.283
1.05651	176.541
1.06231	173.809
1.06812	173.208
1.07392	167.889
1.07973	165.386
1.08553	166.248
1.09134	171.218
1.09714
1.10295
1.10875
1.11456
1.12036
1.12617
1.13197
1.13778
1.14358
1.14939
1.15519
1.161
1.1668
1.17261
1.17841
1.18422
1.19002
1.19583
1.20163
1.20744
1.21324	171.714
1.21905	179.42
1.22485	175.93
1.23066	174.413
1.23646	173.608
1.24227	173.008
1.24807	172.409
1.25388	171.912
1.25968	171.416
1.26549	171.218
1.27129	171.218
1.2771	171.317
1.2829	171.515
1.28871	171.416
1.29451	171.021
1.30032	170.725
1.30612	170.331
1.31193	170.134	510.12
1.31773	170.036	509.826
1.32354	169.937	509.531
1.32934	170.527	509.826
1.33515	170.527	511.3
1.34095	170.429	511.3
1.34676	170.134	510.12
1.35256	170.036	509.826
1.35837	170.232	510.71
1.36417	169.937	510.71
1.36998	170.036	511.005
1.37578	170.232	512.187
1.38159	170.232	512.187	341.449
1.38739	170.134	512.187	340.858
1.3932	170.232	511.891	340.858
1.399	170.331	511.891	340.464
1.40481	170.036	511.3	340.268
1.41061	169.839	508.943	339.09
1.41642	169.839	508.943	338.895
1.42222	169.937	509.237	339.286
1.42803	170.232	509.237	339.286
1.43383	170.134	508.649	339.482
1.43964	170.527	509.237	340.661
1.44544	171.119	511.891	341.646
1.45125	171.714	513.965	343.031
1.45705	172.509	517.241	345.217
1.46286	173.308	519.037	347.016
1.46866	173.608	521.441	349.43
1.47447	173.91	521.14	352.267	180.459
1.48027	170.823	515.154	345.616	180.981
1.48608	171.317	536.41	338.699	170.823
1.49188	179.627	554.045	349.632	173.809
1.49769	184.357	574.578	365.745	182.345
1.50349	187.58	574.578	374.294	187.255
1.5093	184.144	377.333	189.869
1.5151	184.89	380.177	190.748
1.52091	381.938	191.411
1.52671	384.816	192.519
1.53252	391.317	194.869
1.53832	393.811	196.224
1.54413	393.584	196.906
1.54993	393.356	196.565
1.55574	393.129	196.565
1.56154	391.317	195.771
1.56735	389.513	194.644
1.57315	388.389	194.083
1.57896	389.288	194.869
1.58476	391.091	195.658
1.59057	392.675	196.224
1.59637	393.584	190.859
1.60218	403.249	187.255
1.60798	398.157	188.448
1.61379	407.699	188.994
1.61959	382.6	189.65
1.6254
1.6312
1.63701
1.64281
1.64862
1.65442
1.66023
1.66603
1.67184
1.67764
1.68345
1.68925
1.69506
1.70086
1.70667
1.71247
1.71828
1.72408
1.72989
1.73569
1.7415	203.614
1.7473	210.429
1.75311	211.282
1.75891	210.187
1.76472	208.735
1.77052	208.855
1.77633	209.097
1.78213	210.673
1.78794	213.984
1.79374	218.859
1.79955	223.2
1.80535	226.97
1.81116	230.272
1.81696	234.026
1.82277	237.019
1.82857	239.912
1.83438	242.419
1.84018	244.67
1.84599	247.37
1.85179	249.811
1.8576	252.276
1.8634	254.178
1.86921	255.65
1.87501	256.538
1.88082	257.726
1.88662	258.173
1.89243	258.471
1.89823	258.471
1.90404	258.919
1.90984	259.219
1.91565	259.668
1.92145	260.119
1.92726	259.969
1.93306	259.818
1.93887	259.668
1.94467	259.818
1.95048	259.818
1.95628	259.219
1.96209	258.919
1.96789	259.069
1.9737	259.069
1.9795	259.518
1.98531	259.818
1.99111	259.518
1.99692	259.969
2.00272	259.969
2.00853	260.269
2.01433	260.57
2.02014	260.419
2.02594	260.269
2.03175	260.269
2.03755	259.818
2.04336	259.969
2.04916	260.119
2.05497	260.119
2.06077	260.419
2.06658	260.72
2.07238	260.871
2.07819	261.323
2.08399	261.323
2.0898	260.871
2.0956	261.323
2.10141	261.777
2.10721	262.382
2.11302	263.293
2.11882	262.989
2.12463	262.837
2.13043	262.686
2.13624	262.534
2.14204	262.382
2.14785	262.534
2.15365	263.445
2.15946	264.055
2.16526	264.207
2.17107	263.902
2.17687	263.75
2.18268	263.598
2.18848	262.534
2.19429	260.72
2.20009	258.77
2.2059	256.389
2.2117	254.913
2.21751	249.09
2.22331	241.441
2.22912	239.358
2.23492	228.813
2.24073	226.446
2.24653
2.25234
2.25814
2.26395
2.26975
2.27556
2.28136
2.28717
2.29297
2.29878
2.30458	195.998
2.31039	195.432
2.31619	195.207
2.322	195.998
2.3278	196.906
2.33361	197.589
2.33941	197.932
2.34522	198.161
2.35102	197.818
2.35683	197.019
2.36263	195.771
2.36844	194.419
2.37424	193.523
2.38005	192.965
2.38585	193.299
2.39166	192.965
2.39746	191.079
2.40327	189.54
2.40907	188.775
2.41488	193.188
2.42068	188.884
2.42649	196.224
2.43229	194.981
2.4381
2.4439
2.44971
2.45551
2.46132
2.46712
2.47293
2.47873
2.48454
2.49034
2.49615
2.50195
2.50776
2.51356
2.51937
2.52517
2.53098
2.53678
2.54258
2.54839
2.55419	163.015
2.56	164.338
2.5658	163.959
2.57161	158.557
2.57741	155.653
2.58322	151.135
2.58902	146.324
2.59483	141.014
2.60063	139.394
2.60644	136.999
2.61224	130.964
2.61805	129.759
2.62385	128.491
2.62966	128.491
2.63546	124.761
2.64127	124.761	403.948
2.64707	124.761	386.152
2.65288	386.822
2.65868	409.351
2.66449	403.948
2.67029	402.783
2.6761	401.158
2.6819	398.387
2.68771	397.467
2.69351	396.092
2.69932	387.717
2.70512	368.714
2.71093	384.15
2.71673	382.821
2.72254	383.707
2.72834	381.497
2.73415	381.938
2.73995	382.158
2.74576	381.938
2.75156	384.372
2.75737	386.822
2.76317	396.321
2.76898	402.318
2.77478	402.783	554.045
2.78059	390.188	544.213
2.78639	407.228	540.453
2.7922	409.587	538.895
2.798	403.948	536.101
2.80381	407.463	518.737	127.751
2.80961	401.622	537.03	125.122
2.81542	398.387	543.584	125.92
2.82122	387.046	541.391	125.557
2.82703	394.722	546.733	126.211
2.83283	385.484	553.725	126.503
2.83864	376.244	555.648	127.236
2.84444	376.462	552.128	127.162
2.85025	378.861	553.406	127.383
2.85605	380.177	542.957	127.162
2.86186	382.158	542.643	127.236
2.86766	385.261	554.045	127.604
2.87347	385.707	565.36	128.195
2.87927	385.929	556.611	128.64
2.88508	391.543	557.577	129.31
2.89088	389.063	558.221	129.909
2.89669	391.995	561.131	130.36
2.90249	391.769	561.131	130.586
2.9083	391.543	567.979	130.662
2.9141	391.091	565.034	130.36
2.91991	389.288	561.455	130.21
2.92571	387.493	550.218	129.684
2.93152	384.594	567.651	128.788
2.93732	384.372	564.055	127.973
2.94313	383.264	556.29	127.309
2.94893	381.717	549.9	126.796
2.95474	387.941	555.327	126.722
2.96054	384.15	544.842	126.942
2.96635	384.372	552.128	127.53
2.97215	385.484	556.933	129.086
2.97796	387.269	548.631	130.36
2.98376	386.152	553.406	129.834
2.98957	368.714	544.527	129.834
2.99537	366.379	547.049	129.834
3.00118	358.632	531.783	129.012
3.00698	366.803	562.429	125.05
3.01279	359.254
3.01859
3.0244
3.0302
3.03601
3.04181
3.04762
3.05342
3.05923
3.06503	140.688
3.07084	141.177
3.07664	134.802
3.08245	129.012
3.08825	130.21
3.09406	130.737
3.09986	130.285
3.10567	130.21
3.11147	130.511
3.11728	131.115
3.12308	131.419
3.12889	131.951
3.13469	132.409
3.1405	132.639	265.125
3.1463	132.256	264.971
3.15211	132.562	264.818
3.15791	132.486	265.125
3.16372	132.027	264.36
3.16952	131.419	262.837
3.17533	130.964	261.777
3.18113	130.586	261.022
3.18694	130.285	260.57
3.19274	129.984	260.269
3.19855	130.285	260.119
3.20435	130.134	259.969
3.21016	129.984	259.818
3.21596	130.36	260.419
3.22177	130.436	260.57
3.22757	130.586	261.474
3.23338	131.951	263.902
3.23918	131.419	263.75
3.24499	131.419	260.871
3.25079	132.256	265.125
3.2566	132.256	265.125
3.2624	132.027	263.141
3.26821	263.141
3.27401
3.27982
3.28562
3.29143
3.29723
3.30304	192.631
3.30884	195.207
3.31465	185.639
3.32045	177.256
3.32626	168.471
3.33206	169.545
3.33787	169.643
3.34367	169.741
3.34948	169.154
3.35528	169.056
3.36109	167.018
3.36689	164.719
3.3727	166.056
3.3785	162.827
3.38431	162.263
3.39011	162.639
3.39592	165.482
3.40172	170.725
3.40753	175.93
3.41333
3.41914
3.42494
3.43075
3.43655
3.44236
3.44816
3.45397
3.45977
3.46558
3.47138
3.47719
3.48299
3.4888	195.32
3.4946	195.545
3.50041	195.658
3.50621	194.644
3.51202	194.083
3.51782	194.307
3.52363	194.756
3.52943	194.981
3.53524	195.432
3.54104	195.885
3.54685	196.111
3.55265	196.451
3.55846	197.019
3.56426	197.475
3.57007	197.932
3.57587	198.161
3.58168	198.849
3.58748	199.078
3.59329	198.849
3.59909	197.361
3.6049	193.97
3.6107	193.858
3.61651	196.338
3.62231	195.885
3.62812	197.133
3.63392	196.906
3.63973	196.224
3.64553	195.885
3.65134	194.981
3.65714	194.644
3.66295	194.531
3.66875	194.531
3.67456	196.224
3.68036	194.419
3.68617	197.361
3.69197
3.69778
3.70358
3.70939
3.71519
3.721	374.51
3.7268	361.335
3.73261	343.031
3.73841	346.616
3.74422	348.624
3.75002	350.238
3.75583	355.333
3.76163	358.425
3.76744	358.632
3.77324	353.694
3.77905	345.217
3.78485	339.482
3.79066	334.809
3.79646	335.196
3.80227	332.304
3.80807	329.818
3.81388	327.918
3.81968	326.784
3.82549	327.162
3.83129	327.54
3.8371	327.54
3.8429	324.152	173.108
3.84871	315.47	174.614
3.85451	326.03	173.008
3.86032	331.92	164.433
3.86612	329.818	165.195
3.87193	333.65	166.825
3.87773	340.858	166.344
3.88354	331.537	166.633
3.88934	332.112	167.018
3.89515	167.404
3.90095	167.792
3.90676	168.569
3.91256	169.154
3.91837	170.331
3.92417	171.813
3.92998	173.608
3.93578	175.727
3.94159	177.666
3.94739	179.731
3.9532	182.767
3.959	185.961
3.96481	189.321
3.97061	191.742
3.97642	194.531
3.98222	198.275
3.98803	201.392
3.99383	204.321
3.99964	206.576
4.00544	208.855
4.01125	211.038
4.01705	212.506
4.02286	213.614
4.02866	214.479
4.03447	215.224
4.04027	216.221
4.04608	216.846
4.05188	217.097
4.05769	217.222
4.06349	217.222
4.0693	217.599
4.0751	217.85
4.08091	217.599
4.08671	217.599
4.09252	217.976
4.09832	218.354
4.10413	218.48
4.10993	218.48
4.11574	218.354
4.12154	218.228
4.12735	218.102
4.13315	217.473
4.13896	217.473
4.14476	217.348
4.15057	216.721
4.15637	216.345
4.16218	216.345
4.16798	216.47
4.17379	216.846
4.17959	217.473
4.1854	217.724
4.1912	217.85
4.19701	217.85
4.20281	218.102
4.20862	217.85
4.21442	217.85
4.22023	217.724
4.22603	217.724
4.23184	217.85
4.23764	217.85
4.24345	217.976
4.24925	218.354
4.25506	218.354
4.26086	217.724
4.26667	217.85
4.27247	217.976
4.27828	218.228
4.28408	217.85
4.28989	217.724
4.29569	217.473
4.3015	217.097
4.3073	217.222
4.31311	217.222
4.31891	217.473
4.32472	217.348
4.33052	217.222
4.33633	217.473
4.34213	217.85
4.34794	217.976
4.35374	217.348
4.35955	216.971
4.36535	216.721
4.37116	216.596
4.37696	216.721
4.38277	216.47
4.38857	216.345
4.39438	216.47
4.40018	216.47
4.40599	217.097
4.41179	217.222
4.4176	216.721
4.4234	216.345
4.42921	216.971
4.43501	217.473
4.44082	217.976
4.44662	218.48
4.45243	218.986
4.45823	219.492
4.46404	219.873
4.46984	219.873
4.47565	219.619
4.48145	218.859
4.48726	218.48
4.49306	218.354
4.49887	218.102
4.50467	217.976
4.51048	218.607
4.51628	218.607
4.52209	218.607
4.52789	218.733
4.5337	218.733
4.5395	218.354
4.54531	217.85
4.55111	217.599
4.55692	217.348
4.56272	216.971
4.56853	216.345
4.57433	216.596
4.58014	217.097
4.58594	217.348
4.59175	217.473
4.59755	217.724
4.60336	217.724
4.60916	217.724
4.61497	217.724
4.62077	217.473
4.62658	217.222
4.63238	217.097
4.63819	216.971
4.64399	217.097
4.6498	217.222
4.6556	217.222
4.66141	217.222
4.66721	216.971
4.67302	216.846
4.67882	216.47
4.68463	216.221
4.69043	216.846
4.69624	216.971
4.70204	217.097
4.70785	217.097
4.71365	217.097
4.71946	216.846
4.72526	216.596
4.73107	216.721
4.73687	216.721
4.74268	216.596
4.74848	216.345
4.75429	215.971
4.76009	216.096
4.7659	216.47
4.7717	216.721
4.77751	217.473
4.78331	217.724
4.78912	218.228
4.79492	218.102
4.80073	217.724
4.80653	216.971
4.81234	216.345
4.81814	216.096
4.82395	214.851
4.82975	214.603
4.83556	213.737
4.84136	212.506
4.84717	214.603
4.85297	215.348
4.85878	216.846
4.86458	217.724
4.87039	217.85
4.87619	218.228
4.882	218.228
4.8878	217.348
4.89361	214.479
4.89941
4.90522
4.91102
4.91683
4.92263	178.902
4.92844	176.235
4.93424	171.317
4.94005	171.614
4.94585	164.433
4.95166	171.714
4.95746	169.545
4.96327	169.056
4.96907	169.545
4.97487	170.429
4.98068	171.614
4.98649	172.708
4.99229	173.408
4.9981	174.111
5.0039	174.312
5.00971	174.111
5.01551	173.709
5.02132	173.508
5.02712	173.608
5.03293	173.608
5.03873	174.111
5.04454	174.513
5.05034	175.018
5.05615	175.322
5.06195	175.524
5.06776	175.524
5.07356	175.727
5.07936	175.524
5.08517	174.211
5.09097	177.052
5.09678	167.889
5.10258	173.709
5.10839	173.608
5.11419
5.12
5.1258
5.13161
5.13741
5.14322
5.14902
5.15483
5.16063
5.16644
5.17225
5.17805
5.18385
5.18966
5.19546
5.20127
5.20707
5.21288
5.21868
5.22449
5.23029
5.2361
5.2419
5.24771
5.25351
5.25932
5.26512
5.27093
5.27673
5.28254
5.28834
5.29415
5.29995
5.30576
5.31156
5.31737
5.32317
5.32898
5.33478
5.34059
5.34639
5.3522
5.358
5.36381
5.36961
5.37542
5.38122
5.38703
5.39283
5.39864
5.40444
5.41025
5.41605
5.42186
5.42766
5.43347
5.43927
5.44508
5.45088
5.45669
5.46249
5.4683
5.4741
5.47991
5.48571
5.49152
5.49732
5.50313
5.50893
5.51474
5.52054
5.52635
5.53215
5.53796
5.54376
5.54957
5.55537
5.56118
5.56698
5.57279
5.57859
5.5844
5.5902
5.59601
5.60181
5.60762	281.052	602.796
5.61342	292.311	584.622
5.61923	303.845	576.906
5.62503	286.295	575.907
5.63084	288.62	577.24
5.63664	286.792	575.242
5.64245	285.8	574.578
5.64825	287.123	576.24
5.65406	288.953	577.907
5.65986	289.12	578.575
5.66567	289.455	578.909
5.67147	289.455	578.575
5.67728	289.789	578.909
5.68308	290.124	579.913
5.68889	290.124	579.913
5.69469	289.957	579.913
5.7005	289.622	579.578
5.7063	289.455	579.244
5.71211	289.789	579.913
5.71791	290.459	581.59
5.72372	291.3	583.273
5.72952	291.973	584.622
5.73533	292.987	586.651
5.74113	293.834	587.669
5.74694	293.665	586.651
5.75274	291.973	585.298
5.75855	292.311	584.96
5.76435	290.292	582.263
5.77016	283.825	568.964
5.77596	278.466	555.006
5.78177	289.12	555.969
5.78757	277.503	534.554
5.79338	278.306
5.79918
5.80499
5.81079
5.8166
5.8224
5.82821
5.83401
5.83982
5.84562
5.85143
5.85723
5.86304
5.86884
5.87465
5.88045	256.389
5.88626	258.471
5.89206	261.777
5.89787	263.75
5.90367	264.055
5.90948	260.871	789.9
5.91528	263.141	790.813
5.92109	264.665	791.27
5.92689	264.971	788.988
5.9327	263.293	783.991
5.9385	261.474	783.991
5.94431	262.534	784.444
5.95011	263.902	784.444
5.95592	262.079	782.182
5.96172	260.419	783.086
5.96753	259.818	783.086
5.97333	260.419	779.475
5.97914	260.269	779.475
5.98494	262.686	780.827
5.99075	259.369	784.897
5.99655	261.777	788.077
6.00236	263.141	797.234
6.00816	252.86	758.599	257.428
6.01397	258.024	781.73	259.518
6.01977	257.875	773.644	261.928
6.02558	260.57	763.875	260.119
6.03138	258.77	763.875	258.77
6.03719	257.28	771.859	257.875
6.04299	255.355	771.413	256.686
6.0488	255.06	769.633	256.241
6.0546	255.207	770.522	256.093
6.06041	255.946	769.188	256.389
6.06621	257.875	773.644	257.726
6.07202	259.969	778.126	259.969
6.07782	785.351	262.079
6.08363	794.017	264.665
6.08943	799.078	266.66
6.09524	806.032	268.515
6.10104	811.17	270.852
6.10685	823.444	274.633
6.11265	834.457	277.984
6.11846	843.178	281.539
6.12426	860.398	285.8
6.13007	870.395	289.12
6.13587	879.492	293.326
6.14168	892.8	297.592
6.14748	301.572
6.15329	306.844
6.15909	310.409
6.1649	312.749
6.1707	314.016
6.17651	314.56
6.18231	314.56
6.18812	314.924
6.19392	315.288
6.19973	315.106
6.20553	315.288
6.21134	315.47
6.21714	315.288
6.22295	315.106
6.22875	314.742
6.23456	314.56
6.24036	314.379
6.24617	314.56
6.25197	314.016
6.25778	313.834
6.26358	314.56
6.26939	314.924
6.27519	315.652
6.281	317.114
6.2868	317.664
6.29261	318.399
6.29841	318.583
6.30422	318.215
6.31002	318.399
6.31583	319.136
6.32163	320.429
6.32744	321.355
6.33324	321.727
6.33905	321.913
6.34485	322.285
6.35066	322.471
6.35646	322.285
6.36227	322.285
6.36807	322.658
6.37388	323.03
6.37968	323.778
6.38549	324.527
6.39129	324.902
6.3971	324.714
6.4029	324.339
6.40871	323.778
6.41451	323.03
6.42032	322.285
6.42612	321.913
6.43193	321.727
6.43773	321.727
6.44354	322.099
6.44934	322.099
6.45515	322.099
6.46095	321.727
6.46676	321.541
6.47256	321.355
6.47837	321.355
6.48417	321.727
6.48998	321.913
6.49578	322.471
6.50159	322.285
6.50739	321.913
6.5132	321.541
6.519	321.541
6.52481	321.727
6.53061	321.355
6.53642	321.355
6.54222	321.727
6.54803	322.658
6.55383	323.404
6.55964	323.965
6.56544	324.152
6.57125	324.527
6.57705	324.714
6.58286	324.714
6.58866	324.527
6.59447	324.152
6.60027	323.965
6.60608	323.591
6.61188	323.404
6.61769	323.217
6.62349	322.844
6.6293	322.471
6.6351	321.913
6.64091	321.727
6.64671	322.285
6.65252	322.844
6.65832	323.778
6.66413	324.152
6.66993	324.152
6.67574	324.339
6.68154	324.339
6.68735	324.339
6.69315	323.965
6.69896	323.965
6.70476	323.778
6.71057	323.778
6.71637	323.965
6.72218	324.152
6.72798	323.965
6.73379	323.778
6.73959	323.217
6.7454	322.285
6.7512	321.727
6.75701	321.355
6.76281	321.17
6.76862	320.799
6.77442	320.614
6.78023	320.429
6.78603	320.614
6.79184	320.984
6.79764	321.541
6.80345	322.285
6.80925	322.658
6.81506	323.03
6.82086	323.404
6.82667	324.152
6.83247	324.527
6.83828	324.527
6.84408	324.902
6.84989	326.03
6.85569	326.973
6.8615	327.162
6.8673	327.162
6.87311	327.351
6.87891	327.54
6.88472	327.729
6.89052	327.918
6.89633	330.009
6.90213	333.65
6.90794	337.722
6.91374	341.252
6.91955	344.818
6.92535	349.228
6.93116	353.899
6.93696	361.335
6.94277	369.781
6.94857	379.08
6.95438	385.929
6.96018	387.269
6.96599	387.717
6.97179	391.543
6.9776	392.675
6.9834	396.092
6.98921	392.222
6.99501	392.222
7.00082	391.769
7.00662	391.769
7.01243	391.091
7.01823	391.543
7.02404	389.063
7.02984	384.372
7.03565	386.599
7.04145
7.04726
7.05306
7.05887
7.06467
7.07048
7.07628
7.08209
7.08789	255.207
7.0937	253.591
7.0995	251.985
7.10531	250.389
7.11111	250.678
7.11692	251.549
7.12272	253.445
7.12853	254.913
7.13433	255.946
7.14014	257.428
7.14594	258.621
7.15175	258.471
7.15755	258.621
7.16336	258.919
7.16916	258.471
7.17497	258.024
7.18077	257.428
7.18658	256.686
7.19238	257.28
7.19819	258.471
7.20399	259.219
7.2098	260.269
7.2156	261.323
7.22141	261.323
7.22721	260.72
7.23302	260.419
7.23882	259.969
7.24463	260.57
7.25043	261.323
7.25624	261.474
7.26204	261.928
7.26785	261.928
7.27365	261.777
7.27946	261.777
7.28526	260.72
7.29107	259.369
7.29687	258.322
7.30268	256.093
7.30848	253.445
7.31429	248.659
7.32009	243.542
7.3259	237.979
7.3317	230.938
7.33751	223.071
7.34331	212.998
7.34912	204.203
7.35492	200.232
7.36073	197.818
7.36653	196.338
7.37234	195.885
7.37814	195.32
7.38395	195.094
7.38975	194.756
7.39556	194.083
7.40136	193.97
7.40717	194.195
7.41297	194.195
7.41878	193.858
7.42458	193.523
7.43039	193.188
7.43619	190.748
7.442	196.678
7.4478	195.545
7.45361	192.742
7.45941	192.408
7.46522	192.965
7.47102	194.981
7.47683
7.48263
7.48844
7.49424
7.50005
7.50585
7.51166
7.51746
7.52327
7.52907
7.53487
7.54068
7.54648
7.55229
7.55809
7.5639
7.56971
7.57551
7.58132
7.58712
7.59293
7.59873	260.72
7.60454	260.871
7.61034	261.022
7.61615	261.474
7.62195	257.28
7.62776	256.241
7.63356	255.06
7.63936	254.766
7.64517	255.502
7.65097	256.241
7.65678	257.428
7.66258	258.77
7.66839	260.119
7.67419	260.72
7.68	260.119
7.6858	258.173
7.69161	256.686
7.69741	249.811
7.70322	260.419
7.70902	253.884
7.71483
7.72063
7.72644
7.73224
7.73805
7.74385	303.494
7.74966	321.913
7.75546	310.051
7.76127	312.388
7.76707	316.017
7.77288	309.693
7.77868	314.56	625.497
7.78449	314.924	628.758
7.79029	314.924	629.121
7.7961	314.742	629.848
7.8019	315.47	632.4
7.80771	316.565	635.696
7.81351	318.951	638.271
7.81932	321.913	643.082
7.82512	323.965	648.304
7.83093	325.089	650.179
7.83673	325.089	650.555
7.84254	324.527	649.053
7.84834	323.591	647.555
7.85415	322.844	645.688
7.85995	322.471	644.942
7.86576	321.913	643.454
7.87156	321.541	643.082
7.87737	321.541	642.711
7.88317	322.099	643.454
7.88898	323.03	645.688
7.89478	323.965	647.555
7.90059	325.465	651.307
7.90639	326.784	653.19
7.9122	327.918	653.945
7.918	328.297	655.837
7.92381	324.902	652.436
7.92961	322.844	646.808
7.93542	324.527	642.711
7.94122	324.339	655.08
7.94703	332.688	655.08
7.95283	328.677	649.804
7.95864	327.918	650.93
7.96444	324.902	645.688
7.97025	324.527	641.969
7.97605	645.315
7.98186
7.98766
7.99347
7.99927
8.00508
8.01088	322.471
8.01669	302.27
8.02249	301.398
8.0283	299.489
8.0341	296.22
8.03991	294.514
8.04571	291.805
8.05152	290.963
8.05732	291.468
8.06313	290.124	329.628
8.06893	288.787	329.437
8.07474	288.453	328.297
8.08054	288.287	329.247
8.08635	286.957	330.772
8.09215	286.13	328.677
8.09796	286.13	330.963
8.10376	286.13	329.247
8.10957	273.683	326.407
8.11537	270.227	324.339
8.12118	259.369	317.481
8.12698	259.668	322.471
8.13279	322.471
8.13859	319.505
8.1444	310.947
8.1502	310.23
8.15601	311.487
8.16181	298.281
8.16762	299.489	301.921
8.17342	300.529	302.969
8.17923	300.529	302.794
8.18503	300.529	302.444
8.19084	300.702	299.489
8.19664	297.936	296.049
8.20245	295.707	295.195
8.20825	295.537	295.195
8.21406	295.195	295.366
8.21986	296.22	296.22
8.22567	298.453	298.798
8.23147	300.182	300.702
8.23728	302.27	302.794
8.24308	304.724	305.076
8.24889	307.909	307.731
8.25469	310.23	310.409
8.2605	313.653	628.758
8.2663	317.664	634.962
8.27211	321.541	642.711
8.27791	325.653	650.93
8.28372	329.057	657.354
8.28952	332.304	663.841
8.29533	336.554	673.886
8.30113	341.252	682.504
8.30694	345.217	690.833
8.31274	348.221	696.845
8.31855	349.632	699.668
8.32435	349.834	699.668
8.33016	349.43	699.264
8.33596	349.43	698.86
8.34177	349.632	699.668
8.34757	349.43	698.86
8.35338	349.632	698.86
8.35918	349.834	700.072
8.36499	350.238	700.881
8.37079	350.846	701.692
8.3766	351.454	702.908
8.3824	351.86	702.908
8.38821	352.267	703.721
8.39401	352.267	703.721
8.39982	352.878	704.942
8.40562	354.103	706.572
8.41143	355.743	709.845
8.41723	357.598	714.782
8.42304	360.085	720.586
8.42884	360.501	721.419
8.43465	357.185	714.369
8.44045	350.036
8.44626	341.449
8.45206	338.699
8.45787	342.832
8.46367	347.819
8.46948	348.422
8.47528	359.669
8.48109
8.48689
8.4927
8.4985
8.50431
8.51011
8.51592
8.52172
8.52753
8.53333
8.53914
8.54494
8.55075
8.55655
8.56236
8.56816
8.57397
8.57977
8.58558
8.59138
8.59719
8.60299
8.6088
8.6146
8.62041
8.62621
8.63202
8.63782
8.64363
8.64943
8.65524
8.66104
8.66685
8.67265
8.67846
8.68426
8.69007
8.69587
8.70168
8.70748
8.71329
8.71909
8.7249
8.7307
8.73651
8.74231
8.74812
8.75392
8.75973
8.76553
8.77134
8.77714
8.78295
8.78875
8.79456
8.80036
8.80617
8.81197
8.81778
8.82358
8.82939
8.83519
8.841
8.8468
8.85261
8.85841
8.86422
8.87002
8.87583
8.88163
8.88744
8.89324
8.89905
8.90485
8.91066
8.91646
8.92227
8.92807
8.93388
8.93968
8.94549
8.95129
8.9571
8.9629
8.96871	302.619
8.97451	292.649
8.98032	291.636
8.98612	291.131
8.99193	294.004
8.99773	280.727
9.00354	283.825
9.00934	283.498
9.01515	284.811
9.02095	283.498
9.02676	282.843
9.03256	282.191
9.03837	282.354
9.04417	283.334
9.04998	284.482
9.05578	285.8
9.06159	286.461
9.06739	286.13
9.0732	284.646
9.079	283.498
9.08481	283.334
9.09061	283.825
9.09642	285.305
9.10222	285.965
9.10803	286.792
9.11383	287.455
9.11964	288.453
9.12544	287.455
9.13125	286.13
9.13705	284.153
9.14286	283.334
9.14866	282.517
9.15447	279.272
9.16027	273.367
9.16608	266.814	264.971
9.17188	254.618	268.36
9.17769	271.322	265.738
9.18349	264.818	269.136
9.1893	267.432
9.1951	265.278
9.20091	261.474
9.20671	260.57
9.21252	258.471
9.21832	256.538
9.22413	254.913
9.22993	253.152
9.23574	251.839
9.24154	249.667
9.24735	251.549
9.25315	251.549
9.25896	243.683
9.26476	239.358
9.27057	236.472
9.27637	229.608
9.28218	226.054
9.28798	219.873
9.29379	216.221
9.29959	213.49
9.3054	209.701
9.3112	206.337
9.31701	204.203
9.32281	200.347
9.32862	197.361
9.33442	195.094
9.34023	193.411
9.34603	198.734
9.35184	190.308
9.35764	189.431
9.36345	188.994
9.36925	189.65
9.37506	190.088
9.38086	192.186
9.38667	190.859
9.39247
9.39828
9.40408	382.6
9.40989	383.264
9.41569	360.501
9.4215	385.484	192.408
9.4273	386.375	193.188
9.43311	385.929	193.411
9.43891	385.261	192.519
9.44472	384.816	192.631
9.45052	384.15	191.632
9.45633	382.6	191.742
9.46213	383.485	191.3
9.46794	382.6	190.638
9.47374	383.707	192.075
9.47955	381.717	190.969
9.48535	382.379	189.759
9.49116	380.177	191.079
9.49696	383.264	191.632
9.50277	384.372	192.297
9.50857	384.816	193.188
9.51438	385.261	192.965
9.52018	387.046	193.523
9.52599	388.165	194.981
9.53179	389.963	195.32
9.5376	394.494	195.998	194.307
9.5434	398.387	199.193	194.307
9.54921	399.078	198.39	194.195
9.55501	397.467	199.078	194.644
9.56082	390.639	195.658	195.545
9.56662	388.165	194.756	194.981
9.57243	387.493	194.083	194.756
9.57823	386.375	193.076	193.97
9.58404	386.152	192.965	193.411
9.58984	387.493	193.523	193.746
9.59565	388.389	193.97	193.97
9.60145	388.614	193.97	193.858
9.60726	388.838	193.97	194.083
9.61306	388.389	194.083	194.083
9.61887	387.269	193.746	193.635
9.62467	387.493	193.523
9.63048	388.614	194.083
9.63628	389.513	194.644
9.64209	389.738	194.756
9.64789	390.188	194.869
9.6537	390.414	194.981
9.6595	390.639	194.869
9.66531	390.188	194.756
9.67111	390.188	194.981
9.67692	391.317	195.545
9.68272	392.902	196.111
9.68853	394.722	196.678
9.69433	393.584	198.963
9.70014	397.467	191.632
9.70594	411.246	192.075
9.71175	421.833	192.408
9.71755	421.833	197.247
9.72336	406.523
9.72916
9.73497
9.74077
9.74658
9.75238
9.75819
9.76399
9.7698
9.7756
9.78141
9.78721
9.79302
9.79882
9.80463
9.81043
9.81624
9.82204
9.82785
9.83365
9.83946
9.84526
9.85107
9.85687
9.86268
9.86848
9.87429
9.88009
9.8859
9.8917
9.89751
9.90331
9.90912
9.91492
9.92073
9.92653
9.93234
9.93814
9.94394	236.745
9.94975	242.559
9.95555	240.328
9.96136	239.635
9.96716	238.53
9.97297	239.358
9.97878	240.884
9.98458	243.261
9.99039	246.514
9.99619	250.678
10.002	257.577
10.0078	262.382
10.0136	268.826
10.0194	273.683
10.0252	279.111
10.031	282.191
10.0368	285.47
10.0426	287.621
10.0484	289.455
10.0542	289.957
10.06	290.292
10.0659	289.622
10.0717	289.12
10.0775	288.787
10.0833	287.787
10.0891	287.455
10.0949	285.305
10.1007	282.028
10.1065	281.865
10.1123	281.052
10.1181	279.272
10.1239	271.165
10.1297	290.124
10.1355	291.131
10.1413
10.1471
10.1529
10.1587
10.1645
10.1703
10.1761
10.1819	287.621
10.1878	279.111
10.1936	267.277
10.1994	273.209
10.2052	273.999
10.211	269.447
10.2168	267.432
10.2226	265.584
10.2284	264.665
10.2342	263.902
10.24	264.207
10.2458	261.928
10.2516	260.57
10.2574	258.024
10.2632	248.659
10.269	243.542
10.2748	244.529
10.2806	245.378
10.2864	250.678
10.2922	250.1
10.298	249.378
10.3039	253.006
10.3097	260.57
10.3155	259.818
10.3213	258.322
10.3271	258.173
10.3329	256.241
10.3387	259.818
10.3445	270.227
10.3503	282.517	260.871
10.3561	289.287	263.902
10.3619	298.108	263.75
10.3677	262.382
10.3735	262.079
10.3793	262.231
10.3851	262.534
10.3909	262.837
10.3967	262.534
10.4025	262.231
10.4083	262.231
10.4141	261.626
10.42	261.323
10.4258	261.626
10.4316	262.079
10.4374	262.231
10.4432	262.686
10.449	262.989
10.4548	262.837
10.4606	262.686
10.4664	262.382
10.4722	262.079
10.478	261.474
10.4838	261.022
10.4896	260.57
10.4954	260.119
10.5012	259.818
10.507	259.518
10.5128	259.369
10.5186	259.069
10.5244	258.77
10.5302	257.875
10.5361	257.28
10.5419	256.982
10.5477	257.428
10.5535	257.577
10.5593	257.875
10.5651	258.173
10.5709	258.322
10.5767	258.77
10.5825	259.369
10.5883	259.818
10.5941	259.969
10.5999	259.969
10.6057	259.818
10.6115	259.818
10.6173	259.369
10.6231	259.219
10.6289	258.77
10.6347	258.024
10.6405	257.577
10.6463	257.28
10.6522	256.241
10.658	255.207
10.6638	253.298
10.6696	249.955
10.6754	246.942
10.6812	243.823
10.687	239.082
10.6928	232.007
10.6986	228.285
10.7044	218.354
10.7102	214.108
10.716	204.675
10.7218	210.673
10.7276	200.463
10.7334	199.424
10.7392	183.613
10.745
10.7508
10.7566
10.7624
10.7683
10.7741
10.7799
10.7857
10.7915
10.7973
10.8031
10.8089
10.8147
10.8205
10.8263
10.8321
10.8379
10.8437
10.8495
10.8553
10.8611
10.8669
10.8727
10.8785
10.8844
10.8902
10.896
10.9018
10.9076
10.9134
10.9192
10.925
10.9308
10.9366
10.9424
10.9482
10.954
10.9598
10.9656
10.9714
10.9772
10.983
10.9888
10.9946
11.0005
11.0063
11.0121
11.0179
11.0237
11.0295
11.0353
11.0411
11.0469
11.0527
11.0585
11.0643
11.0701
11.0759
11.0817
11.0875
11.0933
11.0991
11.1049
11.1107
11.1166
11.1224
11.1282
11.134
11.1398
11.1456
11.1514
11.1572
11.163
11.1688
11.1746
11.1804
11.1862
11.192
11.1978
11.2036
11.2094
11.2152
11.221
11.2268
11.2327
11.2385
11.2443
11.2501
11.2559
11.2617
11.2675
11.2733
11.2791
11.2849
11.2907
11.2965
11.3023
11.3081
11.3139
11.3197
11.3255
11.3313
11.3371
11.3429
11.3488
11.3546
11.3604
11.3662
11.372
11.3778
11.3836
11.3894
11.3952
11.401
11.4068
11.4126
11.4184
11.4242
11.43
11.4358
11.4416
11.4474
11.4532
11.459
11.4649
11.4707
11.4765
11.4823
11.4881
11.4939
11.4997
11.5055
11.5113
11.5171
11.5229
11.5287
11.5345
11.5403
11.5461
11.5519
11.5577
11.5635
11.5693
11.5751
11.581	266.353
11.5868	263.75
11.5926	261.022
11.5984	261.626
11.6042	259.069
11.61	258.471
11.6158	258.024
11.6216	258.471
11.6274	258.471
11.6332	256.686
11.639	252.422
11.6448	242.84
11.6506	232.947
11.6564	218.102
11.6622	211.16
11.668	208.253
11.6738	208.494
11.6796
11.6854
11.6912
11.6971
11.7029
11.7087
11.7145
11.7203	253.445
11.7261	261.626
11.7319	259.219
11.7377	257.875
11.7435	258.471
11.7493	260.419
11.7551	260.57
11.7609	259.668
11.7667	258.621
11.7725	256.834
11.7783	255.355
11.7841	254.913
11.7899	253.445
11.7957	251.694
11.8015	259.219
11.8073	259.969
11.8132	263.293
11.819	262.079
11.8248	257.28	559.189
11.8306	253.445	559.836
11.8364	255.65	546.733
11.8422	253.884	515.749
11.848	249.811	514.262
11.8538	257.131	515.154
11.8596	257.577	515.749
11.8654	258.471	517.54
11.8712	257.577	522.949
11.877	258.471	524.461
11.8828	260.871	520.538
11.8886	259.668	518.438
11.8944	256.834	520.839
11.9002	259.668	517.54
11.906	511.3
11.9118	501.646
11.9176	496.744
11.9234	495.026
11.9293	497.031
11.9351	497.319
11.9409	477.336
11.9467	473.764
11.9525	466.703	239.912
11.9583	443.06	241.441
11.9641	445.627	254.913
11.9699	442.805	255.946
11.9757	457.626	260.269
11.9815	260.419
11.9873	258.024	516.644
11.9931	256.834	515.452
11.9989	256.834	516.346
12.0047	258.024	519.637
12.0105	258.173	519.037
12.0163	259.369	519.337
12.0221	259.969	518.138
12.0279	259.969	517.839
12.0337	259.219	517.241
12.0395	258.77	516.644
12.0454	258.471	516.047
12.0512	258.173	515.452
12.057	257.577	515.154
12.0628	257.577	514.559
12.0686	256.538	514.262
12.0744	254.766	510.415
12.0802	254.766	510.12
12.086	252.276	516.047
12.0918	253.884	516.942
12.0976	252.714	525.675
12.1034	254.324	507.768
12.1092	497.606
12.115	498.181
12.1208	516.346	249.811
12.1266	512.779	249.667
12.1324	500.488	250.244
12.1382	501.646	250.244
12.144	503.97	249.811
12.1498	503.679	250.1
12.1556	499.333	249.523
12.1615	499.045	249.378
12.1673	499.622	250.389
12.1731	501.646	251.113
12.1789	507.182	252.86
12.1847	517.241	258.173
12.1905	516.047	262.686
12.1963	533.629	267.432
12.2021	542.33	271.635
12.2079	552.766	274.316
12.2137	556.611	278.145
12.2195	563.73	282.354
12.2253	561.455	286.13
12.2311	577.573	289.789
12.2369	574.91	292.142
12.2427	584.96	293.495
12.2485	587.669	294.004
12.2543	586.651	294.514
12.2601	588.008	294.855
12.2659	587.33	294.684
12.2717	586.99	293.665
12.2776	583.947	292.311
12.2834	581.927	291.805
12.2892	580.919	290.459
12.295	582.936	290.795
12.3008	583.947	290.459
12.3066	582.599	288.953
12.3124	579.913	289.622
12.3182	574.247	289.622
12.324	579.578	287.621
12.3298	572.26	285.634
12.3356	288.62
12.3414	289.12
12.3472
12.353
12.3588
12.3646
12.3704	589.028
12.3762	605.938
12.382	613.687
12.3878	608.042
12.3937	609.096	297.936
12.3995	600.711	297.077
12.4053	597.596	296.905
12.4111	597.941	298.798
12.4169	597.251	298.798
12.4227	596.561	298.108
12.4285	596.217	298.108
12.4343	595.528	297.592
12.4401	595.528	297.936
12.4459	595.528	297.936	1190.37
12.4517	595.528	297.764	1189.68
12.4575	595.872	297.592	1188.99
12.4633	595.184	297.764	1188.99
12.4691	594.841	297.764	1189.68
12.4749	594.841	297.764	1189.68
12.4807	594.497	297.42	1188.31
12.4865	594.841	297.42	1188.31
12.4923	595.872	297.764	1191.74
12.4981	596.906	298.971	1194.5
12.5039	598.287	299.316	1197.26
12.5098	598.632	299.316	1197.96
12.5156	598.978	299.662	1198.65
12.5214	598.978	299.835	1198.65
12.5272	598.978	299.662	1198.65
12.533	598.978	298.798	1198.65
12.5388	598.978	299.489	1197.96
12.5446	597.251	299.143	1195.88
12.5504	597.941	298.625	1195.19
12.5562	596.561	298.108	1194.5
12.562	596.561	297.936	1192.43
12.5678	595.528	297.936	1191.06
12.5736	594.497	297.42	1190.37
12.5794	593.811	296.905	1188.31
12.5852	592.783	296.563	1186.25
12.591	592.44	296.391	1186.25
12.5968	592.783	296.22	1184.88
12.6026	591.756	295.878	1183.51
12.6084	592.098	296.22	1182.83
12.6142	591.756	296.049	1182.15
12.62	591.415	295.707	1182.83
12.6258	591.756	296.049	1184.2
12.6317	592.098	296.391	1185.57
12.6375	591.756	296.391	1184.88
12.6433	591.415	296.049	1183.51
12.6491	591.415	296.049	1184.2
12.6549	590.732	295.878	1184.2
12.6607	589.709	294.684	1180.78
12.6665	588.348	294.514	1178.06
12.6723	588.348	294.004	1176.7
12.6781	588.688	294.004	1176.7
12.6839	589.369	294.514	1178.74
12.6897	590.05	295.025	1182.15
12.6955	591.415	295.537	1185.57
12.7013	591.073	295.878	1186.25
12.7071	590.391	295.366	1184.2	1477.42
12.7129	588.688	294.684	1181.46	1474.86
12.7187	585.636	293.495	1176.7	1471.45
12.7245	582.599	292.311	1171.95	1465.52
12.7303	580.248	291.805	1167.22	1460.45
12.7361	579.913	291.973	1165.2	1460.45
12.742	581.255	292.48	1181.46	1474.01
12.7478	579.578	295.878	1184.88	1463.82
12.7536	572.26	285.634	1176.7	1437.85
12.7594	576.24	280.241	1409.88
12.7652	583.61	278.949	1409.88	271.322
12.771	588.348	288.62	1430.39	268.05
12.7768	588.008	295.366	1445.34	264.055
12.7826	589.709	1418.87	257.875
12.7884	591.415	1432.87	253.591
12.7942	598.287	1448.68	245.378
12.8	1442.84	242.279
12.8058	1393.69	239.635
12.8116	1423.8	237.156
12.8174	1442	234.839
12.8232	229.873
12.829	226.316
12.8348	223.587
12.8406	218.607
12.8464	215.722
12.8522	212.016
12.858	208.133
12.8639	205.03
12.8697	197.361
12.8755	195.207
12.8813	196.451
12.8871	199.654
12.8929	198.161
12.8987	194.756
12.9045	194.419
12.9103	196.792
12.9161	195.094
12.9219	192.408
12.9277	195.998
12.9335
12.9393
12.9451
12.9509
12.9567
12.9625
12.9683
12.9741
12.98
12.9858
12.9916
12.9974
13.0032
13.009
13.0148
13.0206
13.0264
13.0322
13.038
13.0438	175.119
13.0496	177.359
13.0554	173.809
13.0612	173.608
13.067	172.409
13.0728	169.154
13.0786	166.44
13.0844	166.44
13.0902	169.252
13.0961	170.232
13.1019	170.626
13.1077	170.527
13.1135	170.527
13.1193	170.134
13.1251	169.643
13.1309	169.252
13.1367	169.154
13.1425	169.056
13.1483	169.741
13.1541	169.937
13.1599	170.429
13.1657	171.021
13.1715	171.614
13.1773	172.011
13.1831	173.008
13.1889	173.508
13.1947	172.808
13.2005	171.416
13.2063	170.036
13.2122	165.1
13.218	159.016
13.2238	154.489
13.2296	151.222
13.2354	169.252
13.2412
13.247
13.2528
13.2586
13.2644
13.2702
13.276
13.2818
13.2876
13.2934
13.2992
13.305
13.3108
13.3166
13.3224
13.3283
13.3341
13.3399
13.3457
13.3515
13.3573
13.3631
13.3689
13.3747
13.3805
13.3863
13.3921
13.3979
13.4037
13.4095
13.4153
13.4211
13.4269
13.4327
13.4385
13.4444
13.4502
13.456
13.4618
13.4676
13.4734
13.4792
13.485
13.4908
13.4966
13.5024
13.5082
13.514
13.5198
13.5256
13.5314
13.5372
13.543
13.5488
13.5546
13.5605
13.5663
13.5721
13.5779
13.5837
13.5895
13.5953
13.6011
13.6069
13.6127
13.6185
13.6243
13.6301
13.6359
13.6417
13.6475
13.6533
13.6591
13.6649
13.6707
13.6766
13.6824
13.6882	279.756
13.694	276.064
13.6998	278.466
13.7056	280.403
13.7114	278.145
13.7172	273.525
13.723	277.183
13.7288	279.595
13.7346	282.68
13.7404	285.14
13.7462	287.621
13.752	290.627
13.7578	293.834
13.7636	297.249
13.7694	298.798
13.7752	292.818
13.781	287.787
13.7868	285.305
13.7927	289.789
13.7985	286.792
13.8043	288.953
13.8101
13.8159
13.8217
13.8275
13.8333
13.8391
13.8449
13.8507
13.8565	381.497
13.8623	365.956
13.8681	358.011
13.8739	354.717
13.8797	349.43
13.8855	348.02
13.8913	348.221
13.8971	349.834
13.9029	350.238
13.9088	350.441
13.9146	351.251
13.9204	350.036
13.9262	349.027
13.932	349.43
13.9378	348.02
13.9436	348.624
13.9494	347.618
13.9552	347.016
13.961	346.016
13.9668	345.018
13.9726	344.619
13.9784	345.217
13.9842	346.415
13.99	347.417
13.9958	349.027
14.0016	348.422
14.0074	348.221
14.0132	346.816
14.019	345.816
14.0249	345.217
14.0307	346.415
14.0365	347.217
14.0423	347.217
14.0481	348.422
14.0539	348.02
14.0597	347.819
14.0655	345.416
14.0713	341.055
14.0771	337.722
14.0829	337.917
14.0887	338.895	346.816
14.0945	342.041	341.646
14.1003	345.018	338.112
14.1061	355.333	343.427
14.1119	344.221
14.1177	344.619
14.1235	345.616
14.1293	340.464
14.1351	340.661
14.141	343.625
14.1468	347.016
14.1526	348.825
14.1584	348.825
14.1642	348.422
14.17	348.02
14.1758	347.016
14.1816	344.818
14.1874	344.42
14.1932	344.221
14.199	344.42
14.2048	342.041
14.2106	340.268
14.2164	337.137
14.2222	338.699
14.228	340.661
14.2338	341.252
14.2396	339.286
14.2454	341.055	342.634
14.2512	342.437	339.482
14.2571	341.252
14.2629	345.217
14.2687	347.016
14.2745	346.816
14.2803	346.616
14.2861	346.816
14.2919	346.816
14.2977	349.834
14.3035	341.449
14.3093	343.427
14.3151	349.228
14.3209	343.031
14.3267	355.949
14.3325	348.825
14.3383
14.3441
14.3499
14.3557
14.3615
14.3673
14.3732
14.379
14.3848	351.454
14.3906	345.217
14.3964	343.427	694.835
14.4022	339.286	694.033
14.408	346.016	698.053
14.4138	350.238	700.881
14.4196	351.86	702.908
14.4254	352.267	703.721
14.4312	351.251	702.097
14.437	347.618	690.434
14.4428	343.229	681.716
14.4486	341.449	678.573
14.4544	343.031	685.269
14.4602	348.825	699.264
14.466	353.899	709.435
14.4718	356.36	713.545
14.4776	358.218	717.678
14.4834	354.922	704.534
14.4893	348.624	700.072
14.4951	349.834	698.456
14.5009	348.825	702.503
14.5067	349.632	701.692
14.5125	349.228	700.477
14.5183	350.238	700.072
14.5241	349.228	703.315
14.5299	347.819	698.86
14.5357	348.825	698.053
14.5415	348.624	698.053
14.5473	349.834	696.845
14.5531	347.016	691.631
14.5589	349.228	696.04
14.5647	349.027	696.04
14.5705	353.082	705.756
14.5763	353.082	706.98	302.969
14.5821	351.86	698.053	305.782
14.5879	349.228	706.572	307.731
14.5937	354.717	309.514
14.5995	310.051
14.6054	310.768
14.6112	310.588
14.617	312.207
14.6228	311.847
14.6286	315.47
14.6344	321.727
14.6402	326.973
14.646	334.615
14.6518	334.422
14.6576	331.154
14.6634	330.009
14.6692	329.247
14.675	329.437
14.6808	329.437
14.6866	330.009
14.6924	330.199
14.6982	330.009
14.704	330.39
14.7098	330.581
14.7156	330.009
14.7215	329.057
14.7273	328.108
14.7331	327.54
14.7389	326.973
14.7447	326.784
14.7505	326.973
14.7563	326.218
14.7621	326.03
14.7679	326.784
14.7737	327.351
14.7795	327.54
14.7853	326.784
14.7911	324.902
14.7969	325.653
14.8027	325.653
14.8085
14.8143
14.8201
14.8259
14.8317
14.8376
14.8434
14.8492
14.855
14.8608
14.8666
14.8724
14.8782
14.884
14.8898
14.8956
14.9014
14.9072	262.382
14.913	264.513
14.9188	265.125
14.9246	262.534
14.9304	264.818
14.9362	264.513
14.942	264.36
14.9478	263.902
14.9537	263.598
14.9595	262.686
14.9653	259.069
14.9711	248.085
14.9769	249.378
14.9827	264.055
14.9885	258.173
14.9943	261.474
15.0001	260.57
15.0059
15.0117
15.0175
15.0233
15.0291
15.0349
15.0407
15.0465
15.0523
15.0581
15.0639
15.0697
15.0756
15.0814
15.0872
15.093
15.0988
15.1046
15.1104
15.1162
15.122
15.1278	258.471
15.1336	258.173
15.1394	252.13
15.1452	262.989
15.151	261.626
15.1568	264.055
15.1626	265.125
15.1684	263.445
15.1742	261.777
15.18	261.777
15.1859	263.598
15.1917	264.818
15.1975	263.902
15.2033	263.75
15.2091	262.231
15.2149	255.65
15.2207	260.57
15.2265	260.871
15.2323
15.2381
15.2439
15.2497
15.2555
15.2613
15.2671
15.2729	259.668
15.2787	259.219
15.2845	261.777
15.2903	260.57
15.2961	273.525
15.3019	272.421
15.3078	263.75
15.3136	259.219
15.3194	256.982
15.3252	256.241
15.331	256.538
15.3368	257.875
15.3426	259.668
15.3484	261.777
15.3542	263.293
15.36	264.818
15.3658	265.738
15.3716	265.738
15.3774	265.278
15.3832	264.818
15.389	263.598
15.3948	262.382
15.4006	260.269
15.4064	257.577
15.4122	252.714
15.418	247.513
15.4239	245.094
15.4297	241.999
15.4355	238.53
15.4413	231.338
15.4471	226.577
15.4529	223.329
15.4587	224.363
15.4645
15.4703
15.4761
15.4819
15.4877
15.4935
15.4993
15.5051
15.5109
15.5167
15.5225
15.5283
15.5341	1311.67
15.54	1301.11
15.5458	1312.43	262.382
15.5516	1326.15	264.665
15.5574	1322.32	263.445
15.5632	1321.56	262.534
15.569	1322.32	261.777
15.5748	1320.03	261.323
15.5806	1319.27	261.474
15.5864	1315.47	261.173
15.5922	1323.09	262.837
15.598	1316.99	260.269
15.6038	1318.51	261.777
15.6096	1321.56	266.199
15.6154	1321.56	263.902
15.6212	1318.51	261.022
15.627	1316.23	260.419
15.6328	1298.11	259.818
15.6386	1298.86	262.382
15.6444	1334.6	258.173
15.6502	1289.88	256.982
15.6561	1308.65	257.28
15.6619	260.419
15.6677	259.969
15.6735	258.77
15.6793	259.668
15.6851	260.72
15.6909	259.668
15.6967	260.269
15.7025	260.72
15.7083	263.445
15.7141	261.474
15.7199	262.837
15.7257	262.534
15.7315	263.293
15.7373	263.293
15.7431	264.513
15.7489	262.837
15.7547	263.598
15.7605	263.598
15.7663	263.902
15.7722	263.598
15.778	261.474
15.7838	261.474
15.7896	262.837
15.7954	262.837
15.8012	264.818
15.807
15.8128
15.8186
15.8244
15.8302
15.836
15.8418	324.714
15.8476	323.03
15.8534	324.152
15.8592	324.714
15.865	324.902
15.8708	330.963
15.8766	324.527
15.8824	316.931
15.8883	324.339
15.8941	325.841
15.8999	320.244
15.9057	325.089
15.9115
15.9173
15.9231
15.9289
15.9347
15.9405
15.9463
15.9521
15.9579
15.9637
15.9695	253.445
15.9753	257.428
15.9811	257.875
15.9869	256.241
15.9927	252.714
15.9985	248.947
16.0044	236.063
16.0102	232.678
16.016	225.663
16.0218	222.685
16.0276	240.606
16.0334	252.568
16.0392
16.045
16.0508
16.0566
16.0624
16.0682
16.074	263.445
16.0798	265.891
16.0856	256.389
16.0914	264.818
16.0972	262.534
16.103	259.069
16.1088	254.913
16.1146	254.031
16.1205	251.985
16.1263	249.955
16.1321	251.403
16.1379	241.86
16.1437	236.063
16.1495	236.199
16.1553	251.403
16.1611	257.726
16.1669	257.726
16.1727
16.1785
16.1843
16.1901
16.1959	276.543
16.2017	266.506
16.2075	275.109
16.2133	268.67
16.2191	267.741
16.2249	267.123
16.2307	264.818
16.2366	263.598
16.2424	262.079
16.2482	261.474
16.254	260.871
16.2598	259.818
16.2656	258.173
16.2714	256.093
16.2772	255.355
16.283	254.618
16.2888	254.031
16.2946	254.471
16.3004	255.502
16.3062	256.241
16.312	255.798
16.3178	255.502
16.3236	255.798
16.3294	254.766
16.3352	253.884
16.341	252.714
16.3468	253.006
16.3527	251.549
16.3585	253.738
16.3643	251.839
16.3701	252.276
16.3759	253.152
16.3817	253.006
16.3875	253.152
16.3933	253.445
16.3991	255.06
16.4049	257.428
16.4107	258.471
16.4165	259.668
16.4223	260.72
16.4281	261.022
16.4339	260.57
16.4397	260.119
16.4455	260.269
16.4513	259.969
16.4571	260.269
16.4629	261.022
16.4688	261.928
16.4746	263.141
16.4804	263.598
16.4862	263.445
16.492	264.055
16.4978	264.513
16.5036	263.902
16.5094	262.534
16.5152	262.079
16.521	261.777
16.5268	261.928
16.5326	268.05
16.5384	256.093
16.5442	256.834
16.55	255.355
16.5558	255.06
16.5616	262.534
16.5674
16.5732
16.579
16.5849
16.5907
16.5965
16.6023
16.6081
16.6139
16.6197
16.6255
16.6313
16.6371
16.6429
16.6487
16.6545
16.6603
16.6661
16.6719
16.6777
16.6835
16.6893	326.973
16.6951	330.199
16.701	329.818
16.7068	330.963
16.7126	328.867
16.7184	329.057
16.7242	330.199
16.73	326.407	574.91
16.7358	320.244	581.59
16.7416	310.051	590.05
16.7474	298.971	576.573
16.7532	286.792	576.24
16.759	285.14	575.575
16.7648	285.8	572.59
16.7706	286.626	574.247
16.7764	287.621	575.242
16.7822	288.287	576.573
16.788	289.12	577.907
16.7938	289.789	580.248
16.7996	290.459	580.583
16.8054	291.636	583.947
16.8112	291.973	584.622
16.8171	292.142	584.622
16.8229	288.953	578.241
16.8287	287.123	574.247
16.8345	284.482	571.599
16.8403	278.145	558.866
16.8461	277.023	560.483
16.8519	267.741	540.141
16.8577	263.75	534.863
16.8635	263.75	529.331
16.8693	275.109
16.8751
16.8809
16.8867
16.8925
16.8983
16.9041
16.9099
16.9157
16.9215
16.9273
16.9332
16.939
16.9448
16.9506
16.9564
16.9622
16.968
16.9738
16.9796
16.9854
16.9912
16.997
17.0028
17.0086
17.0144
17.0202
17.026
17.0318	237.705
17.0376	239.358
17.0434	239.22
17.0493	239.912
17.0551	243.12
17.0609	244.105
17.0667	244.529
17.0725	244.246
17.0783	242.699
17.0841	240.189
17.0899	236.063
17.0957	231.338
17.1015	228.022
17.1073	219.873
17.1131	220.254
17.1189	219.746
17.1247	216.096
17.1305	215.971
17.1363	217.599
17.1421	216.846
17.1479	214.231
17.1537	214.355
17.1595	216.221
17.1654	208.133
17.1712	208.133
17.177
17.1828
17.1886
17.1944
17.2002
17.206
17.2118
17.2176
17.2234
17.2292
17.235
17.2408
17.2466
17.2524
17.2582
17.264
17.2698
17.2756	396.779
17.2815	401.158
17.2873	391.317
17.2931	390.188
17.2989	390.414
17.3047	391.317
17.3105	393.811
17.3163	393.356
17.3221	392.902
17.3279	390.865
17.3337	387.717
17.3395	401.854
17.3453	401.854
17.3511	401.854
17.3569	408.406
17.3627	404.649
17.3685	396.779
17.3743
17.3801
17.3859
17.3917
17.3976
17.4034
17.4092
17.415
17.4208
17.4266
17.4324
17.4382
17.444
17.4498
17.4556
17.4614	347.417
17.4672	344.818
17.473	343.625
17.4788	343.427
17.4846	344.023
17.4904	344.619
17.4962	342.041
17.502	326.784
17.5078	340.268
17.5137	341.449
17.5195	342.239
17.5253	343.427
17.5311	344.619	185.211
17.5369	345.018	172.609
17.5427	345.217	172.609
17.5485	345.816	172.509
17.5543	344.818	172.21
17.5601	345.616	172.21
17.5659	342.832	175.322
17.5717	343.824	172.609
17.5775	345.217	173.608
17.5833	348.422	173.709
17.5891	350.441	173.608
17.5949	350.441	175.322
17.6007	350.238	175.018
17.6065	346.816	175.22
17.6123	347.417	173.709
17.6181	347.618	180.772	152.626
17.6239	332.304	170.527	151.484	288.287
17.6297	321.355	170.527	149.658	289.287
17.6356	334.422	164.338	148.11	293.156
17.6414	327.351	145.146	287.123
17.6472	340.268	144.978	289.622
17.653	340.858	144.393	289.12
17.6588	140.688	292.142
17.6646	138.752	294.684
17.6704	136.447	299.316
17.6762	137.396	294.004
17.682	144.477	293.665
17.6878	143.977	291.805
17.6936	143.811	287.123
17.6994	145.146	289.455
17.7052	146.832	294.004
17.711	147.939	295.707
17.7168	149.054	297.42
17.7226	150.091	297.936
17.7284	151.572	303.144
17.7342	151.835	304.9
17.74	151.923	303.319
17.7458	153.688	297.42
17.7517	148.367	297.249
17.7575	147.598	298.625
17.7633	154.4	301.746
17.7691	155.204	310.23
17.7749
17.7807
17.7865
17.7923
17.7981
17.8039
17.8097
17.8155
17.8213
17.8271
17.8329
17.8387
17.8445
17.8503
17.8561
17.8619
17.8678
17.8736
17.8794
17.8852
17.891
17.8968
17.9026
17.9084
17.9142	275.586
17.92	273.525
17.9258	268.515
17.9316	275.905
17.9374	279.918
17.9432	284.646
17.949	290.459
17.9548	295.366
17.9606	298.971
17.9664	302.095
17.9722	303.319
17.9781	303.67
17.9839	302.444
17.9897	298.108
17.9955	290.292
18.0013	300.876
18.0071	293.665
18.0129	304.021
18.0187	303.845
18.0245	299.835
18.0303
18.0361
18.0419
18.0477
18.0535
18.0593
18.0651
18.0709	274.791
18.0767	260.419
18.0825	256.686
18.0883	253.298
18.0941	249.234
18.1	249.09
18.1058	250.533
18.1116	250.823
18.1174	249.523
18.1232	246.942
18.129	245.661
18.1348	240.189
18.1406	232.813
18.1464	227.364
18.1522	219.619
18.158	216.345
18.1638	214.108
18.1696	213.861
18.1754	214.975
18.1812	223.716
18.187	231.739	251.403
18.1928	233.891	244.529
18.1986	243.12	248.803
18.2044	252.13	251.694
18.2102	254.618	252.714
18.2161	253.884	250.678
18.2219	247.084	246.799
18.2277	243.12	242.559
18.2335	240.189	239.635
18.2393	238.944	238.255
18.2451	239.22	238.53
18.2509	237.979	238.117
18.2567	235.11	235.654
18.2625	234.026	234.568
18.2683	235.79	237.293
18.2741	237.156	237.43
18.2799	236.199
18.2857	235.926
18.2915	235.11
18.2973	235.246
18.3031	234.974
18.3089	235.926
18.3147	236.063
18.3205	236.472
18.3263	233.891
18.3322	237.019
18.338	240.05
18.3438	240.467
18.3496	241.023
18.3554	241.441
18.3612	241.441
18.367	241.72
18.3728	242.84
18.3786	242.139
18.3844	241.86
18.3902	240.884
18.396	240.328
18.4018	239.635
18.4076	242.559
18.4134	244.529
18.4192	242.699
18.425	238.944
18.4308	236.336
18.4366
18.4424
18.4483
18.4541
18.4599
18.4657
18.4715
18.4773
18.4831	238.806
18.4889	238.117
18.4947	240.05
18.5005	244.387
18.5063	246.229
18.5121	250.1
18.5179	254.471
18.5237	258.173
18.5295	265.738
18.5353	270.227
18.5411	275.586
18.5469	279.756
18.5527	283.007
18.5585	286.792
18.5644	290.795
18.5702	291.805
18.576	290.292
18.5818	285.305
18.5876	282.028
18.5934	278.788
18.5992	273.841
18.605	273.367
18.6108	282.354
18.6166	285.14
18.6224	287.289
18.6282
18.634
18.6398
18.6456
18.6514
18.6572
18.663
18.6688
18.6746
18.6805
18.6863
18.6921
18.6979
18.7037
18.7095
18.7153
18.7211
18.7269
18.7327
18.7385
18.7443	345.416
18.7501	345.217
18.7559	346.415
18.7617	349.027
18.7675	345.217
18.7733	346.415
18.7791	344.619
18.7849	343.031
18.7907	347.417
18.7966	349.027
18.8024	345.416
18.8082	350.441
18.814	346.016
18.8198	342.437
18.8256	336.943
18.8314	335.583
18.8372
18.843	525.371
18.8488	525.675	242.98
18.8546	525.675	245.661
18.8604	522.044	258.322
18.8662	521.742	259.518
18.872	520.237	259.219
18.8778	519.637	259.069
18.8836	519.637	257.577
18.8894	513.668	256.241
18.8952	512.483	256.093
18.901	508.062	255.798
18.9068	510.415	255.06
18.9127	507.768	254.618
18.9185	508.355	254.471
18.9243	509.237	254.324
18.9301	506.596	253.884
18.9359	510.415	254.324
18.9417	509.826	255.355
18.9475	510.12	255.06
18.9533	508.943	255.502
18.9591	511.3	255.946
18.9649	512.779	256.834
18.9707	513.668	256.834
18.9765	514.559	257.577
18.9823	515.749	258.173
18.9881	512.779	258.173
18.9939	516.644	258.322
18.9997	517.241	258.77
19.0055	518.138	259.219
19.0113	517.241	259.668
19.0171	519.637	259.668
19.0229	516.942	259.518
19.0288	518.737	258.919
19.0346	516.644	257.577
19.0404	512.779	256.834
19.0462	508.649	253.884
19.052	510.415	254.471
19.0578	490.472	254.031
19.0636	522.345	262.382
19.0694	524.461	262.534
19.0752	526.891	257.428
19.081
19.0868
19.0926
19.0984
19.1042
19.11
19.1158
19.1216
19.1274	202.675
19.1332	201.275
19.139	195.207
19.1449	194.756
19.1507	193.746
19.1565	193.299
19.1623	193.858
19.1681	194.531
19.1739	195.545
19.1797	195.207
19.1855	192.297
19.1913	187.905
19.1971	188.775
19.2029	189.103
19.2087	193.188
19.2145	194.419
19.2203
19.2261
19.2319
19.2377
19.2435
19.2493
19.2551
19.261
19.2668
19.2726	207.413
19.2784	193.188
19.2842	188.666
19.29	189.759
19.2958	190.088
19.3016	191.632
19.3074	193.076
19.3132	193.299
19.319	194.644
19.3248	195.432
19.3306	196.338
19.3364	197.247
19.3422	198.504
19.348	193.858
19.3538	198.161
19.3596	196.906
19.3654	195.885
19.3712	194.644
19.3771	192.186
19.3829	195.771
19.3887	198.161
19.3945	195.998	379.738
19.4003	195.094	384.594
19.4061	194.644	390.865
19.4119	198.849	400.926
19.4177	201.392	404.182
19.4235	201.974	406.288
19.4293	202.675	404.649
19.4351	201.392	405.351
19.4409	201.624	407.463
19.4467	202.324	406.993
19.4525	203.027	407.934
19.4583	207.293	426.487
19.4641	198.963	422.076
19.4699	200	407.934
19.4757	203.144	393.129
19.4815	203.379	396.321
19.4873
19.4932
19.499
19.5048
19.5106
19.5164	190.418
19.5222	188.884
19.528	184.89
19.5338	184.464
19.5396	193.523
19.5454	195.432
19.5512	196.338
19.557	196.678
19.5628	196.565
19.5686	196.678
19.5744	196.451
19.5802	196.451
19.586	195.771
19.5918	195.998
19.5976	196.224
19.6034	196.565
19.6093	196.792
19.6151	196.565
19.6209	196.338
19.6267	195.771
19.6325	194.981
19.6383	194.195
19.6441	193.411
19.6499	193.299
19.6557	192.965
19.6615	192.853
19.6673	192.965
19.6731	192.631
19.6789	192.186
19.6847	191.632
19.6905	189.321
19.6963	188.884
19.7021	189.103
19.7079	188.557
19.7137
19.7195
19.7254
19.7312
19.737
19.7428
19.7486
19.7544
19.7602
19.766
19.7718	323.404
19.7776	340.464
19.7834	333.843
19.7892	332.88
19.795	331.537
19.8008	330.772
19.8066	332.688
19.8124	328.867
19.8182	326.784
19.824	327.729
19.8298	327.162
19.8356	324.339
19.8415	326.407
19.8473	327.729
19.8531	327.729
19.8589	329.057
19.8647	330.199
19.8705	328.108
19.8763	326.03
19.8821	318.215
19.8879	316.017
19.8937	315.288
19.8995	149.918
19.9053	141.422
19.9111	145.062
19.9169	151.135
19.9227	152.538
19.9285	153.333
19.9343	154.043
19.9401	154.936
19.9459	154.846
19.9517	154.757
19.9576	154.578
19.9634	154.668
19.9692	155.025
19.975	156.646
19.9808	163.77
19.9866	170.725
19.9924	162.733
19.9982
20.004
20.0098
20.0156
20.0214
20.0272
20.033
20.0388
20.0446
20.0504
20.0562
20.062
20.0678	123.044
20.0737	123.756
20.0795	123.471
20.0853	128.417
20.0911	129.161
20.0969	129.684
20.1027	129.909
20.1085	130.21
20.1143	130.436
20.1201	130.888
20.1259	131.419
20.1317	131.723
20.1375	131.951
20.1433	131.799
20.1491	131.799
20.1549	131.799
20.1607	131.875
20.1665	131.647
20.1723	131.723
20.1781	130.586
20.1839	130.134
20.1898	129.236
20.1956	128.863
20.2014	127.899
20.2072	127.309
20.213	127.015
20.2188	127.236
20.2246	126.796
20.2304	126.722
20.2362	126.649
20.242	127.162
20.2478	127.089
20.2536	127.53
20.2594	124.473
20.2652	121.49
20.271	126.138
20.2768	126.138
20.2826	127.383
20.2884
20.2942	129.684
20.3	129.834
20.3058	129.012
20.3117	128.121
20.3175	122.973
20.3233	126.138
20.3291	130.586
20.3349	129.984
20.3407	129.086
20.3465	129.609
20.3523	129.609
20.3581	129.834
20.3639	129.684
20.3697	129.31
20.3755	129.535
20.3813	128.937
20.3871	127.604
20.3929	132.104
20.3987	134.18
20.4045	132.562
20.4103	126.357
20.4161
20.4219
20.4278
20.4336
20.4394
20.4452
20.451
20.4568
20.4626
20.4684
20.4742
20.48
20.4858
20.4916
20.4974
20.5032
20.509
20.5148
20.5206
20.5264
20.5322
20.538
20.5439
20.5497
20.5555
20.5613
20.5671
20.5729
20.5787	400.001
20.5845	402.783
20.5903	403.482
20.5961	429.702
20.6019	409.114	192.408
20.6077	413.151	201.392
20.6135	407.463	200.347
20.6193	410.535	200.695
20.6251	409.824	200.347
20.6309	404.649	201.508
20.6367	402.783	201.974
20.6425	403.016	201.624
20.6483	402.318	201.741
20.6542	409.114	202.792
20.66	416.025	198.619
20.6658	405.351	197.932
20.6716	396.779	198.734
20.6774	392.902	198.504
20.6832	388.389	195.32
20.689	390.865	196.338
20.6948	196.906
20.7006	195.771
20.7064	195.32
20.7122	195.432
20.718	195.998
20.7238	195.771
20.7296	195.885
20.7354	194.307	168.764
20.7412	196.224	168.861
20.747	197.475	171.317
20.7528	172.409	341.252
20.7586	171.912	343.229
20.7644	172.609	344.818
20.7702	173.709	346.215
20.7761	174.413	347.217
20.7819	174.312	350.238
20.7877	175.524	353.49
20.7935	176.541	357.391
20.7993	177.359	357.391
20.8051	177.564	358.011
20.8109	178.077	359.461
20.8167	177.872	356.36
20.8225	179.212	355.743
20.8283	174.312	360.918
20.8341	179.316	370.208
20.8399	176.134	364.269
20.8457	173.91	349.834
20.8515	178.799	351.251
20.8573	185.425	365.533
20.8631	372.783
20.8689	376.897
20.8747	381.056
20.8805	375.593
20.8863	360.501
20.8922	356.566
20.898	346.816
20.9038	345.217
20.9096	344.221
20.9154	337.332
20.9212	338.895
20.927	355.949
20.9328
20.9386
20.9444
20.9502
20.956	187.471
20.9618	186.607
20.9676	186.392
20.9734	187.471
20.9792	195.771
20.985	186.284
20.9908	184.144
20.9966	180.981
21.0024	176.235
21.0083	173.608
21.0141	173.408
21.0199	173.408
21.0257	173.308
21.0315	173.508
21.0373	174.715
21.0431	176.439
21.0489	177.974
21.0547	180.667
21.0605	183.084
21.0663	186.176
21.0721	189.65
21.0779	193.188
21.0837	196.565
21.0895	199.885
21.0953	203.261
21.1011	205.98
21.1069	209.217
21.1127	212.752
21.1185	214.603
21.1244	216.47
21.1302	217.599
21.136	217.724
21.1418	218.354
21.1476	218.48
21.1534	218.48
21.1592	217.976
21.165	217.473
21.1708	216.846
21.1766	216.47
21.1824	215.971
21.1882	215.472
21.194	214.975
21.1998	214.479
21.2056	214.727
21.2114	215.348
21.2172	215.597
21.223	215.971
21.2288	216.47
21.2346	216.846
21.2405	217.222
21.2463	217.473
21.2521	217.473
21.2579	217.473
21.2637	217.222
21.2695	217.222
21.2753	216.846
21.2811	216.721
21.2869	216.596
21.2927	216.596
21.2985	216.971
21.3043	216.971
21.3101	216.971
21.3159	216.971
21.3217	216.721
21.3275	216.721
21.3333	216.221
21.3391	215.722
21.3449	215.597
21.3507	215.597
21.3566	215.722
21.3624	216.345
21.3682	216.721
21.374	216.596
21.3798	216.345
21.3856	216.721
21.3914	216.846
21.3972	216.596
21.403	216.221
21.4088	215.846
21.4146	215.722
21.4204	215.722
21.4262	215.722
21.432	215.722
21.4378	215.722
21.4436	215.846
21.4494	216.096
21.4552	216.221
21.461	215.971
21.4668	215.971
21.4727	215.971
21.4785	216.096
21.4843	216.47
21.4901	216.345
21.4959	216.345
21.5017	216.345
21.5075	216.345
21.5133	216.096
21.5191	216.096
21.5249	216.221
21.5307	216.096
21.5365	215.846
21.5423	215.472
21.5481	215.348
21.5539	215.099
21.5597	214.603
21.5655	214.727
21.5713	215.099
21.5771	215.472
21.5829	215.971
21.5888	216.221
21.5946	215.846
21.6004	215.472
21.6062	215.472
21.612	215.722
21.6178	215.971
21.6236	216.721
21.6294	217.222
21.6352	217.222
21.641	216.721
21.6468	216.221
21.6526	215.846
21.6584	215.224
21.6642	214.851
21.67	214.727
21.6758	214.479
21.6816	214.231
21.6874	213.984
21.6932	213.737
21.699	212.998
21.7049	212.138
21.7107	211.16
21.7165	210.429
21.7223	209.338
21.7281	208.133
21.7339	206.934
21.7397	205.505
21.7455	203.732
21.7513	201.159
21.7571	198.39
21.7629	194.869
21.7687	192.075
21.7745	188.775
21.7803	186.176
21.7861	182.661
21.7919	179.835
21.7977	177.872
21.8035	175.93
21.8093	174.111
21.8151	172.808
21.821	172.509
21.8268	172.609
21.8326	172.908
21.8384	346.616	173.108
21.8442	345.816	173.408
21.85	345.616	173.308
21.8558	346.415	173.008
21.8616	345.616	172.609
21.8674	343.625	172.21
21.8732	342.634	171.515
21.879	340.464	170.232
21.8848	338.895	169.349
21.8906	339.286	168.666
21.8964	337.917	168.083
21.9022	336.748	167.889
21.908	335.196	167.792
21.9138	337.527	168.083
21.9196	339.482	168.277
21.9254	340.661	168.277
21.9312	340.464	167.889
21.9371	337.137	168.18
21.9429	337.137	167.792	383.485
21.9487	334.422	167.501	390.414
21.9545	333.073	167.211	392.222
21.9603	330.199	167.404	392.449
21.9661	330.009	166.922	393.356	195.998
21.9719	330.963	164.528	394.266	196.224
21.9777	343.824	169.447	392.902	196.338
21.9835	359.046	170.036	392.902	196.111
21.9893	355.333	171.614	393.584	196.224
21.9951	334.809	168.959	391.995	196.111
22.0009	349.027	169.447	391.317	195.998
22.0067	348.624	169.545	390.639	195.432
22.0125	348.825	169.545	389.963	195.207
22.0183	344.023	390.188	195.094
22.0241	345.816	391.769	195.658
22.0299	345.018	391.769	195.885
22.0357	345.416	391.317	195.658
22.0415	344.42	390.865	195.432
22.0473	342.239	390.639	195.658
22.0532	349.834	390.639	194.981
22.059	351.86	392.222	195.998
22.0648	353.286	394.039	195.771
22.0706	351.454	399.078	197.019
22.0764	351.454	400.463	198.849
22.0822	340.661	398.847	198.275
22.088	340.661	396.55	197.247
22.0938	395.407	197.019
22.0996	394.722	196.792
22.1054	393.129	195.771
22.1112	392.675	195.658
22.117	391.769	195.771
22.1228	391.543	195.094
22.1286	391.091	195.545
22.1344	388.165	194.756
22.1402	389.288	194.756
22.146	390.188	194.869
22.1518	391.317	194.981
22.1576	390.865	194.981
22.1634	390.639	195.32
22.1693	391.091	195.207
22.1751	391.769	195.771
22.1809	391.995	195.885
22.1867	391.543	195.885
22.1925	389.288	194.869
22.1983	388.838	195.658
22.2041	395.864	195.998
22.2099	397.238	196.792
22.2157	395.407	195.771
22.2215	395.864	192.631
22.2273	394.039	199.309
22.2331	393.129	194.869
22.2389	396.092	194.419
22.2447	391.995	196.565
22.2505	395.635
22.2563	391.543
22.2621	388.614
22.2679	388.614	207.413
22.2737	389.738	208.855
22.2795	391.995	205.149
22.2854	390.188	201.043
22.2912	390.639	198.275
22.297	395.635	196.451
22.3028	401.39	194.307
22.3086	403.016	195.658
22.3144	400.001	199.193
22.3202	404.182	202.441
22.326	204.794	286.461
22.3318	208.494	280.241
22.3376	206.456	266.814
22.3434	210.673	265.125
22.3492	197.703	279.756
22.355	208.735	282.68
22.3608	220.127	285.965
22.3666	234.974	287.787
22.3724	289.789	580.248
22.3782	291.3	583.273
22.384	292.142	584.622
22.3898	292.48	585.636
22.3956	292.649	585.974
22.4015	292.987	586.651
22.4073	293.665	587.669
22.4131	294.344	591.415
22.4189	296.734	595.528
22.4247	297.592	598.287
22.4305	298.281	597.941
22.4363	297.936	595.184
22.4421	298.281	595.872
22.4479	298.625	596.906
22.4537	299.143	596.906
22.4595	300.355	596.906
22.4653	299.489	595.872
22.4711	301.921	595.872
22.4769	308.621	603.842
22.4827	311.307	616.174
22.4885	317.481	620.101
22.4943	304.9	605.938
22.5001	297.936	592.44	389.963
22.5059	301.746	611.564	389.738
22.5117	297.592	598.978	389.063
22.5176	285.47	602.796	392.449
22.5234	283.334	602.796	400.232
22.5292	283.17	590.05	403.016
22.535	403.016
22.5408	404.649
22.5466	400.463
22.5524	397.238
22.5582	392.222
22.564	399.078
22.5698	399.539	222.814
22.5756	397.697	237.43
22.5814	392.675	248.803
22.5872	390.639	263.598
22.593	399.078	277.824
22.5988	393.584	260.419
22.6046	393.584	259.668
22.6104	391.543	259.369
22.6162	397.467	258.919
22.622	406.993	258.173
22.6278	405.117	258.621
22.6336	409.114	258.919
22.6395	412.198	259.219
22.6453	405.351	259.369
22.6511	406.523	259.518
22.6569	410.535	260.119
22.6627	413.39	260.871
22.6685	413.39	261.928
22.6743	418.677	263.902
22.6801	419.888	264.971
22.6859	423.786	266.353
22.6917	433.692	268.205
22.6975	423.297	269.447
22.7033	429.702	271.635
22.7091	425.995	273.683	272.263
22.7149	429.454	273.367	273.051
22.7207	428.463	273.999	273.683
22.7265	442.293	278.306	278.145
22.7323	455.517	283.989	283.498
22.7381	279.595	281.865
22.7439	281.377	278.788
22.7498	280.08	280.08
22.7556	281.377	281.377
22.7614	283.989	283.661
22.7672	287.455	286.792
22.773	290.963	290.124
22.7788	292.142	292.987
22.7846	292.311	293.665
22.7904	292.818	292.649
22.7962	286.957	288.287
22.802	282.028
22.8078	277.984
22.8136	280.403
22.8194	291.636
22.8252	292.987
22.831
22.8368	288.787
22.8426	283.989
22.8484	284.975
22.8542	279.756
22.86	266.506
22.8659	263.75
22.8717	264.818
22.8775	266.199
22.8833	264.055
22.8891	261.022
22.8949	260.119
22.9007	260.72
22.9065	260.57
22.9123	260.72
22.9181	261.022
22.9239	261.777
22.9297	262.837
22.9355	263.75
22.9413	264.513
22.9471	264.36
22.9529	264.665
22.9587	262.231
22.9645	259.219
22.9703	246.942	401.622
22.9761	260.269	391.769
22.9819	260.269	393.584
22.9878	260.269	391.543
22.9936	260.269	392.449
22.9994	267.123	390.865
23.0052	269.759	389.288
23.011	391.317
23.0168	391.543
23.0226	391.543
23.0284	389.513
23.0342	391.317
23.04	391.317
23.0458	391.995
23.0516	392.675
23.0574	390.865
23.0632	391.091
23.069	392.449
23.0748	396.779
23.0806	394.266
23.0864	389.288	258.77
23.0922	389.738	263.141
23.098	398.617	262.079
23.1039	391.317	271.635
23.1097	390.414	269.447
23.1155	391.995	262.534
23.1213	387.269	254.618
23.1271	397.467	253.152
23.1329	382.821	254.766
23.1387	380.177	254.324
23.1445	386.375	251.985
23.1503	381.276	249.09
23.1561	399.308	247.37
23.1619	398.847	246.799
23.1677	247.227
23.1735	248.372
23.1793	249.811
23.1851	251.403
23.1909	253.591
23.1967	256.538
23.2025	258.919
23.2083	261.626
23.2141	265.584
23.22	269.447
23.2258	273.525
23.2316	278.627
23.2374	283.17
23.2432	287.787
23.249	292.48
23.2548	297.592
23.2606	301.572
23.2664	306.312
23.2722	310.588
23.278	313.653
23.2838	315.652
23.2896	316.931
23.2954	318.399
23.3012	319.32
23.307	318.767
23.3128	318.583
23.3186	318.767
23.3244	317.664
23.3302	316.931
23.3361	316.565
23.3419	315.835
23.3477	315.835
23.3535	316.565
23.3593	317.664
23.3651	318.215
23.3709	318.583
23.3767	319.689
23.3825	320.984
23.3883	322.099
23.3941	322.658
23.3999	323.591
23.4057	323.965
23.4115	323.591
23.4173	323.217
23.4231	322.658
23.4289	322.285
23.4347	321.727
23.4405	320.984
23.4463	320.799
23.4522	320.799
23.458	321.17
23.4638	321.355
23.4696	321.355
23.4754	322.099
23.4812	322.844
23.487	323.217
23.4928	323.965
23.4986	324.339
23.5044	324.714
23.5102	324.902
23.516	325.089
23.5218	325.277
23.5276	325.089
23.5334	324.714
23.5392	324.902
23.545	324.902
23.5508	324.902
23.5566	324.339
23.5624	324.152
23.5683	324.152
23.5741	323.778
23.5799	322.658
23.5857	322.471
23.5915	322.658
23.5973	322.844
23.6031	323.404
23.6089	323.778
23.6147	323.965
23.6205	324.152
23.6263	324.714
23.6321	325.089
23.6379	325.465
23.6437	325.465
23.6495	325.277
23.6553	325.277
23.6611	325.653
23.6669	326.03
23.6727	326.218
23.6785	326.218
23.6844	326.407
23.6902	326.784
23.696	326.973
23.7018	326.784
23.7076	326.218
23.7134	325.841
23.7192	326.03
23.725	326.03
23.7308	325.465
23.7366	325.089
23.7424	324.527
23.7482	324.339
23.754	324.152
23.7598	324.152
23.7656	323.965
23.7714	323.778
23.7772	323.217
23.783	323.03
23.7888	323.03
23.7946	323.217
23.8005	323.591
23.8063	323.591
23.8121	323.591
23.8179	324.152
23.8237	324.152
23.8295	324.339
23.8353	323.778
23.8411	322.844
23.8469	321.727
23.8527	319.874
23.8585	316.383
23.8643	312.388
23.8701	306.844
23.8759	302.095
23.8817	293.156
23.8875	281.865
23.8933	273.209
23.8991	265.125
23.9049	260.72
23.9107	258.322
23.9166	256.389
23.9224	256.241
23.9282	256.834
23.934	256.686
23.9398	256.686
23.9456	256.982
23.9514	257.577
23.9572	258.322
23.963	259.369
23.9688	259.668
23.9746	259.969
23.9804	260.72
23.9862	261.323
23.992	261.323
23.9978	260.72
24.0036	260.72
24.0094	260.57
24.0152	260.57
24.021	261.022
24.0268	261.626
24.0327	262.079
24.0385	262.534
24.0443	262.989
24.0501	263.141
24.0559	263.598
24.0617	264.665	392.675
24.0675	264.818	390.865
24.0733	264.055	391.995
24.0791	264.055	393.356
24.0849	263.445	393.356
24.0907	262.231	394.722
24.0965	261.323	393.356
24.1023	259.369	391.543
24.1081	257.428	390.414
24.1139	252.86	390.639	194.981
24.1197	247.227	390.188	196.678
24.1255	246.514	390.865	195.771
24.1313	258.621	392.222	195.545
24.1371	267.741	392.449	195.885
24.1429	261.474	393.356	193.97
24.1488	262.079	394.266	193.746
24.1546	264.971	394.039	195.432
24.1604	265.891	391.543	194.644
24.1662	262.382	387.941	192.965
24.172	385.039	191.3
24.1778	381.497	190.088
24.1836	378.205	189.103
24.1894	376.027	188.122
24.1952	374.51	187.471
24.201	376.679	187.255
24.2068	381.497	189.321
24.2126	381.938	191.3
24.2184	382.821	191.632
24.2242	381.056	191.853
24.23	385.039	192.408
24.2358	386.375	192.965
24.2416	386.599	192.853
24.2474	385.929	192.853
24.2532	385.261	192.519
24.259	385.261	192.408
24.2649	384.816	192.075
24.2707	381.276	190.528
24.2765	378.643	189.869
24.2823	381.497	190.638
24.2881	383.485	191.3
24.2939	384.15	191.521
24.2997	385.039	191.742
24.3055	384.816	191.742
24.3113	383.707	191.742
24.3171	381.497	191.19
24.3229	380.396	190.748
24.3287	381.276	191.3
24.3345	383.707	191.742
24.3403	385.929	192.297
24.3461	386.599	192.742
24.3519	386.152	192.742
24.3577	386.152	192.742
24.3635	386.152	192.965
24.3693	385.039	192.742
24.3751	382.821	192.186
24.381	381.938	192.519
24.3868	381.717	191.742
24.3926	383.928	192.742
24.3984	385.707	193.411
24.4042	389.738	195.658
24.41	391.769	196.338
24.4158	391.995	195.207
24.4216	391.091	195.998
24.4274	393.584	194.419
24.4332	394.722	194.981
24.439	389.513	195.32
24.4448	391.769	193.635
24.4506	389.738	192.408
24.4564	191.3
24.4622	191.632
24.468	193.299
24.4738	191.632
24.4796
24.4854
24.4912
24.4971
24.5029
24.5087
24.5145
24.5203
24.5261
24.5319
24.5377
24.5435
24.5493
24.5551
24.5609
24.5667
24.5725
24.5783
24.5841
24.5899
24.5957
24.6015
24.6073
24.6132
24.619
24.6248
24.6306
24.6364
24.6422
24.648
24.6538
24.6596
24.6654
24.6712
24.677
24.6828
24.6886
24.6944
24.7002
24.706
24.7118
24.7176
24.7234
24.7293	252.714
24.7351	252.568
24.7409	255.355
24.7467	251.694
24.7525	253.298
24.7583	254.766
24.7641	255.65
24.7699	256.241
24.7757	256.686
24.7815	257.428
24.7873	257.577
24.7931	257.726
24.7989	258.173
24.8047	258.173
24.8105	258.919
24.8163	259.518
24.8221	260.57
24.8279	263.293
24.8337	268.515
24.8395	272.893
24.8454	283.007
24.8512	290.627	291.805
24.857	294.855	292.987
24.8628	294.684	294.004
24.8686	297.592	296.734
24.8744	298.971	300.355
24.8802	308.799	308.265
24.886	314.56	312.749
24.8918	318.583	318.215
24.8976	324.339	323.404
24.9034	326.973	326.407
24.9092	330.581	330.772
24.915	334.229	335.196
24.9208	336.748	336.943
24.9266	334.422	335.389
24.9324	329.628
24.9382	320.429
24.944	311.667
24.9498	332.88
24.9556	330.963
24.9615	315.47
24.9673	319.136
24.9731
24.9789
24.9847
24.9905
24.9963	283.498
25.0021	286.13
25.0079	294.514
25.0137	295.707
25.0195	295.366
25.0253	294.855
25.0311	293.665
25.0369	292.649
25.0427	292.48
25.0485	291.3
25.0543	290.124
25.0601	289.622
25.0659	289.12
25.0717	290.459
25.0776	290.963
25.0834	291.131
25.0892	290.124
25.095	288.287
25.1008	285.14
25.1066	278.788
25.1124	272.263
25.1182	271.635
25.124	271.792
25.1298	265.891
25.1356	271.792
25.1414
25.1472
25.153
25.1588
25.1646
25.1704
25.1762
25.182
25.1878
25.1937
25.1995
25.2053
25.2111
25.2169
25.2227
25.2285
25.2343
25.2401
25.2459
25.2517	288.62
25.2575	292.818
25.2633	273.683
25.2691	290.292
25.2749	290.795
25.2807	289.287
25.2865	287.954
25.2923	287.621
25.2981	290.795
25.3039	289.12
25.3097	288.12
25.3156	287.123
25.3214	285.965
25.3272	285.8
25.333	285.305
25.3388	285.305
25.3446	285.634
25.3504	286.626
25.3562	288.953
25.362	292.48
25.3678	296.049
25.3736	300.182
25.3794	304.196
25.3852	308.265
25.391	313.472
25.3968	319.689
25.4026	326.218
25.4084	330.772
25.4142	334.036
25.42	337.332
25.4258	341.055
25.4317	342.634
25.4375	344.221
25.4433	345.416
25.4491	347.016
25.4549	347.618
25.4607	347.417
25.4665	347.217
25.4723	346.816
25.4781	346.415
25.4839	346.415
25.4897	346.616
25.4955	346.616
25.5013	345.816
25.5071	344.619
25.5129	344.023
25.5187	342.634
25.5245	340.071
25.5303	334.809
25.5361	327.918
25.542	320.984
25.5478	316.2
25.5536	315.47
25.5594	326.973
25.5652	336.554
25.571	336.359
25.5768	335.002
25.5826	320.984
25.5884	340.268
25.5942
25.6
25.6058
25.6116
25.6174
25.6232
25.629
25.6348
25.6406
25.6464
25.6522
25.658
25.6639
25.6697
25.6755
25.6813
25.6871
25.6929
25.6987
25.7045
25.7103
25.7161
25.7219
25.7277
25.7335
25.7393
25.7451
25.7509
25.7567
25.7625
25.7683
25.7741
25.78
25.7858
25.7916
25.7974
25.8032
25.809
25.8148
25.8206
25.8264
25.8322
25.838
25.8438
25.8496
25.8554
25.8612
25.867
25.8728
25.8786
25.8844
25.8902
25.8961
25.9019
25.9077
25.9135
25.9193
25.9251
25.9309
25.9367
25.9425
25.9483
25.9541
25.9599
25.9657
25.9715
25.9773
25.9831
25.9889
25.9947
26.0005
26.0063
26.0122
26.018
26.0238
26.0296
26.0354
26.0412
26.047
26.0528
26.0586
26.0644
26.0702
26.076	253.298
26.0818	251.839
26.0876	259.818
26.0934	275.427	558.866
26.0992	280.08	561.779
26.105	283.825	570.939
26.1108	286.626	574.247
26.1166	288.12	576.906
26.1224	288.62	577.573
26.1283	288.787	577.24
26.1341	288.287	576.573
26.1399	287.954	575.907
26.1457	287.787	575.242
26.1515	287.455	574.578
26.1573	287.289	573.915
26.1631	286.792	573.252
26.1689	286.792	572.921
26.1747	286.626	572.59
26.1805	286.461	573.252
26.1863	287.289	574.247
26.1921	287.787	574.91
26.1979	287.455	575.242
26.2037	287.621	575.907
26.2095	287.954	576.24
26.2153	288.12	576.573
26.2211	287.787	576.906
26.2269	285.47	572.59
26.2327	284.482	567.323
26.2385	282.68	562.429
26.2444	281.702	563.079
26.2502	282.354	555.648
26.256	282.354	539.518	255.946
26.2618	271.322	511.3	253.591
26.2676	276.543	566.014	253.152
26.2734	283.661	566.014	251.258
26.2792	243.823
26.285	238.668
26.2908	233.351
26.2966	220.509
26.3024	217.599
26.3082	215.224
26.314	212.138
26.3198	211.16
26.3256	202.675	403.948
26.3314	200.927	377.769
26.3372	199.078	372.999
26.343	199.77	375.81
26.3488	200.116	391.543
26.3546	194.981	388.838
26.3605	191.742	387.941
26.3663	193.523	387.046
26.3721	193.858	388.165
26.3779	193.523	381.056
26.3837	192.408	385.707
26.3895	192.519	386.375
26.3953	194.531	389.513
26.4011	195.771	390.414
26.4069	196.565	392.902
26.4127	196.338	393.584
26.4185	195.545	391.317
26.4243	194.195	389.738
26.4301	194.083	385.707
26.4359	192.075	384.594
26.4417	190.528	380.836
26.4475	188.994	378.643
26.4533	189.54	378.643
26.4591	188.666	377.333
26.4649	188.557	378.424
26.4707	188.34	378.643
26.4766	189.759	379.08
26.4824	190.088	382.821
26.4882	191.742	383.928
26.494	193.188	384.372
26.4998	192.631	383.264
26.5056	194.195	385.039
26.5114	194.195	385.929
26.5172	194.195	388.614
26.523	193.746	387.493
26.5288	192.965	391.317
26.5346	194.869	391.995
26.5404	195.207	391.543
26.5462	194.644	388.838
26.552	193.858	389.288
26.5578	194.419	388.838
26.5636	193.858	387.046
26.5694	193.523	389.513
26.5752	193.523	391.091
26.581	196.224	391.543
26.5868	195.885	391.769
26.5927	196.111	391.769	194.195
26.5985	197.361	396.092	194.869
26.6043	199.539	400.232	197.703
26.6101	202.792	407.228	201.275
26.6159	204.675	409.351	200.116
26.6217	203.261	405.117	196.338
26.6275	202.792	405.351	198.046
26.6333	197.019	394.039	197.361
26.6391	195.432	391.091	196.678
26.6449	388.614	195.32
26.6507	388.165	194.756
26.6565	388.614	194.644
26.6623	388.614	194.756
26.6681	389.513	194.981
26.6739	390.414	195.207
26.6797	391.091	195.432
26.6855	391.091	195.658	390.865
26.6913	391.995	195.771	391.769
26.6971	392.449	196.111	392.675
26.7029	393.584	196.678	394.039
26.7088	395.178	197.361	395.407
26.7146	396.092	197.932	396.092
26.7204	395.407	198.275	396.55
26.7262	394.266	198.39	397.927
26.732	390.188	198.504	398.387
26.7378	395.635	198.046	398.617
26.7436	399.539	198.275	398.157
26.7494	401.158	197.361	396.092
26.7552	402.551	198.046	400.926
26.761	402.783	195.094	403.249
26.7668	190.969	404.883
26.7726	193.076	404.649
26.7784	197.361	405.585
26.7842	197.361	407.463
26.79	203.261	403.948
26.7958	416.265
26.8016	398.157
26.8074	408.406
26.8132	415.065
26.819
26.8249
26.8307
26.8365
26.8423
26.8481
26.8539
26.8597
26.8655
26.8713
26.8771
26.8829
26.8887
26.8945
26.9003
26.9061	245.661
26.9119	245.094	489.057
26.9177	244.246	488.493
26.9235	230.804	491.606
26.9293	245.094	489.057
26.9351	244.387	487.365
26.941	244.246	489.623
26.9468	245.236	488.775
26.9526	244.811	489.623
26.9584	243.542	486.803
26.9642	242.279	485.118
26.97	241.86	484.558
26.9758	241.58	483.161
26.9816	240.884	482.046
26.9874	239.358	478.163
26.9932	238.117	476.234
26.999	235.79	472.125
27.0048	232.813	464.283
27.0106	234.026	466.433
27.0164	237.293	472.944
27.0222	235.246	471.036
27.028	237.293	473.491
27.0338	236.063	469.677
27.0396	236.472	472.125
27.0454	239.22	478.163
27.0512	242.699	486.241
27.0571	247.656	494.454
27.0629	251.694	502.516
27.0687	257.726	512.187
27.0745	263.293	522.949
27.0803	267.432	535.172
27.0861	271.478	542.957
27.0919	274.95	549.9
27.0977	278.466	556.29
27.1035	282.028	564.707
27.1093	284.153	570.609
27.1151	285.8	571.269
27.1209	286.461	572.26
27.1267	285.8	571.269
27.1325	285.8	570.939
27.1383	285.47	570.28
27.1441	285.14	570.939
27.1499	284.646	570.609
27.1557	284.646	568.307
27.1615	284.975	570.28
27.1673	285.965	571.599
27.1732	286.13	572.59
27.179	286.295	573.252
27.1848	287.954	574.91
27.1906	288.953	578.909
27.1964	289.957	578.241
27.2022	290.292	582.263
27.208	290.459	583.273
27.2138	290.627	576.24
27.2196	288.787	572.921
27.2254	283.825	578.575
27.2312	290.292	581.927
27.237	292.311	585.974
27.2428	292.142	568.635
27.2486	292.48	549.265
27.2544	546.733
27.2602	572.921
27.266
27.2718
27.2776
27.2834	259.969
27.2893	259.668
27.2951	258.322
27.3009	261.474
27.3067	263.75
27.3125	262.534
27.3183	261.928
27.3241	261.626
27.3299	260.119
27.3357	259.069
27.3415	259.369
27.3473	260.419
27.3531	259.219
27.3589	258.621
27.3647	258.471
27.3705	258.471
27.3763	258.621
27.3821	259.369
27.3879	259.668
27.3937	259.668
27.3995	259.369
27.4054	259.219
27.4112	259.518
27.417	257.726
27.4228	256.389
27.4286	254.178
27.4344	252.276
27.4402	248.229
27.446	247.799
27.4518	243.683
27.4576	244.105
27.4634	248.803
27.4692
27.475
27.4808
27.4866
27.4924
27.4982
27.504
27.5098
27.5156	259.969
27.5215	261.626
27.5273	250.389
27.5331	263.141
27.5389	259.069
27.5447	260.269
27.5505	256.834
27.5563	270.695
27.5621	261.626
27.5679	258.471
27.5737	258.024
27.5795	257.875
27.5853	257.875
27.5911	258.173
27.5969	259.219
27.6027	260.119
27.6085	260.72
27.6143	261.323
27.6201	261.928
27.6259	262.686
27.6317	262.989
27.6376	262.989
27.6434	263.445
27.6492	263.598
27.655	264.207
27.6608	264.818
27.6666	264.665
27.6724	264.055
27.6782	263.141
27.684	262.534
27.6898	262.382
27.6956	262.382
27.7014	262.079
27.7072	262.231
27.713	262.231
27.7188	262.231
27.7246	262.534
27.7304	262.837
27.7362	262.534
27.742	262.079
27.7478	262.837
27.7537	263.293
27.7595	264.207
27.7653	264.055
27.7711	263.902
27.7769	264.055
27.7827	264.665
27.7885	265.278
27.7943	265.431
27.8001	265.738
27.8059	265.738
27.8117	265.431
27.8175	264.513
27.8233	262.382
27.8291	261.474
27.8349	261.474
27.8407	261.474
27.8465	261.474
27.8523	262.231
27.8581	262.686
27.8639	262.686
27.8698	262.686
27.8756	262.534
27.8814	263.293
27.8872	263.141
27.893	262.989
27.8988	263.293
27.9046	265.125
27.9104	266.506
27.9162	266.506
27.922	266.969
27.9278	267.432
27.9336	265.431
27.9394	265.125
27.9452	261.474
27.951	261.474
27.9568	262.231
27.9626	262.534
27.9684
27.9742
27.98
27.9858
27.9917
27.9975
28.0033
28.0091
28.0149
28.0207
28.0265
28.0323
28.0381
28.0439
28.0497
28.0555
28.0613
28.0671
28.0729
28.0787
28.0845
28.0903
28.0961
28.1019
28.1078
28.1136
28.1194
28.1252
28.131
28.1368
28.1426
28.1484
28.1542
28.16
28.1658
28.1716
28.1774
28.1832
28.189
28.1948
28.2006
28.2064
28.2122
28.2181
28.2239
28.2297
28.2355
28.2413
28.2471
28.2529
28.2587
28.2645
28.2703
28.2761
28.2819
28.2877
28.2935
28.2993
28.3051
28.3109
28.3167
28.3225
28.3283
28.3341
28.34
28.3458
28.3516
28.3574
28.3632
28.369
28.3748
28.3806
28.3864
28.3922
28.398
28.4038
28.4096
28.4154
28.4212
28.427
28.4328
28.4386
28.4444
28.4502
28.4561
28.4619
28.4677
28.4735
28.4793
28.4851
28.4909
28.4967
28.5025
28.5083
28.5141
28.5199
28.5257
28.5315
28.5373
28.5431
28.5489
28.5547
28.5605
28.5663
28.5722
28.578
28.5838
28.5896
28.5954
28.6012
28.607
28.6128
28.6186
28.6244
28.6302
28.636	248.229
28.6418	246.514
28.6476	242.139
28.6534	256.982
28.6592	254.178
28.665	253.591
28.6708	253.884
28.6766	254.913
28.6824	255.06
28.6883	254.913
28.6941	254.178
28.6999	258.173
28.7057	257.875
28.7115	254.178
28.7173	252.714
28.7231	252.276
28.7289	251.694
28.7347	251.549
28.7405	251.694
28.7463	250.968
28.7521	251.549
28.7579	252.714
28.7637	253.298
28.7695	254.913
28.7753	254.618	256.538
28.7811	256.093	256.389
28.7869	258.024	259.668
28.7927	258.471	259.668
28.7985	258.322	258.471
28.8044	256.389	255.65
28.8102	254.324	252.568
28.816	253.445	252.13
28.8218	252.86	252.714
28.8276	251.258	250.968
28.8334	246.372	247.942
28.8392	241.999	243.12
28.845	240.745	241.441
28.8508	236.063
28.8566	234.839
28.8624	238.392
28.8682	239.22
28.874
28.8798
28.8856
28.8914
28.8972
28.903
28.9088	288.787
28.9146	273.209
28.9205	270.695
28.9263	268.67
28.9321	266.353
28.9379	264.665
28.9437	262.382
28.9495	261.928
28.9553	262.231
28.9611	263.141
28.9669	263.75
28.9727	264.36
28.9785	265.891
28.9843	266.814
28.9901	267.123
28.9959	266.506
29.0017	266.353
29.0075	265.584
29.0133	264.665
29.0191	263.75
29.0249	263.141
29.0307	263.445
29.0366	264.36
29.0424	265.278
29.0482	265.584
29.054	265.738
29.0598	265.278
29.0656	265.431
29.0714	265.738
29.0772	265.431
29.083	264.818
29.0888	263.902
29.0946	263.598
29.1004	262.837
29.1062	260.871
29.112	258.621
29.1178	257.726
29.1236	253.006
29.1294	253.152
29.1352	262.382
29.141	266.969
29.1468
29.1527
29.1585
29.1643
29.1701
29.1759
29.1817
29.1875
29.1933
29.1991
29.2049
29.2107
29.2165
29.2223
29.2281
29.2339
29.2397
29.2455
29.2513
29.2571
29.2629
29.2688
29.2746
29.2804
29.2862
29.292
29.2978
29.3036
29.3094
29.3152
29.321
29.3268
29.3326
29.3384
29.3442
29.35
29.3558
29.3616
29.3674
29.3732
29.379
29.3849
29.3907
29.3965
29.4023
29.4081
29.4139
29.4197
29.4255
29.4313
29.4371
29.4429
29.4487
29.4545	286.957
29.4603	286.295
29.4661	286.461
29.4719	286.461
29.4777	286.957
29.4835	286.461
29.4893	285.8
29.4951	284.318
29.501	284.646
29.5068	284.318
29.5126	285.965
29.5184	286.461
29.5242	285.14
29.53	284.975
29.5358	284.811
29.5416	284.975
29.5474	284.482
29.5532	283.498
29.559	283.334
29.5648	283.661
29.5706	284.811
29.5764	285.965
29.5822	287.621
29.588	288.287
29.5938	288.953
29.5996	289.12
29.6054	290.292
29.6112	291.636
29.6171	292.311
29.6229	292.818
29.6287	292.818
29.6345	293.156
29.6403	293.156
29.6461	293.156
29.6519	293.495
29.6577	293.156
29.6635	293.156
29.6693	292.649
29.6751	292.649
29.6809	292.649
29.6867	292.818
29.6925	293.326
29.6983	293.156
29.7041	293.156
29.7099	292.48
29.7157	292.142
29.7215	292.311
29.7273	292.48
29.7332	293.326
29.739	294.344
29.7448	294.174
29.7506	294.514
29.7564	294.344
29.7622	293.665
29.768	293.326
29.7738	292.987
29.7796	292.649
29.7854	292.311
29.7912	291.3
29.797	287.954
29.8028	283.989
29.8086	280.565
29.8144	274.316
29.8202	268.36
29.826	259.969
29.8318	250.1
29.8376	240.189
29.8434	234.161
29.8493	231.071
29.8551	229.873
29.8609	228.022
29.8667	228.681
29.8725	227.89
29.8783	227.364
29.8841	226.708
29.8899	227.364
29.8957	228.285
29.9015	228.549
29.9073	228.945
29.9131	230.671
29.9189	230.804
29.9247	230.006
29.9305
29.9363
29.9421
29.9479
29.9537
29.9595
29.9654
29.9712
29.977
29.9828
29.9886
29.9944
30.0002
30.006
30.0118
30.0176
30.0234
30.0292
30.035
30.0408
30.0466
