0.481814	0.795283	1301.11	18.1139
0.841723	0.986848	1288.4	21.7828
1.02748	1.19583	2004.27	32.1442
1.09134	1.22485	1524.22	41.4771
1.33515	1.48027	1541.93	37.6729
1.42222	1.54413	5397.32	43.1548
3.26821	3.3785	2190.73	92.9218
3.42494	3.54104	2400.07	57.4662
3.47138	3.67456	2125.9	10.1463
3.56426	3.80807	9061.45	53.6935
3.56426	3.80807	9061.45	53.6935
3.6049	3.86612	2265.36	103.96
3.65714	3.86032	1124.21	100.064
3.76744	3.86612	2304.96	107.438
3.8371	4.05769	1669.88	25.1387
4.29569	4.46404	2185.67	19.3307
4.44082	4.71946	2506.33	127.495
4.46404	4.70204	1256.79	152.542
4.94005	5.06195	1650.7	127.463
5.07356	5.29415	3335.9	32.4338
5.30576	5.56698	3544.48	24.0852
5.36381	5.77016	3347.48	11.5628
5.67728	5.79338	1875.46	44.7801
5.78177	5.92109	2038.12	70.8127
6.11265	6.22295	2203.42	104.014
6.25197	6.50159	2155.58	170.579
6.44354	6.62349	2189.46	129.967
7.97605	8.20245	2101.48	196.411
8.10957	8.27211	2164.31	121.08
8.22567	8.38821	2834.46	109.44
9.04417	9.24735	3333.97	27.6975
9.10803	9.27057	1518.95	64.0776
9.29959	9.40408	6485.61	18.1119
9.6595	9.80463	4092.76	33.4103
9.8859	10.0659	1244.51	97.3962
9.94975	10.031	1038.07	91.1963
10.5302	10.6522	12137.6	33.8885
12.3995	12.5156	1811.57	28.6621
12.6142	12.829	2051.12	54.8562
12.7303	12.858	4217.56	29.6084
12.8348	13.0902	2536.92	81.0051
12.8813	13.038	6411.11	117.265
12.9451	13.1135	3008.22	25.0532
13.0496	13.2702	6508.13	14.022
13.6707	13.7752	2358.84	59.3894
13.9436	14.2106	3374.66	43.4272
14.1468	14.3615	2457.59	29.4695
14.3673	14.646	1369.75	232.577
14.7273	15.1104	2277.17	143.846
14.7621	14.884	2656.9	73.3246
14.7911	14.913	1823.12	78.1466
14.9653	15.2091	2457.59	109.797
15.778	16.0566	2006.58	75.7185
15.8186	16.0624	2040.48	54.6076
16.0566	16.1611	12918.9	11.1282
16.1146	16.6545	3324.36	14.5568
16.2656	16.4862	12881.6	11.3007
18.8546	18.9823	3003.01	14.4684
