0
0.00580499
0.01161
0.017415
0.02322
0.0290249
0.0348299
0.0406349
0.0464399
0.0522449
0.0580499
0.0638549
0.0696599
0.0754649
0.0812698
0.0870748
0.0928798
0.0986848
0.10449
0.110295
0.1161
0.121905
0.12771
0.133515
0.13932
0.145125
0.15093
0.156735
0.16254
0.168345	556.933
0.17415	540.453
0.179955	533.937
0.18576	515.154
0.191565	524.765	524.765
0.19737	534.554	534.554
0.203175	527.5	527.5
0.20898	527.195	527.195
0.214785	524.461	529.943
0.22059	524.765	534.246
0.226395	531.783	533.937
0.2322	551.172	522.044
0.238005	551.172	518.138
0.24381	555.969	536.101
0.249615	522.647	508.943
0.255419	524.461	513.075
0.261224	535.791	535.791
0.267029	535.791	533.321
0.272834	537.03	537.03
0.278639	540.453	540.453
0.284444	543.584	544.213
0.290249	545.786	544.527
0.296054	547.365	547.681
0.301859	547.681	547.998	779.926
0.307664	546.102	546.102	787.622
0.313469	545.471	779.025
0.319274	543.584	759.475
0.325079	541.391	754.229
0.330884	540.141	752.489
0.336689	537.341	750.319
0.342494	534.863	743.416
0.348299	533.629	739.562
0.354104	532.705	730.645
0.359909	532.397	696.845
0.365714	533.013	711.898
0.371519	533.937	695.638
0.377324	534.863	686.457
0.383129	537.962	681.716
0.388934	538.895	672.33
0.394739	538.895	673.496
0.400544	541.078	677.007	541.704
0.406349	549.9	680.535	530.555
0.412154	552.766	682.504	525.978
0.417959	544.842	681.716	535.172
0.423764	542.016	683.293	544.842
0.429569	541.391	679.357	553.086
0.435374	546.417	676.616	543.27
0.441179	562.429	676.616	544.842
0.446984	561.131	694.033	542.016
0.452789	564.055	708.616	543.584
0.458594	584.284	721.002	544.213
0.464399	576.906	724.76	552.447	459.215
0.470204	550.536	729.801	551.491	464.551
0.476009	555.969	729.801	556.29	461.076
0.481814	556.933	734.029	558.221	463.747
0.487619	575.575	735.727	574.91	464.551
0.493424	737.429	578.909	468.323
0.499229	735.727	579.913	469.135
0.505034	740.416	581.59	469.135
0.510839	739.989	582.936	468.323
0.516644	724.342	587.669	468.864
0.522449	711.898	586.651	469.677
0.528254	710.665	588.348	470.764
0.534059	699.668	590.732	472.125
0.539864	698.86	589.028	471.036
0.545669	696.442	585.298	467.512
0.551474	685.269	580.583	462.676
0.557279	686.457	569.293	474.86
0.563084	692.831	566.995	470.764
0.568889	694.835	563.079	468.594
0.574694	696.845	562.429	466.433
0.580499	693.231	557.899	460.277
0.586304	682.898	567.651	453.678
0.592109	684.873	553.406	450.284
0.597914	702.503	563.079	457.626
0.603719	712.309	559.189	463.479
0.609524	457.891
0.615329	458.155
0.621134	453.416
0.626939
0.632744	342.832
0.638549	365.111
0.644354	365.322
0.650159	362.171
0.655964	338.112
0.661769	344.818
0.667574	355.333
0.673379	362.799
0.679184	367.227
0.684989	369.354
0.690794	371.708
0.696599	372.138
0.702404	370.208
0.708209	365.111
0.714014	360.085
0.719819	357.804
0.725624	353.694
0.731429	351.454
0.737234	348.825	693.231
0.743039	347.417	693.231
0.748844	348.624	698.456
0.754649	349.027	711.076
0.760454	356.772	725.598
0.766258	354.922	730.645
0.772063	362.171	733.181
0.777868	372.138	741.272
0.783673	381.717	759.475	533.321
0.789478	388.389	777.677	537.962
0.795283	399.308	791.727	542.016
0.801088	411.96	829.171	537.651
0.806893	415.545	829.171	531.783
0.812698	426.241	794.017	534.863
0.818503	431.692	783.538	535.172
0.824308	435.952	787.167	531.783
0.830113	438.985	788.077	529.943
0.835918	441.528	774.091	530.862
0.841723	445.627	543.898
0.847528	446.142	539.829
0.853333	446.142	548.631	716.436
0.859138	446.916	547.049	686.061
0.864943	448.986	541.078	690.833
0.870748	448.727	540.453	684.082
0.876553	451.065	542.33	680.929
0.882358	449.765	541.391	676.225
0.888163	452.37	545.156	677.398
0.893968	451.326	542.33	677.007
0.899773	452.37	541.391	675.054
0.905578	453.155	543.584	673.496
0.911383	453.416	542.016	677.789
0.917188	454.465	544.213	680.929
0.922993	456.307	547.365	684.082
0.928798	457.891	551.172	686.457
0.934603	458.42	547.998	688.841
0.940408	458.685	548.948	691.631	581.255
0.946213	460.277	552.766	703.315	585.974
0.952018	459.746	551.809	729.801	588.348
0.957823	461.342	555.648	723.923	593.468
0.963628	461.609	558.544	727.276	597.596
0.969433	463.211	560.159	724.76	601.405
0.975238	463.747	563.079	731.067	603.144
0.981043	463.211	572.59	736.577	608.744
0.986848	463.211	583.61	742.558	589.369
0.992653	464.551	588.688	746.428	591.073
0.998458	466.972	593.468	752.489	594.154
1.00426	465.626	594.841	739.134	593.811
1.01007	466.703	597.251	730.645	595.184
1.01587	468.594	601.405	733.605	601.405
1.02168	469.135	604.54	710.255	603.842
1.02748	469.677	605.938	711.487	605.588
1.03329	469.677	606.288	710.255	606.638
1.03909	469.406	603.493	703.721
1.0449	467.512	600.017	698.456
1.0507	465.357	595.184	695.638
1.05651	464.551	582.936	675.054
1.06231	465.357	577.573	694.835
1.06812	464.551	567.323	687.648
1.07392	465.626	547.998	688.443
1.07973	466.972	539.206	699.264
1.08553	467.512	537.341	694.033
1.09134	468.594	571.269	703.721
1.09714	469.135	573.915	695.236
1.10295	468.323	577.573	702.097
1.10875	466.972	564.707	701.692
1.11456	466.164	699.264
1.12036	463.747	694.434
1.12617	459.746	694.434
1.13197	454.728	686.457
1.13778	448.986	671.942
1.14358	440.763	659.255
1.14939	430.696	646.061
1.15519	419.645	626.944
1.161	406.523	608.744
1.1668	392.222	595.872
1.17261	382.821	573.583
1.17841	374.51	562.429
1.18422	364.479	543.27
1.19002	354.922	542.016
1.19583	346.415
1.20163	332.688
1.20744	323.03
1.21324	362.799
1.21905	377.769	541.391
1.22485	543.898
1.23066	540.766
1.23646	545.156
1.24227	543.27
1.24807	547.998
1.25388	548.631
1.25968	543.898
1.26549	543.27
1.27129	542.957
1.2771	545.471
1.2829	539.829
1.28871	541.704
1.29451	539.518
1.30032	540.141
1.30612	541.391
1.31193	541.078
1.31773	543.27
1.32354	544.527
1.32934	542.016
1.33515	537.341
1.34095	535.172
1.34676	533.937	647.93
1.35256	532.705	653.568
1.35837	527.5	651.683
1.36417	531.783	653.945
1.36998	530.249	662.309
1.37578	533.321	670.004
1.38159	532.09	682.11
1.38739	533.629	689.239
1.3932	535.791	696.442
1.399	536.101	706.572
1.40481	541.078	718.508
1.41061	544.213	724.76
1.41642	546.417	725.179
1.42222	552.766	722.253
1.42803	558.866	726.017
1.43383	562.104	724.342
1.43964	565.687	715.195
1.44544	569.621	721.419
1.45125	575.907	718.923
1.45705	582.599	716.436
1.46286	586.651	708.207
1.46866	589.369	707.798
1.47447	591.415	697.65
1.48027	590.05	720.17
1.48608	590.391	686.061
1.49188	588.008	715.608
1.49769	586.313	709.025
1.50349	578.241	687.251
1.5093	565.034	687.648
1.5151	559.189
1.52091	545.786
1.52671	550.218
1.53252	558.866
1.53832	551.172
1.54413	566.668
1.54993
1.55574
1.56154
1.56735
1.57315
1.57896
1.58476
1.59057
1.59637
1.60218
1.60798
1.61379
1.61959
1.6254
1.6312
1.63701
1.64281
1.64862
1.65442
1.66023
1.66603
1.67184
1.67764
1.68345
1.68925
1.69506
1.70086
1.70667
1.71247
1.71828
1.72408
1.72989
1.73569
1.7415
1.7473
1.75311
1.75891
1.76472
1.77052
1.77633
1.78213
1.78794
1.79374
1.79955
1.80535
1.81116
1.81696
1.82277
1.82857
1.83438
1.84018
1.84599
1.85179
1.8576
1.8634
1.86921
1.87501
1.88082
1.88662
1.89243
1.89823
1.90404
1.90984
1.91565
1.92145
1.92726
1.93306
1.93887
1.94467
1.95048
1.95628
1.96209
1.96789
1.9737
1.9795
1.98531
1.99111
1.99692
2.00272
2.00853
2.01433
2.02014
2.02594
2.03175
2.03755
2.04336
2.04916
2.05497
2.06077
2.06658
2.07238
2.07819
2.08399
2.0898
2.0956
2.10141
2.10721
2.11302
2.11882
2.12463
2.13043
2.13624
2.14204
2.14785
2.15365
2.15946
2.16526
2.17107
2.17687
2.18268
2.18848
2.19429
2.20009
2.2059
2.2117
2.21751
2.22331
2.22912
2.23492
2.24073
2.24653
2.25234
2.25814
2.26395
2.26975
2.27556
2.28136
2.28717
2.29297
2.29878
2.30458
2.31039
2.31619
2.322
2.3278
2.33361
2.33941
2.34522
2.35102
2.35683
2.36263
2.36844
2.37424
2.38005
2.38585
2.39166
2.39746
2.40327
2.40907
2.41488
2.42068
2.42649
2.43229
2.4381
2.4439
2.44971
2.45551
2.46132
2.46712	1400.95
2.47293	1407.44
2.47873	1413.96
2.48454	1417.23
2.49034	1426.27
2.49615	1419.69
2.50195	1405.82
2.50776	1404.19
2.51356	1405.01
2.51937	1405.01
2.52517	1402.57
2.53098	1395.3
2.53678	1380.87
2.54258	1383.26
2.54839	1394.49
2.55419	1397.72
2.56	1398.53
2.5658	1395.3
2.57161	1387.26
2.57741	1383.26
2.58322	1383.26
2.58902	1389.67
2.59483	1393.69
2.60063	1386.46
2.60644	1381.67
2.61224	1380.07
2.61805	1380.07
2.62385	1380.87
2.62966	1383.26
2.63546	1389.67
2.64127	1395.3
2.64707	1399.34
2.65288	1399.34
2.65868	1401.76
2.66449	1405.01
2.67029	1405.01
2.6761	1404.19
2.6819	1404.19
2.68771	1405.01
2.69351	1405.82
2.69932	1403.38
2.70512	1397.72
2.71093	1397.72	279.918
2.71673	1394.49	274.474
2.72254	1406.63	277.984
2.72834	1446.17	286.13
2.73415	1461.29	295.878
2.73995	1495.45	302.794
2.74576	1496.31	309.156
2.75156	1574.33	313.472
2.75737	1665.06	318.399
2.76317	1700.05	321.913
2.76898	323.591
2.77478	326.784
2.78059	328.108
2.78639	330.39
2.7922	333.265
2.798	334.422
2.80381	335.583
2.80961	336.748
2.81542	338.112
2.82122	340.464
2.82703	342.437
2.83283	343.824
2.83864	344.619
2.84444	345.217
2.85025	345.217
2.85605	344.818
2.86186	344.221
2.86766	343.824
2.87347	343.229
2.87927	342.239
2.88508	341.646
2.89088	342.041
2.89669	342.832
2.90249	343.229
2.9083	343.824
2.9141	344.023
2.91991	344.42
2.92571	344.42
2.93152	344.023
2.93732	342.634
2.94313	341.252
2.94893	339.679
2.95474	337.917
2.96054	335.196
2.96635	333.843
2.97215	332.112
2.97796	333.458
2.98376	335.389
2.98957	337.917	321.355
2.99537	337.527	326.595
3.00118	330.772	349.834
3.00698	342.239
3.01279	325.653
3.01859	328.677
3.0244	329.628
3.0302	327.54
3.03601	325.653
3.04181	326.784
3.04762	324.714
3.05342	322.471
3.05923	319.505
3.06503	317.298
3.07084	314.742
3.07664	312.207
3.08245	309.872
3.08825	308.621
3.09406	306.666
3.09986	304.548
3.10567	301.572
3.11147	298.798
3.11728	296.391
3.12308	293.495
3.12889	289.789
3.13469	287.289
3.1405	284.153
3.1463	282.843
3.15211	284.646
3.15791	282.354
3.16372	283.661
3.16952	279.918
3.17533	283.825
3.18113	282.843
3.18694	283.498
3.19274	280.241
3.19855	276.064
3.20435	274.791
3.21016	273.525
3.21596	272.106
3.22177	270.539
3.22757	269.447
3.23338	272.578
3.23918	275.586
3.24499	278.627
3.25079	281.539	281.052
3.2566	283.007	283.17
3.2624	286.626	285.305
3.26821	288.12	286.957
3.27401	291.3	287.787
3.27982	288.62	276.383
3.28562	282.517	278.466
3.29143	284.318	280.565
3.29723	290.459	283.825
3.30304	289.622	285.634
3.30884	286.957	284.811
3.31465	285.8	284.318
3.32045	283.825	282.517
3.32626	280.403	280.403
3.33206	277.343	277.343
3.33787	276.383	276.703
3.34367	276.064	275.905
3.34948	271.635	273.051
3.35528	270.539
3.36109	267.277
3.36689	265.431
3.3727	262.534
3.3785	261.173
3.38431	265.891
3.39011	268.981
3.39592	275.268
3.40172	273.209
3.40753	274.474
3.41333	264.055
3.41914	263.445	684.478
3.42494	263.141	688.443
3.43075	255.207	690.434
3.43655	253.006	676.225
3.44236	242.419	678.181
3.44816	233.891	335.389	679.75
3.45397	338.895	681.716
3.45977	340.858	683.293
3.46558	341.844	685.269
3.47138	341.844	684.873
3.47719	338.895	679.357
3.48299	334.229	670.779
3.4888	327.162	656.595
3.4946	320.059	643.454
3.50041	314.56	629.121
3.50621	309.514	618.313
3.51202	304.724	608.744
3.51782	299.316	600.711
3.52363	294.344	589.369
3.52943	292.311	591.073
3.53524	291.468	580.919
3.54104	292.818	589.369
3.54685	296.905	591.073	674.664
3.55265	292.48	585.298	677.789
3.55846	292.142	583.61	681.322
3.56426	289.287	574.578	682.11
3.57007	680.142
3.57587	685.269
3.58168	682.504
3.58748	668.458
3.59329	690.833
3.59909	678.965
3.6049	688.443
3.6107	684.082
3.61651	668.458
3.62231	681.716
3.62812	685.269
3.63392	686.457
3.63973	678.181
3.64553	677.398
3.65134	678.181
3.65714	686.061
3.66295	682.11
3.66875	685.665
3.67456	688.045
3.68036	670.779
3.68617	685.269
3.69197	688.443
3.69778	691.232
3.70358	680.929
3.70939	676.225
3.71519	682.898
3.721	671.554	469.406
3.7268	671.942	464.283
3.73261	694.434	469.135	231.606
3.73841	664.224	472.125	223.716
3.74422	660.398	468.052	234.703
3.75002	681.716	468.323	232.813
3.75583	692.431	471.853	235.11
3.76163	473.218	237.156
3.76744	475.135	237.567
3.77324	474.586	237.019
3.77905	475.409	237.43
3.78485	472.125	236.063
3.79066	469.406	234.703
3.79646	462.944	230.938
3.80227	453.941	227.233
3.80807	447.433	223.2
3.81388	442.038	221.402
3.81968	433.692	217.348
3.82549	428.958	214.603
3.83129	424.521	212.629
3.8371	421.589	210.794
3.8429	424.767	212.752
3.84871	431.942	216.846
3.85451	442.805	221.658
3.86032	454.991	228.945
3.86612	467.242	235.382
3.87193	482.324	239.912
3.87773	482.324	242.419
3.88354	493.313	245.519
3.88934	497.319	247.084
3.89515	501.357	247.799
3.90095	252.568
3.90676	251.985
3.91256	252.422
3.91837	248.803
3.92417	247.942
3.92998	242.139
3.93578	237.979
3.94159	232.41
3.94739	227.233
3.9532	223.846
3.959	222.299
3.96481	223.071
3.97061	223.587
3.97642	223.458
3.98222	225.663
3.98803	227.89
3.99383	226.708
3.99964	226.577
4.00544	225.012
4.01125	225.924
4.01705
4.02286
4.02866
4.03447
4.04027
4.04608
4.05188
4.05769
4.06349
4.0693
4.0751
4.08091
4.08671
4.09252
4.09832
4.10413
4.10993
4.11574
4.12154
4.12735
4.13315
4.13896
4.14476
4.15057
4.15637
4.16218
4.16798
4.17379
4.17959
4.1854
4.1912
4.19701
4.20281
4.20862
4.21442
4.22023
4.22603
4.23184
4.23764
4.24345
4.24925
4.25506
4.26086
4.26667
4.27247
4.27828
4.28408
4.28989
4.29569
4.3015
4.3073
4.31311
4.31891
4.32472
4.33052
4.33633
4.34213
4.34794
4.35374
4.35955
4.36535
4.37116
4.37696
4.38277
4.38857
4.39438
4.40018
4.40599
4.41179
4.4176
4.4234
4.42921
4.43501
4.44082
4.44662
4.45243
4.45823
4.46404
4.46984
4.47565
4.48145
4.48726
4.49306
4.49887
4.50467
4.51048
4.51628
4.52209
4.52789
4.5337
4.5395
4.54531
4.55111
4.55692
4.56272
4.56853
4.57433
4.58014
4.58594
4.59175
4.59755
4.60336
4.60916
4.61497
4.62077
4.62658
4.63238
4.63819
4.64399
4.6498
4.6556
4.66141
4.66721
4.67302
4.67882
4.68463
4.69043
4.69624
4.70204
4.70785
4.71365
4.71946
4.72526
4.73107
4.73687
4.74268
4.74848
4.75429
4.76009
4.7659
4.7717
4.77751
4.78331
4.78912
4.79492
4.80073
4.80653
4.81234
4.81814
4.82395
4.82975
4.83556
4.84136
4.84717
4.85297
4.85878
4.86458
4.87039
4.87619
4.882
4.8878
4.89361
4.89941
4.90522
4.91102
4.91683
4.92263
4.92844
4.93424
4.94005
4.94585
4.95166
4.95746
4.96327
4.96907
4.97487
4.98068
4.98649
4.99229
4.9981
5.0039
5.00971
5.01551
5.02132
5.02712
5.03293
5.03873
5.04454
5.05034
5.05615
5.06195
5.06776
5.07356
5.07936
5.08517
5.09097
5.09678
5.10258
5.10839
5.11419
5.12
5.1258
5.13161
5.13741
5.14322
5.14902
5.15483
5.16063
5.16644
5.17225
5.17805
5.18385
5.18966
5.19546
5.20127
5.20707
5.21288
5.21868
5.22449
5.23029
5.2361
5.2419
5.24771
5.25351
5.25932
5.26512
5.27093
5.27673
5.28254
5.28834
5.29415
5.29995
5.30576
5.31156
5.31737
5.32317
5.32898
5.33478
5.34059
5.34639
5.3522
5.358
5.36381
5.36961
5.37542
5.38122
5.38703
5.39283
5.39864
5.40444
5.41025
5.41605
5.42186
5.42766
5.43347
5.43927
5.44508
5.45088
5.45669
5.46249
5.4683
5.4741
5.47991
5.48571
5.49152
5.49732
5.50313
5.50893
5.51474
5.52054
5.52635
5.53215
5.53796
5.54376
5.54957
5.55537
5.56118
5.56698
5.57279
5.57859
5.5844
5.5902
5.59601
5.60181
5.60762
5.61342
5.61923
5.62503
5.63084
5.63664
5.64245
5.64825
5.65406
5.65986
5.66567
5.67147
5.67728
5.68308
5.68889
5.69469
5.7005
5.7063
5.71211
5.71791
5.72372
5.72952
5.73533
5.74113
5.74694
5.75274
5.75855
5.76435
5.77016
5.77596
5.78177
5.78757
5.79338
5.79918
5.80499
5.81079
5.8166
5.8224
5.82821
5.83401
5.83982
5.84562
5.85143
5.85723
5.86304
5.86884
5.87465
5.88045
5.88626
5.89206
5.89787
5.90367
5.90948
5.91528
5.92109
5.92689
5.9327
5.9385
5.94431
5.95011
5.95592
5.96172
5.96753
5.97333
5.97914
5.98494
5.99075
5.99655
6.00236
6.00816
6.01397
6.01977
6.02558
6.03138
6.03719
6.04299
6.0488
6.0546
6.06041
6.06621
6.07202
6.07782
6.08363
6.08943
6.09524
6.10104
6.10685
6.11265
6.11846
6.12426
6.13007
6.13587
6.14168
6.14748
6.15329
6.15909
6.1649
6.1707
6.17651
6.18231
6.18812
6.19392
6.19973
6.20553
6.21134
6.21714
6.22295
6.22875
6.23456
6.24036
6.24617
6.25197
6.25778
6.26358
6.26939
6.27519
6.281
6.2868	341.252
6.29261	331.154
6.29841	330.963
6.30422	323.778
6.31002	321.17	288.287
6.31583	331.92	300.702
6.32163	327.162	283.007
6.32744	333.073	283.007
6.33324	335.777	282.517
6.33905	338.503	283.825
6.34485	336.165	284.646
6.35066	337.332	287.954
6.35646	327.918	284.811
6.36227	335.196	283.334
6.36807	335.777	282.68
6.37388	335.777	283.334
6.37968	330.581	283.661
6.38549	328.677	282.354
6.39129	329.437	282.028
6.3971	327.351	280.727
6.4029	321.913	278.145
6.40871	322.099	276.543
6.41451	322.099	275.586
6.42032	321.355	274.95
6.42612	338.112	275.109
6.43193	324.527	275.745
6.43773	277.984
6.44354	280.403
6.44934	282.68
6.45515	285.8
6.46095	287.954
6.46676	290.124
6.47256	292.311
6.47837	294.174
6.48417	294.684
6.48998	294.344
6.49578	293.665
6.50159	291.468
6.50739	289.455
6.5132	286.626
6.519	283.825
6.52481	281.539
6.53061	278.949
6.53642	276.383
6.54222	268.826
6.54803	268.67
6.55383	285.47
6.55964	292.818
6.56544	288.12
6.57125	286.13
6.57705	282.028
6.58286	294.684
6.58866	295.537	551.809
6.59447	298.108	592.098
6.60027	300.355	597.941
6.60608	302.619	605.588
6.61188	302.794	608.042
6.61769	303.67	608.042
6.62349	301.746	603.144
6.6293	300.182	601.405
6.6351	296.905	596.561
6.64091	294.344	589.369
6.64671	291.973	585.974
6.65252	289.622	581.59
6.65832	287.455	573.583
6.66413	285.14	569.951
6.66993	284.153	567.651
6.67574	282.843	564.707
6.68154	281.865	562.754
6.68735	282.191	563.73
6.69315	283.17	566.341
6.69896	284.975	571.269
6.70476	285.8	572.26
6.71057	287.787	578.241
6.71637	289.622	579.913
6.72218	290.963	581.927
6.72798	292.48	583.273
6.73379	292.311	587.33
6.73959	294.174	591.073
6.7454	293.156	585.298
6.7512	292.142	584.284
6.75701	289.622	576.906
6.76281	285.8	572.26
6.76862	282.517	576.573
6.77442	279.595	564.707
6.78023	276.863	570.28
6.78603	276.543
6.79184	276.064	289.789
6.79764	277.023
6.80345	279.595	291.805
6.80925	282.028	293.495
6.81506	287.123	289.957
6.82086	291.973	290.795
6.82667	297.592	294.004
6.83247	301.05
6.83828	307.198
6.84408	311.487
6.84989	315.47
6.85569	317.298
6.8615	317.848
6.8673	317.481
6.87311	316.383
6.87891	314.742
6.88472	311.667
6.89052	308.978
6.89633	306.844
6.90213	304.724
6.90794	304.372
6.91374	304.548
6.91955	305.959
6.92535	307.731
6.93116	309.872
6.93696	311.847
6.94277	313.11
6.94857	314.742
6.95438	316.565
6.96018	317.481
6.96599	317.848
6.97179	318.583
6.9776	319.32
6.9834	319.136
6.98921	317.848
6.99501	316.565
7.00082	316.748
7.00662	314.379
7.01243	314.742
7.01823	314.379
7.02404	312.749
7.02984	311.847
7.03565	311.127
7.04145	310.768
7.04726	310.588
7.05306	309.693
7.05887	300.009
7.06467	321.727
7.07048	339.09
7.07628	343.427
7.08209	350.846
7.08789	353.899
7.0937	355.743
7.0995	356.772
7.10531	356.36
7.11111	355.333
7.11692	351.86
7.12272	349.228
7.12853	350.036
7.13433	356.978
7.14014	347.618
7.14594	349.632
7.15175	344.023
7.15755	354.103
7.16336
7.16916
7.17497
7.18077
7.18658
7.19238
7.19819
7.20399
7.2098
7.2156
7.22141
7.22721
7.23302
7.23882
7.24463
7.25043
7.25624
7.26204
7.26785
7.27365
7.27946
7.28526
7.29107
7.29687
7.30268
7.30848	381.717
7.31429	389.738
7.32009	403.249
7.3259	411.246
7.3317	424.767
7.33751	429.95
7.34331	431.942
7.34912	434.695
7.35492	435.197
7.36073	434.444
7.36653	432.941
7.37234	431.692
7.37814	430.199
7.38395	429.702
7.38975	429.702
7.39556	430.945
7.40136	432.191
7.40717	433.942
7.41297	434.444
7.41878	434.444
7.42458	433.441
7.43039	431.194
7.43619	427.474
7.442	422.32
7.4478	417.228
7.45361	413.151
7.45941	411.009
7.46522	410.061
7.47102	411.722
7.47683	414.346
7.48263	419.888
7.48844	425.749
7.49424	431.942
7.50005	437.971
7.50585	445.113
7.51166	452.109
7.51746	458.155
7.52327	463.479
7.52907	467.512
7.53487	469.949
7.54068	470.764
7.54648	470.492
7.55229	471.036
7.55809	470.22
7.5639	468.864
7.56971	468.052
7.57551	466.433
7.58132	465.088
7.58712	461.342
7.59293	457.626
7.59873	456.307
7.60454	457.626
7.61034	457.626
7.61615	458.42
7.62195	459.746
7.62776	461.076
7.63356	462.944
7.63936	464.551
7.64517	466.433
7.65097	468.864
7.65678	471.036
7.66258	472.671
7.66839	475.135
7.67419	478.44
7.68	480.933
7.6858	482.882
7.69161	483.719
7.69741	483.719
7.70322	484.558
7.70902	484.558
7.71483	484.278
7.72063	481.489
7.72644	477.887
7.73224	472.398
7.73805	467.782
7.74385	463.479
7.74966	457.891
7.75546	452.109
7.76127	448.209
7.76707	444.599
7.77288	440.763
7.77868	443.06
7.78449	442.038
7.79029	456.043
7.7961	466.433
7.8019	471.58
7.80771	479.269
7.81351	483.999
7.81932	489.34
7.82512	495.312
7.83093	497.319
7.83673	498.757
7.84254	500.199
7.84834	499.333
7.85415	494.454
7.85995	491.606
7.86576	485.118
7.87156	478.44
7.87737	473.218
7.88317	465.895
7.88898	458.95
7.89478	454.465
7.90059	450.024
7.90639	447.95
7.9122	448.209
7.918	447.95
7.92381	449.245
7.92961	453.941
7.93542	459.48
7.94122	463.479
7.94703	469.406
7.95283	472.944
7.95864	479.269
7.96444	483.719
7.97025	486.803
7.97605	486.803
7.98186	485.399
7.98766	481.211
7.99347	477.336
7.99927	472.398
8.00508	466.164
8.01088	456.043
8.01669	448.467
8.02249	443.573
8.0283	438.985
8.0341	433.692
8.03991	430.945
8.04571	424.767
8.05152	427.968
8.05732	428.463
8.06313	430.199
8.06893	433.942
8.07474	439.238
8.08054	445.37
8.08635	454.465
8.09215	461.342
8.09796	467.242
8.10376	471.58
8.10957	474.312
8.11537	476.784
8.12118	478.163
8.12698	477.06
8.13279	475.959
8.13859	472.944
8.1444	468.864
8.1502	464.551
8.15601	462.944
8.16181	461.609
8.16762	461.342
8.17342	461.875
8.17923	461.875
8.18503	463.479
8.19084	466.164
8.19664	468.323
8.20245	469.949
8.20825	471.58
8.21406	474.038
8.21986	475.135
8.22567	475.135
8.23147	471.58
8.23728	468.052
8.24308	464.015
8.24889	455.517
8.25469	445.885
8.2605	440
8.2663	430.945
8.27211	425.749
8.27791	420.13
8.28372	417.469
8.28952	415.785
8.29533	412.436
8.30113	411.484
8.30694	411.722
8.31274	413.868
8.31855	417.228
8.32435	422.32
8.33016	425.503
8.33596	427.474
8.34177	428.215
8.34757	429.206
8.35338	427.721
8.35918	424.031
8.36499	419.403
8.37079	413.39
8.3766	405.819
8.3824	395.407
8.38821	384.816
8.39401	374.51
8.39982	368.289
8.40562	362.589
8.41143	358.011
8.41723	354.308
8.42304	350.846
8.42884	348.825
8.43465	347.016
8.44045	346.016
8.44626	346.816
8.45206	348.422
8.45787	350.441
8.46367	352.267
8.46948	353.49
8.47528	354.103
8.48109	354.103
8.48689	352.878
8.4927	351.657
8.4985	348.825
8.50431	347.016
8.51011	343.625
8.51592	340.071
8.52172	335.196
8.52753	332.112
8.53333	327.162
8.53914	323.778
8.54494	320.244
8.55075	317.298
8.55655	313.834
8.56236	311.487
8.56816	310.051
8.57397	309.872
8.57977	311.307
8.58558	312.749
8.59138	314.379
8.59719	317.114
8.60299	319.32
8.6088	322.099
8.6146	323.591
8.62041	324.714
8.62621	324.714
8.63202	323.03
8.63782	320.244
8.64363	315.106
8.64943	306.844
8.65524	301.921
8.66104	297.592
8.66685	288.787
8.67265	289.789
8.67846	282.843
8.68426	280.241
8.69007	279.272
8.69587	279.595
8.70168	278.788
8.70748	280.241
8.71329	280.403
8.71909	282.517
8.7249	284.646
8.7307	284.482
8.73651
8.74231
8.74812
8.75392
8.75973
8.76553
8.77134
8.77714
8.78295
8.78875
8.79456
8.80036
8.80617
8.81197
8.81778
8.82358
8.82939
8.83519
8.841
8.8468
8.85261
8.85841
8.86422
8.87002
8.87583
8.88163
8.88744
8.89324
8.89905
8.90485
8.91066
8.91646
8.92227
8.92807
8.93388
8.93968
8.94549
8.95129
8.9571
8.9629
8.96871
8.97451
8.98032
8.98612
8.99193
8.99773
9.00354
9.00934
9.01515
9.02095
9.02676
9.03256
9.03837
9.04417
9.04998
9.05578
9.06159
9.06739
9.0732
9.079
9.08481
9.09061
9.09642
9.10222
9.10803
9.11383
9.11964
9.12544
9.13125
9.13705
9.14286
9.14866
9.15447
9.16027
9.16608
9.17188
9.17769
9.18349
9.1893
9.1951
9.20091
9.20671
9.21252
9.21832
9.22413
9.22993
9.23574
9.24154
9.24735
9.25315
9.25896
9.26476
9.27057
9.27637
9.28218
9.28798
9.29379
9.29959
9.3054
9.3112
9.31701
9.32281
9.32862
9.33442
9.34023
9.34603
9.35184
9.35764
9.36345
9.36925
9.37506
9.38086
9.38667	419.888
9.39247	419.403
9.39828	420.13
9.40408	420.616
9.40989	422.808
9.41569	422.808
9.4215	422.564
9.4273	424.521
9.43311	426.487
9.43891	427.968
9.44472	427.227
9.45052	428.215
9.45633	431.443
9.46213	431.194
9.46794	435.952
9.47374	436.456
9.47955	440.509
9.48535	443.316	496.457
9.49116	444.342	501.646
9.49696	446.142	522.044
9.50277	447.174	520.839
9.50857	449.765	529.637
9.51438	447.433	533.937	1066.03
9.52018	455.517	531.476	1079.66
9.52599	460.543	534.554	1070.34
9.53179	458.685	531.476	1075.3
9.5376	454.203	534.863	1085.91
9.5434	461.875	535.482	1085.29
9.54921	456.57	533.937	1087.17
9.55501	459.48	534.246	1059.27
9.56082	477.336	537.651	1072.2
9.56662	460.809	539.829	1079.66
9.57243	454.991	538.895	1077.79
9.57823	465.895	537.03	1071.58
9.58404	537.03	1068.49
9.58984	529.943	1058.05
9.59565	531.476	1062.34
9.60145	529.943	1060.5
9.60726	527.5	1052.56
9.61306	529.943	1064.79
9.61887	530.862	1066.64
9.62467	528.109	1059.27
9.63048	526.282	1050.14
9.63628	522.949	1055.61
9.64209	528.109	1047.11
9.64789	529.331	1048.92
9.6537	528.72	1079.66
9.6595	527.195	1072.2
9.66531	532.09
9.67111	537.341
9.67692	536.101
9.68272
9.68853	538.895
9.69433	536.72
9.70014	538.895	1079.66
9.70594	538.895	1079.04
9.71175	535.172	1075.92
9.71755	531.476	1070.34
9.72336	532.09	1067.87
9.72916	531.783	1063.57
9.73497	534.554	1065.41
9.74077	533.629	1069.73
9.74658	535.791	1070.34
9.75238	535.172	1070.96
9.75819	536.41	1068.49
9.76399	529.025	1064.79
9.7698	531.783	1065.41
9.7756	532.705	1064.18
9.78141	531.169	1061.11
9.78721	531.169	1062.95
9.79302	529.943	1058.66
9.79882	527.5	1055
9.80463	526.586	1053.78
9.81043	525.371	1056.22
9.81624	525.978	1056.22
9.82204	528.109	1057.44
9.82785	528.109	1057.44
9.83365	529.943	1056.22	670.391
9.83946	533.321	1065.41	685.665
9.84526	531.783	1070.96	693.231
9.85107	539.206	1084.66	692.831
9.85687	537.341	1082.16	728.117
9.86268	541.391	756.848	1075.92
9.86848	536.72	775.434	1096.63
9.87429	537.962	805.101	403.249	1095.36
9.88009	552.766	823.444	411.246	1104.26
9.8859	549.9	834.457	416.025	1111.3
9.8917	560.159	841.718	420.373	1120.32
9.89751	561.455	849.533	425.258	1125.51
9.90331	566.995	854.948	425.995	1135.96
9.90912	558.221	854.948	425.012	1145.18
9.91492	579.244	851.498	424.521	1153.15
9.92073	580.248	843.665	422.076	1159.83
9.92653	586.99	845.617	423.786	1170.6
9.93234	593.468	844.64	421.345	1177.38
9.93814	594.154	838.321	421.589	481.767	1188.99
9.94394	583.273	845.617	422.808	480.933	1195.88
9.94975	601.058	834.457	414.825	480.933	1209.08
9.95555	865.382	408.17	477.336	1213.98
9.96136	865.382	411.722	476.784	1212.58
9.96716	865.382	406.758	476.784	1218.19
9.97297	403.016	473.764	1222.42
9.97878	406.288	473.764	1216.79
9.98458	406.523	477.611	1216.79
9.99039	406.993	485.679	1223.83
9.99619	415.065	485.679	1225.96
10.002	416.265	479.269	1222.42
10.0078	428.463	461.609	1210.48
10.0136	461.076	1182.83
10.0194	458.685	1270.66	916.311
10.0252	459.215	1322.32	918.43
10.031	461.875	1312.43	924.284
10.0368	464.551	1469.75	929.102
10.0426	466.164	931.251
10.0484	466.164	932.328
10.0542	464.015	928.565
10.06	461.342	923.217
10.0659	457.626	915.781
10.0717	453.416	906.833
10.0775	451.065	901.61
10.0833	451.848	904.218
10.0891	455.78	909.456
10.0949	454.991	909.456
10.1007	451.848	903.696
10.1065	450.284	901.089
10.1123	450.545	900.569
10.1181	456.043	913.668
10.1239	471.853	945.342
10.1297	473.764	925.353
10.1355	455.254	917.9
10.1413	453.416	920.023
10.1471	454.203	901.61
10.1529
10.1587
10.1645
10.1703
10.1761
10.1819
10.1878
10.1936
10.1994
10.2052
10.211
10.2168
10.2226
10.2284
10.2342
10.24
10.2458	415.305
10.2516	429.206
10.2574	437.213
10.2632	445.37
10.269	450.284
10.2748	452.631
10.2806	454.465
10.2864	456.834
10.2922	458.685
10.298	459.48
10.3039	458.42
10.3097	455.78
10.3155	455.78
10.3213	455.254
10.3271	452.109
10.3329	447.433
10.3387	443.06	882.545
10.3445	444.342	875.437
10.3503	435.197	871.401
10.3561	431.942	865.882
10.3619	428.71	861.89
10.3677	429.702	862.886
10.3735	429.702	867.384
10.3793	430.945	866.382
10.3851	432.441	865.882
10.3909	431.942	865.882
10.3967	435.197	871.401
10.4025	435.952	875.437	433.441
10.4083	439.492	883.055	434.946
10.4141	446.658	897.453	441.528
10.42	453.416	907.881	452.893
10.4258	460.809	928.565	465.626
10.4316	474.312	949.172	475.959
10.4374	483.999	970.797	485.679
10.4432	494.169	987.196	493.598
10.449	503.097	1003.87	502.516
10.4548	510.12	1016.71	508.649
10.4606	514.262	1028.52	514.559
10.4664	517.241	1034.48	517.839
10.4722	521.441	1042.88	521.441
10.478	523.856	1048.32	523.856
10.4838	524.159	1048.92	524.159
10.4896	523.251	1046.5	523.251
10.4954	1043.48	522.647
10.5012	1043.48	522.044
10.507	1043.48	521.742
10.5128	1044.69	522.044
10.5186	1045.9	522.647
10.5244	1048.92	524.159
10.5302	1050.74	525.371
10.5361	1052.56	525.978
10.5419	1058.05	529.025
10.5477	1061.72	531.476
10.5535	1069.73	535.172
10.5593	537.03	1074.06
10.5651	1078.41	539.518
10.5709	1081.53	541.078
10.5767	1085.29	543.27
10.5825	1092.83	546.102
10.5883	1097.9	548.631
10.5941	1102.34	550.854
10.5999	1109.37	554.686
10.6057	1119.03	559.189
10.6115	1127.46	563.404
10.6173	1141.22	570.609
10.6231	1148.49	574.578
10.6289	1153.81	576.906
10.6347	1150.48	576.573
10.6405	1152.48	576.24
10.6463	1151.15	575.907
10.6522	1149.16	575.242
10.658	1145.84	572.921
10.6638	1136.61	569.621
10.6696	1130.72	566.014
10.6754	1120.97	561.779
10.6812	1108.73	554.686
10.687	1097.26	550.536
10.6928	1084.66	547.049
10.6986	1087.17	544.527
10.7044	1087.17	543.898
10.7102	1089.68	544.213
10.716	1089.05	544.213
10.7218	1094.73	546.733
10.7276	1096	548.631
10.7334	1106.81	553.725
10.7392	1119.03	559.836
10.745	1135.3	567.323
10.7508	1153.15	576.573
10.7566	1166.55	582.936
10.7624	1179.42	590.05
10.7683	1188.31	594.497
10.7741	1195.88	597.941
10.7799	1200.03	599.671
10.7857	1202.81	601.405
10.7915	1202.81	601.752
10.7973	1202.81	601.058
10.8031	1197.96	599.671
10.8089	1197.26	597.596
10.8147	1186.94	593.468
10.8205	1177.38	589.709
10.8263	1161.17	582.263
10.8321	1145.84	574.247
10.8379	1123.56	562.754
10.8437	1110.01	555.006
10.8495	1094.73	547.365
10.8553	1077.79	538.895
10.8611	1064.79	532.397
10.8669	1056.83	528.414
10.8727	1053.78	527.195
10.8785	1053.17	527.195
10.8844	1061.11	530.862
10.8902	1074.68	537.341
10.896	1087.8	543.898
10.9018	1108.09	555.327
10.9076	1131.37	564.055
10.9134	1149.16	573.252
10.9192	1165.2	581.927
10.925	1181.46	591.073
10.9308	1174.66	596.217
10.9366	1200.03	601.058
10.9424	1211.18	605.238
10.9482	1213.28	606.989
10.954	1216.08	608.393
10.9598	1216.08	608.042
10.9656	1211.18	605.238
10.9714	1209.78	604.54
10.9772	1202.81	601.752
10.983	1188.99	594.841
10.9888	1176.7	587.669
10.9946	1164.53	582.599
11.0005	1153.81	577.573
11.0063	1141.22	571.269
11.0121	1132.03	566.341
11.0179	1117.09	561.131
11.0237	1112.58	557.899
11.0295	1112.58	555.969
11.0353	1108.09	552.766
11.0411	1095.36	547.998
11.0469	1090.94	547.049
11.0527	1112.58	562.429
11.0585	1130.72	566.668
11.0643	1135.3	567.651
11.0701	1124.86	564.381
11.0759	1132.03	572.26
11.0817	1144.52	578.575
11.0875	1167.22	583.61
11.0933	1165.87	586.313
11.0991	1156.48	575.242
11.1049	1124.21	565.034
11.1107	1122.91	560.159
11.1166	1111.94	555.648
11.1224	1096	551.809
11.1282	1099.8	551.172
11.134	1097.9	551.809
11.1398	1101.07	552.766
11.1456	1108.73	553.725
11.1514	1101.07	554.365
11.1572	1109.37	554.686
11.163	1120.32	558.221
11.1688	1170.6	547.365	1029.71
11.1746	1050.74	549.9	1030.31
11.1804	1035.08	547.049	1048.92
11.1862	1047.11	533.013	1050.74
11.192	526.282	1049.53
11.1978	528.109	1055.61
11.2036	531.169	1065.41
11.2094	535.172	1073.44
11.2152	536.41	1079.04
11.221	540.766	1085.29
11.2268	543.898	1092.83
11.2327	548.315	1100.44
11.2385	553.725	1110.01
11.2443	559.512	1120.97
11.2501	567.651	1135.96
11.2559	573.252	1145.84
11.2617	574.91	1153.81
11.2675	577.907	1157.15
11.2733	578.909	1159.16
11.2791	580.583	1161.17
11.2849	581.255	1161.17
11.2907	580.919	1161.84
11.2965	580.919	1165.87
11.3023	582.599	1167.22
11.3081	584.284	1167.89
11.3139	586.313	1173.98
11.3197	588.688	1177.38
11.3255	592.783	1184.88
11.3313	595.872	1189.68
11.3371	597.941	1193.81
11.3429	601.058	1200.73
11.3488	604.19	1205.59
11.3546	605.238	1211.88
11.3604	606.638	1212.58
11.3662	608.744	1218.19
11.372	609.448	1219.6
11.3778	612.625	1224.54
11.3836	614.752	1228.79
11.3894	614.752	1230.21
11.3952	615.107	1232.35
11.401	616.53	1231.64
11.4068	617.599	1234.48
11.4126	617.242	1233.77
11.4184	615.462	1231.64
11.4242	614.042	1228.79
11.43	609.8	1220.31
11.4358	606.638	1215.38
11.4416	602.448	1204.2
11.4474	596.217	1192.43
11.4532	591.756	1184.88
11.459	587.669	1174.66
11.4649	584.284	1168.57
11.4707	581.927	1164.53
11.4765	579.244	1158.49
11.4823	577.573	1153.81
11.4881	575.907	1152.48
11.4939	575.242	1150.48
11.4997	574.91	1149.82
11.5055	573.252	1146.5
11.5113	572.921	1145.84
11.5171	573.915	1149.16
11.5229	574.247	1148.49
11.5287	574.247	1146.5
11.5345	574.578	1149.16
11.5403	575.907	1152.48
11.5461	576.24	1152.48
11.5519	575.907	1151.15
11.5577	576.573	1151.15
11.5635	574.247	1146.5
11.5693	572.59	1143.2
11.5751	568.964	1135.96
11.581	562.754	1126.16
11.5868	556.933	1113.22
11.5926	557.577	1119.67
11.5984	566.341	1186.25
11.6042	595.184	1198.65
11.61	592.783	1169.24
11.6158	579.244	1162.51
11.6216
11.6274
11.6332
11.639
11.6448
11.6506
11.6564
11.6622	467.782
11.668	474.86
11.6738	475.684
11.6796	479.823
11.6854	476.784
11.6912	476.509
11.6971	477.06
11.7029	473.491
11.7087	477.336	681.716
11.7145	476.509	651.307
11.7203	468.864	655.458
11.7261	453.416	683.293
11.7319	445.885	684.082
11.7377	456.57	684.478
11.7435	448.727	657.354
11.7493	451.848	666.145
11.7551	451.848	676.616
11.7609	443.829	664.992
11.7667	453.416	672.33
11.7725	459.215	688.443
11.7783	465.895	694.835
11.7841	468.864	698.456
11.7899	472.671	698.053
11.7957	461.342	693.632
11.8015	460.277	689.239
11.8073	460.012	690.833
11.8132	464.551	685.665
11.819	469.677	699.668
11.8248	470.764	701.692
11.8306	467.512	701.286
11.8364	462.944	693.632
11.8422	469.406	685.269
11.848	458.155	693.632
11.8538	464.015	702.503
11.8596	464.283
11.8654
11.8712	458.42
11.877	465.088
11.8828	460.012
11.8886	453.678
11.8944	459.215
11.9002	458.42
11.906	460.809
11.9118	466.433
11.9176	467.512
11.9234	464.015
11.9293	462.409
11.9351	464.283
11.9409	465.626
11.9467	465.626
11.9525	464.283
11.9583	463.211
11.9641	461.076
11.9699	458.42	917.37
11.9757	455.254	912.613
11.9815	453.941	907.357
11.9873	452.893	906.309
11.9931	451.326	904.74
11.9989	451.326	905.263
12.0047	452.893	907.357
12.0105	454.991	911.033
12.0163	457.626	914.196
12.0221	460.543	920.023
12.0279	464.283	929.639
12.0337	468.323	937.728
12.0395	473.218	946.435
12.0454	478.44	957.985
12.0512	483.719	966.322
12.057	487.929	975.857
12.0628	491.89	983.781
12.0686	493.313	986.626
12.0744	492.743	986.056
12.0802	492.175	984.349
12.086	490.755	982.645
12.0918	486.521	973.043
12.0976	481.767	964.092
12.1034	476.234	952.468
12.1092	469.677	939.897
12.115	462.676	922.151
12.1208	457.098	914.196
12.1266	451.587	903.696
12.1324	446.658	897.972
12.1382	443.06	886.121
12.144	441.273	884.076
12.1498	440.763	882.036
12.1556	441.273	880.509
12.1615	442.549	884.076
12.1673	446.142	894.865
12.1731	450.805	901.61
12.1789	454.465	912.086
12.1847	459.746	922.684
12.1905	466.972	929.639	1308.65
12.1963	471.036	937.728	1309.4
12.2021	475.409	951.368	1326.91
12.2079	478.993	957.985	1342.33
12.2137	482.882	966.322	1336.92
12.2195	487.084	974.168	1316.99
12.2253	489.34	978.68	1388.07
12.2311	489.057	978.115	1340.78
12.2369	487.647	974.731	1384.86
12.2427	485.118	970.797	1386.46
12.2485	481.211	963.535	1346.21
12.2543	475.959	953.018	1340.01
12.2601	470.764	942.072	1325.38
12.2659	465.626	930.713	1309.4
12.2717	461.875	921.619	1323.09
12.2776	456.307	912.086	1280.24
12.2834	451.326	904.74	1346.99
12.2892	449.765	902.652	1340.01
12.295	451.587	905.263
12.3008	453.941	907.881
12.3066	456.57	912.613
12.3124	458.155	916.311
12.3182	461.609	923.217
12.324	464.551	929.639
12.3298	466.703	934.484
12.3356	468.864	937.187
12.3414	469.677	939.355
12.3472	469.135	940.984
12.353	470.492	940.984
12.3588	469.949	939.355
12.3646	469.135	938.812
12.3704	466.972	934.484
12.3762	463.479	924.819
12.382	459.746	920.023
12.3878	453.416	904.74
12.3937	446.916	895.382
12.3995	441.018	873.921
12.4053	434.444	867.885
12.4111	430.199	862.886
12.4169	425.749	859.404
12.4227	423.053	846.594
12.4285	419.888	839.29	884.587
12.4343	416.506	831.569	891.769
12.4401	414.586	829.171	899.529
12.4459	411.722	822.968	901.61
12.4517	409.587	819.174	902.131
12.4575	408.17	814.927	906.309
12.4633	408.406	815.869	907.357	452.631
12.4691	408.406	816.34	909.456	453.416
12.4749	405.351	808.83	908.931	453.941
12.4807	402.086	803.707	909.456	454.203
12.4865	396.779	793.559	907.357	453.678
12.4923	390.414	780.827	910.507	455.517
12.4981	382.821	761.672	912.086	455.78
12.5039	367.227	742.558	911.033	455.78
12.5098	363.009	731.912	913.668	456.57
12.5156	358.632	913.141	457.626
12.5214	361.753	912.613	456.307
12.5272	344.619	910.507	455.78
12.533	907.881	452.631
12.5388	897.972	449.245
12.5446	886.121	443.06
12.5504	877.462	438.224
12.5562	869.892	436.961
12.562	859.404	431.443
12.5678	854.454	427.227
12.5736	848.062	419.888
12.5794	846.105	419.888
12.5852	901.61	421.589
12.591	920.023	438.478
12.5968	914.196	459.746
12.6026	916.311	439.492
12.6084	871.905	427.227
12.6142	418.435
12.62
12.6258
12.6317
12.6375
12.6433
12.6491
12.6549
12.6607
12.6665
12.6723
12.6781
12.6839
12.6897
12.6955
12.7013
12.7071
12.7129
12.7187
12.7245
12.7303
12.7361
12.742
12.7478
12.7536
12.7594
12.7652
12.771
12.7768
12.7826
12.7884
12.7942
12.8
12.8058
12.8116
12.8174
12.8232
12.829
12.8348
12.8406
12.8464
12.8522
12.858
12.8639
12.8697
12.8755
12.8813
12.8871
12.8929
12.8987
12.9045
12.9103
12.9161
12.9219
12.9277
12.9335
12.9393
12.9451
12.9509
12.9567
12.9625
12.9683
12.9741
12.98
12.9858
12.9916
12.9974
13.0032
13.009
13.0148
13.0206
13.0264
13.0322
13.038
13.0438
13.0496
13.0554
13.0612
13.067
13.0728
13.0786
13.0844
13.0902
13.0961
13.1019
13.1077
13.1135
13.1193
13.1251
13.1309
13.1367
13.1425
13.1483
13.1541
13.1599
13.1657
13.1715
13.1773
13.1831
13.1889
13.1947
13.2005	1050.74
13.2063	1119.67
13.2122	1097.9
13.218	1125.51
13.2238	1136.61
13.2296	1126.16
13.2354	1124.21
13.2412	1132.68
13.247	1128.11
13.2528	1123.56
13.2586	1128.76
13.2644	1120.97
13.2702	1111.94
13.276	1112.58
13.2818	1110.01
13.2876	1105.53
13.2934	1114.51
13.2992	1126.81
13.305	1129.41
13.3108	1127.46
13.3166	1122.26
13.3224	1161.84
13.3283	1169.92
13.3341	1197.26
13.3399	1243.07
13.3457	1271.39	400.695
13.3515	1283.2	397.009
13.3573	1268.46	403.482
13.3631	1234.48	410.297
13.3689	414.586
13.3747	419.403
13.3805	419.161
13.3863	416.747
13.3921	412.436
13.3979	408.17
13.4037	405.117
13.4095	404.415
13.4153	403.482
13.4211	403.249
13.4269	404.649
13.4327	406.288
13.4385	409.351
13.4444	411.96
13.4502	414.586	830.13
13.456	417.228	835.421
13.4618	418.193	835.421
13.4676	416.025	829.65
13.4734	409.587	808.363
13.4792	406.523	805.101
13.485	404.415	805.566
13.4908	412.436	826.78
13.4966	404.415	829.65
13.5024	402.783	812.107
13.5082	408.406	819.174
13.514	804.636
13.5198	826.303
13.5256	802.779
13.5314	816.812
13.5372	834.457
13.543	822.968
13.5488	823.92
13.5546	826.303
13.5605	815.398
13.5663	823.92
13.5721	831.569
13.5779	847.083
13.5837	822.493
13.5895	812.107	504.261
13.5953	834.457	471.036
13.6011	838.806	477.887
13.6069	846.105	483.719
13.6127	834.939	485.679
13.6185	809.297	484.278
13.6243	849.533	483.161
13.6301	480.101
13.6359	476.234
13.6417	469.949
13.6475	465.357
13.6533	458.95
13.6591	454.991
13.6649	450.284
13.6707	447.174
13.6766	445.37
13.6824	445.627
13.6882	446.658
13.694	448.209
13.6998	450.805
13.7056	455.254
13.7114	460.277
13.7172	465.088
13.723	467.512
13.7288	470.764
13.7346	474.312
13.7404	476.509
13.7462	477.887
13.752	479.269
13.7578	478.993
13.7636	479.269
13.7694	478.716
13.7752	476.784
13.781	474.038
13.7868	469.406
13.7927	464.819
13.7985	458.685
13.8043	450.545
13.8101	447.433
13.8159	447.174
13.8217	460.543
13.8275	443.316
13.8333	440
13.8391	440.254
13.8449	443.829
13.8507	447.174
13.8565	450.024
13.8623	453.416
13.8681	456.307
13.8739	458.155
13.8797	461.609
13.8855	465.357
13.8913	469.677
13.8971	470.764
13.9029	472.944
13.9088	476.509
13.9146	477.06
13.9204	475.684
13.9262	474.312
13.932	473.491
13.9378	474.038
13.9436	471.58
13.9494	467.512
13.9552	465.088
13.961	462.676
13.9668	459.48
13.9726	455.517
13.9784	450.805
13.9842	446.142
13.99	440.763
13.9958	434.193
14.0016	429.95
14.0074	427.721
14.0132	427.227
14.019	428.215
14.0249	429.702
14.0307	432.691
14.0365	437.719
14.0423	445.113
14.0481	457.098
14.0539	473.764
14.0597	479.823
14.0655	487.647
14.0713	496.171
14.0771	503.097
14.0829	506.011
14.0887	508.943
14.0945	510.415
14.1003	510.12
14.1061	510.71
14.1119	511.005
14.1177	511.005
14.1235	512.187
14.1293	513.965
14.1351	514.856
14.141	515.154
14.1468	516.644
14.1526	517.839
14.1584	517.839
14.1642	519.037
14.17	519.637
14.1758	520.538
14.1816	522.044
14.1874	523.251
14.1932	524.461
14.199	525.068
14.2048	525.371
14.2106	525.978
14.2164	526.891
14.2222	527.805
14.228	528.72
14.2338	529.637
14.2396	530.862
14.2454	531.783
14.2512	532.705
14.2571	533.937
14.2629	536.41
14.2687	537.962
14.2745	539.206
14.2803	540.141
14.2861	540.766
14.2919	541.704
14.2977	543.898
14.3035	544.213
14.3093	544.527
14.3151	545.786
14.3209	547.049
14.3267	547.998
14.3325	548.315
14.3383	547.365
14.3441	547.365
14.3499	547.049
14.3557	547.998
14.3615	550.218
14.3673	553.725
14.3732	555.648
14.379	557.899
14.3848	560.159
14.3906	562.104
14.3964	563.404
14.4022	562.754
14.408	563.404
14.4138	566.014
14.4196	568.307
14.4254	571.599
14.4312	571.269
14.437	559.189
14.4428	547.365
14.4486	542.33
14.4544	533.629
14.4602	544.213
14.466	546.733
14.4718
14.4776
14.4834
14.4893
14.4951
14.5009
14.5067
14.5125
14.5183
14.5241
14.5299	553.086
14.5357	560.483
14.5415	546.733
14.5473	554.045
14.5531	555.969	475.135
14.5589	557.577	445.885
14.5647	550.536	456.57
14.5705	548.631	457.891
14.5763	559.836	460.012
14.5821	554.045	469.677
14.5879	557.899	467.782
14.5937	548.315	470.764
14.5995	554.365	472.671
14.6054	534.246	474.312
14.6112	547.998	475.135
14.617	554.045	474.586
14.6228	549.9	474.312
14.6286	555.006	471.036
14.6344	546.102	468.052
14.6402	555.969	465.088
14.646	553.086	460.277
14.6518	550.536	457.626
14.6576	545.786	453.941
14.6634	540.766	450.805
14.6692	544.527	451.065
14.675	546.733	451.326
14.6808	562.429	453.416
14.6866	544.527	453.941
14.6924	551.809	460.012
14.6982	555.648	465.626
14.704	556.933	470.22
14.7098	562.429	475.135
14.7156	575.907	480.656
14.7215	541.704	485.399
14.7273	541.704	489.34
14.7331	491.039
14.7389	491.89
14.7447	490.189
14.7505	487.647
14.7563	484.558
14.7621	481.211
14.7679	475.409
14.7737	469.949
14.7795	458.95
14.7853	459.48
14.7911	444.856
14.7969	438.985
14.8027	432.941
14.8085	427.721
14.8143	422.808
14.8201	418.919
14.8259	417.469
14.8317	416.987
14.8376	416.506
14.8434	416.987
14.8492	418.435
14.855	420.616
14.8608	422.564
14.8666	420.859
14.8724	419.645
14.8782	417.711
14.884	414.107
14.8898	409.114
14.8956	403.482
14.9014	394.039
14.9072	383.707
14.913	374.943
14.9188	365.111
14.9246	351.251
14.9304	369.781
14.9362	397.238
14.942	407.228
14.9478	372.138
14.9537
14.9595
14.9653
14.9711
14.9769
14.9827
14.9885
14.9943
15.0001
15.0059
15.0117
15.0175
15.0233
15.0291
15.0349
15.0407
15.0465
15.0523
15.0581
15.0639
15.0697
15.0756
15.0814
15.0872
15.093
15.0988
15.1046
15.1104
15.1162
15.122
15.1278
15.1336
15.1394
15.1452
15.151
15.1568
15.1626
15.1684
15.1742
15.18
15.1859
15.1917
15.1975
15.2033
15.2091
15.2149
15.2207
15.2265
15.2323
15.2381
15.2439	439.238
15.2497	443.316
15.2555	429.454
15.2613	437.213
15.2671	442.293
15.2729	429.206
15.2787	433.942
15.2845	437.466
15.2903	440.763
15.2961	447.174
15.3019	452.37
15.3078	456.307
15.3136	457.891
15.3194	457.362
15.3252	455.517
15.331	450.284
15.3368	443.316
15.3426	436.961
15.3484	433.191
15.3542	429.95
15.36	428.215
15.3658	427.968
15.3716	430.447
15.3774	434.193
15.3832	438.224
15.389	442.805
15.3948	447.691
15.4006	450.805
15.4064	455.254
15.4122	459.215
15.418	462.676
15.4239	465.895
15.4297	469.677
15.4355	472.944
15.4413	475.684
15.4471	478.163
15.4529	478.993
15.4587	479.269
15.4645	478.993
15.4703	477.06
15.4761	473.764
15.4819	470.764
15.4877	468.864
15.4935	465.357
15.4993	461.875
15.5051	458.155
15.5109	451.587
15.5167	447.174
15.5225	447.174
15.5283	458.155
15.5341	435.449
15.54	453.678
15.5458
15.5516	441.273
15.5574	452.37
15.5632	457.362
15.569	457.098
15.5748	461.342
15.5806	466.433
15.5864	472.125
15.5922	474.586
15.598	482.603
15.6038	484.838
15.6096	488.493
15.6154	491.039
15.6212	490.755
15.627	491.606
15.6328	487.647
15.6386	483.44
15.6444	479.823
15.6502	475.684
15.6561	469.406
15.6619	462.142
15.6677	457.626
15.6735	454.728
15.6793	450.284
15.6851	447.433
15.6909	446.658
15.6967	446.916
15.7025	446.142
15.7083	448.727
15.7141	451.326
15.7199	454.728
15.7257	461.609
15.7315	466.703
15.7373	472.671
15.7431	478.716
15.7489	485.96
15.7547	487.084
15.7605	489.905
15.7663	493.313
15.7722	495.598
15.778	496.457
15.7838	497.606
15.7896	497.606
15.7954	495.884
15.8012	492.459
15.807	486.241
15.8128	479.546
15.8186	472.125
15.8244	462.944
15.8302	455.254
15.836	448.727
15.8418	444.085
15.8476	442.293
15.8534	442.549
15.8592	444.085
15.865	446.4
15.8708	449.765
15.8766	454.203
15.8824	458.95
15.8883	463.747
15.8941	468.323
15.8999	473.218
15.9057	478.44
15.9115	483.999
15.9173	489.34
15.9231	490.755
15.9289	491.322
15.9347	491.89
15.9405	491.322
15.9463	487.929
15.9521	482.882
15.9579	476.784
15.9637	466.972
15.9695	453.678
15.9753	441.273
15.9811	434.946
15.9869	430.199
15.9927	424.521
15.9985	417.952
16.0044	413.151
16.0102	410.772
16.016	410.772
16.0218	412.198
16.0276	412.674
16.0334	414.107
16.0392	415.545
16.045	416.747
16.0508	417.711
16.0566	416.987
16.0624	416.987
16.0682	415.305
16.074	412.674
16.0798	407.934
16.0856	403.948
16.0914	396.55
16.0972	389.738
16.103	383.485
16.1088	377.115
16.1146	372.783
16.1205	367.227
16.1263	362.799
16.1321	359.254
16.1379	356.978
16.1437	354.513
16.1495	351.657
16.1553	349.027
16.1611	341.449
16.1669	338.895
16.1727	340.071
16.1785	334.422
16.1843
16.1901
16.1959
16.2017
16.2075
16.2133
16.2191
16.2249
16.2307
16.2366
16.2424	498.469
16.2482	479.823
16.254	462.142
16.2598	464.283
16.2656	480.656
16.2714	483.719
16.2772	490.472
16.283	496.744
16.2888	501.357
16.2946	506.304
16.3004	511.891
16.3062	518.737
16.312	519.337
16.3178	522.044
16.3236	527.195
16.3294	529.331
16.3352	531.783
16.341	537.651
16.3468	537.962
16.3527	535.791
16.3585	536.41
16.3643	538.584
16.3701	541.391
16.3759	541.391
16.3817	543.584
16.3875	550.854
16.3933	547.049
16.3991	549.583
16.4049	549.265
16.4107	549.265
16.4165	549.583
16.4223	559.189
16.4281	559.189
16.4339	548.631
16.4397	561.455
16.4455	548.948
16.4513	556.933
16.4571	550.218
16.4629	567.651
16.4688	556.933
16.4746	567.651
16.4804	564.055
16.4862	563.73
16.492	566.341
16.4978	562.104
16.5036	560.807
16.5094	564.055
16.5152	563.73
16.521	568.307
16.5268	567.979
16.5326	570.609
16.5384	572.59
16.5442	567.651
16.55	573.583
16.5558	568.635
16.5616	564.055
16.5674	560.807
16.5732	557.255	281.214
16.579	554.045	285.47
16.5849	545.156	296.734
16.5907	524.765	300.702
16.5965	514.559	309.514
16.6023	496.744	318.032
16.6081	478.44	324.152
16.6139	330.39
16.6197	337.137
16.6255	341.055
16.6313	344.42
16.6371	348.221
16.6429	351.454
16.6487	355.333
16.6545	355.538
16.6603	354.103
16.6661	351.657
16.6719	349.834
16.6777	349.228
16.6835	351.048	1003.29
16.6893	353.082	1006.19
16.6951	354.922	1013.19
16.701	359.254	1016.12
16.7068	364.058	1016.12
16.7126	368.927	1019.65
16.7184	373.645	1027.34	514.262
16.7242	382.6	1030.9	514.856
16.73	388.838	1039.87	516.942
16.7358	398.847	1031.5	519.637
16.7416	408.17	1044.69	514.559
16.7474	415.065	1044.69	521.742
16.7532	397.927	1045.29	523.553	848.062
16.759	405.819	1051.35	525.371	861.392
16.7648	433.191	1048.32	524.765	866.883
16.7706	440.254	1050.14	526.586	878.984
16.7764	442.805	1044.09	525.675	886.121
16.7822	444.856	1045.9	524.461	885.609
16.788	447.433	1048.92	525.978	894.348
16.7938	450.024	1048.92	525.675	894.865
16.7996	449.765	1049.53	525.068	898.491
16.8054	450.024	1051.96	525.675	903.174
16.8112	450.805	1053.78	526.891	901.089
16.8171	451.065	1054.39	528.414	902.652
16.8229	451.326	1056.22	530.555	904.218
16.8287	450.805	1060.5	531.169	900.049
16.8345	451.065	1056.22	529.025	902.652
16.8403	451.848	1057.44	529.943	901.61
16.8461	450.024	1058.05	530.862	896.417
16.8519	450.805	1059.27	531.783	902.652
16.8577	454.465	1062.95	532.397	910.507
16.8635	454.728	1064.18	532.397	908.931
16.8693	456.043	1067.87	535.482	912.086
16.8751	458.155	1070.96	538.273	914.724
16.8809	458.685	1073.44	537.341	916.311
16.8867	460.543	1076.55	540.453	916.84
16.8925	460.543	1079.04	540.453	916.84
16.8983	461.342	1075.92	543.584	923.751
16.9041	459.746	1079.04	544.527	917.37
16.9099	457.891	1070.96	540.141	930.176
16.9157	459.48	1076.55	546.102	915.253
16.9215	457.362	1075.92	547.049	914.196
16.9273	457.098	1089.68	547.998	915.781
16.9332	459.215	1084.03	548.315	920.023
16.939	461.609	1089.05	549.265	919.492
16.9448	462.409	1084.03	546.417	921.619
16.9506	461.076	1083.41	545.786	924.284
16.9564	460.809	1078.41	540.453	922.684
16.9622	459.48	1081.53	543.27	923.217
16.968	457.362	1094.1	543.898	921.087
16.9738	458.42	1096	547.365	918.961
16.9796	454.728	1103.62	546.733	914.196
16.9854	449.505	1102.34	546.102	900.569
16.9912	445.113	1106.17	551.809	901.61
16.997	444.342	1099.8	550.536	903.696
17.0028	438.731	1093.47	552.766	905.786
17.0086	445.885	1076.55	549.265	890.225
17.0144	455.254	1089.68	547.365	890.225	848.062
17.0202	459.215	1092.83	546.102	914.724	821.069
17.026	456.57	1097.26	547.998	910.507	802.316
17.0318	455.517	1101.71	551.491	922.151	779.475
17.0376	462.676	1104.89	921.087	758.161	548.315
17.0434	461.342	1105.53	920.023	745.136	552.766
17.0493	453.678	1113.22	911.033	727.697	555.006
17.0551	455.254	1080.28	921.619	721.836	552.766
17.0609	464.819	1066.64	929.639	692.031	554.686
17.0667	466.164	1096.63	923.751	671.166	555.327
17.0725	466.433	1108.73	922.684	661.544	555.006
17.0783	467.242	1109.37	930.713	631.67	555.006
17.0841	466.703	1118.38	936.646	632.765	559.512
17.0899	478.993	1111.94	953.018	632.765	554.686
17.0957	463.747	1117.09	984.349	558.221
17.1015	468.323	1111.94	943.706	556.611
17.1073	489.34	1116.44	943.706	559.512
17.1131	494.454	1119.03	950.269	559.512
17.1189	491.89	1120.32	937.187	559.836
17.1247	490.755	1120.32	561.131
17.1305	492.175	1121.61	561.131
17.1363	490.472	1120.32	561.131
17.1421	486.521	1122.26	561.131
17.1479	486.521	1120.32	560.159
17.1537	480.378	1112.58	557.899
17.1595	474.038	1108.09	558.221
17.1654	478.716	1112.58	556.611
17.1712	470.492	1106.17	554.045
17.177	465.895	1102.34	551.172
17.1828	458.685	1094.73	548.315
17.1886	457.891	1092.2	546.733
17.1944	458.95	1075.3	544.213
17.2002	459.48	1079.04	545.471
17.206	453.416	1064.18	538.584
17.2118	465.088	1067.87	531.783
17.2176	460.809	1062.95	533.321
17.2234	459.746	1069.73	534.554
17.2292	451.587	1082.16	541.078
17.235	455.254	1082.78	535.791
17.2408	457.891	1064.18	532.397
17.2466	456.57	1058.05	529.943
17.2524	464.819	1062.34	530.555
17.2582	467.782	1063.57	531.783
17.264	476.234	1072.2	534.246
17.2698	478.44	1074.68	536.41
17.2756	480.101	1073.44	537.03
17.2815	479.269	1069.73	535.791
17.2873	480.656	1072.2	536.41
17.2931	482.046	1073.44	535.791
17.2989	461.875	1085.29	541.391
17.3047	484.558	1087.8	537.962
17.3105	482.046	1067.87	537.341
17.3163	479.546	538.273
17.3221	482.324	537.651
17.3279	484.558	537.341
17.3337	476.784	536.41
17.3395	472.944	535.172
17.3453	469.135	535.172
17.3511	469.406	533.013
17.3569	460.277	531.476
17.3627	458.685	538.273
17.3685	453.155	524.765
17.3743	447.174	531.169
17.3801	427.721	560.159
17.3859	411.484	529.637
17.3917	385.929	529.637
17.3976	387.046	528.109
17.4034	393.356	529.943
17.4092	391.317	536.41
17.415	392.222	520.538
17.4208	383.928	517.54
17.4266	385.707	514.856
17.4324	374.943	518.138
17.4382	517.241
17.444	519.037
17.4498	522.044
17.4556	525.068
17.4614	527.195
17.4672	533.937
17.473	537.341
17.4788	539.829
17.4846	537.962
17.4904	538.895
17.4962	538.895
17.502	538.273
17.5078	535.791
17.5137	532.09
17.5195	525.675	175.322
17.5253	522.044	174.513
17.5311	519.337	172.708
17.5369	514.856	171.218
17.5427	512.187	170.331
17.5485	509.826	169.937
17.5543	509.826	169.741
17.5601	512.483	170.429
17.5659	513.965	171.614
17.5717	515.452	172.111
17.5775	518.737	172.409	1205.59
17.5833	521.441	171.515	1204.2
17.5891	523.553	175.018	1195.88
17.5949	526.282	165.482	1205.59
17.6007	528.72	165.482	1212.58
17.6065	530.862	165.482	1214.68
17.6123	530.249	1216.08
17.6181	528.72	1223.13
17.6239	527.5	1222.42
17.6297	526.282	1230.92
17.6356	522.345	1221.01
17.6414	516.644	1234.48
17.6472	511.3	1245.23
17.653	503.679	1226.67
17.6588	500.199	1192.43
17.6646	497.031	1249.55
17.6704	509.237	1225.96
17.6762	498.469	1235.2
17.682	477.336	1245.23
17.6878	478.163	1243.07
17.6936	478.44	1228.79	1370.54
17.6994	475.135	1196.57	1424.62
17.7052	472.671	1211.88	1411.51
17.711	473.764	1223.13	1368.16
17.7168	476.234	1222.42	1407.44
17.7226	472.125	1227.37	1423.8
17.7284	476.234	1235.91	1422.97
17.7342	475.684	1212.58	1430.39
17.74	483.44	1186.94	1450.36
17.7458	488.775	1205.59	1488.55
17.7517	481.489	1486.83
17.7575	483.161	1435.36
17.7633	484.558	1444.51
17.7691	480.101	1438.68
17.7749	482.882	1437.85
17.7807	481.489	1433.7
17.7865	480.933	1434.53
17.7923	489.623	1451.2
17.7981	484.558	1442
17.8039	484.838	1447.01
17.8097	475.684	1436.19
17.8155	474.586	1400.95
17.8213	483.44	1410.7
17.8271	488.493	1427.09
17.8329	482.882	1440.34
17.8387	481.767	1437.85
17.8445	480.378	1426.27
17.8503	480.101	1435.36
17.8561	485.118	1445.34
17.8619	483.999	1434.53
17.8678	489.057	1442
17.8736	489.905	1462.13
17.8794	494.74	1474.01
17.8852	495.312	1440.34
17.891	497.606	1471.45
17.8968	501.936	1466.36
17.9026	505.719	1508.46
17.9084	510.415	1527.75
17.9142	513.965	1476.56
17.92	514.856	1548.18
17.9258	513.668	1544.61
17.9316	517.54	1605.56
17.9374	521.441
17.9432	523.856
17.949	525.068
17.9548	527.5
17.9606	527.805
17.9664	528.109	1371.33
17.9722	527.195	1366.59
17.9781	526.586	1393.69
17.9839	525.978	1392.08
17.9897	524.159	1387.26
17.9955	524.461	1394.49	1047.11
18.0013	523.553	1400.14	1046.5
18.0071	521.441	1400.14	1045.29
18.0129	519.937	1397.72	1043.48
18.0187	519.937	1405.01	1042.88
18.0245	520.538	1406.63	1043.48
18.0303	521.441	1380.07	1046.5
18.0361	522.044	1368.96	1045.29
18.0419	523.553	1360.29	1043.48
18.0477	525.371	1372.92	1050.74
18.0535	527.195	1381.67	1054.39
18.0593	529.025	1375.3	1057.44
18.0651	531.169	1359.5	1062.34
18.0709	534.246	1365.8	1066.64
18.0767	536.72	1346.99	1072.2
18.0825	539.518	1357.15	1077.17
18.0883	542.33	1364.22	1082.78
18.0941	546.733	1368.96	1089.68
18.1	550.854	1361.86	1095.36
18.1058	552.766	1368.96	1097.26
18.1116	561.131	1373.71	1130.07
18.1174	559.189	1380.87	1126.81
18.1232	554.045	1382.46	1120.32
18.129	559.836	1393.69	1122.91
18.1348	560.807	1395.3	1135.96
18.1406	576.906	1384.86	1157.15
18.1464	569.293	1394.49	1143.2
18.1522	565.36	1406.63	1134.65
18.158	566.341	1405.01	1134.65
18.1638	563.404	1406.63	1137.93
18.1696	568.964	1404.19	1148.49
18.1754	572.921	1400.14	1151.15	340.268
18.1812	565.687	1366.59	1143.86	350.846
18.187	563.404	1361.86	1126.81	367.863
18.1928	564.381	1369.75	1122.26	365.533
18.1986	568.307	1384.06	1141.22	367.651
18.2044	566.341	1442	1151.15	368.289
18.2102	563.079	1400.95	1125.51	366.167
18.2161	561.131	1351.67	1080.28	365.533
18.2219	564.707	1329.98	1092.83	366.803
18.2277	559.836	1119.67	368.714
18.2335	567.651	1120.97	371.065
18.2393	566.668	1121.61	371.923
18.2451	567.323	1125.51	371.279
18.2509	564.055	1130.72	373.214
18.2567	567.979	1137.27	377.987
18.2625	572.26	1153.81	366.167
18.2683	572.26	1155.81	366.167
18.2741	570.28	1137.27	364.901
18.2799	569.621	1137.27	376.462
18.2857	565.36	1131.37	373.861
18.2915	567.651	1133.99	377.551
18.2973	568.635	1136.61	379.299
18.3031	567.323	1129.41	374.726
18.3089	566.341	1137.93	379.299
18.3147	566.995	1146.5	379.738
18.3205	564.055	1133.34	375.81
18.3263	559.512	1122.26	372.783
18.3322	555.648	1109.37	369.567
18.338	553.406	1103.62	369.354
18.3438	548.948	1097.26	365.956
18.3496	547.049	1087.8	364.058
18.3554	537.962	1077.17	359.877
18.3612	532.705	1066.03	354.308
18.367	528.109	1048.92	352.471
18.3728	521.14	1044.69	347.819
18.3786	512.483	1036.28	346.616
18.3844	486.803	988.337	356.566	386.375
18.3902	490.755	977.55	359.461	389.513
18.396	492.743	972.481	374.294	405.351
18.4018	497.319	971.92	376.462	429.454
18.4076	504.552	1011.44	394.95	410.061
18.4134	509.531	1019.06	393.356	414.346
18.4192	516.644	1033.88	383.042	418.435
18.425	521.14	1078.41	379.738	421.833
18.4308	541.078	426.241
18.4366	533.321	428.463
18.4424	550.854	428.958
18.4483	532.705	428.463
18.4541	537.03	428.958
18.4599	429.454
18.4657	429.95
18.4715	430.945
18.4773	431.194
18.4831	432.191
18.4889	434.444
18.4947	438.985
18.5005	443.316
18.5063	446.916
18.5121	448.209
18.5179	448.986
18.5237	451.326
18.5295	460.012
18.5353	453.941
18.5411	460.012
18.5469	456.57
18.5527	444.085
18.5585	433.441
18.5644
18.5702
18.576
18.5818
18.5876
18.5934	453.416
18.5992	430.945
18.605	436.708
18.6108	432.191
18.6166	429.702
18.6224	427.968
18.6282	428.215
18.634	459.215
18.6398	451.848
18.6456	448.727
18.6514	436.708
18.6572	432.941
18.663	439.746
18.6688	451.326
18.6746	464.819
18.6805	473.491
18.6863	480.101
18.6921	483.44
18.6979	484.558
18.7037	485.399
18.7095	484.838
18.7153	482.882
18.7211	478.993
18.7269	474.86
18.7327	469.406
18.7385	464.819
18.7443	461.875
18.7501	458.95	920.555
18.7559	457.626	914.724
18.7617	456.834	913.141
18.7675	456.57	909.981
18.7733	457.362	914.196
18.7791	458.155	917.9
18.7849	458.42	917.9
18.7907	460.277	920.555
18.7966	465.357	928.565
18.8024	469.406	939.897
18.8082	474.038	948.624
18.814	477.887	955.222
18.8198	479.546	959.093
18.8256	481.211	963.535
18.8314	484.558	969.117
18.8372	485.118	971.358
18.843	483.44	967.997
18.8488	480.656	962.422
18.8546	477.336	955.222
18.8604	473.764	948.077
18.8662	468.864	937.728
18.872	464.551	928.029
18.8778	460.277	921.087
18.8836	456.307	911.559
18.8894	450.805	903.696
18.8952	446.4	897.972
18.901	443.573	887.658	480.378
18.9068	440.254	880.509	491.322
18.9127	437.213	873.921	482.046
18.9185	436.456	872.912	480.378
18.9243	436.961	874.426	476.509
18.9301	438.478	875.943	480.656
18.9359	439.238	880	477.887
18.9417	441.783	887.658	475.409
18.9475	446.142	894.348	479.546
18.9533	451.848	905.263	488.211
18.9591	459.215	920.555	485.399
18.9649	464.551	929.639	486.521
18.9707	473.764	948.077	485.96
18.9765	480.933	961.311	482.882
18.9823	485.96	970.797	487.929
18.9881	491.606	983.781	491.606
18.9939	495.312	990.623	495.312
18.9997	498.757	997.514	498.469
19.0055	501.646	1003.29	501.357
19.0113	503.097	1006.78	503.097
19.0171	503.097	1006.19	503.097
19.0229	502.516	1005.03	502.226
19.0288	501.067	1001.56
19.0346	497.319	995.787
19.0404	492.175	984.918
19.0462	485.399	971.358
19.052	476.509	953.569
19.0578	466.164	932.328
19.0636	455.517	911.033
19.0694	446.916	899.01
19.0752	437.971	877.462
19.081	431.443	863.385
19.0868	426.734	851.498
19.0926	424.031	846.594
19.0984	425.749	850.515
19.1042	429.454	858.412
19.11	435.701	872.408
19.1158	443.06	884.076
19.1216	451.326	903.174
19.1274	460.543	917.9
19.1332	468.323	938.812
19.139	475.684	953.018
19.1449	483.161
19.1507	487.647
19.1565	488.775
19.1623	487.084
19.1681	483.44
19.1739	477.887
19.1797	472.944
19.1855	467.242
19.1913	459.746
19.1971	454.728
19.2029	448.986
19.2087	443.829
19.2145	441.528
19.2203	437.466
19.2261	433.441
19.2319	427.968
19.2377	426.981
19.2435	420.616
19.2493	414.346
19.2551	402.783
19.261	398.617
19.2668	403.249
19.2726
19.2784
19.2842
19.29
19.2958
19.3016
19.3074
19.3132
19.319
19.3248
19.3306
19.3364
19.3422
19.348
19.3538
19.3596
19.3654	1159.83
19.3712	1147.83
19.3771	1097.26
19.3829	1112.58
19.3887	1120.32
19.3945	1116.44
19.4003	1115.15
19.4061	1104.26
19.4119	1091.57
19.4177	1093.47
19.4235	1114.51
19.4293	1114.51
19.4351	1108.09
19.4409	1106.17
19.4467	1105.53
19.4525	1101.71
19.4583	1089.05	418.677
19.4641	1133.34	418.919
19.4699	1114.51	421.102
19.4757	1121.61	417.711
19.4815	1117.09	415.065
19.4873	1105.53	411.246
19.4932	1099.17	410.061
19.499	1079.66	408.878
19.5048	1075.92	410.297
19.5106	1095.36	428.71
19.5164	1093.47	415.065
19.5222	1051.35	413.868
19.528	1089.05	419.888
19.5338	1085.91	418.919
19.5396	1126.81	414.586
19.5454	1120.97	420.859
19.5512	1113.87	420.859
19.557	1101.71	420.616
19.5628	1099.8	427.227
19.5686	1091.57	419.403
19.5744	1102.34	417.952
19.5802	1062.34	421.345
19.586	1051.35	421.833
19.5918	1051.35	413.629
19.5976	1051.35	402.551	489.057
19.6034	406.758	491.322
19.6093	403.482	491.322
19.6151	416.265	485.679
19.6209	429.95	487.929
19.6267	438.478	478.993
19.6325	478.44
19.6383	480.378
19.6441	482.046
19.6499	480.933
19.6557	481.211
19.6615	478.163
19.6673	473.764
19.6731	466.433
19.6789	462.944
19.6847	466.164
19.6905	466.972
19.6963	466.433
19.7021	466.433
19.7079	465.357
19.7137	462.409
19.7195	463.211
19.7254	468.052
19.7312	469.406
19.737	468.594
19.7428	472.671
19.7486	469.135
19.7544
19.7602
19.766
19.7718
19.7776
19.7834
19.7892
19.795
19.8008
19.8066
19.8124
19.8182
19.824	476.234
19.8298	462.676
19.8356	472.125
19.8415	472.398
19.8473	470.492
19.8531	465.088
19.8589	474.586
19.8647	474.86
19.8705	468.052
19.8763	466.433
19.8821	466.164
19.8879	466.164
19.8937	467.242
19.8995	462.944
19.9053	466.433
19.9111	470.22
19.9169	466.972
19.9227	470.22
19.9285	472.944
19.9343	476.784
19.9401	478.44
19.9459	478.44
19.9517	478.163
19.9576	477.611
19.9634	472.671
19.9692	468.323
19.975	463.747
19.9808	459.215
19.9866	453.941
19.9924	449.765
19.9982	447.433
20.004	445.885
20.0098	448.467
20.0156	450.805
20.0214	455.517
20.0272	460.809
20.033	464.015
20.0388	468.052
20.0446	470.764
20.0504	474.86
20.0562	477.611
20.062	478.993
20.0678	480.101
20.0737	481.211
20.0795	480.933
20.0853	479.823
20.0911	477.611
20.0969	474.586
20.1027	470.22
20.1085	467.242
20.1143	462.944
20.1201	456.834
20.1259	452.109
20.1317	447.95
20.1375	445.113
20.1433	437.213
20.1491	431.443
20.1549	425.258
20.1607	419.161
20.1665	411.009
20.1723	403.249
20.1781	395.635
20.1839	386.375
20.1898	385.261
20.1956	368.927
20.2014	366.591
20.2072	359.877
20.213	348.624
20.2188	331.346
20.2246
20.2304
20.2362
20.242
20.2478
20.2536
20.2594
20.2652
20.271
20.2768
20.2826
20.2884
20.2942
20.3
20.3058
20.3117
20.3175
20.3233
20.3291
20.3349
20.3407
20.3465
20.3523
20.3581
20.3639
20.3697
20.3755
20.3813
20.3871
20.3929
20.3987
20.4045
20.4103
20.4161
20.4219
20.4278
20.4336
20.4394
20.4452
20.451
20.4568
20.4626
20.4684
20.4742
20.48
20.4858
20.4916
20.4974
20.5032
20.509
20.5148
20.5206
20.5264
20.5322
20.538
20.5439
20.5497
20.5555
20.5613
20.5671
20.5729
20.5787
20.5845
20.5903
20.5961
20.6019
20.6077
20.6135
20.6193
20.6251	786.258
20.6309	795.854
20.6367	807.43
20.6425	806.498
20.6483	793.1
20.6542	788.988
20.66	788.988
20.6658	788.077
20.6716	783.086
20.6774	778.575
20.6832	776.779
20.689	778.575
20.6948	780.376
20.7006	786.713
20.7064	770.077
20.7122	768.744
20.718	772.305
20.7238	775.434
20.7296	780.376
20.7354	779.025
20.7412	778.126
20.747	788.077
20.7528	794.476
20.7586	774.538
20.7644
20.7702
20.7761
20.7819
20.7877
20.7935
20.7993
20.8051
20.8109
20.8167
20.8225
20.8283
20.8341
20.8399
20.8457
20.8515
20.8573
20.8631
20.8689
20.8747
20.8805
20.8863
20.8922	773.197
20.898	763.434
20.9038	772.751
20.9096	767.413
20.9154	775.882
20.9212	789.9
20.927	795.854
20.9328	806.032
20.9386	803.243
20.9444	796.314
20.9502	785.351
20.956	783.086
20.9618	783.538
20.9676	782.634
20.9734	780.827
20.9792	775.882
20.985	777.677
20.9908	786.258
20.9966	778.575
21.0024	771.859
21.0083	767.857
21.0141	766.527
21.0199	767.857
21.0257	769.633
21.0315	773.644
21.0373	774.986
21.0431	780.827
21.0489	771.859
21.0547	777.677
21.0605	766.97
21.0663
21.0721
21.0779
21.0837
21.0895
21.0953
21.1011
21.1069
21.1127
21.1185
21.1244
21.1302
21.136
21.1418
21.1476
21.1534
21.1592
21.165
21.1708
21.1766
21.1824
21.1882
21.194
21.1998
21.2056
21.2114
21.2172
21.223
21.2288
21.2346
21.2405
21.2463
21.2521
21.2579
21.2637
21.2695
21.2753
21.2811
21.2869
21.2927
21.2985
21.3043
21.3101
21.3159
21.3217
21.3275
21.3333
21.3391
21.3449
21.3507
21.3566
21.3624
21.3682
21.374
21.3798
21.3856
21.3914
21.3972
21.403
21.4088
21.4146
21.4204
21.4262
21.432
21.4378
21.4436
21.4494
21.4552
21.461
21.4668
21.4727
21.4785
21.4843
21.4901
21.4959
21.5017
21.5075
21.5133
21.5191
21.5249
21.5307
21.5365
21.5423
21.5481	640.857
21.5539	637.166
21.5597	632.035
21.5655	627.669
21.5713	626.944
21.5771	625.497
21.5829	626.582
21.5888	628.031
21.5946	634.595	281.865
21.6004	632.035	280.08
21.6062	621.177	278.145
21.612	635.329	286.461
21.6178	637.166	288.62
21.6236	642.711	291.805
21.6294	625.859	295.025
21.6352	598.632	297.592
21.641	596.906	298.798
21.6468	598.287	300.876
21.6526	605.938	303.319
21.6584	615.107	305.782
21.6642	621.895	310.768
21.67	629.848	314.924
21.6758	633.131	317.114
21.6816	641.969	322.285
21.6874	650.179	324.714
21.6932	659.636	329.247
21.699	666.915	335.196
21.7049	681.322	339.875
21.7107	690.035	344.818
21.7165	703.721	349.834
21.7223	716.436	359.046
21.7281	732.335	366.167
21.7339	750.752	376.679
21.7397	771.413	385.929
21.7455	789.9	397.927
21.7513	793.559	406.523
21.7571	826.78	419.161
21.7629	850.515	428.71
21.7687	873.921	439.492
21.7745	894.865	445.885
21.7803	925.887	456.307
21.7861	936.646	468.864
21.7919	945.342	473.218
21.7977	964.649	478.44
21.8035	978.68	490.189
21.8093	994.637	499.911
21.8151	1007.36	508.355
21.821	1031.5	514.856
21.8268	1040.47	519.937
21.8326	1047.71	523.553
21.8384	1052.56	525.371
21.8442	1057.44	528.72
21.85	1061.72	530.249
21.8558	1065.41	533.013
21.8616	1077.17	537.651
21.8674	1077.79	539.206
21.8732	1084.66	543.27
21.879	1092.2	546.417
21.8848	1095.36	547.049
21.8906	1097.9	548.631
21.8964	1099.8	549.9
21.9022	1103.62	551.809
21.908	1102.34	551.491
21.9138	1101.71	551.491
21.9196	1104.89	551.491
21.9254	1101.07	550.218
21.9312	1098.53	549.265
21.9371	1097.9	548.948
21.9429	1098.53	548.948
21.9487	1098.53	549.265
21.9545	1101.07	550.536
21.9603	1107.45	553.725
21.9661	1111.3	555.327
21.9719	1113.87	556.933
21.9777	1115.15	556.933
21.9835	1113.87	556.933
21.9893	1116.44	557.899
21.9951	1118.38	558.221
22.0009	1118.38	559.512
22.0067	1121.61	560.807
22.0125	1124.86	562.104
22.0183	1128.76	564.055
22.0241	1127.46	564.381
22.0299	1128.76	564.707
22.0357	1130.72	565.034
22.0415	1132.03	565.36
22.0473	1128.11	564.055
22.0532	1128.11	564.381
22.059	1130.72	565.36
22.0648	1130.72	565.36
22.0706	1128.76	564.707
22.0764	1126.81	563.404
22.0822	1123.56	561.779
22.088	1121.61	560.807
22.0938	1122.26	561.131
22.0996	1122.26	561.455
22.1054	1124.21	562.754
22.1112	1127.46	564.707
22.117	1133.99	566.668
22.1228	1137.27	568.635
22.1286	1140.56	570.28
22.1344	1145.18	572.26
22.1402	1145.84	572.26
22.146	1147.83	572.26
22.1518	1152.48	573.583
22.1576	567.651
22.1634	558.221
22.1693	565.36
22.1751	561.131
22.1809	559.189
22.1867	559.512
22.1925	562.104
22.1983	566.995
22.2041	563.73
22.2099	566.341
22.2157	562.104
22.2215	563.079
22.2273	563.73
22.2331	568.635
22.2389	564.381
22.2447	564.381
22.2505	558.544
22.2563	475.135
22.2621	477.06
22.2679	475.135
22.2737	450.284
22.2795	467.782
22.2854	467.782
22.2912	465.357
22.297	468.052
22.3028	471.308
22.3086	478.993
22.3144	484.558
22.3202	489.057
22.326	492.175
22.3318	491.89
22.3376	489.905
22.3434	485.118
22.3492	482.603
22.355	478.716
22.3608	475.135
22.3666	471.308
22.3724	468.323
22.3782	465.626
22.384	464.015
22.3898	462.409
22.3956	461.342
22.4015	461.609
22.4073	461.609
22.4131	463.479
22.4189	467.242
22.4247	471.036
22.4305	474.86
22.4363	477.611
22.4421	482.603
22.4479	488.775
22.4537	492.743
22.4595	494.74
22.4653	496.744
22.4711	498.757
22.4769	498.757
22.4827	498.757
22.4885	496.171
22.4943	492.459
22.5001	487.084
22.5059	479.546
22.5117	473.491
22.5176	464.819
22.5234	458.155
22.5292	451.065
22.535	446.658
22.5408	442.549
22.5466	441.273
22.5524	438.478
22.5582	441.018
22.564	444.342
22.5698	448.727
22.5756	452.893
22.5814	459.215
22.5872	464.551
22.593	470.764
22.5988	475.409
22.6046	481.489
22.6104	485.399
22.6162	489.34
22.622	493.598
22.6278	495.884
22.6336	496.457
22.6395	496.171
22.6453	494.169
22.6511	492.175
22.6569	489.057
22.6627	483.44
22.6685	478.163
22.6743	470.22
22.6801	456.834
22.6859	449.245
22.6917	434.695
22.6975	421.589
22.7033	445.627
22.7091	434.444
22.7149	433.692
22.7207	463.479
22.7265
22.7323
22.7381
22.7439
22.7498
22.7556	902.131
22.7614	912.613	455.517
22.7672	922.151	460.543
22.773	926.422	462.142
22.7788	936.105	463.211
22.7846	938.812	471.308
22.7904	941.528	471.308
22.7962	951.368	475.959
22.802	962.422	480.378
22.8078	970.237	484.838
22.8136	972.481	485.96
22.8194	971.92	485.399
22.8252	970.797	485.679
22.831	969.676	484.558
22.8368	964.092	481.767
22.8426	957.432	478.716
22.8484	948.624	473.764
22.8542	936.646	467.782
22.86	927.493	464.015
22.8659	923.217	462.409
22.8717	921.619	460.809
22.8775	914.724	457.098
22.8833	912.613	457.626
22.8891	919.492	460.277
22.8949	928.565	464.283
22.9007	938.812	469.135
22.9065	947.529	473.764
22.9123	953.018	476.784
22.9181	960.201	480.933
22.9239	966.88	483.999
22.9297	973.605	487.084
22.9355	976.985	489.057
22.9413	984.349	492.743
22.9471	987.766	493.883
22.9529	989.48	494.74
22.9587	992.341	496.744
22.9645	998.667	498.469
22.9703	992.341	495.884
22.9761	987.766	493.313
22.9819	977.55	488.493
22.9878	967.997	483.719
22.9936	956.327	478.44
22.9994	946.982	473.491
23.0052	939.897	468.594
23.011	924.284	462.676
23.0168	915.781	458.155
23.0226	908.406	454.203
23.0284	902.131	451.326
23.0342	902.131	450.545
23.04	903.696	450.805
23.0458	906.833	452.37
23.0516	909.981	454.465
23.0574	916.84	458.42
23.0632	925.887	462.676
23.069	932.866	466.164
23.0748	944.251	472.398
23.0806	950.269	475.135
23.0864	955.775	477.336
23.0922	957.432	480.933
23.098	485.679
23.1039	487.929
23.1097	489.905
23.1155	490.189
23.1213	488.775
23.1271	487.929
23.1329	485.118
23.1387	481.767
23.1445	477.887
23.1503	475.684
23.1561	469.135
23.1619	464.015
23.1677	460.543
23.1735	455.517
23.1793	450.545
23.1851	448.209
23.1909	444.856
23.1967	443.829
23.2025	445.113
23.2083	441.273
23.2141	444.342
23.22	445.885
23.2258	450.805
23.2316	457.891
23.2374	467.242	556.29
23.2432	470.764	533.321
23.249	475.135	500.488
23.2548	477.887	507.182
23.2606	484.558	484.278
23.2664	488.775	489.623
23.2722	489.905	489.057
23.278	489.34	488.775
23.2838	489.34	488.775
23.2896	487.084	486.241
23.2954	482.882	483.161
23.3012	478.163	477.887
23.307	473.491	473.491
23.3128	466.164	466.433
23.3186	460.012	460.012
23.3244	456.57
23.3302	451.587
23.3361	446.916
23.3419	444.342
23.3477	445.37
23.3535	445.627
23.3593	447.95
23.3651	451.326
23.3709	454.991
23.3767	460.809
23.3825	466.703
23.3883	471.036
23.3941	474.312
23.3999	479.546
23.4057	483.719
23.4115	486.241
23.4173	489.057
23.4231	491.606
23.4289	491.89
23.4347	489.623
23.4405	483.44
23.4463	476.509
23.4522	469.135
23.458	456.834
23.4638	448.986
23.4696	443.06
23.4754	438.985
23.4812	435.449
23.487	434.946
23.4928	435.197
23.4986	435.701
23.5044	438.731
23.5102	442.293
23.516	447.174
23.5218	452.631
23.5276	459.215
23.5334	465.626
23.5392	469.677
23.545	471.853
23.5508	473.491
23.5566	474.586
23.5624	474.312
23.5683	471.853
23.5741	469.677
23.5799	466.433
23.5857	463.211
23.5915	460.277
23.5973	457.891
23.6031	455.517
23.6089	453.678
23.6147	452.109
23.6205	452.631
23.6263	453.678
23.6321	455.78
23.6379	457.891
23.6437	460.543
23.6495	464.283
23.6553	468.594
23.6611	473.218
23.6669	477.06
23.6727	479.269
23.6785	481.211
23.6844	483.161
23.6902	485.399
23.696	485.118
23.7018	484.278
23.7076	484.278
23.7134	483.44
23.7192	480.378
23.725	473.218
23.7308	461.342	608.393
23.7366	458.95	608.042
23.7424	445.885	604.54
23.7482	437.466	604.54
23.754	431.692	604.54
23.7598	424.767	606.989
23.7656	419.645	608.042
23.7714	414.825	603.842
23.7772	412.436	608.042
23.783	607.34	411.722
23.7888	607.34	413.629
23.7946	607.34	416.025
23.8005	608.042	419.645
23.8063	612.625	422.32
23.8121	610.858	425.503
23.8179	614.752	427.474
23.8237	611.211	428.463
23.8295	614.397	425.995
23.8353	616.53	426.981
23.8411	619.385	421.102
23.8469	618.313	415.305
23.8527	616.53	409.351
23.8585	621.535	403.482
23.8643	622.613	394.039
23.8701	624.054	385.484
23.8759	623.693	375.159
23.8817	628.394	365.533
23.8875	627.669	360.501
23.8933	629.121	353.694
23.8991	629.848	348.624
23.9049	635.329	345.816
23.9107	637.535	341.055
23.9166	638.64	335.389
23.9224	641.228	328.867
23.9282	643.082	326.973
23.934	641.228	318.032
23.9398	648.304	329.437
23.9456	648.304	333.458
23.9514	651.683	331.537
23.9572	660.398	334.036
23.963	660.398
23.9688	660.017
23.9746	661.162
23.9804	664.608
23.9862	668.458
23.992	670.779
23.9978	675.835
24.0036	675.054
24.0094	677.007
24.0152	682.898
24.021	680.535
24.0268	690.434
24.0327	696.04
24.0385	674.664
24.0443	675.444
24.0501	692.431
24.0559	679.357
24.0617	673.496
24.0675	680.535
24.0733	696.04
24.0791	686.061
24.0849	675.835
24.0907
24.0965
24.1023
24.1081	672.719
24.1139	675.835
24.1197	680.929
24.1255	668.844
24.1313	664.224
24.1371	654.323
24.1429	644.57
24.1488	633.863
24.1546	630.94
24.1604	656.974
24.1662	656.974
24.172	646.808
24.1778	639.379
24.1836	624.414
24.1894
24.1952
24.201
24.2068
24.2126
24.2184
24.2242
24.23
24.2358
24.2416
24.2474
24.2532
24.259
24.2649
24.2707
24.2765
24.2823
24.2881
24.2939
24.2997
24.3055
24.3113
24.3171
24.3229
24.3287
24.3345
24.3403
24.3461
24.3519
24.3577
24.3635
24.3693
24.3751
24.381
24.3868
24.3926
24.3984
24.4042
24.41
24.4158
24.4216
24.4274
24.4332
24.439
24.4448
24.4506
24.4564
24.4622
24.468
24.4738
24.4796
24.4854
24.4912
24.4971
24.5029
24.5087
24.5145
24.5203
24.5261
24.5319
24.5377
24.5435
24.5493
24.5551
24.5609
24.5667
24.5725
24.5783
24.5841
24.5899
24.5957
24.6015
24.6073
24.6132
24.619
24.6248
24.6306
24.6364
24.6422
24.648
24.6538
24.6596
24.6654
24.6712
24.677
24.6828
24.6886
24.6944
24.7002
24.706
24.7118
24.7176
24.7234
24.7293
24.7351
24.7409
24.7467
24.7525
24.7583
24.7641
24.7699
24.7757
24.7815
24.7873
24.7931
24.7989
24.8047
24.8105
24.8163
24.8221
24.8279
24.8337
24.8395
24.8454
24.8512
24.857
24.8628
24.8686
24.8744
24.8802
24.886
24.8918
24.8976
24.9034
24.9092
24.915
24.9208
24.9266
24.9324
24.9382
24.944	491.322
24.9498	497.893
24.9556	502.516
24.9615	518.438
24.9673	522.345
24.9731	523.856
24.9789	528.109
24.9847	533.321
24.9905	535.172
24.9963	537.341
25.0021	538.895
25.0079	542.957
25.0137	543.584
25.0195	543.898
25.0253	547.681
25.0311	547.365
25.0369	549.583
25.0427	547.365
25.0485	544.842
25.0543	532.09
25.0601	527.805
25.0659	529.943
25.0717	532.09
25.0776	555.969
25.0834	543.898
25.0892
25.095
25.1008
25.1066
25.1124
25.1182
25.124
25.1298
25.1356
25.1414	536.72
25.1472	548.948
25.153	565.687
25.1588	562.754
25.1646	560.483
25.1704	562.104
25.1762	558.866
25.182	564.055
25.1878	565.36
25.1937	565.36
25.1995	566.341
25.2053	575.242
25.2111	569.951	1094.73
25.2169	569.621	1105.53
25.2227	567.651	1092.83
25.2285	576.573	1084.66
25.2343	578.909	1075.3
25.2401	573.252	1070.34
25.2459	574.578	1057.44
25.2517	571.269	1051.35
25.2575	567.651	1043.48
25.2633	567.323	1044.09
25.2691	566.341	1041.08
25.2749	563.404	1043.48	518.138
25.2807	563.404	1042.88	517.839
25.2865	562.754	1042.28	516.942
25.2923	559.189	1042.88	521.742
25.2981	558.221	1047.11	522.345
25.3039	561.131	1048.92	525.675
25.3097	557.255	529.637	1061.11
25.3156	553.086	529.637	1089.68
25.3214	562.429	525.978	1128.76
25.3272	561.131	536.101	1089.68
25.333	566.995	543.27	1088.43
25.3388	570.28	570.609	1080.91
25.3446	571.929	571.599	1128.11
25.3504	569.621	569.293	1124.21
25.3562	576.24	576.906	1143.2
25.362	570.28	570.609	1111.94
25.3678	575.242	573.915	1139.24
25.3736	575.575	575.575	1139.24
25.3794	567.979	588.688	1153.81
25.3852	595.528	593.811	467.242	1143.2
25.391	573.915	594.841	465.895	1156.48
25.3968	592.783	602.796	463.747	1146.5
25.4026	590.05	605.938	460.012	1143.86
25.4084	579.578	579.913	457.891	1154.48
25.4142	585.974	586.313	459.215	1150.48
25.42	576.573	576.24	464.283	1150.48
25.4258	577.907	577.907	460.543	1155.81
25.4317	581.255	581.255	464.015	1158.49
25.4375	582.936	582.599	466.433	1161.17
25.4433	579.913	579.578	464.551	1159.16
25.4491	577.907	577.573	460.809	1155.15
25.4549	573.583	573.583	461.609	1145.84
25.4607	575.575	575.575	469.677	1149.82
25.4665	575.575	575.907	475.684	1152.48
25.4723	566.014	565.36	471.036	1135.3
25.4781	558.866	555.327	477.336	1097.9
25.4839	567.651	558.221	479.546	1163.18
25.4897	477.06	1126.16
25.4955	480.378	1118.38
25.5013	468.594	1110.01
25.5071	466.703	1117.73
25.5129	458.42	1118.38
25.5187	457.626	1137.27
25.5245	446.916	1139.24
25.5303	436.204	1128.76
25.5361	444.599
25.542	456.834
25.5478	459.746
25.5536	458.155
25.5594	471.853
25.5652	477.336
25.571	477.611
25.5768	477.06
25.5826	470.22
25.5884	460.277
25.5942	484.838
25.6	483.999
25.6058	477.611
25.6116	319.505
25.6174	323.778
25.6232	342.239	682.898
25.629	350.643	706.572
25.6348	360.085	729.38
25.6406	374.943	749.452
25.6464	382.6	768.744
25.6522	396.092	788.532
25.658	400.926	797.695
25.6639	405.585	809.765
25.6697	409.114	817.284
25.6755	411.96	822.968
25.6813	414.107	829.171
25.6871	416.987	835.421
25.6929	416.987	834.457
25.6987	416.265	833.493
25.7045	414.825	830.609
25.7103	415.065	830.13
25.7161	415.305	830.609
25.7219	414.346	830.13
25.7277	414.346	829.171
25.7335	414.107	827.736
25.7393	414.346	828.214
25.7451	415.305	830.13
25.7509	417.228	833.493
25.7567	418.677	835.904
25.7625	418.919	837.837
25.7683	419.161	838.806
25.7741	419.888	839.775
25.78	420.373	839.775
25.7858	419.888	839.775
25.7916	420.373	841.718
25.7974	421.102	842.204
25.8032	421.102	842.204
25.809	422.076	844.152
25.8148	423.786	848.062
25.8206	424.767	850.024
25.8264	425.749	851.99
25.8322	425.995	851.006
25.838	425.749	850.024
25.8438	425.749	851.498
25.8496	425.749	850.515
25.8554	426.241	851.99
25.8612	427.227	854.454
25.867	427.968	856.926
25.8728	429.702	859.901
25.8786	431.194	861.89
25.8844	433.191	865.882
25.8902	434.946	870.395
25.8961	436.204	872.912
25.9019	435.952	872.408
25.9077	435.701
25.9135	435.197
25.9193	434.444
25.9251	430.696
25.9309	427.227
25.9367	425.258
25.9425	424.031
25.9483	425.258
25.9541	426.734
25.9599	423.542
25.9657	425.749
25.9715	418.193
25.9773	416.987
25.9831
25.9889	435.449
25.9947	426.734
26.0005	425.503
26.0063	428.463
26.0122	429.702
26.018	430.945
26.0238	429.702
26.0296	428.71
26.0354	428.463
26.0412	430.696
26.047	430.945
26.0528	432.691
26.0586	433.191
26.0644	433.692
26.0702	434.193
26.076	434.946
26.0818	434.193
26.0876	437.971
26.0934	438.985
26.0992	450.284
26.105	432.941	471.308	944.251
26.1108	429.702	472.398	948.624
26.1166	426.487	474.86	949.172
26.1224	424.031	470.764	947.529
26.1283	428.958	470.22	945.888
26.1341	469.406	943.706
26.1399	466.164	939.897
26.1457	465.626	934.484
26.1515	462.676	926.422
26.1573	458.685	919.492
26.1631	457.362	915.781
26.1689	456.307	913.668
26.1747	453.155	905.786
26.1805	451.065	902.652	482.603
26.1863	450.284	901.61	480.933
26.1921	450.805	902.652	478.163
26.1979	450.024	900.049	482.882
26.2037	450.805	901.089	482.603
26.2095	452.37	903.696	478.993
26.2153	454.728	909.456	471.853
26.2211	459.215	917.9	475.135
26.2269	464.283	926.422	469.949
26.2327	467.242	933.945	469.406
26.2385	468.323	938.27	467.242
26.2444	472.671	945.342	473.218
26.2502	474.038	950.819	474.038
26.256	475.409	952.468	475.409
26.2618	474.586	949.721	474.586
26.2676	473.764	949.721	473.491
26.2734	473.218	949.172	472.398
26.2792	473.491	948.624
26.285	473.218	949.721
26.2908	472.671	946.435
26.2966	470.22	940.984
26.3024	468.052
26.3082	464.819
26.314	461.342
26.3198	456.57
26.3256	452.631
26.3314	449.505
26.3372	448.209
26.343	449.245
26.3488	448.986
26.3546	451.848
26.3605	454.203
26.3663	458.155
26.3721	458.95
26.3779	461.609
26.3837	464.551
26.3895	478.44
26.3953	460.012
26.4011	471.58
26.4069	472.671
26.4127	469.949
26.4185	469.406
26.4243	465.895
26.4301	464.819
26.4359	462.944
26.4417	462.409
26.4475	469.135
26.4533	466.972
26.4591	473.764
26.4649	474.038
26.4707	477.06
26.4766	481.211
26.4824	482.603
26.4882	487.929
26.494	488.775
26.4998	487.647
26.5056	490.189
26.5114	489.623
26.5172	487.084
26.523	488.493
26.5288	485.679
26.5346	481.767
26.5404	479.546
26.5462	477.611	372.568
26.552	473.764	385.261
26.5578	469.135	382.821
26.5636	472.398	386.822
26.5694	468.864	390.414
26.5752	466.164	390.414
26.581	466.164	390.414
26.5868	470.22	387.941	486.803
26.5927	470.22	393.356	476.784
26.5985	478.993	383.707	475.409
26.6043	468.323	395.178	483.161
26.6101	477.887	378.861	483.719
26.6159	477.336	385.707	486.241
26.6217	481.211	390.865	487.084
26.6275	472.671	392.222	486.241
26.6333	469.677	392.222	485.679
26.6391	470.764	386.822	485.399
26.6449	467.512	387.046	484.558
26.6507	481.211	384.816	482.603
26.6565	478.716	383.485	478.163
26.6623	473.764	381.717	473.491
26.6681	469.677	378.424	469.677
26.6739	466.703	358.425	465.895
26.6797	462.409	372.999	461.076
26.6855	460.277	385.484	458.95
26.6913	455.78	385.484	456.307
26.6971	455.254	455.254
26.7029	456.57
26.7088	459.48
26.7146	464.015
26.7204	466.433
26.7262	471.036
26.732	475.409
26.7378	478.716
26.7436	482.324
26.7494	484.838
26.7552	487.647
26.761	488.211
26.7668	488.211
26.7726	488.493
26.7784	491.039
26.7842	489.623
26.79	489.057
26.7958	488.775
26.8016	488.775
26.8074	486.803
26.8132	483.44
26.819	481.211
26.8249	478.163
26.8307	474.312
26.8365	469.135
26.8423	466.433
26.8481	466.433
26.8539	466.433
26.8597	467.782
26.8655	467.782
26.8713	470.22
26.8771	472.944
26.8829	475.959
26.8887	479.823
26.8945	483.161
26.9003	488.775
26.9061	493.313
26.9119	496.171
26.9177	497.031
26.9235	501.357
26.9293	503.679
26.9351	502.226
26.941	502.226
26.9468	501.067
26.9526	498.181
26.9584	494.74
26.9642	490.189
26.97	485.96
26.9758	480.101
26.9816	475.684
26.9874	470.22
26.9932	466.972
26.999	464.015
27.0048	462.944
27.0106	461.875
27.0164	462.409
27.0222	463.479
27.028	466.433
27.0338	469.135
27.0396	472.944
27.0454	477.611
27.0512	480.933
27.0571	485.118
27.0629	486.803
27.0687	488.211
27.0745	488.211
27.0803	485.399
27.0861	481.767
27.0919	476.784
27.0977	473.764
27.1035	465.088
27.1093	464.551
27.1151	455.517	440
27.1209	451.326	433.942
27.1267	452.37	429.95
27.1325	428.463
27.1383	427.968
27.1441	425.995
27.1499	424.031
27.1557	423.542
27.1615	424.031
27.1673	424.521
27.1732	426.734
27.179	426.734
27.1848	424.767
27.1906	422.808
27.1964	425.995
27.2022	431.194
27.208	432.191
27.2138	433.942
27.2196	438.731
27.2254	436.708
27.2312	438.478
27.237	445.113
27.2428	445.113
27.2486	445.113
27.2544	438.985
27.2602	434.946
27.266	430.447
27.2718	426.981
27.2776	422.076
27.2834	416.025
27.2893	413.629	417.952
27.2951	412.913	414.586
27.3009	412.913	419.161
27.3067	410.535	422.076
27.3125	414.107	426.981
27.3183	405.351	431.443
27.3241	397.927	433.191
27.3299	404.649	437.971
27.3357	414.825	443.06
27.3415	431.692	446.4
27.3473	450.284
27.3531	454.203
27.3589	459.215
27.3647	465.895
27.3705	468.864
27.3763	472.125
27.3821	474.586
27.3879	475.959
27.3937	476.509
27.3995	475.409
27.4054	473.218
27.4112	469.135
27.417	464.283
27.4228	460.277
27.4286	457.626
27.4344	456.043
27.4402	453.941
27.446	455.254
27.4518	456.834
27.4576	459.746
27.4634	462.944
27.4692	465.895
27.475	467.782
27.4808	469.677
27.4866	470.22
27.4924	471.308
27.4982	471.308
27.504	469.677
27.5098	467.242
27.5156	463.211
27.5215	459.48
27.5273	455.254
27.5331	450.024
27.5389	447.174
27.5447	445.113
27.5505	441.018
27.5563	437.466
27.5621	433.191
27.5679	431.194
27.5737	429.95
27.5795	429.454
27.5853	429.206
27.5911	428.958
27.5969	426.734
27.6027	425.258
27.6085	422.564
27.6143	419.888
27.6201	414.586
27.6259	406.758
27.6317	396.092
27.6376	384.372
27.6434	693.231	373.861
27.6492	688.841	372.138
27.655	692.431	360.501
27.6608	687.251	356.772
27.6666	690.833	354.717
27.6724	693.632	354.103
27.6782	689.239	354.103
27.684	688.045	354.103
27.6898	691.232	354.308
27.6956	688.841	356.155
27.7014	688.841	357.804
27.7072	689.239	360.709
27.713	690.035	362.171
27.7188	688.841	363.218
27.7246	688.841	364.901
27.7304	689.239	362.589
27.7362	689.239	361.753
27.742	686.457	347.618
27.7478	685.665	339.482
27.7537	688.045	354.717
27.7595	683.687
27.7653	686.457
27.7711	691.232
27.7769	688.443
27.7827	688.045
27.7885	686.854
27.7943	686.061
27.8001	684.082
27.8059	684.082
27.8117	688.045
27.8175	682.11
27.8233	691.631
27.8291	683.687
27.8349	684.082
27.8407	686.457
27.8465	684.478	1036.28
27.8523	685.665	1038.07
27.8581	685.269	1036.88
27.8639	685.665	1034.48
27.8698	685.269	1034.48
27.8756	686.457	1032.09
27.8814	685.269	1032.69
27.8872	686.457	1034.48
27.893	685.665	1032.69
27.8988	686.061	1039.87
27.9046	686.061	1037.47
27.9104	684.082	1027.93
27.9162	685.665	1040.47
27.922	689.239	1035.68
27.9278	685.269	1030.31
27.9336	680.929	1029.12
27.9394	684.478	1033.29
27.9452	686.061	1024.97
27.951	686.854	1042.88
27.9568	686.854	1029.12
27.9626	684.082	1039.27
27.9684	688.045	1026.74
27.9742	685.665	1035.08
27.98	690.434	1033.88
27.9858	685.269	1035.68
27.9917	688.045	1030.9
27.9975	688.443	1041.08
28.0033	685.269	1030.31
28.0091	685.665	1028.52
28.0149	687.648	1013.78
28.0207	686.457	1024.97
28.0265	678.181	1010.27
28.0323	676.225	1020.24
28.0381	666.915	1014.36
28.0439	663.074	1007.36
28.0497	654.701	978.68
28.0555	650.555	921.619
28.0613	691.631	1886.32
28.0671	1912.65
28.0729	1915.97
28.0787	1918.19
28.0845	1914.86
28.0903	1917.08
28.0961	1917.08
28.1019	1917.08	639.009
28.1078	1919.29	639.748
28.1136	1922.62	640.487
28.1194	1921.51	640.487
28.1252	1923.73	641.969
28.131	1933.76	645.688
28.1368	1948.34	649.428
28.1426	1956.23	652.813
28.1484	1969.84	656.974
28.1542	1857.13	660.398
28.16	1830.51	664.608
28.1658	1887.41	643.454
28.1716	1909.34	673.886
28.1774	1929.3	664.608
28.1832	678.965
28.189	646.808
28.1948	680.535
28.2006	669.231
28.2064	686.457
28.2122	639.009
28.2181	643.082
28.2239	647.181
28.2297
28.2355
28.2413
28.2471
28.2529
28.2587
28.2645
28.2703
28.2761
28.2819
28.2877
28.2935
28.2993
28.3051
28.3109
28.3167
28.3225
28.3283
28.3341
28.34
28.3458
28.3516
28.3574
28.3632
28.369
28.3748
28.3806
28.3864
28.3922
28.398
28.4038
28.4096
28.4154
28.4212
28.427
28.4328
28.4386
28.4444
28.4502
28.4561
28.4619
28.4677
28.4735
28.4793
28.4851
28.4909
28.4967
28.5025
28.5083
28.5141
28.5199
28.5257
28.5315
28.5373
28.5431
28.5489
28.5547
28.5605
28.5663
28.5722
28.578
28.5838
28.5896
28.5954
28.6012
28.607
28.6128
28.6186
28.6244
28.6302
28.636
28.6418
28.6476
28.6534
28.6592
28.665
28.6708
28.6766
28.6824
28.6883
28.6941
28.6999
28.7057
28.7115
28.7173
28.7231
28.7289
28.7347
28.7405
28.7463
28.7521
28.7579
28.7637
28.7695
28.7753
28.7811
28.7869
28.7927
28.7985
28.8044
28.8102
28.816
28.8218
28.8276
28.8334
28.8392
28.845
28.8508
28.8566
28.8624
28.8682
28.874
28.8798
28.8856
28.8914
28.8972
28.903
28.9088
28.9146
28.9205
28.9263
28.9321
28.9379
28.9437
28.9495
28.9553
28.9611
28.9669
28.9727
28.9785
28.9843
28.9901
28.9959
29.0017
29.0075
29.0133
29.0191
29.0249
29.0307
29.0366
29.0424
29.0482
29.054
29.0598
29.0656
29.0714
29.0772
29.083
29.0888
29.0946
29.1004
29.1062
29.112
29.1178
29.1236
29.1294
29.1352
29.141
29.1468
29.1527
29.1585
29.1643
29.1701
29.1759
29.1817
29.1875
29.1933
29.1991
29.2049
29.2107
29.2165
29.2223
29.2281
29.2339
29.2397
29.2455
29.2513
29.2571	672.719
29.2629	645.688	322.471
29.2688	627.306	313.834
29.2746	648.678	325.277
29.2804	662.691	333.65
29.2862	672.33	337.527
29.292	683.687	342.239
29.2978	697.247	348.02
29.3036	704.942	351.86
29.3094	705.349	352.878
29.3152	704.942	352.267
29.321	703.721	351.251
29.3268	696.04	346.215
29.3326	685.665	343.031
29.3384	679.357	339.09
29.3442	673.886	336.359
29.35	669.617	334.809
29.3558	670.004	334.809
29.3616	669.231	334.809
29.3674	673.886	337.137
29.3732	679.75	339.679
29.379	686.457	342.437
29.3849	688.045	344.221
29.3907	690.833	346.616
29.3965	698.053	349.834
29.4023	703.315	351.86
29.4081	709.025	353.899
29.4139	709.845	355.333
29.4197	709.435	354.922
29.4255	708.616	354.308
29.4313	704.534	352.674
29.4371	700.072	350.036
29.4429	689.239	346.415
29.4487	686.457	343.625
29.4545	684.478	342.239
29.4603	681.716	341.055
29.4661	680.929	340.268
29.4719	679.75	340.268
29.4777	682.504	340.858
29.4835	686.457	342.634
29.4893	692.031	346.616
29.4951	697.247	349.43
29.501	706.164	352.674
29.5068	708.616	354.308
29.5126	719.754	362.589
29.5184	737.003	367.651
29.5242	744.276	372.138
29.53	756.411	378.205
29.5358	766.084	382.6
29.5416	768.3	384.15
29.5474	768.744	384.816
29.5532	772.305	386.375
29.559	776.33	388.165
29.5648	778.575	389.288
29.5706	780.376	389.738
29.5764	783.086	390.188
29.5822	783.086	390.639
29.588	782.634	390.865
29.5938	782.182	391.091
29.5996	786.258	392.675
29.6054	788.077	393.811
29.6112	789.444	394.266
29.6171	790.813	394.95
29.6229	792.642	395.864
29.6287	786.258	395.635
29.6345	783.086	395.178
29.6403	791.727	394.95
29.6461	794.017	395.864
29.6519	793.559	397.009
29.6577	791.727	398.617
29.6635	799.078	399.539
29.6693	798.156	400.695
29.6751	797.234	400.001
29.6809	802.779	399.308
29.6867	799.078	397.697
29.6925	803.243	398.847
29.6983	804.636	398.617
29.7041	810.701	400.926
29.7099	810.701	403.715
29.7157	817.756	405.585	399.308
29.7215	815.869	406.288	401.158
29.7273	811.638	407.463	394.95
29.7332	811.638	410.535	406.054
29.739	810.701	410.772	407.228
29.7448	818.701	410.297	405.351
29.7506	406.523	403.715	808.363
29.7564	403.715	401.39	805.101
29.7622	402.086	399.078	800.002
29.768	400.232	397.697	795.854
29.7738	398.387	396.092	793.1
29.7796	397.009	395.864	791.727
29.7854	396.092	395.864	791.727
29.7912	397.697	397.238	794.017
29.797	399.77	399.77	799.078
29.8028	403.016	403.016	805.101
29.8086	405.351	810.233
29.8144	407.699	814.456
29.8202	408.17	816.34
29.826	407.699	817.284
29.8318	405.819	812.576
29.8376	403.715	808.363
29.8434	401.39	803.707
29.8493	400.232	800.927
29.8551	399.77	799.54
29.8609	399.77	800.002
29.8667	399.308	800.002
29.8725	398.847	798.617
29.8783	398.617	796.774
29.8841	398.157	797.695
29.8899	397.697	795.854
29.8957	397.927	795.394
29.9015	398.157	796.774
29.9073	400.232	800.002
29.9131	401.854	803.707
29.9189	403.016	804.636
29.9247	405.585	809.765
29.9305	407.699	814.456
29.9363	410.297	818.701
29.9421	413.151	823.444
29.9479	414.586	829.65
29.9537	418.435	834.939
29.9595	420.13	840.261
29.9654	420.859	843.665
29.9712	420.859	826.303
29.977	419.403	812.576
29.9828	418.435	829.65
29.9886	417.952
29.9944	412.913
30.0002	408.642
30.006
30.0118
30.0176
30.0234
30.0292
30.035
30.0408
30.0466
