0.01161	0.261224	2806.77	26.1773
0.0406349	0.267029	930.713	12.6858
0.156735	0.899773	1420.51	71.6878
0.394739	0.592109	1408.26	64.3874
0.435374	0.696599	952.468	24.051
0.905578	1.30032	1411.51	12.8819
14.7273	15.0814	1054.39	101.355
15.1104	15.36	1171.27	195.258
15.2149	15.36	1188.31	72.3994
15.3658	15.9985	1261.88	122.953
15.6154	15.8012	2533.99	41.8873
15.8012	15.9811	2350.68	40.7828
15.8766	16.2598	1162.51	160.154
15.9927	16.6719	1403.38	149.575
16.1669	16.8461	2119.77	90.403
16.2598	16.9157	1056.22	123.165
16.4165	16.788	2839.38	48.6799
16.579	16.788	1433.7	56.3963
16.579	16.788	1433.7	56.3963
16.9157	17.1015	2774.53	37.1002
16.9157	17.1131	1390.47	47.9099
16.9796	17.2408	2084.56	32.8797
17.1073	17.4846	3057.27	71.5271
17.2989	17.7517	1875.46	62.5362
17.3395	17.4556	4198.12	34.7351
17.3627	18.3844	2695.54	48.7734
17.3627	18.3844	2695.54	48.7734
19.11	19.3016	1504.98	186.819
19.2319	19.3712	1030.9	54.1947
19.4351	19.6963	1407.44	89.4724
19.4351	19.6963	1407.44	89.4724
19.4583	19.7137	2845.95	116.484
19.5106	19.7312	2095.42	84.2798
19.8298	19.9517	1422.15	88.4802
19.8298	20.1607	1225.25	128.252
19.9808	20.6251	2626.38	45.1437
20.2014	20.509	1347.77	23.6135
20.4336	20.6948	3577.39	29.1928
20.6367	20.9908	1246.67	80.4343
20.6716	21.1069	2459.01	76.0228
20.7993	21.0779	2834.46	60.867
21.1824	21.5249	1149.16	131.647
21.2695	21.5133	1573.43	122.285
21.4727	21.8268	2085.76	46.9149
21.5133	21.9661	1434.53	62.8436
21.5249	22.0357	1024.97	101.016
21.5829	22.4769	2849.24	72.0023
21.9487	22.0706	3809.87	54.627
22.2679	22.5292	1349.33	30.6251
22.2679	22.5292	1349.33	30.6251
24.201	24.5725	1080.28	193.857
24.3577	24.5899	1072.82	87.0696
24.5493	24.7234	3530.18	114.04
24.5725	24.9324	1211.18	158.282
24.7931	25.182	1250.27	209.649
25.2227	25.4142	3755.25	20.7045
25.3097	26.2966	1422.97	279.601
25.542	25.6871	2197.06	25.3134
25.6232	25.8728	1062.34	20.3472
25.7683	26.047	709.845	23.1267
26.2385	26.4882	3148.67	66.6551
26.2502	26.4998	1045.9	46.1736
26.2966	26.4533	1586.2	91.9395
26.2966	26.4766	4736.79	44.6444
26.4766	27.446	1376.89	93.9036
26.6739	26.9468	936.646	38.422
26.9351	27.4634	2719	46.3421
28.369	28.5605	4366.29	62.7543
28.4909	28.8856	1365.01	152.53
28.7173	28.9669	2798.67	138.519
28.8392	29.0772	2100.27	59.2861
28.8856	29.1468	1399.34	41.1151
29.0307	29.3965	1403.38	227.353
29.0946	29.3384	1169.92	188.018
29.0946	29.3384	1169.92	188.018
29.3732	29.8783	1396.91	101.024
29.4487	29.7622	1208.38	123.183
