0
0.00580499
0.01161
0.017415
0.02322
0.0290249
0.0348299
0.0406349
0.0464399
0.0522449
0.0580499
0.0638549
0.0696599
0.0754649
0.0812698
0.0870748
0.0928798
0.0986848
0.10449
0.110295
0.1161
0.121905
0.12771
0.133515
0.13932
0.145125
0.15093
0.156735
0.16254
0.168345
0.17415
0.179955
0.18576
0.191565
0.19737
0.203175
0.20898
0.214785
0.22059
0.226395
0.2322
0.238005
0.24381
0.249615
0.255419
0.261224
0.267029
0.272834
0.278639
0.284444
0.290249
0.296054
0.301859
0.307664
0.313469
0.319274
0.325079
0.330884
0.336689
0.342494
0.348299
0.354104
0.359909
0.365714
0.371519
0.377324
0.383129
0.388934
0.394739
0.400544
0.406349
0.412154
0.417959
0.423764
0.429569
0.435374
0.441179
0.446984
0.452789
0.458594
0.464399
0.470204
0.476009
0.481814
0.487619
0.493424
0.499229
0.505034
0.510839
0.516644
0.522449
0.528254
0.534059
0.539864
0.545669
0.551474
0.557279
0.563084
0.568889
0.574694
0.580499
0.586304
0.592109
0.597914
0.603719
0.609524
0.615329
0.621134
0.626939
0.632744
0.638549
0.644354
0.650159
0.655964
0.661769
0.667574
0.673379
0.679184
0.684989
0.690794
0.696599
0.702404
0.708209
0.714014
0.719819
0.725624
0.731429
0.737234
0.743039
0.748844
0.754649
0.760454
0.766258
0.772063
0.777868
0.783673
0.789478
0.795283
0.801088
0.806893
0.812698
0.818503
0.824308
0.830113
0.835918
0.841723
0.847528
0.853333
0.859138
0.864943
0.870748
0.876553
0.882358
0.888163
0.893968
0.899773	428.215
0.905578	416.747
0.911383	415.065
0.917188	415.305
0.922993	417.228
0.928798	427.968
0.934603	447.95
0.940408	430.447
0.946213	452.37	485.399
0.952018	442.038	472.398	1086.54
0.957823	460.012	497.031	1025.56
0.963628	482.603	518.138	1044.69
0.969433	504.844	534.863	1075.3
0.975238	534.554	537.651	1082.78
0.981043	538.895	541.704	1087.8
0.986848	543.27	1087.17
0.992653	544.213	1087.17
0.998458	546.417	1091.57
1.00426	548.948	1097.9
1.01007	551.809	1103.62
1.01587	554.686	1110.01
1.02168	553.086	1115.8
1.02748	552.447	1119.67
1.03329	552.766	1119.67
1.03909	552.766	1119.03
1.0449	552.766	1119.03
1.0507	1118.38
1.05651	1119.03
1.06231	1119.03
1.06812	1117.09
1.07392	1114.51
1.07973	1111.3
1.08553	1101.71
1.09134	1085.29
1.09714	1066.03
1.10295	1044.09
1.10875	1053.17
1.11456	1045.29
1.12036
1.12617
1.13197
1.13778
1.14358
1.14939
1.15519
1.161
1.1668
1.17261
1.17841
1.18422
1.19002
1.19583
1.20163
1.20744	477.336
1.21324	481.489
1.21905	488.775
1.22485	483.161
1.23066	493.883
1.23646	497.319
1.24227	499.622
1.24807	501.357
1.25388	501.936
1.25968	506.011
1.26549	505.135
1.27129	503.388
1.2771	503.388
1.2829	524.765
1.28871	529.331
1.29451	531.476
1.30032	536.101	1042.88
1.30612	536.72	1053.78
1.31193	542.016	1101.07
1.31773	542.33	1089.68
1.32354	539.829	1069.11
1.32934	538.895	1068.49
1.33515	537.651	1067.87
1.34095	535.791	1067.26
1.34676	532.705	1064.79
1.35256	528.109	1061.72
1.35837	525.978	1065.41
1.36417	528.72	1070.96
1.36998	544.842	1064.18
1.37578	546.102	1072.2
1.38159	542.957	1095.36
1.38739	542.957	1102.98
1.3932	549.265	1066.03
1.399	545.156	1094.73
1.40481	537.341	1080.91
1.41061	1076.55
1.41642	1083.41
1.42222	1081.53
1.42803	1076.55
1.43383	1076.55
1.43964	1085.91
1.44544	1141.22
1.45125	1158.49
1.45705	1176.7
1.46286	1113.87
1.46866	1115.8
1.47447	1116.44
1.48027	1079.04
1.48608	1072.2
1.49188	1072.2
1.49769	1148.49
1.50349	1139.9
1.5093	1112.58
1.5151
1.52091
1.52671
1.53252
1.53832
1.54413
1.54993
1.55574
1.56154
1.56735
1.57315
1.57896
1.58476	461.342
1.59057	459.48
1.59637	458.685
1.60218	429.702
1.60798	429.206
1.61379	429.702
1.61959	430.945
1.6254	433.692
1.6312	436.456
1.63701	438.224
1.64281	442.805
1.64862	446.658
1.65442	452.631
1.66023	460.809
1.66603	474.86
1.67184	492.175
1.67764	496.457
1.68345	487.647
1.68925	515.749	1037.47
1.69506	520.237	1044.69
1.70086	531.169	1056.22
1.70667	537.03	1073.44
1.71247	542.643	1081.53
1.71828	547.365	1082.16
1.72408	547.998	1084.66
1.72989	545.786	1088.43
1.73569	545.156	1098.53
1.7415	545.471	1101.71
1.7473	545.471	1094.73
1.75311	547.049	1096.63
1.75891	547.998	1095.36
1.76472	546.733	1087.17
1.77052	547.049	1092.2
1.77633	548.631	1101.71
1.78213	546.733	1096
1.78794	544.527	1084.03
1.79374	547.049	1093.47
1.79955	547.365	1095.36
1.80535	543.898	1084.66
1.81116	543.27	1084.03
1.81696	545.156	1092.83
1.82277	546.102	1098.53
1.82857	542.33	1085.29
1.83438	539.829	1075.92
1.84018	539.518	1076.55
1.84599	538.895	1076.55
1.85179	536.72	1070.96
1.8576	535.172	1066.64
1.8634	535.172	1070.96
1.86921	535.172	1073.44
1.87501	535.172	1073.44
1.88082	534.863	1073.44
1.88662	534.554	1073.44
1.89243	533.937	1071.58
1.89823	533.629	1068.49
1.90404	534.863	1070.96
1.90984	537.341	1077.17
1.91565	538.584	1079.66
1.92145	539.206	1079.66
1.92726	540.453	1081.53
1.93306	542.957	1084.03
1.93887	545.471	1087.8
1.94467	546.733	1092.2
1.95048	550.854	1102.34
1.95628	553.086	1106.81
1.96209	554.045	1104.26
1.96789	555.327	1102.98
1.9737	559.512	1119.67
1.9795	559.512	1118.38
1.98531	554.045	1094.1
1.99111	551.491	1090.31
1.99692	550.854	1091.57
2.00272	549.583	1089.05
2.00853	545.471	1077.17
2.01433	544.842	1076.55
2.02014	547.049	1082.78
2.02594	547.365	1084.66
2.03175	548.315	1093.47
2.03755	550.854	1100.44
2.04336	546.417	1104.89
2.04916	539.829
2.05497	534.554
2.06077	519.637
2.06658	513.668
2.07238	499.911
2.07819	495.884
2.08399	475.409
2.0898	459.48
2.0956	458.42
2.10141	456.043
2.10721	454.465
2.11302	457.891
2.11882	464.551	508.062
2.12463	445.113	519.037
2.13043	441.528	520.538
2.13624	524.159
2.14204	533.013
2.14785	540.141
2.15365	551.809	552.128
2.15946	549.583	552.128
2.16526	546.102	550.218
2.17107	544.842	547.049
2.17687	547.365	547.365
2.18268	541.391	550.536
2.18848	542.016	551.491
2.19429	542.33	551.172
2.20009	542.33	545.471
2.2059	542.33	545.786
2.2117	546.733	546.733
2.21751	551.172	551.172
2.22331	552.447	552.447
2.22912	551.809	551.809
2.23492	547.365	547.365
2.24073	546.733	546.733
2.24653	546.733
2.25234	546.102
2.25814	547.049
2.26395	547.998
2.26975	545.471	1210.48
2.27556	540.453	1204.2
2.28136	536.41	1163.18
2.28717	533.321	1160.5
2.29297	532.09	1161.17
2.29878	532.705	1162.51
2.30458	534.554	1166.55
2.31039	537.03	1171.95
2.31619	540.141	1169.92
2.322	543.27	1165.87
2.3278	545.156	1180.1
2.33361	543.584	1179.42
2.33941	541.391	1124.21
2.34522	539.829	1119.03
2.35102	539.206	1117.09
2.35683	538.895	1135.3
2.36263	538.273	1134.65
2.36844	537.341	1117.73
2.37424	536.41	1115.8	1115.8
2.38005	535.791	1111.94	1111.94
2.38585	535.791	1096	1141.88
2.39166	536.41	1082.16	1160.5
2.39746	536.72	1088.43	1169.92
2.40327	537.341	1089.05	1178.06
2.40907	537.651	1070.96	1169.92
2.41488	537.962	1070.96	1152.48
2.42068	537.03	1070.96	1102.98
2.42649	534.246	1101.07
2.43229	529.331	1097.26
2.4381	529.025	1089.68
2.4439	530.249	1093.47
2.44971	524.461	1132.68
2.45551	523.251	1138.58
2.46132	522.949	1138.58	938.812
2.46712	533.321	1080.28	940.441
2.47293	537.962	1071.58	942.072
2.47873	539.518	1050.74	950.269
2.48454	538.895	948.624
2.49034	538.584	933.405
2.49615	909.981
2.50195	869.39
2.50776	876.449
2.51356	889.197
2.51937	902.652
2.52517	902.131
2.53098	908.406
2.53678	930.713
2.54258
2.54839
2.55419
2.56
2.5658
2.57161
2.57741
2.58322
2.58902
2.59483
2.60063
2.60644
2.61224
2.61805
2.62385
2.62966
2.63546
2.64127
2.64707
2.65288
2.65868
2.66449
2.67029
2.6761
2.6819
2.68771
2.69351
2.69932
2.70512
2.71093
2.71673
2.72254
2.72834
2.73415
2.73995
2.74576
2.75156
2.75737
2.76317
2.76898
2.77478
2.78059
2.78639
2.7922
2.798
2.80381
2.80961
2.81542
2.82122
2.82703
2.83283
2.83864
2.84444
2.85025
2.85605
2.86186
2.86766
2.87347
2.87927	1244.51
2.88508	1255.34
2.89088	1281.71
2.89669	1280.24	425.995
2.90249	1275.07	425.258
2.9083	1274.33	427.474
2.9141	1266.99	429.206
2.91991	1248.83	432.191
2.92571	1252.44	433.692
2.93152	1262.61	433.191
2.93732	1278.02	435.701
2.94313	1313.19	442.293
2.94893	1330.75	446.4
2.95474	1345.44	450.805
2.96054	1380.87	457.626
2.96635	1384.86	461.609
2.97215	1341.56	474.586
2.97796	1323.09	491.89
2.98376	1323.09	507.182
2.98957	1323.09	544.213
2.99537	1325.38	549.265
3.00118	1329.98	556.611	555.648
3.00698	1316.99	564.381	557.255
3.01279	565.36	564.707
3.01859	560.159	564.707
3.0244	560.159	586.651
3.0302	562.104	591.415
3.03601	560.159	589.369
3.04181	565.687	584.96
3.04762	569.621	570.28
3.05342	571.599	570.28
3.05923	566.341	566.995
3.06503	563.079	564.055
3.07084	569.621	560.807
3.07664	563.404	564.707
3.08245	561.131	561.131
3.08825	537.962	562.754	446.4
3.09406	552.447	562.754	450.284
3.09986	552.447	562.754	442.805
3.10567	552.447	562.754	435.449	867.885
3.11147	539.829	573.252	433.942	865.882
3.11728	431.942	852.482
3.12308	424.767	846.105
3.12889	422.564	847.083
3.13469	422.076	846.594
3.1405	420.859	838.806
3.1463	417.469	833.493
3.15211	418.919	837.354
3.15791	421.102	838.806
3.16372	416.506	832.531
3.16952	416.265	833.493
3.17533	420.373	843.665
3.18113	424.031	854.454
3.18694	425.012	850.515
3.19274	429.454	851.498
3.19855	438.224	872.408
3.20435	445.885	896.935
3.21016	447.691	896.935
3.21596	447.95	894.865
3.22177	455.254	914.724
3.22757	452.37	912.086
3.23338	446.658	912.086
3.23918	446.658	912.086
3.24499	446.658	912.086
3.25079	438.985
3.2566	434.695
3.2624
3.26821
3.27401
3.27982
3.28562
3.29143
3.29723
3.30304
3.30884
3.31465
3.32045	186.715
3.32626	188.34
3.33206	191.3
3.33787	183.825
3.34367	185.961
3.34948	186.069
3.35528	185.639
3.36109	185.318
3.36689	185.854
3.3727	184.677
3.3785	182.345
3.38431	183.401	417.469
3.39011	180.459	415.785
3.39592	172.21	408.17
3.40172	173.508	403.948
3.40753	172.31	408.642
3.41333	167.695	410.061
3.41914	168.666	408.406
3.42494	168.083	406.758
3.43075	167.695	394.494
3.43655	172.509	391.091	350.441
3.44236	172.509	391.091	368.289
3.44816	172.509	390.414	343.625
3.45397	165.769	393.356	324.527
3.45977	395.635	319.689
3.46558	385.929	308.978
3.47138	381.938	304.9
3.47719	373.645	302.794
3.48299	370.85	298.453
3.4888	380.836	297.249
3.4946	378.861	301.572
3.50041	373.645	310.051
3.50621	395.864	301.572
3.51202	398.847	309.335
3.51782	391.769	305.782
3.52363	391.769	309.514
3.52943	404.415	317.481
3.53524	310.588
3.54104	302.444
3.54685	304.021
3.55265	295.707
3.55846	299.489
3.56426	300.009
3.57007	300.529
3.57587	312.929
3.58168	311.307
3.58748	306.135
3.59329	305.959
3.59909	297.936
3.6049	291.805
3.6107	297.936	284.482
3.61651	288.953	279.595
3.62231	284.646	285.965
3.62812	283.007	283.007
3.63392	296.563	281.702
3.63973	302.095	281.702
3.64553	299.316	282.68
3.65134	308.978	285.305
3.65714	317.848	283.825
3.66295	331.346	285.965
3.66875	286.626
3.67456	286.957
3.68036	285.634
3.68617	286.792
3.69197	286.792	864.383
3.69778	286.13	861.392
3.70358	286.461	861.89
3.70939	284.975	863.385
3.71519	283.334	862.886
3.721	282.028	857.916
3.7268	279.918	849.043
3.73261	277.503	842.204
3.73841	276.383	838.806
3.74422	275.905	840.261
3.75002	277.183	842.204
3.75583	281.377	843.665
3.76163	280.565	842.691
3.76744	277.824	833.975
3.77324	281.214	828.693
3.77905	279.595	842.204
3.78485	284.153	854.454
3.79066	287.289	860.895
3.79646	282.191	864.383
3.80227	292.142	865.882
3.80807	286.957	863.385
3.81388	285.47	853.961
3.81968	285.634	849.043	564.707
3.82549	285.634	852.975	582.599
3.83129	287.954	845.617	602.448
3.8371	282.68	838.806	602.796
3.8429	276.703	829.65	603.842
3.84871	280.727	839.775	605.588
3.85451	288.453	865.382	611.211
3.86032	288.287	869.892	590.391
3.86612	291.468	871.401	586.313
3.87193	297.764	586.651
3.87773	287.123	570.609
3.88354	299.143	570.28
3.88934	307.198	600.017
3.89515	306.489	600.711
3.90095	602.448	535.482
3.90676	603.144	537.341
3.91256	605.938	538.273
3.91837	634.962	536.41
3.92417	642.34	536.41	1609.27
3.92998	616.53	536.41	1600.93
3.93578	628.758	537.03	1617.66
3.94159	635.696	540.766	1633.62
3.94739	656.216	545.156	1639.29
3.9532	642.711	549.583	1640.24
3.959	654.323	551.172	1639.29
3.96481	659.255	551.172	1640.24
3.97061	650.179	549.583	1641.19
3.97642	549.265	1644.99
3.98222	549.583	1648.79
3.98803	550.854	1650.7
3.99383	548.948	1641.19
3.99964	547.998	1639.29
4.00544	546.102	1638.35
4.01125	542.643	1637.4
4.01705	540.453	1636.46
4.02286	538.273	1627.03
4.02866	535.172	1634.57
4.03447	532.09	1616.73
4.04027	529.331	1617.66
4.04608	524.461	1624.21
4.05188	520.839	1627.97
4.05769	519.637
4.06349	519.037
4.0693	518.138
4.0751	514.559
4.08091	513.965
4.08671	501.357
4.09252	498.181
4.09832	496.744
4.10413	487.647
4.10993	481.767
4.11574	480.656
4.12154	478.993	597.596
4.12735	469.949	582.263
4.13315	465.088	558.544
4.13896	465.626	553.406
4.14476	470.22	585.636
4.15057	591.073
4.15637	584.622
4.16218	598.632
4.16798	590.732
4.17379	582.599
4.17959	579.244
4.1854	563.404	221.147
4.1912	559.512	223.329
4.19701	557.899	222.942
4.20281	560.159	223.071
4.20862	564.055	225.012
4.21442	566.995	228.153
4.22023	566.668	226.577
4.22603	566.341	225.142
4.23184	567.323	226.316
4.23764	567.323	225.663
4.24345	566.668	225.012
4.24925	564.381	225.012
4.25506	562.754	225.533
4.26086	559.189	227.101
4.26667	558.544	227.233
4.27247	557.899	223.716
4.27828	558.544	218.986
4.28408	556.29	225.012
4.28989	549.9	216.47
4.29569	540.453	208.494
4.3015	547.681	211.771
4.3073	543.584	209.701
4.31311	532.705	209.701
4.31891	533.321	213.984
4.32472	535.791	216.221	644.198
4.33052	540.766	218.354	630.94
4.33633	218.354	638.271
4.34213	219.239	635.696
4.34794	221.914	641.598
4.35374	232.141	634.229
4.35955	220.382	623.693
4.36535	216.596	661.926
4.37116	212.752	670.391
4.37696	211.404	669.231
4.38277	211.526	663.074
4.38857	208.735	656.595
4.39438	208.133	649.428
4.40018	218.607	646.808
4.40599	642.711
4.41179	632.035	266.969
4.4176	642.34	278.627
4.4234	629.484	298.971
4.42921	629.484	293.834
4.43501	628.031	292.311
4.44082	660.017	296.905
4.44662	668.458	297.936
4.45243	297.936
4.45823	301.224
4.46404	302.969
4.46984	301.398
4.47565	306.666
4.48145	305.782
4.48726	311.307
4.49306	305.782
4.49887	306.489
4.50467	306.312	529.943
4.51048	305.782	537.962
4.51628	299.143	555.648
4.52209	296.391	557.899
4.52789	293.156	556.29
4.5337	285.47	554.686
4.5395	284.975	555.006
4.54531	279.272	558.221
4.55111	279.433	559.189
4.55692	280.241	557.255
4.56272	278.627	554.045
4.56853	271.478	548.948
4.57433	277.663	550.854
4.58014	280.403	550.536
4.58594	551.491
4.59175	552.128
4.59755	549.9
4.60336	549.265
4.60916	558.544
4.61497	560.483
4.62077	559.836
4.62658	566.014
4.63238	562.754
4.63819	563.079
4.64399	567.979
4.6498	568.635
4.6556	568.964
4.66141	569.621
4.66721	569.621
4.67302	567.651
4.67882	562.429
4.68463	555.969
4.69043	552.766
4.69624	546.417
4.70204	540.141
4.70785	540.766
4.71365	540.766
4.71946	537.03
4.72526	536.41
4.73107	542.016
4.73687	529.943
4.74268	527.5
4.74848	519.037
4.75429	517.54
4.76009	517.839
4.7659	519.637
4.7717	519.937
4.77751	519.037
4.78331	515.452
4.78912	509.237
4.79492	502.516
4.80073	504.844
4.80653	497.893
4.81234	503.97
4.81814	494.169	498.181
4.82395	493.028	496.457
4.82975	493.028	493.598
4.83556	491.039	489.905
4.84136	480.933	479.546
4.84717	472.671	474.586
4.85297	471.308	457.891
4.85878	449.765	452.631
4.86458	448.727	436.708
4.87039	431.692	437.466
4.87619	427.227	427.227
4.882	418.435	411.96
4.8878	409.351	408.406
4.89361	407.699	407.699
4.89941	400.926	399.078
4.90522	402.783	393.811
4.91102	422.32	371.923
4.91683	428.71	368.289
4.92263	433.692	363.638
4.92844	432.941	362.799
4.93424	408.406	359.669
4.94005	353.49
4.94585	353.49
4.95166	353.49
4.95746	339.09
4.96327	323.591
4.96907	306.489
4.97487	301.746
4.98068	297.592
4.98649	294.004
4.99229	284.975
4.9981	278.145
5.0039	265.738
5.00971	263.293
5.01551	264.971
5.02132	261.626
5.02712	259.369
5.03293	257.28
5.03873	256.093
5.04454	255.207
5.05034	258.471
5.05615	266.045
5.06195	277.503
5.06776	279.272	600.364
5.07356	281.539	607.34
5.07936	273.841	574.91
5.08517	265.891	582.936
5.09097	263.902	596.906
5.09678	263.293	601.058
5.10258	263.75	600.711
5.10839	266.353	593.811
5.11419	269.292	571.929
5.12	276.383	574.91
5.1258	265.584	568.307
5.13161	265.431	572.921
5.13741	258.024	584.284
5.14322	584.622
5.14902	591.415
5.15483	596.217
5.16063	582.263
5.16644	565.034
5.17225	570.939
5.17805	555.969
5.18385	556.611
5.18966	550.536
5.19546	548.631
5.20127	554.045
5.20707	552.447
5.21288	552.766
5.21868	558.866
5.22449	571.929
5.23029	561.455
5.2361	555.327
5.2419	562.104
5.24771	572.59
5.25351	555.648
5.25932	563.73
5.26512	563.079
5.27093	561.455
5.27673	578.241
5.28254	577.573
5.28834	579.244
5.29415	560.483
5.29995	561.779
5.30576	542.957
5.31156	557.899
5.31737
5.32317
5.32898
5.33478
5.34059
5.34639
5.3522
5.358
5.36381
5.36961
5.37542
5.38122
5.38703
5.39283
5.39864
5.40444
5.41025
5.41605
5.42186
5.42766
5.43347
5.43927
5.44508
5.45088
5.45669
5.46249
5.4683
5.4741
5.47991
5.48571
5.49152
5.49732
5.50313
5.50893
5.51474
5.52054
5.52635
5.53215
5.53796
5.54376
5.54957
5.55537
5.56118
5.56698
5.57279
5.57859
5.5844
5.5902
5.59601
5.60181
5.60762
5.61342
5.61923
5.62503
5.63084
5.63664
5.64245
5.64825
5.65406
5.65986
5.66567
5.67147
5.67728
5.68308
5.68889
5.69469
5.7005
5.7063
5.71211
5.71791
5.72372
5.72952
5.73533
5.74113
5.74694
5.75274
5.75855
5.76435
5.77016
5.77596
5.78177
5.78757
5.79338
5.79918
5.80499
5.81079
5.8166
5.8224
5.82821
5.83401
5.83982
5.84562
5.85143
5.85723
5.86304
5.86884
5.87465
5.88045
5.88626
5.89206
5.89787
5.90367
5.90948
5.91528
5.92109
5.92689
5.9327
5.9385
5.94431
5.95011
5.95592
5.96172
5.96753
5.97333
5.97914
5.98494
5.99075
5.99655
6.00236
6.00816
6.01397
6.01977
6.02558
6.03138
6.03719
6.04299
6.0488
6.0546
6.06041
6.06621
6.07202
6.07782
6.08363
6.08943
6.09524
6.10104
6.10685
6.11265
6.11846
6.12426
6.13007
6.13587
6.14168
6.14748
6.15329
6.15909
6.1649
6.1707
6.17651
6.18231
6.18812
6.19392
6.19973
6.20553
6.21134
6.21714
6.22295
6.22875
6.23456
6.24036
6.24617
6.25197
6.25778
6.26358
6.26939
6.27519
6.281
6.2868
6.29261
6.29841
6.30422
6.31002
6.31583
6.32163
6.32744
6.33324
6.33905
6.34485
6.35066
6.35646
6.36227
6.36807
6.37388
6.37968
6.38549
6.39129
6.3971
6.4029
6.40871
6.41451
6.42032
6.42612
6.43193
6.43773
6.44354
6.44934
6.45515
6.46095
6.46676
6.47256
6.47837
6.48417
6.48998
6.49578
6.50159	608.393
6.50739	617.599
6.5132	620.459
6.519	612.271
6.52481	605.238
6.53061	603.842
6.53642	581.255
6.54222	579.578
6.54803	577.24
6.55383	562.429
6.55964	542.957
6.56544	537.962
6.57125	530.555
6.57705	526.891
6.58286	519.937
6.58866	517.839
6.59447	517.54
6.60027	513.372
6.60608	508.943
6.61188	505.135
6.61769	516.942
6.62349	518.138
6.6293	524.765
6.6351	531.476
6.64091	536.41
6.64671	540.141
6.65252	552.128	1353.23
6.65832	549.265	1376.09
6.66413	549.265	1377.68
6.66993	551.491	1379.27
6.67574	555.969	1360.29
6.68154	555.006	1352.45
6.68735	557.577	1350.11
6.69315	558.866	1340.78
6.69896	555.648	1331.52
6.70476	553.086	1373.71
6.71057	551.491	1350.11
6.71637	547.681	1347.77
6.72218	544.842	1340.78
6.72798	539.829	1327.68
6.73379	530.862	1332.29
6.73959	531.783	1345.44
6.7454	527.805	1345.44
6.7512	526.282	1378.48	904.218
6.75701	520.538	1368.96	922.151
6.76281	530.249	1342.33	911.033
6.76862	519.037	1295.11	916.84
6.77442	518.737	1312.43	910.507
6.78023	521.441	1316.23	905.786
6.78603	524.461	1307.14	904.218
6.79184	1335.37	902.131
6.79764	888.684
6.80345	881.526
6.80925	882.545
6.81506	887.658
6.82086	888.171
6.82667	886.633
6.83247	867.885
6.83828	878.476
6.84408	884.587
6.84989	889.711
6.85569
6.8615
6.8673
6.87311
6.87891	534.863
6.88472	529.331
6.89052	521.441
6.89633	540.453
6.90213	552.128
6.90794	557.577
6.91374	572.59
6.91955	572.59
6.92535	552.766
6.93116	541.078
6.93696	533.629
6.94277	529.943
6.94857	537.651
6.95438	551.809
6.96018	541.391
6.96599	538.273	213.984
6.97179	537.03	215.846
6.9776	537.341	214.108
6.9834	538.273	214.108
6.98921	538.584	215.224
6.99501	539.829	216.096
7.00082	537.341	214.727
7.00662	534.863	212.016
7.01243	534.554	212.998	99.3669
7.01823	533.013	212.875	106.499
7.02404	531.476	212.506	105.458
7.02984	529.637	212.875	106.376
7.03565	529.637	213.244	107.054
7.04145	534.246	214.355	107.426
7.04726	533.937	213.861	106.56
7.05306	534.246	212.752	106.745
7.05887	536.101	214.108	107.426
7.06467	528.109	211.404	109.051
7.07048	520.538	213.244	105.58
7.07628	516.942	213.614	109.43
7.08209	521.14	215.099	105.336
7.08789	519.037	208.735	105.276
7.0937	519.337	209.459	104.428
7.0995	515.452	207.892	103.587
7.10531	518.737	207.173	103.826
7.11111	522.647	210.065	104.548
7.11692	522.647	213.737	104.851
7.12272	515.452	206.337	104.307
7.12853	519.037	201.974	105.215
7.13433	522.647	196.906	105.215
7.14014	511.891	190.638	105.519
7.14594	515.154	110.254
7.15175	514.262	107.674
7.15755	522.345	105.763
7.16336	502.226	105.763	535.482
7.16916	501.646	535.172
7.17497	531.476	534.246
7.18077	524.461	530.862
7.18658	531.476	522.949
7.19238	521.441
7.19819	517.241
7.20399	513.668
7.2098	514.856
7.2156	504.261
7.22141	506.596
7.22721	522.647
7.23302	533.629
7.23882	528.109
7.24463	520.237
7.25043	527.5
7.25624	501.357
7.26204	513.372
7.26785	511.595
7.27365	499.622
7.27946	513.075
7.28526	497.606
7.29107	497.893
7.29687	496.744
7.30268	507.768
7.30848	505.135
7.31429	521.441
7.32009	526.282
7.3259	531.783	483.161
7.3317	527.5	476.509
7.33751	521.14	494.74
7.34331	514.262	497.031
7.34912	517.54	502.807
7.35492	517.54	512.483
7.36073	508.355	515.154
7.36653	492.459	518.737
7.37234	525.675	525.371
7.37814	531.476
7.38395	533.321
7.38975	533.321	156.284
7.39556	533.013	156.736
7.40136	535.172	157.371
7.40717	539.518	155.923
7.41297	541.078	156.284
7.41878	539.206	155.563
7.42458	539.829	155.653
7.43039	543.27	156.194
7.43619	552.766	157.644
7.442	558.866	158.1
7.4478	562.104	158.74
7.45361	564.707	156.104
7.45941	557.577	157.735
7.46522	558.866	157.735
7.47102	563.079	150.96
7.47683	555.327	147.342
7.48263	545.471	150.786
7.48844	538.584	153.333
7.49424	533.013	159.476
7.50005	524.765	163.581
7.50585	523.856	161.889
7.51166	522.647	162.921
7.51746	519.337	163.675
7.52327	517.241	163.392
7.52907	516.644	163.298	499.045
7.53487	523.251	165.29	477.887
7.54068	576.906	158.374	479.546
7.54648	588.348	158.374	477.887
7.55229	547.049	158.374	488.211
7.55809	542.643	152.891	490.189
7.5639	541.704	156.104	481.767
7.56971	539.829	161.049	476.234
7.57551	162.451	474.038
7.58132	156.284	471.036
7.58712	472.398
7.59293	467.512
7.59873	466.972
7.60454	466.164
7.61034	468.052
7.61615	471.036	524.159
7.62195	475.409	520.538
7.62776	476.509	519.337
7.63356	480.933	532.397
7.63936	479.546	531.783
7.64517	493.028	533.013
7.65097	495.598	518.438
7.65678	487.365	532.09
7.66258	498.469	534.863
7.66839	498.469	543.27
7.67419	498.469	552.766
7.68	580.248
7.6858	555.648
7.69161	555.327
7.69741	553.725
7.70322	550.536
7.70902	548.631
7.71483	547.998
7.72063	548.631
7.72644	550.536
7.73224	551.809
7.73805	551.809
7.74385	555.006
7.74966	551.809
7.75546	546.417
7.76127	545.786
7.76707	543.27
7.77288	540.141
7.77868	536.101
7.78449	533.937
7.79029	535.172
7.7961	533.629	1066.03
7.8019	529.025	1057.44
7.80771	521.14	1039.27
7.81351	511.595	1017.89
7.81932	500.488	1004.45
7.82512	495.884	991.769
7.83093	493.313	986.056
7.83673	492.743	986.056
7.84254	493.028	985.487
7.84834	489.905	978.68
7.85415	490.755	984.918
7.85995	504.552	996.938
7.86576	515.452	999.821
7.87156	519.337	1029.71
7.87737	1012.02
7.88317	965.206
7.88898	948.077
7.89478	929.102
7.90059	984.349	264.818
7.90639	984.349	263.598
7.9122	262.231
7.918	261.022
7.92381	261.777
7.92961	264.36
7.93542	271.478
7.94122	274.95
7.94703	276.863
7.95283	278.306
7.95864	279.595	515.749
7.96444	280.241	515.749	1035.68
7.97025	280.565	519.937	1047.11
7.97605	280.08	529.331	1062.95
7.98186	282.354	535.791	1061.72
7.98766	285.47	539.206	1020.24
7.99347	287.954	539.829	1007.36
7.99927	286.295	543.584	1032.09
8.00508	283.007	548.631	1024.97
8.01088	282.843	556.611	1027.34
8.01669	291.973	556.611	1056.22
8.02249	286.957	558.544	1101.71
8.0283	292.818	559.836	1116.44
8.0341	280.565	558.866	1107.45
8.03991	279.756	557.255	1108.73
8.04571	277.824	544.527	1099.17
8.05152	267.123	526.282	1059.89
8.05732	516.644	1033.88
8.06313	513.075	1025.56
8.06893	515.154	1027.93
8.07474	521.441	1040.47
8.08054	530.862	1058.66
8.08635	534.554	1068.49
8.09215	535.482	1069.73
8.09796	536.41	1071.58
8.10376	534.863	1061.72
8.10957	535.482	1058.66
8.11537	543.898	1044.69
8.12118	540.453	996.938
8.12698	542.33	995.787
8.13279	535.791	1058.05
8.13859	536.72	1066.03
8.1444	535.791	1060.5
8.1502	534.863	1053.78
8.15601	541.704
8.16181	548.315
8.16762	542.643
8.17342	546.102
8.17923	534.554
8.18503	533.013
8.19084
8.19664	531.783
8.20245	532.705
8.20825	529.637
8.21406	525.675
8.21986	525.978
8.22567	526.891
8.23147	529.025
8.23728	528.109
8.24308	522.949
8.24889	528.414
8.25469	534.554
8.2605	533.321
8.2663	530.862
8.27211	547.365
8.27791	548.631
8.28372	554.045
8.28952	529.637
8.29533	518.438	562.754
8.30113	525.675	562.104
8.30694	525.675	559.512
8.31274	524.765	542.957
8.31855	515.749	540.141
8.32435	530.555	536.101
8.33016	554.686	530.862
8.33596	529.025
8.34177	532.09
8.34757	533.937
8.35338	536.101
8.35918	538.584
8.36499	540.141
8.37079	542.016
8.3766	546.102
8.3824	547.365
8.38821	546.733
8.39401	543.898
8.39982	543.898
8.40562	544.213
8.41143	545.471
8.41723	546.733
8.42304	547.998
8.42884	547.365
8.43465	547.998
8.44045	546.417
8.44626	544.213
8.45206	541.078
8.45787	538.584
8.46367	536.41
8.46948	532.09	648.304
8.47528	529.025	652.436
8.48109	528.72	655.837
8.48689	531.169	654.701
8.4927	530.249	652.436
8.4985	529.331	653.19
8.50431	530.249	655.08
8.51011	529.025	654.701
8.51592	530.555	634.962
8.52172	525.068	629.484
8.52753	521.441	626.944
8.53333	516.047	633.131
8.53914	513.965	634.962
8.54494	512.483	634.962
8.55075	502.516	634.962
8.55655	496.457	634.962
8.56236	490.755	652.436
8.56816	478.44	628.394
8.57397	473.764	649.804
8.57977	456.043	630.94
8.58558	432.191
8.59138	413.629
8.59719	408.878
8.60299	390.414
8.6088	380.396
8.6146	378.861
8.62041	374.294
8.62621	361.544
8.63202	361.962
8.63782	365.322
8.64363	381.056
8.64943	386.152
8.65524	392.449
8.66104
8.66685
8.67265
8.67846
8.68426
8.69007
8.69587
8.70168
8.70748
8.71329
8.71909
8.7249
8.7307
8.73651
8.74231
8.74812
8.75392
8.75973
8.76553
8.77134
8.77714
8.78295
8.78875
8.79456
8.80036
8.80617	296.734
8.81197	296.734
8.81778	296.049
8.82358	294.344
8.82939	292.818
8.83519	293.834
8.841	293.665
8.8468	294.174
8.85261	296.22
8.85841	297.764
8.86422	298.281	567.651
8.87002	287.123	576.906
8.87583	281.702	579.913
8.88163	269.292	584.96
8.88744	262.837	589.709
8.89324	256.982	593.811
8.89905	252.422	584.96
8.90485	252.714	558.221
8.91066	260.119	557.577
8.91646	259.518	546.733
8.92227	261.626	542.016
8.92807	264.665	533.013
8.93388	264.818	529.637
8.93968	264.207	532.09
8.94549	259.369	536.101	397.009
8.95129	256.834	542.957	397.238
8.9571	251.839	543.584	398.157
8.9629	252.568	538.895	402.551
8.96871	255.502	538.895	406.054
8.97451	254.913	537.651	407.699
8.98032	250.244	539.829	407.699
8.98612	250.244	537.962	408.878
8.99193	250.244	540.141	410.535
8.99773	250.244	541.078	412.198
9.00354	542.643	430.199
9.00934	546.417	443.573
9.01515	538.584	452.631
9.02095	541.704	465.088
9.02676	545.156	469.406
9.03256	543.898	476.509
9.03837	543.898	484.838
9.04417	543.898	488.493
9.04998	543.898	481.767
9.05578	552.128	479.823
9.06159	537.03	477.336
9.06739	527.5	489.057
9.0732	492.743
9.079	469.677
9.08481	473.491
9.09061	473.491	129.46
9.09642	472.398	129.984
9.10222	486.521	131.419
9.10803	494.169	131.951
9.11383	485.399	132.333
9.11964	487.365	132.562
9.12544	131.799
9.13125	130.436
9.13705	129.684
9.14286	128.269
9.14866	132.639
9.15447	132.256
9.16027	132.715
9.16608	132.715
9.17188	133.022
9.17769	133.022
9.18349	137.158
9.1893	137.079	543.584
9.1951	140.364	546.417
9.20091	136.447	554.045
9.20671	555.327
9.21252	554.365
9.21832	552.766
9.22413	553.406
9.22993	552.447
9.23574	551.491
9.24154	549.583
9.24735	548.948
9.25315	547.998
9.25896	546.417
9.26476	544.842
9.27057	544.213
9.27637	542.33
9.28218	540.141
9.28798	534.554
9.29379	533.321
9.29959	528.72
9.3054	523.553
9.3112	529.025
9.31701	524.765
9.32281	524.461
9.32862	524.159
9.33442	521.441
9.34023	520.538
9.34603	498.757
9.35184	519.637
9.35764	519.037
9.36345	520.538
9.36925	524.461
9.37506	533.629
9.38086	568.307
9.38667	571.929
9.39247	576.573
9.39828	570.939
9.40408	582.263
9.40989	577.24
9.41569	566.341
9.4215	566.014
9.4273	562.429
9.43311	582.263
9.43891	564.381
9.44472	558.544	205.98
9.45052	554.045	203.614
9.45633	559.836	204.203
9.46213	559.836	203.967
9.46794	559.836	202.558
9.47374	559.836	198.734
9.47955	559.836	195.545
9.48535	198.39
9.49116	206.456
9.49696	208.976
9.50277	205.98
9.50857	213.984
9.51438	214.108
9.52018	212.875
9.52599	212.629
9.53179	211.648
9.5376	218.354
9.5434	218.354
9.54921
9.55501
9.56082
9.56662
9.57243
9.57823
9.58404	639.009
9.58984	641.228
9.59565	640.117
9.60145	628.394
9.60726	604.889
9.61306	602.796
9.61887	600.017
9.62467	591.756
9.63048	583.947
9.63628	588.688
9.64209	578.909
9.64789	573.915
9.6537	575.242
9.6595	574.247
9.66531	575.575
9.67111	569.621	612.625
9.67692	564.381	615.818
9.68272	554.045	625.497
9.68853	550.536	628.758
9.69433	549.583	629.848
9.70014	549.9	637.166
9.70594	548.315	650.93
9.71175	555.648	646.808
9.71755	555.327	646.808
9.72336	558.544	661.544
9.72916	562.429	660.398
9.73497	561.455	660.398	446.4
9.74077	565.687	645.315	443.06
9.74658	572.26	650.179	440.763
9.75238	570.939	650.179	431.443
9.75819	569.951	650.179	415.545
9.76399	574.247	644.198	412.913
9.7698	556.933	640.487	411.246
9.7756	561.455	670.391	410.061
9.78141	557.899	668.844	422.808	599.671
9.78721	554.686	431.443	588.008
9.79302	443.829	575.907
9.79882	438.985	553.406
9.80463	450.545	558.544
9.81043	448.209	561.455
9.81624	454.465	562.754
9.82204	470.764	570.28
9.82785	476.784	570.939
9.83365	470.492	568.964
9.83946	571.929
9.84526	570.939
9.85107	565.687
9.85687	565.36
9.86268	575.242
9.86848	581.255
9.87429	583.61
9.88009	579.913
9.8859	575.907
9.8917	569.293
9.89751	562.429
9.90331	559.512
9.90912	558.866
9.91492	558.544
9.92073	560.483	224.752
9.92653	563.079	225.533
9.93234	564.055	225.924
9.93814	561.131	224.363
9.94394	561.455	223.975
9.94975	561.131	223.458
9.95555	559.836	224.363
9.96136	558.221	223.975
9.96716	556.29	222.685
9.97297	555.327	223.458
9.97878	553.406	222.171
9.98458	551.491	222.685
9.99039	552.766	221.53
9.99619	552.447	221.53
10.002	554.045	219.873
10.0078	555.327	221.914
10.0136	556.611	221.658
10.0194	551.809	221.019
10.0252	549.265	219.492
10.031	550.536	217.348
10.0368	544.842	221.402
10.0426	547.998	219.873
10.0484	550.536	223.329
10.0542	557.255	221.147
10.06	551.491	218.733
10.0659	552.766	216.096
10.0717	552.128	219.873
10.0775	557.899	222.814
10.0833	555.969	226.185
10.0891	551.809	221.658
10.0949	555.648	221.147
10.1007	548.948	225.012
10.1065	546.733	220.254
10.1123	555.327	221.019
10.1181	553.086	217.473
10.1239	550.218	218.48
10.1297	553.086	212.752
10.1355	555.006	219.112
10.1413	553.725	220.509
10.1471	551.809	220.636
10.1529	544.527	217.599
10.1587	540.766	216.846
10.1645	542.016	216.971
10.1703	541.078	219.619
10.1761	535.791	214.851
10.1819	535.172	212.016
10.1878	533.937	211.648
10.1936	532.705	213.737
10.1994	530.249	211.16
10.2052	529.943	212.875
10.211	527.805	213.614
10.2168	524.765	211.16
10.2226	521.14	211.893
10.2284	519.637	214.231
10.2342	516.047	213.244
10.24	505.719	209.217
10.2458	501.646	204.912
10.2516	497.319
10.2574	495.598
10.2632	495.884	432.941
10.269	492.743	431.942
10.2748	492.743	431.692
10.2806	491.89	430.696
10.2864	483.719	431.443
10.2922	455.78	430.447
10.298	426.734	426.487
10.3039	428.463	416.747
10.3097	409.587	409.587
10.3155	405.819	395.178
10.3213	389.513	389.288
10.3271	382.821	382.6
10.3329	370.85	370.85
10.3387	365.533	365.745
10.3445	348.02	348.02
10.3503	321.17	348.02
10.3561	314.197	348.02
10.3619	307.553	342.437
10.3677	304.196	340.661
10.3735	298.798	336.943
10.3793	290.124	329.437
10.3851	278.306	317.664
10.3909	276.224	317.664
10.3967	275.109
10.4025	273.841
10.4083	272.893
10.4141	266.969
10.42	261.777
10.4258	258.024
10.4316	253.591
10.4374	252.568
10.4432	255.502
10.449	254.766
10.4548	252.276
10.4606	245.945
10.4664	241.441
10.4722	239.22
10.478	246.657
10.4838
10.4896
10.4954
10.5012
10.507
10.5128
10.5186
10.5244
10.5302
10.5361
10.5419
10.5477
10.5535
10.5593
10.5651
10.5709
10.5767
10.5825
10.5883
10.5941
10.5999
10.6057
10.6115
10.6173
10.6231
10.6289
10.6347
10.6405
10.6463
10.6522
10.658
10.6638
10.6696
10.6754
10.6812
10.687
10.6928
10.6986
10.7044
10.7102
10.716
10.7218
10.7276
10.7334
10.7392
10.745
10.7508
10.7566
10.7624
10.7683
10.7741
10.7799
10.7857
10.7915
10.7973
10.8031
10.8089
10.8147
10.8205
10.8263
10.8321
10.8379	392.449
10.8437	394.266
10.8495	395.407
10.8553	394.722
10.8611	392.449
10.8669	391.995
10.8727	389.963
10.8785	388.165
10.8844	387.493
10.8902	387.493
10.896	388.614
10.9018	391.317
10.9076	389.963
10.9134	391.995
10.9192	394.266
10.925	392.449
10.9308	394.95
10.9366	392.222
10.9424	392.675
10.9482	388.614
10.954	389.513
10.9598	391.995
10.9656	394.039
10.9714	410.772
10.9772	400.232
10.983	398.617
10.9888	389.288
10.9946	402.783
11.0005	399.539
11.0063	396.55
11.0121	388.389
11.0179	392.449
11.0237	392.902
11.0295	397.467
11.0353	397.238
11.0411	393.811
11.0469	398.847
11.0527	392.902
11.0585	412.913
11.0643	397.927
11.0701	409.114
11.0759	412.674
11.0817	414.346
11.0875	418.677
11.0933	401.854
11.0991	401.622
11.1049	417.952
11.1107	409.824
11.1166	404.415
11.1224	405.819
11.1282	400.463
11.134	405.585
11.1398	395.407
11.1456	403.016
11.1514	407.934
11.1572	397.927
11.163	381.717
11.1688	403.016
11.1746	395.864
11.1804	388.389
11.1862	396.321
11.192	406.758
11.1978	399.77
11.2036	407.699
11.2094	386.599
11.2152	392.222
11.221	393.129
11.2268	383.264
11.2327	391.317
11.2385	393.584
11.2443	391.995
11.2501	389.063
11.2559	402.318
11.2617	412.913
11.2675	392.449
11.2733	393.584
11.2791	393.584
11.2849	398.157
11.2907	395.178
11.2965	408.642	1327.68
11.3023	409.824	1319.27
11.3081	412.674	1325.38
11.3139	397.697	1322.32
11.3197	404.415	1326.91
11.3255	393.811	1329.22
11.3313	401.854	1333.06
11.3371	410.061	1338.46
11.3429	398.387	1331.52
11.3488	401.158	1320.03
11.3546	422.32	1321.56
11.3604	1333.06
11.3662	1323.09
11.372	1318.51
11.3778	1326.91
11.3836	1362.64
11.3894	1365.8
11.3952	1371.33
11.401	1350.11
11.4068	1365.8
11.4126	1381.67
11.4184	1387.26
11.4242	1376.09
11.43	1383.26
11.4358	1355.58
11.4416	1368.16
11.4474	1387.26
11.4532	1360.29
11.459	1358.71
11.4649	1348.55
11.4707	1403.38
11.4765	1385.66
11.4823	1351.67
11.4881	1431.22
11.4939	1425.44
11.4997	1384.06
11.5055	1423.8
11.5113	1443.67
11.5171
11.5229
11.5287
11.5345
11.5403
11.5461
11.5519
11.5577
11.5635
11.5693
11.5751
11.581
11.5868
11.5926
11.5984	390.639
11.6042	401.854
11.61	399.539
11.6158	389.513
11.6216	400.232
11.6274	390.414
11.6332	394.494
11.639	391.769
11.6448	389.738
11.6506	390.188
11.6564	390.188
11.6622	389.963
11.668	388.838
11.6738	386.599
11.6796	390.188
11.6854	389.738
11.6912	390.639
11.6971	392.222
11.7029	397.467
11.7087	395.178
11.7145	398.157
11.7203	396.092
11.7261	395.407
11.7319	394.494
11.7377	393.584
11.7435	394.266
11.7493	394.266
11.7551	394.722
11.7609	394.494
11.7667	394.266
11.7725	393.129
11.7783	394.722
11.7841	396.55
11.7899	395.178
11.7957	393.811
11.8015	394.95
11.8073	394.266
11.8132	395.178
11.819	394.039
11.8248	392.902
11.8306	396.092
11.8364	394.039
11.8422	394.266
11.848	395.178
11.8538	390.188
11.8596	381.717
11.8654	372.783
11.8712	404.415
11.877	409.587
11.8828
11.8886
11.8944
11.9002
11.906
11.9118
11.9176
11.9234
11.9293
11.9351
11.9409
11.9467
11.9525
11.9583
11.9641
11.9699
11.9757
11.9815
11.9873
11.9931
11.9989
12.0047
12.0105
12.0163
12.0221
12.0279
12.0337
12.0395
12.0454
12.0512
12.057
12.0628
12.0686
12.0744
12.0802
12.086
12.0918
12.0976
12.1034
12.1092
12.115
12.1208
12.1266
12.1324
12.1382
12.144
12.1498
12.1556
12.1615
12.1673
12.1731
12.1789
12.1847
12.1905
12.1963
12.2021
12.2079
12.2137
12.2195
12.2253
12.2311
12.2369
12.2427
12.2485
12.2543
12.2601
12.2659
12.2717
12.2776
12.2834
12.2892
12.295
12.3008
12.3066
12.3124
12.3182
12.324
12.3298
12.3356
12.3414
12.3472
12.353
12.3588
12.3646
12.3704
12.3762
12.382
12.3878
12.3937
12.3995
12.4053
12.4111
12.4169
12.4227	395.407
12.4285	379.738
12.4343	381.497
12.4401	382.379
12.4459	372.783	429.95
12.4517	372.353	425.503
12.4575	371.923	423.542
12.4633	387.493	422.564
12.4691	391.317	416.265
12.4749	393.129	393.356
12.4807	398.617	399.308	515.452
12.4865	404.182	403.948	516.942
12.4923	412.913	404.649	519.937
12.4981	405.819	406.758	526.891
12.5039	409.351	409.351	559.836
12.5098	430.447	416.747	559.189
12.5156	451.065	439.746	562.429
12.5214	404.649	566.995
12.5272	400.232	568.307
12.533	400.463	564.381
12.5388	561.779
12.5446	560.483
12.5504	559.836
12.5562	560.483
12.562	559.189
12.5678	558.866
12.5736	558.221
12.5794	556.611
12.5852	554.045
12.591	551.809
12.5968	548.631
12.6026	545.156
12.6084	542.643
12.6142	542.643
12.62	541.078
12.6258	548.631
12.6317	554.045
12.6375	563.404
12.6433	558.544
12.6491	556.933
12.6549	569.621
12.6607	564.055
12.6665
12.6723
12.6781
12.6839
12.6897	434.444
12.6955	426.981
12.7013	423.053
12.7071	417.469
12.7129	424.767
12.7187	426.734
12.7245	432.691
12.7303	424.031
12.7361	428.215
12.742	429.95
12.7478	431.194
12.7536	430.199
12.7594	420.859
12.7652	422.808
12.771	416.987
12.7768	400.232
12.7826	405.585	442.805
12.7884	397.009	448.209
12.7942	395.635	446.916
12.8	400.001	469.135
12.8058	402.783	475.135
12.8116	474.586
12.8174	471.58
12.8232	453.941
12.829	460.809
12.8348	468.864
12.8406	469.406
12.8464	470.764
12.8522	457.362
12.858	454.465
12.8639	458.685
12.8697	450.545
12.8755	452.631
12.8813	452.893	581.59
12.8871	446.4	580.583
12.8929	464.015	580.919
12.8987	482.324	580.248
12.9045	482.324	578.575
12.9103	575.907
12.9161	570.939
12.9219	555.327
12.9277	544.842
12.9335	542.643
12.9393	539.829
12.9451	538.584
12.9509	538.895
12.9567	540.453
12.9625	542.643
12.9683	544.213
12.9741	544.213
12.98	543.27
12.9858	541.704
12.9916	542.016
12.9974	541.704	1082.78
13.0032	541.078	1080.91
13.009	540.141	1079.66
13.0148	539.829	1080.28
13.0206	538.273	1078.41
13.0264	535.791	1070.34
13.0322	532.397	1061.11
13.038	527.5	1056.22
13.0438	525.978	1053.17
13.0496	528.72	1055
13.0554	530.555	1061.72
13.0612	532.705	1064.79
13.067	532.09	1061.72
13.0728	525.068	1054.39	547.681
13.0786	513.668	1085.29	545.786
13.0844	526.891	1091.57	509.531
13.0902	514.559	1036.28	540.453
13.0961	511.595	1016.71	545.786
13.1019	512.483	540.141
13.1077	522.345	533.321
13.1135	543.898	546.102
13.1193	562.104	562.754
13.1251	541.391	561.779
13.1309	570.609
13.1367	566.014
13.1425	564.055
13.1483	566.668
13.1541	558.866
13.1599	556.29
13.1657	558.866
13.1715	555.969
13.1773	552.766
13.1831	547.365	435.449
13.1889	545.471	431.194
13.1947	544.527	429.206
13.2005	538.584	425.503
13.2063	532.705	425.995
13.2122	536.41	426.241
13.218	520.538	422.32
13.2238	517.839	423.053
13.2296	512.483	419.161
13.2354	514.262	425.995
13.2412	512.779	431.443	560.807	560.807
13.247	508.943	432.941	566.341	566.341
13.2528	515.154	436.456	570.609	570.609
13.2586	517.54	437.466	562.754	562.754
13.2644	523.856	421.102	559.512	525.978
13.2702	531.476	421.102	560.807	533.629
13.276	538.895	435.449	558.544	533.013
13.2818	553.725	409.824	560.483	533.629
13.2876	535.172	560.483	533.629
13.2934	534.246	560.483	533.013
13.2992	536.41	560.483	534.554
13.305	538.273	560.483	537.341
13.3108	540.141	560.483	539.829
13.3166	543.27	560.483	541.704
13.3224	546.733	543.898
13.3283	547.998	546.417
13.3341	548.948	550.854
13.3399	550.218
13.3457	552.128
13.3515	552.447
13.3573	550.854
13.3631	549.265
13.3689	545.786
13.3747	542.957
13.3805	536.41
13.3863	530.555
13.3921	530.249	1062.95
13.3979	528.414	1058.66
13.4037	527.5	1055.61
13.4095	527.195	1058.05
13.4153	522.044	1045.29
13.4211	514.856	1027.93
13.4269	510.71	1089.68
13.4327	510.415	1103.62
13.4385	510.71	1103.62
13.4444	512.779	1103.62
13.4502	505.427	1103.62
13.456	495.598	1103.62
13.4618	485.118	1099.17
13.4676	495.598	1099.17
13.4734	516.942	1090.31
13.4792	541.078	1079.04
13.485	545.786	1070.34	581.255
13.4908	1056.83	580.248
13.4966	1061.11	569.951
13.5024	1066.03	572.921
13.5082	1086.54	571.929
13.514	1083.41	565.687
13.5198	1075.92	560.807
13.5256	1074.06	558.221
13.5314	1075.3	552.447
13.5372	1069.11	549.9
13.543	1062.34	549.583
13.5488	1077.17	542.643	569.293
13.5546	1084.03	555.969	556.29
13.5605	1072.82	557.577	555.969
13.5663	1075.3	533.321	555.327
13.5721	1092.83	557.899	544.527
13.5779	1087.8	566.995	541.078
13.5837	1077.17	553.725	537.03
13.5895	1075.92	552.447	533.937
13.5953	1092.83	547.365	536.41
13.6011	1097.26	545.156	540.766
13.6069	1084.66	540.766	542.016
13.6127	1077.17	539.829	541.078
13.6185	1079.04	539.829	539.829
13.6243	1047.71	539.829	538.895
13.6301	1062.34	536.72	535.791
13.6359	1075.3	528.109	528.72
13.6417	1071.58	531.476	531.476
13.6475	1048.32	553.406	553.086	521.742
13.6533	1068.49	534.554	534.554
13.6591	1068.49	540.453	539.518
13.6649	1068.49	543.584	542.643
13.6707	1068.49	552.447	552.447
13.6766	554.045	554.045
13.6824	555.006	555.327
13.6882	555.648	555.648
13.694	555.327	555.327
13.6998	554.686	554.686
13.7056	554.686	554.686
13.7114	555.006	555.006
13.7172	554.365	554.365
13.723	553.725	553.725
13.7288	552.766	552.766
13.7346	551.491	551.172
13.7404	548.948	548.948
13.7462	543.584	543.584
13.752	536.101	536.101
13.7578	521.14	521.14
13.7636	514.559	514.559
13.7694	497.031
13.7752	493.028
13.781	476.509
13.7868	474.586
13.7927	478.44
13.7985	489.057
13.8043	500.199
13.8101	501.067
13.8159	499.045
13.8217	512.187
13.8275
13.8333	523.553
13.8391	542.957
13.8449	555.006
13.8507	551.172
13.8565	548.631
13.8623	545.786
13.8681	542.33
13.8739	539.829
13.8797	539.518
13.8855	535.172
13.8913	532.705
13.8971	532.705
13.9029	529.637
13.9088	505.719
13.9146	491.322
13.9204	475.135
13.9262	473.764	540.453
13.932	492.459	547.681
13.9378	553.725
13.9436	553.725
13.9494	553.406
13.9552	548.948
13.961	549.265
13.9668	536.101
13.9726	532.09
13.9784	531.169	491.039
13.9842	529.331	491.89
13.99	517.241	491.89
13.9958	515.749	513.668
14.0016	516.346	517.241
14.0074	527.5	504.261
14.0132	522.949	504.261
14.019	534.246	504.552
14.0249	523.251	506.011
14.0307	520.538	520.237
14.0365	521.742	521.742
14.0423	521.742	521.742
14.0481	519.637	519.037
14.0539	519.937	519.637	571.599
14.0597	517.54	517.54	575.575
14.0655	517.54	513.372	561.779
14.0713	517.54	514.856	564.707
14.0771	517.54	517.241	565.36
14.0829	517.54	516.346	562.104
14.0887	517.54	519.037	566.014
14.0945	566.995
14.1003	569.293
14.1061	555.648
14.1119	564.381
14.1177	569.621
14.1235	566.995
14.1293	556.611
14.1351	552.447
14.141	550.536
14.1468	546.102
14.1526	546.102
14.1584	548.315
14.1642	553.086
14.17	547.049
14.1758	545.156
14.1816	559.189
14.1874	557.577
14.1932	579.578
14.199	589.709
14.2048	573.252
14.2106	560.807	543.584
14.2164	541.391
14.2222	546.417
14.228	554.365
14.2338	544.842
14.2396	537.341
14.2454	537.651
14.2512	539.518
14.2571	541.704
14.2629	541.078	1081.53
14.2687	539.206	1074.68
14.2745	538.584	1072.2
14.2803	537.651	1070.96
14.2861	536.72	1070.96
14.2919	534.863	1071.58
14.2977	532.705	1071.58
14.3035	529.637	1066.64
14.3093	527.195	1058.05
14.3151	528.414	1051.35
14.3209	529.943	1055.61
14.3267	529.943	1060.5
14.3325	529.331	1064.79
14.3383	528.72	1064.79
14.3441	530.249	1063.57
14.3499	531.783	1062.34	1170.6
14.3557	532.09	1061.11	1171.95
14.3615	532.09	1061.72	1171.27
14.3673	531.169	1062.34	1168.57
14.3732	529.943	1065.41	1162.51
14.379	526.282	1058.66	1151.81
14.3848	527.805	1050.14	1149.16
14.3906	524.159	1046.5	1143.2
14.3964	526.282	1051.35	1148.49
14.4022	521.14	1052.56	1098.53
14.408	515.452	1034.48	1071.58
14.4138	511.005	1023.78	1068.49
14.4196	511.3	1024.97	1024.97	102.93
14.4254	515.154	1032.09	1032.09	102.871
14.4312	516.644	1032.09	1032.09	102.871
14.437	516.644	1082.16	1032.09	102.515
14.4428	516.346	102.16
14.4486	512.483	101.689
14.4544	506.304	101.396
14.4602	100.987
14.466	100.638
14.4718	98.3391
14.4776	98.3391
14.4834	100.521
14.4893	99.3095
14.4951	100.638
14.5009	102.219
14.5067	102.397
14.5125	103.169
14.5183	104.367
14.5241	107.301
14.5299	107.116
14.5357
14.5415
14.5473
14.5531
14.5589
14.5647
14.5705
14.5763
14.5821
14.5879
14.5937
14.5995
14.6054
14.6112
14.617
14.6228
14.6286
14.6344
14.6402
14.646
14.6518
14.6576
14.6634
14.6692
14.675
14.6808
14.6866
14.6924
14.6982
14.704
14.7098
14.7156
14.7215	259.069
14.7273	258.322
14.7331	257.577
14.7389	258.322
14.7447	261.022
14.7505	260.871
14.7563	259.969
14.7621	261.777
14.7679	263.75
14.7737	278.145
14.7795	280.565
14.7853	286.461
14.7911	294.174
14.7969	293.495
14.8027	293.326
14.8085	292.48
14.8143	294.004
14.8201	294.004
14.8259	294.004
14.8317	292.649
14.8376	290.627
14.8434	288.787
14.8492	288.953
14.855	291.468
14.8608	294.344
14.8666	297.249
14.8724	295.366
14.8782	297.077
14.884	297.592
14.8898	301.921
14.8956	304.9	326.407
14.9014	310.768	310.768
14.9072	319.32	309.156
14.913	323.217	307.553
14.9188	322.658	316.2
14.9246	336.943	320.429
14.9304	352.064	326.407
14.9362	352.064	340.268
14.942	346.415
14.9478	360.293
14.9537	365.745
14.9595	385.039
14.9653	407.463
14.9711	421.345
14.9769	418.193
14.9827	417.228
14.9885	417.228
14.9943	417.228	530.555
15.0001	417.228	525.371
15.0059	531.783
15.0117	526.586
15.0175	533.937
15.0233	537.03
15.0291	542.643
15.0349	546.417
15.0407	544.527
15.0465	544.842
15.0523	551.809
15.0581	552.447
15.0639	550.218
15.0697	552.128
15.0756	552.447
15.0814	553.725
15.0872	552.128
15.093	555.648
15.0988	559.836
15.1046	573.915
15.1104	579.244
15.1162	572.26
15.122	559.189	213.984
15.1278	547.681	214.603
15.1336	539.206	213.614
15.1394	535.791	213.737
15.1452	532.09	213.121
15.151	534.246	213.984
15.1568	535.791	214.231
15.1626	539.829	215.348
15.1684	547.049	215.099
15.1742	554.045	216.596
15.18	549.265	218.607
15.1859	542.016	218.986
15.1917	537.341	216.47
15.1975	533.937	215.971
15.2033	531.169	215.597
15.2091	532.397	215.722
15.2149	535.172	216.47
15.2207	534.554	214.975
15.2265	533.937	215.099
15.2323	531.476	215.971
15.2381	529.943	214.975
15.2439	531.783	214.603
15.2497	537.962	214.231
15.2555	533.937	213.861	1940.47
15.2613	537.341	213.244	1925.96
15.2671	538.273	211.648	1932.64
15.2729	519.937	212.261	1929.3
15.2787	519.037	211.893	1931.53
15.2845	511.005	214.851	1944.96
15.2903	498.469	1955.1
15.2961	495.598	1958.49
15.3019	1925.96	493.598
15.3078	1952.84	495.598
15.3136	1961.89	507.475
15.3194	1952.84	513.075
15.3252	1956.23	514.559
15.331	1956.23	509.237
15.3368	1964.15	508.649
15.3426	1938.23	513.075
15.3484	1959.62	528.72
15.3542	1912.65	533.321
15.36	1881.97	536.72
15.3658	1802.18	531.169
15.3716	1948.34	529.943
15.3774	1950.59	533.629
15.3832	540.766
15.389	545.156
15.3948	549.9
15.4006	555.006	601.405
15.4064	545.156	602.796
15.4122	522.044	624.775	624.775
15.418	511.891	624.775	624.775
15.4239	524.765	638.64	638.64
15.4297	514.856	641.228	641.228
15.4355	491.606	632.035	612.271
15.4413	514.262	613.333	609.448
15.4471	636.798	619.385
15.4529	616.886	618.313
15.4587	626.582	624.775
15.4645	628.031	634.229
15.4703	628.758	627.306
15.4761	610.858	612.271
15.4819	617.242	616.53
15.4877	625.497	627.669	541.391
15.4935	625.497	627.669	539.206
15.4993	638.64	638.64	535.482
15.5051	632.765	533.629
15.5109	646.061	532.705
15.5167	625.497	531.476	132.869
15.5225	616.174	523.251	131.875
15.5283	610.153	508.649	132.256
15.5341	497.606	132.715
15.54	491.89	133.561
15.5458	498.181	135.348
15.5516	497.031	134.802
15.5574	497.031	135.113
15.5632	497.031	133.484
15.569	497.606	135.113
15.5748	492.743	136.053
15.5806	495.884	134.258
15.5864	503.97	128.565
15.5922	507.475	129.46
15.598	508.943	128.491
15.6038	506.304	128.121
15.6096	512.483	128.565
15.6154	515.154	131.191
15.6212	518.438	131.875
15.627	537.651	137.396
15.6328	523.856	137.793
15.6386	516.346	134.568
15.6444	497.606	137.634
15.6502	136.368
15.6561	139.636
15.6619
15.6677
15.6735
15.6793
15.6851
15.6909
15.6967
15.7025
15.7083	662.691
15.7141	668.844
15.7199	671.942
15.7257	648.304
15.7315	658.494
15.7373	656.595	989.48
15.7431	655.08	986.056
15.7489	653.19	974.168
15.7547	649.804	975.857
15.7605	641.969	982.077
15.7663	636.431	980.944
15.7722	633.863	984.918
15.778	635.329	982.077
15.7838	632.4	977.55
15.7896	628.758	976.985
15.7954	634.962	979.245
15.8012	641.228	972.481
15.807	637.535	969.676
15.8128	625.859	959.647
15.8186	627.669	951.368
15.8244	636.798	962.422
15.8302	619.743	944.796
15.836	628.031	989.48
15.8418	632.4	984.349
15.8476	634.962	991.196
15.8534	635.696	995.212
15.8592	611.211	1012.61
15.865	632.035	1014.36
15.8708	631.67	1018.47
15.8766	640.487	1009.69
15.8824	646.061	1004.45
15.8883	652.06	1005.61
15.8941	680.142	998.09
15.8999	704.128	1011.44
15.9057	696.845	957.432
15.9115	706.98	972.481
15.9173	708.616	954.12
15.9231	669.617	1005.03
15.9289	1008.52
15.9347
15.9405
15.9463
15.9521
15.9579
15.9637	172.31
15.9695	174.917
15.9753	175.423
15.9811	178.592
15.9869	178.18
15.9927	178.283
15.9985	177.974
16.0044	176.032
16.0102	174.917
16.016	175.423
16.0218	175.423
16.0276	174.917
16.0334	175.322
16.0392	181.609
16.045	187.255	261.777
16.0508	179.523	266.199
16.0566	179.212	265.431
16.0624	179.212	271.322
16.0682	183.932	281.052
16.074	181.504	277.343
16.0798	180.355	275.109
16.0856	179.212	273.999
16.0914	179.212	269.603
16.0972	178.799	266.814
16.103	178.386	264.818
16.1088	175.727	265.584
16.1146	176.032	263.141
16.1205	263.445
16.1263	264.207
16.1321	265.584
16.1379	267.123
16.1437	267.586
16.1495	267.895
16.1553	268.515	547.681
16.1611	270.071	582.599
16.1669	269.915	580.919
16.1727	278.306	576.906
16.1785	284.153	576.573
16.1843	271.635	576.573
16.1901	260.871	580.248
16.1959	258.471	581.59
16.2017	259.219	579.913
16.2075	573.915
16.2133	562.754
16.2191	561.779
16.2249	562.104
16.2307	559.512
16.2366	559.836
16.2424	559.836
16.2482	561.779
16.254	560.807
16.2598	560.159
16.2656	559.512
16.2714	560.483
16.2772	555.327
16.283	550.536	536.41
16.2888	554.045	530.862
16.2946	546.733	538.895
16.3004	531.476	522.345
16.3062	527.195	514.262
16.312	538.584	507.182
16.3178	553.086	517.54
16.3236	518.438
16.3294
16.3352
16.341
16.3468
16.3527
16.3585
16.3643
16.3701
16.3759
16.3817
16.3875
16.3933
16.3991
16.4049
16.4107
16.4165
16.4223
16.4281
16.4339	533.013
16.4397	555.006
16.4455	555.327
16.4513	552.128
16.4571	549.9
16.4629	543.584
16.4688	538.895
16.4746	536.41
16.4804	537.03
16.4862	536.72
16.492	534.863	508.062
16.4978	532.705	503.388
16.5036	534.863	503.097
16.5094	535.791	498.757
16.5152	556.933	515.154
16.521	550.218	518.438
16.5268	551.809	514.559
16.5326	531.476	510.12
16.5384	536.101	527.195
16.5442
16.55
16.5558
16.5616
16.5674
16.5732
16.579
16.5849
16.5907
16.5965
16.6023
16.6081
16.6139
16.6197
16.6255
16.6313
16.6371
16.6429
16.6487
16.6545
16.6603
16.6661
16.6719	280.89
16.6777	280.08
16.6835	299.835
16.6893	300.182
16.6951	297.764	552.447
16.701	293.156	585.298
16.7068	290.124	600.711
16.7126	293.495	602.1
16.7184	298.281	602.448
16.7242	297.936	602.448
16.73	297.592	601.752
16.7358	295.878	587.669
16.7416	289.622	563.079
16.7474	286.295	558.544
16.7532	273.209	547.681
16.759	270.383	543.27
16.7648	269.292	537.651
16.7706	279.272	530.249
16.7764	279.272	528.109
16.7822	279.272	526.282
16.788	528.72
16.7938	523.856
16.7996	523.856
16.8054	523.856
16.8112	522.949
16.8171	524.461
16.8229	524.765
16.8287	522.044
16.8345	521.441
16.8403	524.765
16.8461	530.862
16.8519	533.013
16.8577	533.013
16.8635	533.013
16.8693	528.72
16.8751	526.282
16.8809	525.675
16.8867	524.461
16.8925	523.553
16.8983	509.826
16.9041	502.516
16.9099	502.807
16.9157	500.199
16.9215	501.357
16.9273	501.936
16.9332	498.757
16.939	498.757
16.9448	493.028
16.9506	492.743
16.9564	486.803
16.9622	486.521	424.521
16.968	488.493	427.474
16.9738	489.057	426.734
16.9796	487.365	427.968
16.9854	487.365	426.241
16.9912	502.516	425.749
16.997	487.365	426.734
17.0028	475.959	425.503
17.0086	426.241
17.0144	431.692
17.0202	420.616
17.026	416.506
17.0318	418.193
17.0376	416.025	293.495
17.0434	414.107	296.22
17.0493	429.95	296.049
17.0551	414.586	298.971
17.0609	422.076	301.921
17.0667	422.808	302.27
17.0725	416.987	298.971
17.0783	421.833	312.027
17.0841	407.934	306.312
17.0899	410.297	298.625
17.0957	405.351	294.174
17.1015	413.151	294.684
17.1073	403.482	297.42
17.1131	407.463	298.281
17.1189	414.346	298.625
17.1247	420.616	297.077
17.1305	411.96	297.077
17.1363	415.065	298.281
17.1421	409.351	296.905
17.1479	412.198	294.855
17.1537	406.054	294.855
17.1595	409.351	293.665
17.1654	406.054	292.987
17.1712	414.107	290.459
17.177	410.297	288.953
17.1828	415.065	286.957
17.1886	409.114	286.461
17.1944	414.825	285.47
17.2002	416.025	284.811
17.206	421.589	285.634
17.2118	416.506	284.811
17.2176	411.722	284.153
17.2234	411.246	286.461
17.2292	413.629	287.123
17.235	431.692	295.707
17.2408	414.825	295.878
17.2466	297.764
17.2524	296.391
17.2582	295.537
17.264	295.025	295.195
17.2698	294.855	296.049
17.2756	296.049	295.707
17.2815	295.025	295.195
17.2873	293.834	296.049
17.2931	295.025	295.025
17.2989	294.514	295.025	585.974
17.3047	292.48	295.195	597.596
17.3105	294.684	296.049	597.941
17.3163	294.684	296.049	597.251
17.3221	293.326	295.195	598.978
17.3279	295.366	296.22	592.783
17.3337	296.734	295.878	586.99
17.3395	297.936	296.049	584.284
17.3453	299.316	298.281	567.979
17.3511	301.05	301.05	570.939
17.3569	300.355	557.577
17.3627	300.009	562.104
17.3685	303.845	573.252
17.3743	297.42	579.913
17.3801	291.636	584.622
17.3859	289.622	561.455
17.3917	292.311	579.578
17.3976	300.529	583.947
17.4034	302.095	589.028
17.4092	302.095	579.578
17.415	303.319	573.252
17.4208	300.529	573.252
17.4266	299.489	572.921
17.4324	298.798	566.014
17.4382	298.108	569.621
17.444	298.625	571.929
17.4498	297.249	576.573
17.4556	296.22	580.583
17.4614	297.42	587.669
17.4672	297.936	576.24
17.473	296.905	585.298
17.4788	296.734	581.59
17.4846	298.798	581.255
17.4904	298.971	575.242	715.195
17.4962	298.108	570.939	708.616
17.502	298.453	577.573	702.503
17.5078	296.905	584.284	706.164
17.5137	297.077	586.651	709.435
17.5195	295.707	595.184	705.756
17.5253	296.391	592.44	704.942
17.5311	297.764	593.468	701.286
17.5369	298.108	589.028	709.025
17.5427	298.108	595.872	711.898
17.5485	298.108	590.05	712.721
17.5543	297.936	582.599	715.195
17.5601	297.077	590.05	726.017
17.5659	297.42	583.61	710.255
17.5717	297.077	586.651	702.908
17.5775	295.878	584.284	694.434
17.5833	296.049	590.732	687.251	415.785
17.5891	295.195	580.919	698.053	395.635
17.5949	294.684	594.497	706.98	417.228
17.6007	291.3	583.947	709.435	418.677
17.6065	290.627	580.919	710.255	413.39
17.6123	291.636	590.05	694.835	395.635
17.6181	291.973	592.44	691.631	401.854
17.6239	297.764	598.287	689.637	401.158
17.6297	298.453	597.941	696.442	401.622
17.6356	584.622	691.232	405.351
17.6414	608.393	711.487	404.883
17.6472	603.842	711.076	402.551
17.653	578.241	704.534	402.783
17.6588	696.442	401.622
17.6646	706.164	407.699
17.6704	699.264	398.387
17.6762	715.195	405.351
17.682	717.678	402.086
17.6878	730.645	390.188
17.6936	712.721	390.188
17.6994	703.721	391.317
17.7052	713.545	391.769
17.711	710.665	395.864
17.7168	718.508	398.617
17.7226	718.093	399.308
17.7284	711.076	398.387
17.7342	714.369	391.769	352.878
17.74	718.093	394.494	352.471
17.7458	713.545	398.157	353.899
17.7517	701.286	396.779	354.308
17.7575	685.269	395.178	359.669
17.7633	698.86	401.854	360.085
17.7691	688.841	393.584	355.743
17.7749	720.586	407.463	355.538
17.7807	712.309	407.463	358.425
17.7865	713.957	407.463	362.38
17.7923	719.338	422.076	359.877
17.7981	719.338	358.011	397.467
17.8039	719.338	358.839	399.539
17.8097	726.017	361.962	402.551
17.8155	709.845	363.009	407.228
17.8213	708.616	356.566	390.639
17.8271	704.942	356.36	396.55
17.8329	710.255	353.899	403.482
17.8387	710.255	365.111	401.854
17.8445	721.836	368.076	386.822
17.8503	716.436	368.927	376.897
17.8561	710.665	371.493	371.279
17.8619	709.025	377.115	372.138
17.8678	716.849	384.15	384.594
17.8736	713.957	389.963	391.317
17.8794	707.389	387.717	409.824
17.8852	706.98	405.819	406.054
17.891	706.164	388.838	407.934
17.8968	724.76	382.821	403.715
17.9026	714.369	392.902	393.811
17.9084	701.286	393.356	393.811
17.9142	702.097	390.865	398.387
17.92	711.076	397.927	397.927
17.9258	712.721	396.321	398.847
17.9316	709.025	395.407	400.232
17.9374	711.898	400.463	400.001
17.9432	702.503	403.482	401.854
17.949	706.164	401.854	402.086
17.9548	707.798	398.157	397.697
17.9606	732.758	395.407	394.266
17.9664	738.281	390.414	391.995
17.9722	716.436	392.675	393.129
17.9781	718.093	392.449	392.449
17.9839	736.577	391.543	391.543
17.9897	765.642	391.769
17.9955	776.779	397.697
18.0013	742.987	394.266
18.0071	780.827	395.178
18.0129	768.744	395.864
18.0187	398.387	957.432
18.0245	396.321	973.605
18.0303	397.238	982.077
18.0361	394.039	982.645
18.0419	394.039	980.944
18.0477	393.811	982.077
18.0535	394.039	981.51
18.0593	393.584	979.811
18.0651	395.864	985.487
18.0709	396.321	977.55
18.0767	397.927	979.245
18.0825	396.779	976.421
18.0883	394.266	975.294
18.0941	394.494	981.51
18.1	395.864	976.985
18.1058	396.321	962.979
18.1116	399.308	952.468
18.1174	396.779	955.775
18.1232	397.927	967.997
18.129	400.001	1006.78
18.1348	397.238	969.676
18.1406	394.722	976.421
18.1464	389.738	958.539
18.1522	383.485	974.168
18.158	379.299	975.294
18.1638	376.897	965.764
18.1696	374.51	971.358
18.1754	373.861	975.857
18.1812	374.294	1013.78
18.187	379.08	1003.87
18.1928	380.836	961.311
18.1986	385.261	964.092
18.2044	385.261	998.667
18.2102	395.635	1021.42
18.2161	390.414	988.908
18.2219	385.484	966.88
18.2277	369.781	941.528
18.2335	384.15	957.432
18.2393	369.994	960.201
18.2451	369.141	989.48
18.2509	374.294	1026.15
18.2567	1028.52
18.2625	1027.34
18.2683	1031.5
18.2741	1016.71
18.2799	1024.37
18.2857	1035.08
18.2915	1035.08
18.2973	1016.12
18.3031	1016.12
18.3089	1039.87
18.3147	1021.42
18.3205	1025.56
18.3263	1013.19
18.3322	1020.24
18.338	986.626
18.3438	982.077
18.3496	1021.42
18.3554	1012.02
18.3612	1014.95
18.367	1016.71
18.3728	1058.66
18.3786	1042.28
18.3844	1042.28
18.3902	1009.69
18.396	972.481
18.4018	943.161
18.4076	964.649
18.4134	969.676
18.4192	997.514
18.425	1030.9
18.4308	1044.09
18.4366	1000.98
18.4424	1023.78
18.4483	1035.08
18.4541	1048.92
18.4599	1064.79
18.4657	1024.37
18.4715	1010.85
18.4773	1019.65
18.4831	1000.4
18.4889	1036.28
18.4947
18.5005
18.5063
18.5121
18.5179
18.5237
18.5295	593.125
18.5353	585.636
18.5411	586.313
18.5469	586.99
18.5527	593.811
18.5585	591.415
18.5644	595.528	1739.78
18.5702	585.636	1732.76
18.576	577.24	1707.92
18.5818	567.651	1678.58
18.5876	560.483	1663.14
18.5934	557.899	1661.22
18.5992	559.512	1671.81
18.605	565.034	1692.21
18.6108	566.668	1701.03
18.6166	567.323	1703.98	701.692
18.6224	567.979	1702.01	703.721
18.6282	563.404	1684.41	701.692
18.634	564.381	1684.41	697.65
18.6398	566.668	1699.07	699.668
18.6456	566.341	1677.61	700.477
18.6514	567.323	1700.05	698.456
18.6572	565.687	1669.88	704.128
18.663	562.754	1672.77	706.98
18.6688	560.807	1657.39	709.435
18.6746	560.483	1690.26	697.247
18.6805	557.899	1674.71	690.833
18.6863	557.899	1661.22	678.965
18.6921	556.611	1673.74	676.225
18.6979	557.255	684.873
18.7037	554.686	670.391
18.7095	558.544	661.162
18.7153	560.483	653.568
18.7211	563.73	652.436
18.7269	568.307	655.08
18.7327	566.014	668.072
18.7385	571.269	673.107
18.7443	566.341	663.457
18.7501	566.014	670.004
18.7559	565.034	667.686
18.7617	562.104	680.535
18.7675	557.255	655.837
18.7733	550.854	663.457
18.7791	550.218	665.761
18.7849	561.131	656.216
18.7907	561.131	641.598
18.7966	604.19
18.8024
18.8082
18.814
18.8198
18.8256
18.8314
18.8372
18.843
18.8488
18.8546
18.8604
18.8662
18.872
18.8778
18.8836
18.8894
18.8952
18.901
18.9068
18.9127	400.695
18.9185	389.963
18.9243	396.779
18.9301	404.649
18.9359	404.182	577.907
18.9417	406.758	575.575
18.9475	409.351	573.583
18.9533	405.117	574.247
18.9591	415.545	579.244
18.9649	405.351	584.284
18.9707	405.117	600.711
18.9765	410.772	603.842
18.9823	405.585	612.271
18.9881	396.321	610.505
18.9939	397.697	604.54
18.9997	394.039	599.324
19.0055	391.317	584.622
19.0113	405.117	579.578
19.0171	393.129	576.24
19.0229	415.065	575.575
19.0288	415.065	574.91
19.0346	573.915
19.0404	567.651
19.0462	566.014
19.052	566.341
19.0578	566.341
19.0636	565.034
19.0694	562.754
19.0752	561.779
19.081	562.754
19.0868	565.034
19.0926	564.055
19.0984	562.104
19.1042	559.836
19.11	557.899
19.1158	556.933
19.1216	555.969
19.1274	555.327
19.1332	555.648
19.139	555.969
19.1449	555.648
19.1507	555.006
19.1565	555.648
19.1623	556.611
19.1681	556.29
19.1739	556.933
19.1797	557.255
19.1855	556.933
19.1913	556.611
19.1971	556.611
19.2029	556.611
19.2087	556.933
19.2145	558.544
19.2203	559.189
19.2261	558.544
19.2319	556.933
19.2377	557.899
19.2435	557.899
19.2493	555.969
19.2551	554.045
19.261	553.725
19.2668	551.172
19.2726	551.809
19.2784	553.086	1110.01
19.2842	551.491	1106.81
19.29	551.172	1106.17
19.2958	552.766	1105.53
19.3016	554.365	1108.09
19.3074	555.327	1108.73
19.3132	555.327	1108.09
19.319	554.045	1108.73
19.3248	551.491	1106.17
19.3306	548.948	1102.98
19.3364	547.049	1098.53
19.3422	544.213	1089.05
19.348	545.786	1089.05
19.3538	549.9	1097.9
19.3596	551.172	1101.07
19.3654	550.536	1101.07
19.3712	549.583	1099.17
19.3771	547.998	1094.1
19.3829	545.471	1087.8
19.3887	546.417	1086.54
19.3945	549.583	1094.73
19.4003	551.172	1101.07
19.4061	550.218	1102.34
19.4119	547.681	1099.17
19.4177	544.213	1092.2	261.022
19.4235	540.453	1082.16	259.969
19.4293	538.895	1078.41	261.928
19.4351	538.584	1079.04	259.668
19.4409	538.584	1077.79	260.119
19.4467	538.895	1077.79	261.323
19.4525	539.206	1078.41	260.72
19.4583	539.206	1079.04	259.969
19.4641	537.03	1077.79	259.969
19.4699	533.013	1066.64	261.173
19.4757	525.068	1062.34	259.818	658.114
19.4815	521.14	1059.89	255.355	640.857
19.4873	521.14	1063.57	246.514	628.394
19.4932	501.357	1056.22	254.913	644.198
19.499	503.97	1055	260.72	644.57
19.5048	508.649	1069.73	255.65	639.379
19.5106	511.891	1087.8	263.902	638.271
19.5164	540.766	263.598	639.748
19.5222	525.068	640.117	275.586
19.528	533.321	636.431	278.627
19.5338	628.758	277.663
19.5396	630.576	275.586
19.5454	631.67	264.36
19.5512	623.693	274.633
19.557	616.53	281.214
19.5628	621.177	277.824
19.5686	633.497	275.109
19.5744	625.136	276.064
19.5802	626.22	279.272
19.586	632.765	281.702
19.5918	612.625	279.756
19.5976	591.415	280.403
19.6034	583.61	283.661
19.6093	285.634
19.6151	278.949
19.6209	285.8
19.6267	276.543
19.6325	278.466
19.6383	280.565
19.6441	279.756
19.6499	271.635
19.6557	269.292
19.6615	263.598
19.6673	260.269
19.6731	258.322
19.6789	256.982
19.6847	255.502
19.6905	259.369
19.6963	260.72
19.7021	266.045
19.7079	260.269
19.7137	271.008
19.7195	275.268
19.7254	278.466
19.7312	278.949
19.737	280.727
19.7428	284.482
19.7486	285.965
19.7544	284.811	549.583
19.7602	283.334	548.315
19.766	280.89	543.898
19.7718	279.433	542.957
19.7776	276.863	539.206
19.7834	276.383	529.637	132.562
19.7892	263.902	525.068	131.799
19.795	261.928	520.839	130.285
19.8008	262.534	520.538	130.436
19.8066	264.971	521.441	130.21
19.8124	264.36	522.345	130.134
19.8182	525.371	131.04
19.824	526.586	131.723
19.8298	528.414	132.104
19.8356	531.783	132.562
19.8415	532.705	132.946
19.8473	530.249	130.586
19.8531	523.251	128.788
19.8589	517.839	125.484
19.8647	515.154	129.012
19.8705	513.668	129.012
19.8763	506.304	129.012
19.8821	505.427	129.012
19.8879	499.045	131.191
19.8937	496.171	131.191
19.8995	498.181
19.9053	495.598
19.9111	491.606
19.9169	499.911
19.9227	496.744
19.9285	493.598
19.9343	497.319
19.9401	496.171
19.9459	491.89
19.9517	493.028
19.9576
19.9634
19.9692
19.975
19.9808
19.9866
19.9924
19.9982
20.004
20.0098
20.0156
20.0214
20.0272
20.033
20.0388
20.0446
20.0504
20.0562
20.062
20.0678
20.0737
20.0795
20.0853
20.0911	566.668
20.0969	564.707
20.1027	559.189
20.1085	552.128
20.1143	544.527
20.1201	540.141
20.1259	546.102
20.1317	545.156
20.1375	544.527
20.1433	534.863
20.1491	537.341
20.1549	534.246
20.1607	535.791
20.1665	532.705
20.1723	529.025
20.1781	529.637
20.1839	530.555
20.1898	530.555
20.1956	525.068
20.2014	522.949	600.711
20.2072	524.159	596.906
20.213	524.765	594.154
20.2188	528.109	576.906	291.131
20.2246	534.246	555.006	294.514
20.2304	523.251	576.24	290.124
20.2362	520.538	603.842	297.936
20.242	518.737	611.564	288.12
20.2478	518.138	575.907	287.123
20.2536	518.438	575.907	286.461
20.2594	516.346	571.599	285.305
20.2652	515.749	572.59	284.975
20.271	513.372	568.964	284.646
20.2768	509.826	576.573	285.8
20.2826	513.372	577.573	284.811
20.2884	513.075	575.242	282.191
20.2942	506.596	575.242	286.626
20.3	510.415	575.242	286.626
20.3058	502.226	561.455	286.626
20.3117	500.778	286.13
20.3175	501.067	295.366
20.3233	506.011	280.403
20.3291	506.011	284.646
20.3349	508.649	284.482
20.3407	510.12	283.825
20.3465	508.649	284.975
20.3523	504.261	283.498
20.3581	502.516	283.334
20.3639	501.646	279.595
20.3697	501.936	264.818
20.3755	503.097	278.788	193.746
20.3813	503.388	278.949	200.232
20.3871	500.488	275.905	198.275
20.3929	501.067	275.268	199.078
20.3987	499.622	277.343	199.885
20.4045	492.175	272.893	196.678
20.4103	489.623	272.421	195.207
20.4161	493.313	270.383	196.792
20.4219	491.322	271.792	197.019
20.4278	502.226	267.586	196.792
20.4336	269.759	197.019
20.4394	264.818	195.545
20.4452	271.322	196.906
20.451	268.05	192.408
20.4568	266.66	192.965
20.4626	268.36	192.075
20.4684	261.626	190.528
20.4742	264.971	200.927
20.48	277.824	202.208
20.4858	275.427	200.347	1184.88
20.4916	269.759	189.759	1165.87
20.4974	265.278	191.742	1149.82
20.5032	268.05	191.853	1128.76
20.509	260.72	199.654	1121.61
20.5148	201.159	1115.15	372.568
20.5206	199.309	1102.34	370.422
20.5264	198.734	1086.54	363.218
20.5322	197.589	1075.3	356.772
20.538	188.014	1069.73	349.027
20.5439	188.775	1039.87	344.818
20.5497	188.775	1045.29	339.482
20.5555	180.042	1006.19	337.722
20.5613	180.042	1000.4	332.496
20.5671	180.042	993.489	329.628
20.5729	986.056	325.089
20.5787	967.439	319.689
20.5845	960.756	318.032
20.5903	967.439	316.748
20.5961	976.421	319.505
20.6019	975.857	324.527
20.6077	976.985	325.089
20.6135	976.421	324.714
20.6193	986.626	314.924
20.6251	987.196	310.409
20.6309	972.481	328.487
20.6367	978.68	323.404
20.6425	982.645	308.443
20.6483	996.938
20.6542	1000.4
20.66
20.6658
20.6716
20.6774
20.6832
20.689
20.6948
20.7006
20.7064
20.7122
20.718
20.7238
20.7296
20.7354
20.7412
20.747
20.7528
20.7586
20.7644
20.7702
20.7761
20.7819
20.7877
20.7935
20.7993
20.8051
20.8109
20.8167
20.8225
20.8283
20.8341
20.8399
20.8457
20.8515
20.8573	1330.75
20.8631	1334.6
20.8689	1337.69
20.8747	1357.93
20.8805	1368.16
20.8863	1363.43
20.8922	1346.21
20.898	1335.37
20.9038	1340.78
20.9096	1352.45
20.9154	1368.16
20.9212	1376.89	592.44
20.927	1391.28	589.369
20.9328	1379.27	589.028
20.9386	1359.5	595.528
20.9444	1376.89	600.364
20.9502	1384.86	601.405
20.956	1384.86	601.752
20.9618	1309.4	601.752
20.9676	1307.14	601.058
20.9734	1302.61	599.671
20.9792	603.144
20.985	601.405
20.9908	588.008
20.9966	586.651
21.0024	585.298
21.0083	585.636
21.0141	585.636
21.0199	588.008
21.0257	592.44
21.0315	591.073
21.0373	590.732
21.0431	590.391	362.171
21.0489	612.625	360.709
21.0547	612.625	364.901
21.0605	597.251	365.111
21.0663	365.533
21.0721	365.745
21.0779	365.956
21.0837	365.533
21.0895	367.014
21.0953	371.493
21.1011	374.51
21.1069	377.333
21.1127	379.738
21.1185	382.821
21.1244	377.115
21.1302	372.353
21.136	372.353
21.1418	371.279	566.668
21.1476	383.042	559.836
21.1534	374.51	557.577
21.1592	556.29
21.165	555.648
21.1708	555.327
21.1766	555.327
21.1824	555.327
21.1882	555.969
21.194	555.969
21.1998	553.086
21.2056	551.809
21.2114	550.536
21.2172	548.948
21.223	558.221
21.2288	565.36
21.2346	564.055
21.2405	563.404
21.2463	557.899
21.2521	556.611
21.2579	557.577
21.2637	538.584
21.2695	540.766
21.2753	538.895
21.2811	529.943
21.2869	520.538
21.2927	516.942
21.2985	526.891
21.3043	519.337
21.3101	519.037
21.3159	521.742
21.3217	517.54
21.3275	515.749
21.3333	516.644
21.3391	521.441
21.3449	526.891
21.3507	512.483
21.3566	525.978
21.3624	513.075
21.3682	513.668
21.374	513.075
21.3798	521.14
21.3856	545.471
21.3914	555.969
21.3972	557.577	589.709
21.403	564.055	556.933
21.4088	567.651	561.131
21.4146	566.995	564.055
21.4204	550.536	573.583
21.4262	547.681	574.247
21.432	530.249	574.247	1446.17
21.4378	513.668	569.621	1479.98
21.4436	498.181	561.455	1479.98
21.4494	498.181	542.016	1479.98
21.4552	532.09	535.172	1480.83
21.461	539.829	528.414	1479.98
21.4668	516.942	1486.83
21.4727	507.182	1492.86
21.4785	511.891	1502.37
21.4843	517.241	1498.04
21.4901	520.237	1479.12
21.4959	538.273	1483.4
21.5017	534.863	1480.83
21.5075	537.03	1488.55
21.5133	540.453	1489.41	1153.81
21.5191	554.045	1485.12	1115.15
21.5249	552.447	1477.42	1106.81
21.5307	554.686	1470.6	1110.65
21.5365	555.648	1462.13	1113.87	308.265
21.5423	550.536	1456.23	1112.58	306.489
21.5481	549.9	1452.03	1108.73	304.724
21.5539	545.471	1454.55	1092.83	303.319
21.5597	540.453	1463.82	1076.55	302.27
21.5655	532.09	1058.05	300.876
21.5713	522.647	1043.48	300.009
21.5771	521.441	1042.28	298.971
21.5829	521.742	1042.28	298.798
21.5888	552.766	1079.66	298.453
21.5946	539.518	1063.57	297.592
21.6004	531.476	1058.05	299.316
21.6062	521.742	1039.27	296.734
21.612	1026.74	297.077
21.6178	988.337	295.878
21.6236	1000.4	296.734
21.6294	1022.01	297.077
21.6352	1035.68	300.529
21.641	300.182
21.6468	301.921	454.203
21.6526	301.572	449.245
21.6584	300.009	449.245
21.6642	303.67	448.467
21.67	293.834	450.805
21.6758	290.627	453.416
21.6816	288.12	454.203
21.6874	286.295	456.043
21.6932	285.965	459.215
21.699	287.455	462.676
21.7049	280.565	466.703
21.7107	278.466	475.959
21.7165	282.354	479.546
21.7223	277.023	485.96
21.7281	276.064	485.96
21.7339	277.503	484.278	551.172
21.7397	279.272	485.96	554.365
21.7455	282.028	472.398	559.189
21.7513	287.621	462.409	564.707
21.7571	283.498	473.491	570.28
21.7629	289.287	464.283	576.573
21.7687	291.973	457.891	581.255
21.7745	292.142	457.891	582.936
21.7803	294.514	462.676	584.284
21.7861	294.004	480.378	581.59
21.7919	293.495	486.803	580.583
21.7977	289.455	499.333	579.913
21.8035	290.124	574.91
21.8093	283.334	572.921
21.8151	569.951
21.821	570.939
21.8268	583.273
21.8326	586.313
21.8384	579.578
21.8442	571.929
21.85	573.583
21.8558	575.242
21.8616	579.913
21.8674	581.255
21.8732	583.947
21.879	594.154
21.8848	590.732
21.8906	584.284
21.8964	584.622
21.9022	585.298
21.908	583.947
21.9138	576.906	1739.78
21.9196	579.913	1631.74
21.9254	594.497	1637.4
21.9312	595.528	1644.04
21.9371	593.811	1640.24
21.9429	592.098	1697.1
21.9487	589.369	1599.08
21.9545	596.561	1551.76
21.9603	594.841	1527.75
21.9661	586.313	1524.22
21.9719	586.99	1520.71
21.9777	576.24	1521.59
21.9835	558.221	1518.07
21.9893	563.73	1508.46	126.284
21.9951	564.381	1508.46	126.43
22.0009	575.575	1517.2	126.649
22.0067	575.575	1522.46	127.162
22.0125	589.709	1531.28	128.269
22.0183	1531.28	128.788
22.0241	1531.28	128.937
22.0299	1506.72	126.722
22.0357	1516.32	125.629
22.0415	1507.59	126.284
22.0473	1506.72	126.576
22.0532	1512.82	125.992
22.059	1507.59	125.992
22.0648	1515.45	127.162
22.0706	127.162	535.482
22.0764	128.491	535.791
22.0822	126.796	537.651
22.088	127.015	538.584
22.0938	126.284	541.704
22.0996	126.503	543.584
22.1054	126.503	539.829
22.1112	125.267	536.41
22.117	122.547	534.554
22.1228	127.236	536.101
22.1286	127.53	536.41
22.1344	127.677	530.555
22.1402	531.783
22.146	541.391
22.1518	535.482
22.1576	542.643
22.1634	565.36
22.1693	563.73
22.1751	552.766	422.808
22.1809	545.786	413.39
22.1867	547.365	427.474
22.1925	547.365	430.945
22.1983	557.577	436.204
22.2041	565.687	454.203	1402.57
22.2099	566.668	473.491	1425.44
22.2157	584.622	477.336	1422.97
22.2215	573.915	487.647	1393.69
22.2273	477.887	1412.33
22.2331	477.06	1418.87
22.2389	477.336	1413.14
22.2447	478.44	1418.87
22.2505	476.509	1418.87
22.2563	480.656	1415.6
22.2621	475.135	1415.6
22.2679	474.312	1415.6
22.2737	472.398	1409.88
22.2795	469.135	1405.82	502.516
22.2854	461.875	1397.72	513.668
22.2912	460.809	1336.14	528.72
22.297	460.809	1306.38	521.742
22.3028	468.052	1276.54	520.839
22.3086	468.052	1292.87	521.14
22.3144	1321.56	531.783
22.3202	536.72
22.326	540.141
22.3318	546.733
22.3376	546.417
22.3434	554.365
22.3492	560.483
22.355	570.609
22.3608	577.24
22.3666	580.583
22.3724	580.248
22.3782	578.909
22.384	580.248
22.3898	579.913
22.3956	576.906
22.4015	579.578
22.4073	573.915
22.4131	567.979
22.4189	562.429
22.4247	540.141
22.4305	560.159	427.968
22.4363	578.909	430.447
22.4421	582.599	430.696
22.4479	427.721
22.4537	422.808
22.4595	424.521
22.4653	428.958
22.4711	431.942
22.4769	434.695
22.4827	439.238
22.4885	444.856
22.4943	445.113	495.312	495.312
22.5001	441.783	497.319	497.319
22.5059	436.961	513.372	513.372
22.5117	436.708	514.559	517.54
22.5176	442.293	523.251	545.786
22.5234	444.856	531.783	548.948
22.5292	443.316	522.345	555.648
22.535	444.342	501.936	573.583
22.5408	444.856	497.606	571.269
22.5466	438.224	497.319	564.055
22.5524	439.746	493.028	561.131
22.5582	434.946	493.883	561.779
22.564	435.197	486.803	554.686
22.5698	432.191	489.34	549.583
22.5756	428.71	483.44	552.447
22.5814	427.968	483.44	549.265
22.5872	425.749	483.44	556.29
22.593	423.786	514.262	562.104
22.5988	424.276	563.404	511.891
22.6046	425.503	564.707	508.355
22.6104	436.961	563.079	524.765
22.6162	436.961	562.104	522.949
22.622	568.307	510.12
22.6278	563.73	504.261
22.6336	561.779	513.075
22.6395	561.131	517.241
22.6453	547.049	504.844	1017.89
22.6511	559.836	513.075	1042.88
22.6569	564.055	507.475	1058.66
22.6627	555.969	502.226	1051.96
22.6685	554.045	506.889	1042.28
22.6743	556.611	518.737	1041.08
22.6801	564.055	518.138	1040.47
22.6859	558.221	518.138	1040.47
22.6917	576.906	519.037	1038.07
22.6975	579.578	518.138	1034.48
22.7033	583.947	517.839	1030.9
22.7091	583.947	516.942	1035.08
22.7149	609.096	516.644	1036.88
22.7207	633.497	515.749	1036.88
22.7265	513.965	1032.69
22.7323	512.483	1027.34
22.7381	511.891	1026.74
22.7439	511.891	1026.74	128.417
22.7498	511.891	1025.56	127.825
22.7556	511.891	1021.42	127.604
22.7614	515.452	1017.89	127.089
22.7672	511.3	1014.36	126.649
22.773	508.943	1012.61	126.503
22.7788	503.679	1009.69	126.284
22.7846	505.135	1005.03	125.702
22.7904	500.778	1002.13	125.774
22.7962	500.488	1003.87	125.339
22.802	1003.29	125.339
22.8078	1000.4	125.267
22.8136	998.667	124.761
22.8194	995.212	124.617	873.921
22.8252	990.052	123.899	866.883
22.831	989.48	123.542	861.89
22.8368	988.337	130.21	849.043
22.8426	982.077	130.134	843.665
22.8484	973.605	121.56	849.533
22.8542	969.117	121.28	850.515
22.86	961.311	838.321
22.8659	937.728	808.363
22.8717	911.033	798.156
22.8775	893.316	794.017
22.8833	891.254	757.285
22.8891	887.145	740.844
22.8949	893.316	749.02
22.9007	909.456	756.411
22.9065	943.706	741.701
22.9123	1049.53	744.276
22.9181	1012.02	722.253
22.9239	1009.69	722.253
22.9297	1017.3
22.9355	1044.69
22.9413	988.337
22.9471	1012.02
22.9529	1027.93
22.9587	1014.36
22.9645	1028.52
22.9703	988.337
22.9761
22.9819
22.9878
22.9936
22.9994
23.0052
23.011
23.0168
23.0226
23.0284
23.0342
23.04
23.0458
23.0516
23.0574
23.0632
23.069
23.0748
23.0806
23.0864
23.0922
23.098
23.1039
23.1097
23.1155
23.1213
23.1271
23.1329
23.1387
23.1445
23.1503
23.1561
23.1619
23.1677
23.1735
23.1793
23.1851
23.1909
23.1967
23.2025
23.2083
23.2141
23.22
23.2258
23.2316
23.2374
23.2432
23.249
23.2548
23.2606
23.2664
23.2722
23.278
23.2838
23.2896
23.2954
23.3012
23.307
23.3128
23.3186
23.3244
23.3302
23.3361
23.3419
23.3477
23.3535
23.3593
23.3651
23.3709
23.3767
23.3825
23.3883
23.3941
23.3999
23.4057
23.4115
23.4173
23.4231
23.4289
23.4347
23.4405
23.4463
23.4522
23.458
23.4638
23.4696
23.4754
23.4812
23.487
23.4928
23.4986
23.5044
23.5102
23.516
23.5218
23.5276
23.5334
23.5392
23.545
23.5508
23.5566
23.5624
23.5683
23.5741
23.5799
23.5857
23.5915
23.5973
23.6031
23.6089
23.6147
23.6205
23.6263
23.6321
23.6379
23.6437
23.6495
23.6553
23.6611
23.6669
23.6727
23.6785
23.6844
23.6902
23.696
23.7018
23.7076
23.7134
23.7192
23.725
23.7308
23.7366
23.7424
23.7482
23.754
23.7598
23.7656
23.7714
23.7772
23.783
23.7888
23.7946
23.8005
23.8063
23.8121
23.8179
23.8237
23.8295
23.8353
23.8411
23.8469
23.8527
23.8585
23.8643
23.8701
23.8759
23.8817
23.8875
23.8933
23.8991
23.9049
23.9107
23.9166
23.9224
23.9282
23.934
23.9398
23.9456
23.9514
23.9572
23.963
23.9688	360.918
23.9746	364.269
23.9804	364.269
23.9862	364.901
23.992	365.322
23.9978	364.69
24.0036	367.651	367.651
24.0094	373.43	373.43
24.0152	378.205	378.205
24.021	381.497	381.497
24.0268	374.726	384.372	830.13
24.0327	364.058	399.078	843.665
24.0385	357.804	402.318	820.595
24.0443	359.669	403.948	815.869
24.0501	364.901	408.17	823.444
24.0559	368.076	415.305	841.232
24.0617	368.501	415.545	833.493
24.0675	383.264	419.161	843.665
24.0733	362.171	418.435	847.083
24.0791	416.025	843.665
24.0849	412.198	820.121
24.0907	412.198	818.701
24.0965	414.586	830.609
24.1023	416.506	839.775
24.1081	419.161	837.837
24.1139	420.859	836.87
24.1197	421.102	841.718
24.1255	420.13	842.204	874.426
24.1313	420.13	846.105	902.652
24.1371	422.808	851.99	899.529
24.1429	421.589	858.412	906.833
24.1488	430.447	862.886	902.131
24.1546	432.691	863.884	906.309
24.1604	434.193	856.926	914.196
24.1662	439.238	855.442	913.668
24.172	442.805	885.098	917.9
24.1778	444.342	874.426	911.559	1366.59
24.1836	439.238	846.594	907.881	1359.5
24.1894	444.342	845.617	909.456	1354.8
24.1952	445.113	908.931	1357.93
24.201	445.627	902.131	1356.36
24.2068	447.433	905.263	1350.11
24.2126	453.678	901.61	1354.01
24.2184	462.142	886.633	1357.15
24.2242	442.805	893.832	1357.15
24.23	430.696	900.049	1358.71
24.2358	433.942	907.357	1366.59
24.2416	429.206	905.263	1368.96
24.2474	430.447	916.311	1365.8
24.2532	917.9	1361.86	434.193
24.259	906.833	1362.64	436.456
24.2649	908.406	1365.8	444.085
24.2707	928.029	1361.07	447.95
24.2765	914.196	1362.64	450.284
24.2823	910.507	1361.86	450.024
24.2881	913.141	1365.01	450.284
24.2939	914.724	1348.55	453.941
24.2997	914.196	459.215
24.3055	910.507	465.626
24.3113	923.217	462.142
24.3171	921.087	457.362
24.3229	931.251	458.685
24.3287	916.84	450.545
24.3345	912.086	447.174
24.3403	912.086	443.829
24.3461	895.899	439.238
24.3519	903.174	434.946
24.3577	914.724	430.696
24.3635	918.961	435.952
24.3693	914.196	436.204
24.3751	914.196	438.985
24.381	435.449
24.3868	431.443
24.3926	427.227
24.3984	428.215
24.4042	429.206
24.41	431.194
24.4158	429.206
24.4216	436.204
24.4274	438.478
24.4332	435.701
24.439	436.708
24.4448	433.942
24.4506	424.521
24.4564	425.258
24.4622	431.194
24.468	418.193
24.4738	418.677
24.4796	429.454
24.4854	435.701
24.4912
24.4971
24.5029
24.5087
24.5145	1070.96
24.5203	1074.68
24.5261	1080.91
24.5319	1057.44
24.5377	1048.92
24.5435	1016.12
24.5493	1020.83	1089.05
24.5551	1022.6	1081.53
24.5609	1022.6	1080.28
24.5667	1013.19	1060.5
24.5725	970.237	1061.11
24.5783	951.368	1058.05
24.5841	950.269	1053.78
24.5899	942.616	1048.92
24.5957	950.269	1051.35
24.6015	949.721	1058.66
24.6073	949.721	1072.82
24.6132	966.88	1071.58
24.619	966.88	1081.53
24.6248	951.918	1087.17
24.6306	924.284	1083.41
24.6364	1101.71
24.6422	1104.26
24.648	1101.07
24.6538	1097.9
24.6596	1091.57
24.6654	1092.2
24.6712	1085.29
24.677	1081.53
24.6828	1094.1
24.6886	1094.1
24.6944	1093.47
24.7002	1109.37
24.706	1042.88
24.7118	1073.44
24.7176
24.7234
24.7293
24.7351
24.7409
24.7467
24.7525
24.7583
24.7641
24.7699
24.7757
24.7815
24.7873
24.7931
24.7989
24.8047
24.8105
24.8163
24.8221
24.8279
24.8337
24.8395
24.8454
24.8512
24.857
24.8628
24.8686
24.8744
24.8802
24.886
24.8918
24.8976
24.9034
24.9092
24.915
24.9208
24.9266
24.9324
24.9382
24.944
24.9498
24.9556
24.9615
24.9673
24.9731
24.9789
24.9847
24.9905
24.9963
25.0021
25.0079
25.0137
25.0195
25.0253
25.0311
25.0369
25.0427
25.0485
25.0543
25.0601
25.0659
25.0717
25.0776
25.0834
25.0892
25.095
25.1008
25.1066
25.1124
25.1182
25.124
25.1298
25.1356
25.1414
25.1472
25.153
25.1588
25.1646
25.1704
25.1762
25.182
25.1878
25.1937
25.1995
25.2053
25.2111
25.2169
25.2227
25.2285
25.2343
25.2401
25.2459
25.2517
25.2575
25.2633
25.2691
25.2749
25.2807
25.2865
25.2923
25.2981
25.3039
25.3097
25.3156
25.3214
25.3272
25.333
25.3388
25.3446
25.3504
25.3562
25.362
25.3678
25.3736
25.3794
25.3852
25.391
25.3968
25.4026
25.4084
25.4142
25.42
25.4258
25.4317
25.4375
25.4433
25.4491
25.4549
25.4607	231.739
25.4665	233.217
25.4723	235.79
25.4781	237.842
25.4839	236.745
25.4897	233.486
25.4955	235.926
25.5013	239.22
25.5071	237.019
25.5129	237.019	1392.08
25.5187	238.944	1413.96
25.5245	238.806	1435.36	479.546
25.5303	231.873	1474.86	489.623
25.5361	230.139	1498.9	500.778	1002.71
25.542	231.606	1511.95	505.427	1013.78
25.5478	230.006	1460.45	509.826	1020.83
25.5536	231.873	1442	519.037	1030.9
25.5594	231.873	1439.51	528.414	1057.44
25.5652	237.979	1442	533.937	1067.87
25.571	237.979	1489.41	534.863	1071.58
25.5768	237.979	1382.46	534.246	1069.73
25.5826	249.378	1444.51	532.09	1062.34	489.34
25.5884	257.875	1458.76	529.637	1055.61	494.454
25.5942	1458.76	535.482	1058.05	495.598
25.6	1380.87	534.554	1068.49	494.74
25.6058	1453.71	543.584	1070.34	495.026
25.6116	1450.36	513.668	1057.44	496.457
25.6174	1437.85	504.552	1046.5	501.646
25.6232	1410.7	505.427	1022.01	503.679	578.575
25.629	518.438	1063.57	506.304	578.575
25.6348	518.438	1043.48	486.521	564.055
25.6406	535.791	1019.65	484.278	602.1
25.6464	1020.83	481.489	565.034
25.6522	472.125	564.381
25.658	503.097	563.079
25.6639	498.469	562.104
25.6697	474.586	557.899
25.6755	473.218	558.866
25.6813	477.611	561.455
25.6871	480.378	564.381
25.6929	474.312	564.707
25.6987	469.677	563.404
25.7045	479.546	563.73
25.7103	480.378	564.055
25.7161	480.933	561.779
25.7219	477.887	560.159	1141.22
25.7277	479.269	559.189	1143.86
25.7335	493.883	563.73	1143.86
25.7393	493.883	563.73	1137.93
25.7451	482.046	562.754	1130.72
25.7509	477.06	563.73	1125.51
25.7567	480.933	564.381	1155.15
25.7625	484.838	565.36	1127.46
25.7683	488.211	565.034	1125.51
25.7741	484.278	564.381	1128.11
25.78	475.684	563.73	1128.11
25.7858	485.399	563.404	1127.46
25.7916	562.429	1124.86
25.7974	560.807	1123.56
25.8032	559.189	1119.03
25.809	557.899	1120.97
25.8148	555.006	1122.26
25.8206	553.406	1121.61
25.8264	551.491	1124.86
25.8322	552.128	1143.86
25.838	560.159	1144.52
25.8438	562.104	1155.15
25.8496	560.159	1169.24
25.8554	556.611	1176.02
25.8612	558.544
25.867	558.866
25.8728	556.933
25.8786	536.101
25.8844	537.651
25.8902	537.651
25.8961
25.9019	546.102
25.9077	554.365
25.9135	559.836
25.9193	563.73
25.9251	561.131
25.9309	564.707
25.9367	562.429	1600
25.9425	554.365	1593.55
25.9483	546.102	1593.55
25.9541	545.156	1608.34
25.9599	541.704	1611.13
25.9657	541.704	1612.06
25.9715	542.957	1613.93
25.9773	543.584	1614.86
25.9831	543.898	1616.73
25.9889	544.213	1617.66
25.9947	547.365	1618.59
26.0005	549.9	1617.66
26.0063	553.406	1619.53
26.0122	557.577	1627.03
26.018	558.544	1640.24
26.0238	560.483	1606.49
26.0296	547.365	1644.99
26.0354	545.786
26.0412	548.948
26.047	546.102
26.0528	542.016
26.0586	547.998
26.0644	543.898	1082.16
26.0702	531.476	1059.89
26.076	516.346	1055
26.0818	516.942	1051.35
26.0876	504.844	1041.68
26.0934	513.372	1031.5
26.0992	1016.12
26.105	1026.74
26.1108	1050.74
26.1166	1021.42
26.1224	999.821
26.1283	988.337
26.1341	994.637
26.1399	995.787
26.1457	1007.94
26.1515	1017.89
26.1573	1027.93
26.1631	1046.5
26.1689	1038.07
26.1747	1014.36
26.1805	1012.61
26.1863	1005.03	410.297
26.1921	1008.52	405.351
26.1979	1002.13	404.415
26.2037	1002.71	404.415
26.2095	1005.03	405.819
26.2153	1003.29	405.351	492.175
26.2211	1000.4	409.587	492.743
26.2269	1011.44	411.246	496.457
26.2327	1006.78	426.981	498.469
26.2385	1014.95	432.191	519.937
26.2444	1022.6	423.297	525.978
26.2502	1033.29	409.587	542.33
26.256	1030.9	405.117	548.631
26.2618	1010.27	413.629	551.172
26.2676	998.667	429.702	551.491
26.2734	1003.29	551.172
26.2792	997.514	552.447
26.285	1037.47	552.128	566.668
26.2908	1014.36	546.102	574.247
26.2966	1017.89	548.948	577.907
26.3024	1012.02	558.221	574.578
26.3082	1010.27	556.611	562.754
26.314	553.725	557.577
26.3198	550.218	550.218
26.3256	546.417	545.786
26.3314	545.786	544.842
26.3372	543.27	542.643
26.343	541.704	540.766
26.3488	543.27	543.584
26.3546	540.453	540.141
26.3605	545.156	506.011
26.3663	545.156	504.552
26.3721	555.648	537.651
26.3779	529.943	568.635
26.3837	536.72	562.754
26.3895	557.255	567.323
26.3953	549.9	558.866
26.4011	551.491	557.577
26.4069	549.583	550.218
26.4127	548.631	550.536
26.4185	549.9	551.809
26.4243	552.447	552.766
26.4301	553.406	554.045
26.4359	549.265	551.491
26.4417	555.327	555.006
26.4475	556.29
26.4533	556.29
26.4591	554.365
26.4649	556.29
26.4707	559.512
26.4766	563.404
26.4824	565.687
26.4882	572.59
26.494	576.906
26.4998	580.248
26.5056	579.578
26.5114	580.583
26.5172	575.907
26.523	573.252
26.5288	578.575
26.5346	575.907
26.5404	571.269
26.5462	569.293	1045.29
26.552	563.079	999.244
26.5578	558.866	992.915
26.5636	554.686	984.349
26.5694	560.807	995.212
26.5752	557.899	1031.5
26.581	566.668	1035.68
26.5868	572.59	1038.07
26.5927	559.836	988.908
26.5985	999.821
26.6043	1006.78
26.6101	999.244
26.6159	994.637
26.6217	1002.71
26.6275	993.489
26.6333	992.915
26.6391	992.341
26.6449	997.514
26.6507	1006.19
26.6565	982.077
26.6623	1015.54
26.6681	999.244	415.305
26.6739	1011.44	415.065
26.6797	1005.03	414.346
26.6855	1002.13	408.17
26.6913	984.349	408.406
26.6971	984.349	412.674
26.7029	403.948
26.7088	416.747
26.7146	431.942
26.7204	418.193
26.7262	419.888
26.732	437.719
26.7378	450.284
26.7436	423.786
26.7494	418.193	556.933
26.7552	416.506	559.189
26.761	415.305	560.159
26.7668	413.39	560.807
26.7726	562.429
26.7784	564.707
26.7842	567.979
26.79	569.951
26.7958	571.269
26.8016	568.307
26.8074	567.651
26.8132	563.079
26.819	559.512
26.8249	556.933
26.8307	555.648
26.8365	555.648
26.8423	555.006
26.8481	549.9
26.8539	551.809
26.8597	561.779
26.8655	580.248
26.8713	605.588	559.512
26.8771	583.61	564.707
26.8829	581.59	581.59
26.8887	583.61	583.61
26.8945	583.61	583.947
26.9003	581.927	582.263
26.9061	573.252	572.921	606.989
26.9119	562.754	563.079	614.042
26.9177	553.406	554.045	620.101
26.9235	551.809	552.447	617.956
26.9293	550.218	549.9	577.24
26.9351	544.527	544.527	597.941
26.941	548.631	547.365	586.313
26.9468	543.584	575.575
26.9526	554.365	553.086
26.9584	557.577	558.866
26.9642	559.836	561.455
26.97	560.807	567.323
26.9758	557.577	562.754
26.9816	557.577	559.512
26.9874	556.933	557.899
26.9932	566.995	574.247
26.999	562.754	566.668
27.0048	563.404	562.754	515.452
27.0106	563.404	562.754	540.766
27.0164	562.104	561.779
27.0222	560.807
27.028	559.189
27.0338	558.544
27.0396	558.544
27.0454	558.866
27.0512	557.899
27.0571	547.365
27.0629	540.453
27.0687	541.704
27.0745	540.766
27.0803	540.141
27.0861	541.391
27.0919	542.957
27.0977	559.512
27.1035	574.578
27.1093	570.609
27.1151	566.014	409.587
27.1209	559.512	410.297
27.1267	555.327	427.721
27.1325	546.102	432.691
27.1383	528.109	441.783	1012.02
27.1441	518.737	442.038	1032.69
27.1499	519.637	441.528	1047.11
27.1557	524.461	434.444	1053.78
27.1615	445.37	1054.39
27.1673	450.284	1086.54
27.1732	453.155	1061.11
27.179	434.193	1072.2
27.1848	428.958	1080.91
27.1906	431.194	1081.53
27.1964	431.194	1082.16
27.2022	436.708	1084.66
27.208	440.509	1085.29
27.2138	452.109	1081.53	297.42
27.2196	1077.79	298.108
27.2254	1077.79	297.592
27.2312	1069.11	297.077	132.715
27.237	1069.73	296.563	132.486
27.2428	1071.58	295.878	132.333
27.2486	1065.41	295.366	132.027
27.2544	1055	294.684	132.104
27.2602	1070.34	295.195	131.875	1457.08
27.266	1069.11	293.156	130.662	1453.71
27.2718	1056.22	294.514	130.436	1450.36
27.2776	1057.44	291.468	130.436	1443.67
27.2834	1088.43	291.3	130.662	1442
27.2893	1140.56	290.795	130.662	1443.67
27.2951	290.292	130.21	1446.17	915.253
27.3009	290.963	130.511	1449.52	918.43
27.3067	291.805	131.723	1450.36	929.639
27.3125	292.311	130.134	1441.17	939.355
27.3183	291.3	131.115	1447.01	924.284
27.3241	291.805	131.267	1453.71	919.492
27.3299	292.818	130.737	1457.08	918.43
27.3357	292.48	131.115	1454.55	918.43
27.3415	295.878	131.343	1452.87	923.751
27.3473	292.818	132.027	1446.17	935.024
27.3531	291.131	131.951	1430.39	924.284
27.3589	306.135	129.684	1428.74	909.981
27.3647	282.354	129.535	1415.6	905.263
27.3705	284.153	127.53	1431.22	897.453
27.3763	284.482	127.825	1413.96	892.8
27.3821	287.455	127.751	1409.88	896.935	1523.34
27.3879	127.456	1409.07	899.529	1505.85
27.3937	128.121	1408.26	898.491	1403.38
27.3995	129.012	1396.91	905.263	1482.54
27.4054	129.385	1400.14	900.569	1492.86
27.4112	125.339	1400.95	877.462	1512.82
27.417	124.33	1392.88	870.898	1488.55
27.4228	124.33	1384.86	883.565	1495.45
27.4286	124.33	1376.89	882.545	1487.69
27.4344	125.194	1372.92	880.509	1491.13
27.4402	1371.33	875.943	1499.77
27.446	1357.93	868.386	1482.54
27.4518	1361.86	862.388	1472.3
27.4576	1350.11	860.398	1465.52
27.4634	1343.11	1457.92
27.4692	1347.77	1456.23
27.475	1351.67	1456.23
27.4808	1322.32	1441.17
27.4866	1322.32	1448.68
27.4924	1394.49	1392.08
27.4982
27.504
27.5098
27.5156
27.5215
27.5273
27.5331
27.5389
27.5447
27.5505
27.5563
27.5621
27.5679
27.5737
27.5795
27.5853
27.5911
27.5969
27.6027
27.6085
27.6143
27.6201
27.6259
27.6317
27.6376
27.6434
27.6492
27.655
27.6608
27.6666
27.6724
27.6782
27.684
27.6898
27.6956
27.7014
27.7072
27.713
27.7188
27.7246
27.7304
27.7362
27.742
27.7478
27.7537
27.7595
27.7653
27.7711
27.7769
27.7827
27.7885
27.7943
27.8001
27.8059
27.8117
27.8175
27.8233
27.8291
27.8349
27.8407
27.8465
27.8523
27.8581
27.8639
27.8698
27.8756
27.8814
27.8872
27.893
27.8988
27.9046
27.9104
27.9162
27.922
27.9278
27.9336
27.9394
27.9452
27.951
27.9568
27.9626
27.9684
27.9742
27.98
27.9858
27.9917
27.9975
28.0033
28.0091
28.0149
28.0207
28.0265
28.0323
28.0381
28.0439
28.0497
28.0555
28.0613
28.0671
28.0729
28.0787
28.0845
28.0903
28.0961
28.1019
28.1078
28.1136
28.1194
28.1252
28.131
28.1368
28.1426
28.1484
28.1542
28.16
28.1658
28.1716
28.1774
28.1832
28.189
28.1948
28.2006
28.2064
28.2122
28.2181
28.2239
28.2297
28.2355
28.2413
28.2471
28.2529
28.2587
28.2645
28.2703
28.2761
28.2819
28.2877
28.2935
28.2993
28.3051
28.3109
28.3167
28.3225
28.3283
28.3341
28.34
28.3458
28.3516
28.3574
28.3632
28.369
28.3748
28.3806
28.3864
28.3922
28.398
28.4038
28.4096
28.4154
28.4212
28.427
28.4328
28.4386
28.4444
28.4502
28.4561
28.4619
28.4677
28.4735
28.4793
28.4851
28.4909
28.4967
28.5025
28.5083
28.5141
28.5199
28.5257
28.5315
28.5373
28.5431
28.5489
28.5547
28.5605
28.5663
28.5722
28.578
28.5838
28.5896
28.5954
28.6012
28.607
28.6128
28.6186
28.6244
28.6302
28.636
28.6418
28.6476
28.6534
28.6592
28.665
28.6708
28.6766
28.6824
28.6883
28.6941
28.6999
28.7057
28.7115
28.7173
28.7231
28.7289
28.7347
28.7405
28.7463
28.7521
28.7579
28.7637
28.7695
28.7753
28.7811
28.7869
28.7927
28.7985
28.8044
28.8102
28.816
28.8218
28.8276
28.8334
28.8392
28.845
28.8508
28.8566
28.8624
28.8682
28.874
28.8798
28.8856
28.8914
28.8972
28.903
28.9088
28.9146
28.9205
28.9263
28.9321
28.9379
28.9437
28.9495
28.9553
28.9611
28.9669
28.9727
28.9785
28.9843
28.9901
28.9959
29.0017
29.0075
29.0133
29.0191
29.0249
29.0307
29.0366
29.0424
29.0482
29.054
29.0598
29.0656
29.0714
29.0772
29.083
29.0888
29.0946
29.1004
29.1062
29.112
29.1178
29.1236
29.1294
29.1352
29.141
29.1468
29.1527
29.1585
29.1643
29.1701
29.1759
29.1817
29.1875
29.1933
29.1991
29.2049
29.2107
29.2165
29.2223
29.2281
29.2339
29.2397
29.2455
29.2513
29.2571
29.2629
29.2688
29.2746
29.2804
29.2862
29.292
29.2978
29.3036
29.3094
29.3152
29.321
29.3268
29.3326
29.3384
29.3442
29.35
29.3558
29.3616
29.3674
29.3732
29.379
29.3849
29.3907
29.3965
29.4023
29.4081
29.4139
29.4197
29.4255
29.4313
29.4371
29.4429
29.4487
29.4545
29.4603
29.4661
29.4719
29.4777
29.4835
29.4893
29.4951
29.501
29.5068
29.5126
29.5184
29.5242
29.53
29.5358
29.5416
29.5474
29.5532
29.559
29.5648
29.5706
29.5764
29.5822
29.588
29.5938
29.5996
29.6054
29.6112
29.6171
29.6229
29.6287
29.6345
29.6403
29.6461
29.6519
29.6577
29.6635
29.6693
29.6751
29.6809
29.6867
29.6925
29.6983
29.7041
29.7099
29.7157
29.7215
29.7273
29.7332
29.739
29.7448
29.7506
29.7564
29.7622
29.768
29.7738
29.7796
29.7854
29.7912
29.797
29.8028
29.8086
29.8144
29.8202
29.826
29.8318
29.8376
29.8434
29.8493
29.8551
29.8609
29.8667
29.8725
29.8783
29.8841
29.8899
29.8957
29.9015
29.9073
29.9131
29.9189
29.9247
29.9305
29.9363
29.9421
29.9479
29.9537
29.9595
29.9654
29.9712
29.977
29.9828
29.9886
29.9944
30.0002
30.006
30.0118
30.0176
30.0234
30.0292
30.035
30.0408
30.0466
