0.505034	0.690794	1377.68	58.3594
0.609524	1.02748	1329.22	91.3176
0.684989	0.975238	2690.88	40.5432
0.743039	1.07973	2944.61	42.5203
0.830113	1.07392	1966.43	60.2423
1.02748	1.21324	2345.25	32.8903
1.37578	1.65442	2310.29	25.6392
1.96209	2.26395	1955.1	275.598
2.31039	2.53678	1790.76	78.2001
2.50776	2.75156	1937.11	522.413
2.60063	2.78059	3937.4	158.108
2.80381	3.2624	1970.97	309.668
3.08245	3.22757	3960.21	81.8887
3.15791	3.50041	1958.49	41.9592
3.41333	3.74422	1221.01	239.716
3.83129	4.60336	1479.12	145.584
4.51048	4.78912	1750.87	454.638
4.85878	5.08517	1571.61	64.4129
4.89361	5.08517	783.086	30.4687
4.89361	5.09678	2333.09	51.881
5.00971	5.45669	1610.2	297.709
5.19546	5.75274	2640.07	60.0627
5.31737	5.81079	2362.93	41.1806
5.45669	5.92109	1479.98	144.37
5.4741	5.83401	2966.8	110.697
5.61923	6.36807	1955.1	43.3518
5.73533	6.43193	2975.38	96.4762
5.80499	6.04299	4731.32	44.6865
5.8166	6.54222	2260.13	75.1558
5.85723	6.08943	1198.65	85.741
6.10685	6.36807	982.645	77.8625
6.27519	6.60027	4465.77	102.668
6.27519	7.08209	1143.2	167.916
6.49578	6.71057	2658.43	33.7147
7.05887	7.33751	1992.72	313.74
7.38975	7.54648	1789.73	132.059
7.56971	7.86576	1974.39	543.346
7.66839	7.87156	3878.71	200.72
7.83673	8.15601	1978.96	312.456
8.12698	8.46367	1983.54	96.7677
8.46948	8.69007	2012.39	59.1582
8.51592	8.78295	933.945	64.6275
8.64363	8.86422	2447.67	117.855
8.93968	9.1893	1137.93	175.825
9.10803	9.29959	2343.9	28.8598
9.3054	9.58984	2367.03	33.2778
9.58404	9.85107	2367.03	30.7265
9.58984	9.95555	2915.83	39.032
9.70014	9.93814	7924.99	31.3483
9.7698	10.0194	1314.71	238.145
9.82204	10.4025	2720.57	248.082
10.0194	10.4316	1379.27	340.43
10.4664	10.8669	2686.22	67
10.6231	10.7799	2382.11	72.5009
10.658	11.0585	1960.75	108.92
10.716	11.1398	1341.56	358.513
10.9366	11.3139	2946.31	105.012
11.2036	11.6506	2203.42	82.684
11.2385	11.401	1175.34	81.2003
11.5635	11.7145	973.605	89.346
11.6622	11.8712	2289.04	102.26
11.7145	11.8712	1209.08	60.0991
11.7493	11.8712	3658.9	101.924
11.7493	11.8712	3658.9	101.924
11.7609	11.8712	1221.01	58.2927
12.086	12.4053	1993.88	313.392
12.1498	12.4053	4095.13	209.978
12.4343	12.62	1794.91	153.425
12.6317	12.9509	1937.11	485.362
12.9741	13.3166	1984.68	344.574
13.1019	13.4037	3967.07	111.107
13.2354	13.6417	1969.84	110.775
13.5837	13.8159	1328.45	194.014
13.7404	13.9146	1331.52	264.536
14.0539	14.7331	1488.55	342.808
14.437	14.8608	3055.5	146.7
14.6634	14.8376	1720.8	504.19
15.0059	15.2149	1737.78	261.188
15.0175	15.2497	3475.55	230.329
15.2671	15.6909	3526.1	167.994
15.3136	15.6735	1726.77	457.201
15.4877	15.9811	2684.67	74.6925
15.8012	15.9927	1654.52	391.68
15.9927	16.2482	1523.34	343.139
16.2075	16.6197	2244.52	42.8312
16.254	16.4223	1497.17	132.665
16.2772	16.5849	2975.38	99.8067
16.3933	16.5732	1485.12	212.547
16.5732	17.3627	1154.48	251.38
16.5849	16.8635	2653.83	106.062
16.6661	17.2873	2357.47	101.437
17.1479	17.2931	3471.54	88.5825
17.2176	17.5253	2004.27	372.511
17.4846	17.682	1169.24	69.7679
17.5659	17.7458	1772.24	134.326
17.6762	17.8271	1125.51	55.2269
17.7575	18.0477	1929.3	438.902
17.92	18.1464	3709.97	95.8522
18.0477	18.5005	1996.18	285.603
18.2567	18.5411	3976.25	92.4401
18.3786	18.5005	1964.15	49.8655
18.5237	18.9765	1745.82	25.6577
19.9982	20.2188	2951.42	105.632
20.0388	20.5729	1486.83	89.7462
20.2246	20.4278	2954.83	74.8664
20.4103	20.5903	2920.89	23.8704
