0
0.00580499
0.01161
0.017415
0.02322
0.0290249
0.0348299
0.0406349
0.0464399
0.0522449
0.0580499
0.0638549
0.0696599
0.0754649
0.0812698	431.692
0.0870748	438.224
0.0928798	452.893
0.0986848	440.509
0.10449	445.37
0.110295	450.024
0.1161	440
0.121905	430.447
0.12771	427.968
0.133515	426.734
0.13932	421.833
0.145125	416.747
0.15093	418.677
0.156735	414.586
0.16254	411.96
0.168345	409.824
0.17415	407.699
0.179955	405.585
0.18576	402.086
0.191565	400.695
0.19737	391.091
0.203175	390.188
0.20898	391.317
0.214785	383.928
0.22059	384.594
0.226395	382.821
0.2322	380.616
0.238005	378.424
0.24381	374.294
0.249615	367.014
0.255419	355.127
0.261224	350.441
0.267029	344.619
0.272834	310.768
0.278639	309.872
0.284444	311.307
0.290249	304.9
0.296054	308.087
0.301859	311.307
0.307664	311.127
0.313469	308.799
0.319274	306.135
0.325079	304.9
0.330884	306.135
0.336689	296.563
0.342494	289.287
0.348299	289.455
0.354104	283.661
0.359909	291.636
0.365714	289.957
0.371519	285.8
0.377324	283.661
0.383129	278.788
0.388934	271.165
0.394739	277.824
0.400544	282.354
0.406349	281.539
0.412154	279.433
0.417959	288.287
0.423764
0.429569
0.435374
0.441179
0.446984	329.818
0.452789	329.628
0.458594	330.772
0.464399	329.818
0.470204	330.581
0.476009	327.54
0.481814	324.339
0.487619	324.339
0.493424	323.217
0.499229	328.487	643.826
0.505034	321.355	645.688
0.510839	322.471	632.765
0.516644	322.844	657.354
0.522449	326.595	646.808
0.528254	326.218	646.808
0.534059	325.841	648.304
0.539864	323.591	647.181
0.545669	322.658	646.061
0.551474	325.465	650.93
0.557279	325.277	649.428
0.563084	325.089	649.053
0.568889	326.973	652.813
0.574694	327.54	655.837
0.580499	327.54	658.114
0.586304	329.437	666.915
0.592109	331.92	666.145
0.597914	332.88	668.458
0.603719	332.688	668.844
0.609524	333.843	673.496
0.615329	332.688	675.444
0.621134	325.089	671.942
0.626939	323.965	677.007
0.632744	321.355	673.496
0.638549	317.114	647.181
0.644354	317.298	640.117
0.650159	316.017	640.857
0.655964	311.127	628.031
0.661769	305.429	608.744
0.667574	314.016	639.009
0.673379	330.009	645.315
0.679184	319.136	666.145
0.684989	327.54	665.761
0.690794	325.465
0.696599
0.702404
0.708209
0.714014
0.719819
0.725624
0.731429
0.737234
0.743039	324.902
0.748844	326.218
0.754649	330.39
0.760454	316.565
0.766258	316.748
0.772063	318.767
0.777868	312.749
0.783673	311.487
0.789478	317.114
0.795283	321.727
0.801088	310.588
0.806893	305.253
0.812698	316.565
0.818503	320.984
0.824308	323.591
0.830113	320.429
0.835918	324.152
0.841723	321.355
0.847528	323.404
0.853333	326.973
0.859138	326.218	324.714
0.864943	326.973	327.729
0.870748	333.843	331.154
0.876553	341.449	337.527
0.882358	333.073	344.221
0.888163	342.041	338.503
0.893968	345.816	339.09
0.899773	338.503	338.699
0.905578	337.917	338.308
0.911383	337.527	337.722
0.917188	340.661	340.661
0.922993	340.858	340.464
0.928798	338.699	338.699
0.934603	334.036	333.265
0.940408	323.217	323.778
0.946213	320.614	322.099
0.952018	322.285
0.957823	322.471
0.963628	321.17
0.969433	315.106
0.975238	313.472
0.981043	310.588
0.986848	308.265
0.992653	308.621
0.998458	308.799
1.00426	310.768
1.01007	317.481
1.01587	323.591
1.02168	321.541
1.02748	330.009
1.03329
1.03909
1.0449
1.0507
1.05651	323.965
1.06231	322.099
1.06812	329.057
1.07392	313.11
1.07973	314.742
1.08553	315.106
1.09134	315.47
1.09714	316.565
1.10295	318.583
1.10875	322.285
1.11456	326.595
1.12036	329.818
1.12617	327.54
1.13197	329.437
1.13778	333.65
1.14358	339.875
1.14939	348.221
1.15519	346.816
1.161	342.634
1.1668	332.688	326.784
1.17261	329.437	326.218
1.17841	320.799	326.03
1.18422	322.658
1.19002	322.099
1.19583	319.136
1.20163	323.217
1.20744	320.984
1.21324	319.32	649.053
1.21905	319.32	637.166
1.22485	315.47	634.962
1.23066	316.383	641.228
1.23646	319.136	648.304
1.24227	320.059	659.255
1.24807	329.247	658.494
1.25388	329.057	656.974
1.25968	329.628	657.354
1.26549	334.036	665.761
1.27129	331.537	663.457
1.2771	329.247	663.457
1.2829	326.784	656.974
1.28871	323.404	648.304
1.29451	319.32	637.903
1.30032	319.874	641.228
1.30612	323.591	645.315
1.31193	328.677	657.354
1.31773	325.841	653.945
1.32354	326.595	665.376
1.32934	322.844	645.315
1.33515	645.688
1.34095
1.34676
1.35256
1.35837
1.36417
1.36998	317.664
1.37578	331.154
1.38159	318.951
1.38739	316.931
1.3932	314.197
1.399	311.307	627.669
1.40481	308.978	616.886
1.41061	310.768	625.859
1.41642	311.667	628.394
1.42222	312.929	631.305
1.42803	318.032	639.379
1.43383	325.277	643.454
1.43964	322.285	652.436
1.44544	324.339	648.678
1.45125	324.902	649.428
1.45705	324.339	647.93
1.46286	323.965	646.434
1.46866	321.355	640.117
1.47447	317.298	635.696
1.48027	314.924	639.379
1.48608	326.218	651.683
1.49188	322.099	642.711
1.49769	321.727	641.969
1.50349	321.355	640.117
1.5093	320.614	640.117
1.5151	320.614	641.598
1.52091	322.285	643.454
1.52671	322.099	644.57
1.53252	322.285	637.903
1.53832	316.748	635.696
1.54413	313.291	633.131
1.54993	325.089	647.93
1.55574	630.94
1.56154
1.56735
1.57315
1.57896
1.58476
1.59057
1.59637
1.60218
1.60798
1.61379
1.61959
1.6254
1.6312
1.63701
1.64281
1.64862
1.65442
1.66023
1.66603	869.39
1.67184	861.89
1.67764	852.975
1.68345	858.412
1.68925	865.382
1.69506	869.39
1.70086	869.39
1.70667	872.912
1.71247	875.437
1.71828	878.984
1.72408	875.437
1.72989	882.036
1.73569	890.225
1.7415	882.545
1.7473	880
1.75311	894.865
1.75891	887.658
1.76472	900.049
1.77052	946.982
1.77633	907.881	406.758
1.78213	910.507	410.772
1.78794	412.913
1.79374	412.436
1.79955	408.642
1.80535	404.649
1.81116	409.587
1.81696	416.265
1.82277	417.711
1.82857	416.987
1.83438	414.825
1.84018	412.913
1.84599	413.39
1.85179	409.351
1.8576	405.819
1.8634	401.39
1.86921	399.308
1.87501	396.779
1.88082	393.811
1.88662	389.288
1.89243	384.594
1.89823	382.158
1.90404	380.177
1.90984	377.769
1.91565	374.294
1.92145	370.422
1.92726	368.076
1.93306	365.745
1.93887	363.848
1.94467	361.753
1.95048	357.185
1.95628	353.286
1.96209	348.825
1.96789	346.616
1.9737	343.031
1.9795	339.875
1.98531	335.196
1.99111	331.729
1.99692	334.422
2.00272	331.729
2.00853	328.867
2.01433	332.112
2.02014	332.496
2.02594	331.92
2.03175	333.073
2.03755	328.297
2.04336	330.009
2.04916
2.05497
2.06077
2.06658
2.07238
2.07819
2.08399
2.0898
2.0956
2.10141
2.10721
2.11302
2.11882
2.12463
2.13043
2.13624
2.14204
2.14785
2.15365
2.15946
2.16526
2.17107
2.17687
2.18268
2.18848
2.19429
2.20009
2.2059
2.2117
2.21751
2.22331
2.22912
2.23492
2.24073
2.24653
2.25234
2.25814
2.26395
2.26975
2.27556
2.28136
2.28717
2.29297
2.29878
2.30458
2.31039
2.31619
2.322
2.3278
2.33361
2.33941
2.34522
2.35102
2.35683
2.36263
2.36844
2.37424
2.38005
2.38585
2.39166
2.39746
2.40327
2.40907
2.41488
2.42068
2.42649
2.43229
2.4381
2.4439
2.44971
2.45551
2.46132
2.46712
2.47293
2.47873
2.48454
2.49034
2.49615
2.50195
2.50776
2.51356
2.51937
2.52517
2.53098
2.53678
2.54258
2.54839
2.55419
2.56
2.5658
2.57161
2.57741
2.58322
2.58902
2.59483
2.60063
2.60644
2.61224
2.61805
2.62385
2.62966
2.63546
2.64127
2.64707
2.65288
2.65868
2.66449
2.67029
2.6761
2.6819
2.68771
2.69351
2.69932
2.70512
2.71093
2.71673
2.72254
2.72834
2.73415
2.73995
2.74576
2.75156
2.75737
2.76317
2.76898
2.77478
2.78059
2.78639
2.7922
2.798
2.80381
2.80961
2.81542
2.82122
2.82703
2.83283
2.83864
2.84444
2.85025
2.85605
2.86186
2.86766
2.87347
2.87927
2.88508
2.89088
2.89669
2.90249
2.9083
2.9141
2.91991
2.92571
2.93152
2.93732
2.94313
2.94893
2.95474
2.96054
2.96635
2.97215
2.97796
2.98376
2.98957
2.99537
3.00118
3.00698
3.01279
3.01859
3.0244
3.0302
3.03601
3.04181
3.04762
3.05342
3.05923
3.06503
3.07084
3.07664
3.08245
3.08825
3.09406
3.09986
3.10567
3.11147
3.11728
3.12308
3.12889
3.13469
3.1405
3.1463
3.15211
3.15791
3.16372
3.16952
3.17533
3.18113
3.18694
3.19274
3.19855
3.20435
3.21016
3.21596
3.22177
3.22757
3.23338
3.23918
3.24499
3.25079
3.2566
3.2624
3.26821
3.27401
3.27982
3.28562
3.29143
3.29723
3.30304
3.30884
3.31465
3.32045
3.32626
3.33206
3.33787
3.34367
3.34948
3.35528
3.36109
3.36689
3.3727
3.3785
3.38431
3.39011
3.39592
3.40172
3.40753
3.41333
3.41914
3.42494
3.43075
3.43655
3.44236
3.44816
3.45397
3.45977
3.46558
3.47138
3.47719
3.48299
3.4888
3.4946
3.50041
3.50621
3.51202
3.51782
3.52363
3.52943
3.53524
3.54104
3.54685
3.55265
3.55846
3.56426
3.57007
3.57587
3.58168
3.58748
3.59329
3.59909
3.6049
3.6107
3.61651
3.62231
3.62812
3.63392
3.63973
3.64553
3.65134
3.65714
3.66295
3.66875
3.67456
3.68036
3.68617
3.69197
3.69778
3.70358
3.70939
3.71519
3.721
3.7268
3.73261
3.73841
3.74422
3.75002
3.75583
3.76163
3.76744
3.77324
3.77905
3.78485
3.79066
3.79646
3.80227
3.80807
3.81388
3.81968
3.82549
3.83129
3.8371
3.8429
3.84871
3.85451
3.86032
3.86612
3.87193
3.87773
3.88354
3.88934
3.89515
3.90095
3.90676
3.91256
3.91837
3.92417
3.92998
3.93578
3.94159
3.94739
3.9532
3.959
3.96481
3.97061
3.97642
3.98222
3.98803
3.99383
3.99964
4.00544
4.01125
4.01705
4.02286
4.02866
4.03447
4.04027
4.04608
4.05188
4.05769
4.06349
4.0693
4.0751
4.08091
4.08671
4.09252
4.09832
4.10413
4.10993
4.11574
4.12154
4.12735
4.13315
4.13896	403.715
4.14476	396.779
4.15057	407.699
4.15637	397.467
4.16218	383.928
4.16798	387.717
4.17379	404.883
4.17959	409.114
4.1854	403.482
4.1912	403.016
4.19701	399.078
4.20281	393.129
4.20862	390.414
4.21442	391.769
4.22023	391.543
4.22603	386.822
4.23184	385.039
4.23764	383.707
4.24345	378.205
4.24925	377.769
4.25506	376.679
4.26086	372.568
4.26667	371.493
4.27247	368.076
4.27828	363.428
4.28408	361.544
4.28989	357.185
4.29569	351.454
4.3015	348.624
4.3073	345.416
4.31311	340.858
4.31891	336.165
4.32472	334.422
4.33052	332.688
4.33633	327.162
4.34213	322.844
4.34794	320.984
4.35374	318.399
4.35955	317.664
4.36535	312.207
4.37116	317.298
4.37696	327.162
4.38277	320.429
4.38857	317.298
4.39438
4.40018
4.40599
4.41179
4.4176
4.4234
4.42921
4.43501
4.44082
4.44662
4.45243
4.45823
4.46404
4.46984
4.47565
4.48145
4.48726	1547.29
4.49306	1591.71
4.49887	1531.28
4.50467	1530.4
4.51048	1544.61
4.51628	1556.25
4.52209	1556.25
4.52789	1558.05
4.5337	1553.56
4.5395	1553.56
4.54531	1552.66
4.55111	1555.35
4.55692	1565.27
4.56272	1565.27
4.56853	1568.89
4.57433	1584.37
4.58014	1588.03
4.58594	1574.33
4.59175	1588.03
4.59755	1575.24
4.60336	1575.24
4.60916	1570.7
4.61497	1574.33
4.62077	1570.7
4.62658	1638.35	472.671
4.63238	1670.84	441.273
4.63819	1721.79	415.065
4.64399	1772.24	416.987
4.6498	1775.32	430.945
4.6556	436.961
4.66141	440.763
4.66721	437.466	872.912
4.67302	434.946	869.39
4.67882	434.946	868.386
4.68463	432.191	866.382
4.69043	428.71	863.884
4.69624	427.721	863.385
4.70204	427.474	859.901
4.70785	426.734	859.901
4.71365	425.749	853.468
4.71946	424.767	851.99
4.72526	423.297	847.083
4.73107	420.373	840.746
4.73687	417.469	833.493
4.74268	414.586	825.825
4.74848	412.198	819.647
4.75429	408.642	814.456
4.76009	404.883	807.896
4.7659	401.39	803.707
4.7717	398.157	797.234
4.77751	394.494	787.622
4.78331	389.288	779.025
4.78912	385.484	772.751
4.79492	381.056	763.875
4.80073	379.08	757.285
4.80653	374.077	748.587
4.81234	369.781	738.281
4.81814	364.269	727.276	401.622
4.82395	358.632	708.616	398.847
4.82975	352.878	703.315	397.009
4.83556	348.02	703.315	388.389
4.84136	346.816	697.247	391.769
4.84717	341.449	712.309	389.963
4.85297	342.437	706.164	389.963
4.85878	337.917	702.503	386.152
4.86458	323.965	690.035	385.484
4.87039	330.199	692.031	384.15
4.87619	324.152	702.097	377.987
4.882	334.615	662.309	378.424
4.8878	344.818	696.442	376.462
4.89361	337.332	712.309	372.138
4.89941	371.708
4.90522	369.994
4.91102	364.69
4.91683	358.839
4.92263	354.717
4.92844	351.454
4.93424	345.018
4.94005	367.651
4.94585	364.479
4.95166	357.391
4.95746	348.422
4.96327	337.332
4.96907	356.772
4.97487	372.783
4.98068	379.738
4.98649	362.38
4.99229	372.999
4.9981	380.177
5.0039	368.927
5.00971	366.379
5.01551	352.674
5.02132	376.462
5.02712	390.188
5.03293	391.317
5.03873	388.614
5.04454
5.05034
5.05615
5.06195
5.06776
5.07356
5.07936
5.08517
5.09097
5.09678
5.10258
5.10839
5.11419
5.12
5.1258
5.13161
5.13741	394.039
5.14322	389.288
5.14902	392.222
5.15483	394.95
5.16063	397.927
5.16644	397.697	808.83
5.17225	400.232	809.297
5.17805	397.927	808.363
5.18385	398.157	809.765
5.18966	397.009	805.566
5.19546	395.864	803.707
5.20127	395.864	801.852
5.20707	396.092	800.927
5.21288	399.308	806.032
5.21868	394.722	803.243
5.22449	385.039	778.126
5.23029	381.717	760.793
5.2361	372.138	740.416
5.2419	366.803	732.758
5.24771	361.753	721.002
5.25351	353.082	706.572
5.25932	342.437	682.504
5.26512	340.071	684.873
5.27093	334.615	671.166
5.27673	331.346	666.915
5.28254	329.057	656.595
5.28834	327.351	657.734
5.29415	326.784	657.354
5.29995	325.089	650.555
5.30576	324.152	650.179
5.31156	324.152	648.304
5.31737	323.217	646.808
5.32317	320.429	643.454
5.32898	321.727	641.969
5.33478	322.099	643.082
5.34059	322.099	644.942
5.34639	324.902	648.304
5.3522	325.465	646.061
5.358	324.714	647.181
5.36381	325.089	649.053
5.36961	324.527	648.678
5.37542	324.152	650.93
5.38122	321.541	658.494
5.38703	321.727	649.428
5.39283	325.465	653.568
5.39864	332.88	662.691
5.40444	334.229	665.376
5.41025	333.458	672.719
5.41605	329.247	650.555
5.42186	326.03	666.915
5.42766	678.965
5.43347	680.142
5.43927	665.761
5.44508	638.64
5.45088	648.304
5.45669	656.974
5.46249	654.323
5.4683	674.275
5.4741	666.145
5.47991	644.942
5.48571
5.49152
5.49732
5.50313	327.729
5.50893	327.729
5.51474	326.973
5.52054	330.772
5.52635	329.247
5.53215	332.688
5.53796	328.487
5.54376	326.218
5.54957	324.902
5.55537	326.973
5.56118	327.351
5.56698	325.653
5.57279	324.902
5.57859	325.653
5.5844	323.404
5.5902	324.902
5.59601	323.591
5.60181	321.355
5.60762	320.614
5.61342	319.136
5.61923	319.32
5.62503	319.689
5.63084	327.351
5.63664	315.652
5.64245	315.652
5.64825	331.346
5.65406	326.784
5.65986	322.658
5.66567	321.913
5.67147	325.089
5.67728
5.68308
5.68889
5.69469
5.7005
5.7063
5.71211
5.71791
5.72372
5.72952
5.73533
5.74113
5.74694
5.75274
5.75855	330.39
5.76435	328.297
5.77016	325.277
5.77596	324.527
5.78177	321.913
5.78757	319.505
5.79338	322.658
5.79918	326.218
5.80499	317.481
5.81079	315.106
5.8166	309.335
5.8224	312.027
5.82821	314.56
5.83401	317.664
5.83982	313.653
5.84562	320.244
5.85143	326.973
5.85723	330.199	305.076
5.86304	333.265	310.051
5.86884	335.971	311.847
5.87465	329.818	316.383
5.88045	336.165	321.355
5.88626	326.595	325.653
5.89206	315.835	327.729
5.89787	328.297	328.867
5.90367	330.199	330.199
5.90948	326.595	332.304
5.91528	322.844	328.867
5.92109	321.541	331.92
5.92689	327.54	337.332
5.9327	334.036	336.165
5.9385	327.54
5.94431	320.799
5.95011	319.505
5.95592	315.106	656.595
5.96172	321.17	650.93
5.96753	319.136	648.678
5.97333	318.767	638.271
5.97914	313.834	626.944
5.98494	310.588	618.313
5.99075	311.127	618.67
5.99655	304.372	621.177
6.00236	302.095	624.414
6.00816	323.778	639.379
6.01397	314.379	626.944
6.01977	318.583	629.484
6.02558	619.028
6.03138	640.117
6.03719	647.93
6.04299	658.114
6.0488	642.34
6.0546	647.181
6.06041	642.34
6.06621	643.826
6.07202	640.117
6.07782	628.031
6.08363	633.863
6.08943	650.93
6.09524	662.691
6.10104	671.554
6.10685	677.789
6.11265	676.225	326.407
6.11846	666.145	324.527
6.12426	650.555	323.591
6.13007	680.929	326.03
6.13587	684.082	324.152	408.642
6.14168	682.898	317.114	392.675
6.14748	328.108	385.929
6.15329	328.677	407.463
6.15909	330.963	424.521
6.1649	335.777	418.677
6.1707	323.778	421.833
6.17651	325.277	418.919
6.18231	318.951	414.346
6.18812	321.17	416.265
6.19392	323.591	414.586
6.19973	320.059	415.065
6.20553	319.505	411.722
6.21134	318.583	408.642
6.21714	326.218	406.288
6.22295	316.748	402.086
6.22875	317.848	398.157
6.23456	317.114	395.635	647.555
6.24036	311.667	389.738	611.211
6.24617	314.197	383.264	629.484
6.25197	307.553	382.821	643.082	309.872
6.25778	375.376	645.315	320.799
6.26358	373.214	639.009	321.355
6.26939	371.493	654.701	330.009
6.27519	362.38	638.271	331.537
6.281	364.269	641.969	329.247
6.2868	354.308	652.813	327.729
6.29261	348.02	650.179	326.973
6.29841	337.917	651.683	326.03
6.30422	336.359	647.555	324.902
6.31002	336.554	638.271	323.217
6.31583	334.809	631.67	322.658
6.32163	334.809	619.743	311.667
6.32744	335.777	638.271	316.565
6.33324	331.346	655.08	326.973
6.33905	331.92	659.255	321.541
6.34485	317.481	667.686	317.848
6.35066	320.984	640.117	321.355
6.35646	322.099	637.535	323.217
6.36227	315.106	629.848	315.47
6.36807	307.198	313.834
6.37388
6.37968
6.38549
6.39129
6.3971
6.4029
6.40871	310.588
6.41451	305.076
6.42032	306.312
6.42612	311.127
6.43193	312.929
6.43773	317.481
6.44354	316.931
6.44934	317.114
6.45515	319.32
6.46095	317.298
6.46676	319.874
6.47256	323.778
6.47837	320.984
6.48417	317.481
6.48998	313.834
6.49578	310.051
6.50159	316.017
6.50739	309.872
6.5132	305.782
6.519	311.667
6.52481	318.399
6.53061	322.285
6.53642	321.355
6.54222	316.2
6.54803	316.2
6.55383
6.55964
6.56544
6.57125	608.393
6.57705	620.818
6.58286	619.385
6.58866	626.22
6.59447	614.397
6.60027	622.973
6.60608	630.576
6.61188	621.177
6.61769	626.582
6.62349	606.989
6.6293	609.096
6.6351	619.743
6.64091	619.028
6.64671	625.136
6.65252	617.599
6.65832	614.042
6.66413	624.775
6.66993	620.459
6.67574	639.748
6.68154	629.121
6.68735	625.136
6.69315	634.962
6.69896	631.305
6.70476	604.889
6.71057	612.271
6.71637	600.711
6.72218	591.415
6.72798	600.364
6.73379	600.364
6.73959	610.858
6.7454	606.989
6.7512	596.561
6.75701	584.96
6.76281	604.19
6.76862	615.462
6.77442	622.254
6.78023	624.414
6.78603	617.599
6.79184	622.613
6.79764	621.535
6.80345	615.462
6.80925	601.058
6.81506	622.973
6.82086	633.497
6.82667	616.174
6.83247	641.598
6.83828	644.198
6.84408
6.84989
6.85569
6.8615
6.8673
6.87311
6.87891
6.88472
6.89052
6.89633
6.90213
6.90794
6.91374
6.91955
6.92535
6.93116
6.93696
6.94277
6.94857
6.95438
6.96018
6.96599
6.97179
6.9776
6.9834
6.98921
6.99501
7.00082
7.00662
7.01243
7.01823
7.02404	1320.8
7.02984	1328.45
7.03565	1326.91
7.04145	1323.85
7.04726	1320.8
7.05306	1317.75
7.05887	1313.95
7.06467	1312.43
7.07048	1310.92
7.07628	1307.89
7.08209	1299.61
7.08789	1292.87
7.0937	1289.88
7.0995	1304.87
7.10531	1307.89
7.11111	1313.95
7.11692	1310.92
7.12272	1311.67
7.12853	1331.52
7.13433	1336.92
7.14014	1332.29
7.14594	1338.46
7.15175
7.15755
7.16336
7.16916
7.17497
7.18077
7.18658
7.19238
7.19819
7.20399
7.2098
7.2156
7.22141
7.22721
7.23302
7.23882
7.24463
7.25043
7.25624
7.26204
7.26785
7.27365
7.27946
7.28526
7.29107
7.29687
7.30268
7.30848
7.31429
7.32009
7.3259
7.3317
7.33751
7.34331
7.34912
7.35492
7.36073
7.36653
7.37234
7.37814
7.38395
7.38975
7.39556
7.40136	295.025
7.40717	295.537
7.41297	294.855
7.41878	292.311
7.42458	289.957
7.43039	286.461
7.43619	280.565
7.442	275.745
7.4478	269.603
7.45361	273.051
7.45941	271.949
7.46522	287.787
7.47102	275.268	836.387
7.47683	273.841	824.872
7.48263	272.736	819.647
7.48844	273.683	798.617
7.49424	282.191	792.642
7.50005	273.367	785.804
7.50585	280.403	774.538
7.51166	279.111	752.924
7.51746	282.354	759.914
7.52327	287.954	755.974
7.52907	295.025	754.665
7.53487	290.459	729.801
7.54068	278.627	737.429
7.54648	275.268	723.087
7.55229	282.191	707.798
7.55809	276.543	696.845
7.5639	281.214	701.286	591.073
7.56971	283.825	715.608	599.324
7.57551	285.8	582.263
7.58132	287.954	579.244
7.58712	285.8	572.921
7.59293	279.918	581.927
7.59873	285.634	577.907
7.60454	284.482	567.979
7.61034	281.865	543.898
7.61615	280.403	533.321
7.62195	286.461	524.159
7.62776	300.182	518.438
7.63356	306.489	512.483
7.63936	312.929	502.807
7.64517	300.529	492.459
7.65097	294.514	485.118
7.65678	478.993
7.66258	486.803
7.66839	470.764
7.67419	456.307
7.68	460.277
7.6858	463.211
7.69161	451.587
7.69741	457.362
7.70322	453.416
7.70902	472.398
7.71483	472.671
7.72063	470.22
7.72644	465.357
7.73224	458.95
7.73805	450.284
7.74385	439.746
7.74966	433.942
7.75546	447.433
7.76127	445.37
7.76707	431.194
7.77288	410.297
7.77868	413.151
7.78449	404.649
7.79029	404.649	428.71
7.7961	426.734	452.631
7.8019	425.503	427.474
7.80771	424.521	413.151
7.81351	416.987
7.81932	413.151
7.82512	411.009
7.83093	402.783
7.83673	401.622
7.84254	399.308
7.84834	398.387
7.85415	396.321
7.85995	391.769
7.86576	387.493
7.87156	382.158
7.87737	375.81
7.88317	370.422
7.88898	365.745
7.89478	361.962
7.90059	358.218
7.90639	355.333
7.9122	352.267
7.918	350.036
7.92381	347.016
7.92961	345.217
7.93542	341.844
7.94122	337.722
7.94703	336.165
7.95283	342.041
7.95864	338.699
7.96444	331.729
7.97025	336.165
7.97605	332.304
7.98186
7.98766
7.99347
7.99927
8.00508
8.01088
8.01669
8.02249
8.0283
8.0341
8.03991	334.809
8.04571	330.581
8.05152	330.581
8.05732	331.729
8.06313	332.304
8.06893	330.39
8.07474	329.437
8.08054	325.841
8.08635	324.152
8.09215	324.152
8.09796	323.591	701.692
8.10376	324.152	686.854
8.10957	323.404	655.08
8.11537	321.355	654.323
8.12118	322.285	648.678
8.12698	321.17	647.93
8.13279	322.099	644.57
8.13859	322.471	642.711
8.1444	321.541	649.053
8.1502	322.099	647.93
8.15601	321.541	643.082
8.16181	319.505	640.487
8.16762	316.2	633.497
8.17342	315.47	629.484
8.17923	313.472	629.121
8.18503	310.768	623.693
8.19084	306.312	613.333
8.19664	302.969	611.917
8.20245	299.316	595.872
8.20825	296.734	590.05
8.21406	293.326	580.583
8.21986	289.789	574.578
8.22567	282.843	566.341
8.23147	278.466	555.327
8.23728	272.893	546.102
8.24308	266.506	538.895
8.24889	263.445	525.675
8.25469	259.069	520.839
8.2605	255.207	508.943
8.2663	252.422	504.552
8.27211	264.055	495.026
8.27791	261.323	489.905
8.28372	260.119	481.489
8.28952	254.913	465.357
8.29533	254.618	451.326	1366.59
8.30113	268.826	468.052	1361.86
8.30694	262.686	454.203	1385.66
8.31274	265.125	490.189	1368.16
8.31855	258.173	497.893	1394.49
8.32435	247.227	1392.88
8.33016	249.667	1396.11
8.33596	259.219	1398.53
8.34177	251.549	1396.11
8.34757	276.064	1400.95
8.35338	1399.34
8.35918	1400.14
8.36499	1404.19
8.37079	1403.38
8.3766	1403.38
8.3824	1418.87
8.38821	1393.69
8.39401	1398.53
8.39982	1417.23
8.40562	1386.46
8.41143
8.41723
8.42304
8.42884
8.43465
8.44045	1664.1
8.44626	1657.39
8.45206	1654.52
8.45787	1657.39
8.46367	1590.79
8.46948	1588.95
8.47528	1577.98
8.48109	1593.55
8.48689	1580.71
8.4927	1553.56
8.4985	1533.94
8.50431	1524.22
8.51011	1512.82
8.51592	1479.98
8.52172	1465.52
8.52753	1454.55
8.53333	1432.87
8.53914	1413.96
8.54494	1409.07
8.55075	1384.86
8.55655	1372.12
8.56236	1417.23
8.56816	1472.3
8.57397	1471.45
8.57977	1486.83
8.58558	1414.78	890.225
8.59138	1422.15	898.491
8.59719	911.559
8.60299	920.023
8.6088	931.251
8.6146	932.866
8.62041	935.024
8.62621	938.27
8.63202	938.27
8.63782	939.897
8.64363	945.888
8.64943	937.728
8.65524	943.706
8.66104	937.728
8.66685	936.646
8.67265	943.706
8.67846	940.984
8.68426	967.439
8.69007	957.432
8.69587	935.564
8.70168	909.981
8.70748	916.84
8.71329	926.422
8.71909	916.311
8.7249	906.833
8.7307	944.796
8.73651	976.421
8.74231	909.456
8.74812	895.899
8.75392	896.935
8.75973	893.832
8.76553	860.398
8.77134	856.431
8.77714	893.832
8.78295	885.609
8.78875	891.769	448.727
8.79456	924.284	464.551
8.80036	955.775	462.944
8.80617	936.105	474.586
8.81197	955.775	494.74
8.81778	970.237	504.261
8.82358	970.797	491.89
8.82939	965.206	484.558
8.83519	981.51	484.278
8.841	998.667	484.278
8.8468	1023.19	485.96
8.85261	1029.12	486.803
8.85841	1061.72	489.34
8.86422	1042.28	489.057
8.87002	501.067
8.87583	512.187
8.88163	511.595
8.88744	511.005
8.89324	512.187
8.89905	514.856
8.90485	518.138	472.944
8.91066	501.357	456.57
8.91646	499.333	453.416
8.92227	510.71	457.891
8.92807	485.96	457.626
8.93388	483.161	464.015
8.93968	486.241	460.277
8.94549	466.433	461.342
8.95129	465.626
8.9571	465.088
8.9629	464.283
8.96871	463.747
8.97451	461.609
8.98032	460.012
8.98612	458.155
8.99193	455.517
8.99773	452.631
9.00354	448.986
9.00934	444.856
9.01515	443.829
9.02095	441.018
9.02676	438.731
9.03256	435.701
9.03837	432.691
9.04417	430.447
9.04998	426.487
9.05578	422.564
9.06159	420.373
9.06739	416.506
9.0732	413.868
9.079	411.246
9.08481	410.061
9.09061	407.934
9.09642	402.783
9.10222	403.016
9.10803	400.232
9.11383	400.926
9.11964	401.39
9.12544	399.539
9.13125	388.838
9.13705	391.543
9.14286	392.675
9.14866	387.941
9.15447	395.635
9.16027
9.16608
9.17188	391.543
9.17769	389.738
9.18349	383.928
9.1893	385.484
9.1951	387.941
9.20091	384.372
9.20671	384.15
9.21252	381.056
9.21832	376.679
9.22413	375.159
9.22993	374.077
9.23574	370.85
9.24154	368.714
9.24735	365.533
9.25315	363.218
9.25896	360.709
9.26476	356.36
9.27057	353.694
9.27637	350.846
9.28218	346.215
9.28798	344.42
9.29379	338.503
9.29959	335.196
9.3054	333.65
9.3112	326.973
9.31701	334.036
9.32281	343.427
9.32862	347.217
9.33442	341.055
9.34023	340.464
9.34603	346.016
9.35184
9.35764
9.36345
9.36925
9.37506
9.38086
9.38667
9.39247
9.39828
9.40408
9.40989
9.41569
9.4215
9.4273
9.43311
9.43891
9.44472
9.45052
9.45633
9.46213
9.46794
9.47374
9.47955
9.48535
9.49116
9.49696
9.50277
9.50857
9.51438
9.52018
9.52599
9.53179
9.5376	1546.4
9.5434	1572.52
9.54921	1594.47
9.55501	1590.79
9.56082	1577.98
9.56662	1579.8
9.57243	1586.2
9.57823	1588.03
9.58404	1592.63
9.58984	1588.95
9.59565	1589.87	932.328
9.60145	1583.45	925.353
9.60726	1575.24	912.613
9.61306	1571.61	916.311
9.61887	1568.89	916.84
9.62467	1566.17	913.668
9.63048	1547.29	903.174
9.63628	1537.49	892.8
9.64209	1546.4	891.769
9.64789	1546.4	887.658
9.6537	1549.08	884.076
9.6595	1545.5	874.932
9.66531	1540.15	874.426
9.67111	1532.17	861.89
9.67692	1531.28	853.961
9.68272	1491.13	851.99
9.68853	1513.7	850.024
9.69433	1468.06	840.261
9.70014	834.457
9.70594	823.92
9.71175	820.595
9.71755	813.986
9.72336	808.363
9.72916	813.516
9.73497	816.34
9.74077	803.707
9.74658	813.516
9.75238	820.595
9.75819	816.34
9.76399	850.024
9.7698	863.385
9.7756
9.78141
9.78721
9.79302
9.79882
9.80463
9.81043
9.81624
9.82204
9.82785	383.707
9.83365	381.717
9.83946	380.177
9.84526	381.717
9.85107	391.543
9.85687	400.463
9.86268	391.317
9.86848	385.929
9.87429	387.046
9.88009	392.902
9.8859	403.715
9.8917	403.249
9.89751	417.228
9.90331	424.031
9.90912	428.463
9.91492	428.71
9.92073	429.95
9.92653	427.721
9.93234	428.463
9.93814	429.454
9.94394	439.746
9.94975	439.746
9.95555	438.478
9.96136	441.018
9.96716	435.197
9.97297	430.945	860.398
9.97878	428.463	855.936
9.98458	425.503	851.006
9.99039	422.808	846.105
9.99619	420.616	840.746
10.002	417.228	833.493
10.0078	412.674	823.444
10.0136	409.824	817.756
10.0194	403.715	810.233
10.0252	400.232	800.002
10.031	394.722	791.727
10.0368	391.995	784.897
10.0426	387.941	777.228
10.0484	385.484	772.305
10.0542	381.938	763.875
10.06	378.643	755.974
10.0659	375.159	747.291
10.0717	370.422	739.134
10.0775	368.076	734.453
10.0833	364.058	727.697
10.0891	359.461	719.754
10.0949	354.308	708.616
10.1007	347.217	694.033
10.1065	342.041	683.293
10.1123	337.527	675.054
10.1181	332.88	665.761
10.1239	328.867	657.354
10.1297	325.841	652.436
10.1355	322.285	644.57
10.1413	316.2	632.4
10.1471	313.291	628.758
10.1529	310.588	621.535
10.1587	307.909	615.818
10.1645	305.076	608.042
10.1703	303.319	604.19
10.1761	298.625	593.125
10.1819	293.156	577.907
10.1878	297.249	579.578
10.1936	297.077	589.369
10.1994	295.537	593.468	430.945
10.2052	289.287	598.632	432.691
10.211	292.48	587.33	454.465
10.2168	296.905	588.688	463.211
10.2226	291.468	590.05	453.941
10.2284	291.3	614.042	453.941	453.941
10.2342	279.918	633.131	453.678	449.505
10.24	277.824	452.631	447.691
10.2458	285.47	454.203	424.031
10.2516	278.627	458.155	420.859
10.2574	281.377	452.631	419.403
10.2632	284.153	447.691	415.545
10.269	288.453	449.765	413.868
10.2748	295.537	467.242	415.305
10.2806	280.08	449.765	412.674
10.2864	279.756	470.22	407.228
10.2922	280.241	467.782	399.539
10.298	461.875	389.738
10.3039	462.676	389.513
10.3097	478.163	390.188
10.3155	472.398	384.15
10.3213	466.703	381.717
10.3271	456.57	374.943
10.3329	444.599	367.863
10.3387	445.37	372.568
10.3445	367.439
10.3503	352.267
10.3561	342.832	320.614
10.3619	346.616	325.841
10.3677	346.616	322.099
10.3735	364.69	318.767
10.3793	368.927	313.472
10.3851	364.479	310.768
10.3909	376.027	309.156
10.3967	363.009	307.909
10.4025	372.353	307.376
10.4083	370.85	304.548
10.4141	305.959
10.42	302.27
10.4258	292.987
10.4316	286.461
10.4374	291.3
10.4432	283.498
10.449	290.459
10.4548	286.626
10.4606	295.537
10.4664	296.563
10.4722	293.156
10.478	300.702
10.4838	298.453
10.4896	302.969
10.4954	298.625
10.5012	305.429
10.507	296.22
10.5128	304.196
10.5186	294.174
10.5244	287.621
10.5302	339.286
10.5361	328.487
10.5419	330.581
10.5477	329.437
10.5535	331.537
10.5593	328.677
10.5651	325.841
10.5709	325.089	654.323
10.5767	323.965	653.568
10.5825	323.591	651.307
10.5883	324.714	644.942
10.5941	323.217	631.305
10.5999	318.032	627.669
10.6057	323.404	650.93
10.6115	323.591	646.061
10.6173	325.841	649.804
10.6231	323.404	647.93
10.6289	322.658	644.57
10.6347	324.527	649.053
10.6405	325.465	649.428
10.6463	325.277	648.678
10.6522	325.465	652.06
10.658	327.54	655.08
10.6638	329.628	658.874
10.6696	331.92	666.915
10.6754	332.688	666.145
10.6812	333.65	668.072
10.687	333.65	670.391
10.6928	331.537	673.496
10.6986	329.628	666.915
10.7044	329.057	680.142
10.7102	324.902	677.398
10.716	323.591	647.181
10.7218	321.727	644.198
10.7276	316.565	642.34
10.7334	320.984	639.748
10.7392	325.465	625.136
10.745	319.874	611.211
10.7508	338.895	604.19
10.7566	333.073	632.4
10.7624	333.65	622.254
10.7683	328.108	648.304
10.7741	337.137	675.444
10.7799	342.041	686.457
10.7857	337.722
10.7915
10.7973
10.8031
10.8089
10.8147
10.8205
10.8263
10.8321	326.595
10.8379	329.247
10.8437	320.984
10.8495	318.767
10.8553	317.481
10.8611	314.379
10.8669	313.291
10.8727	313.472
10.8785	319.689
10.8844	319.32
10.8902	320.984
10.896	319.874
10.9018	318.767
10.9076	325.841
10.9134	325.465
10.9192	321.541
10.925	326.03
10.9308	330.772
10.9366	330.009
10.9424	327.351	344.221
10.9482	327.351	325.089
10.954	333.265	330.963
10.9598	336.359	334.809
10.9656	334.809	343.427
10.9714	342.041	342.832
10.9772	349.834	339.679
10.983	342.634	338.895
10.9888	338.308	338.895
10.9946	337.722	337.917
11.0005	339.09	339.09
11.0063	339.482	337.722
11.0121	338.503	338.308
11.0179	334.422	334.036	692.831
11.0237	329.057	328.867	673.107
11.0295	320.614	321.541	655.837
11.0353	321.17	649.428
11.0411	321.541	650.179
11.0469	322.471	644.942
11.0527	316.383	645.688
11.0585	311.307	636.063
11.0643	309.872	627.306
11.0701	307.376	613.687
11.0759	307.731	616.886
11.0817	307.376	625.136
11.0875	307.376	631.305
11.0933	325.277	631.305
11.0991	318.215	631.305
11.1049	325.277	636.798
11.1107	339.875	652.06
11.1166
11.1224
11.1282
11.134
11.1398
11.1456
11.1514
11.1572
11.163	309.872
11.1688	317.848
11.1746	314.742
11.1804	317.664
11.1862	317.481
11.192	321.913
11.1978	326.03
11.2036	333.265
11.2094	331.92
11.2152	328.297
11.221	329.628
11.2268	332.304
11.2327	335.002
11.2385	334.422
11.2443	335.389
11.2501	333.073
11.2559	326.03
11.2617	325.277
11.2675	322.099
11.2733	321.541
11.2791	319.689
11.2849	321.17
11.2907	320.059
11.2965	319.505
11.3023	318.215
11.3081	317.114	633.863
11.3139	315.47	643.082
11.3197	312.207	645.688
11.3255	315.106	654.701
11.3313	329.818	658.494
11.3371	329.628	658.494
11.3429	330.772	660.398
11.3488	333.458	652.813
11.3546	328.297	657.354
11.3604	329.247	661.544
11.3662	329.247	660.398
11.372	325.465	648.304
11.3778	320.984	647.555
11.3836	321.355	637.903
11.3894	327.54	649.804
11.3952	329.818	651.683
11.401	327.729	665.376
11.4068	324.339	667.301
11.4126	324.902	658.114
11.4184	324.152	667.301
11.4242	321.355	639.379
11.43	323.03	650.93
11.4358	323.217	647.555
11.4416	324.527	646.061
11.4474	322.285
11.4532
11.459
11.4649
11.4707	313.472
11.4765	316.2
11.4823	313.834
11.4881	308.265
11.4939	309.872
11.4997	310.768	624.054
11.5055	312.027	633.497
11.5113	318.215	637.535
11.5171	320.799	640.857
11.5229	322.099	643.454
11.5287	324.339	647.93
11.5345	324.527	650.555
11.5403	324.714	647.93
11.5461	324.714	646.061
11.5519	324.714	645.688
11.5577	326.595	635.329
11.5635	324.339	648.678
11.5693	326.784	660.78
11.5751	323.217	647.555
11.581	321.541	642.711
11.5868	321.355	643.826
11.5926	320.429	641.228
11.5984	319.32	638.64
11.6042	322.285	642.34
11.61	322.099	645.688
11.6158	325.089	644.942	313.653
11.6216	323.404	645.315	325.089
11.6274	323.778	646.808	324.527
11.6332	327.54	652.813	327.729
11.639	329.437	661.926	328.108
11.6448	330.39	661.926	327.54
11.6506	324.902	653.19	325.465
11.6564	326.973	650.179	323.965
11.6622	323.404	646.434	321.541
11.668	320.059	640.487	318.583
11.6738	321.913	632.035	317.298
11.6796	326.595	630.94	314.924
11.6854	319.505	629.484	315.106
11.6912	317.298	634.229	314.016
11.6971	313.472	625.136	308.265
11.7029	312.749	609.448	305.782
11.7087	308.621	618.67	307.731
11.7145	312.388	624.414	306.312
11.7203	310.409	633.131	312.568
11.7261	316.383	636.063	316.383
11.7319	319.874	640.117	319.505
11.7377	322.099	640.857	318.583
11.7435	318.215	645.315	316.383
11.7493	323.217	652.436	325.653
11.7551	659.255
11.7609	655.837
11.7667	659.636
11.7725	662.691
11.7783
11.7841
11.7899	329.628
11.7957	325.465
11.8015	326.595
11.8073	322.099
11.8132	330.772
11.819	326.218
11.8248	320.984
11.8306	318.951
11.8364	316.748
11.8422	322.099
11.848	312.568
11.8538	305.605
11.8596	302.095
11.8654	294.174
11.8712	292.48
11.877	290.627
11.8828	282.517
11.8886	286.792
11.8944	292.649
11.9002	296.734
11.906	300.702
11.9118	303.144
11.9176	296.391
11.9234
11.9293
11.9351	308.265
11.9409	312.749
11.9467	315.47
11.9525	320.984
11.9583	323.404
11.9641	326.595
11.9699	329.057
11.9757	329.818
11.9815	332.112
11.9873	333.458	211.16
11.9931	332.112	212.138
11.9989	328.867	210.916
12.0047	322.099	207.892
12.0105	317.298	209.097
12.0163	315.835	209.823
12.0221	314.379	210.308
12.0279	318.951	210.794
12.0337	325.277	210.308
12.0395	322.658	209.701
12.0454	311.487	207.772
12.0512	305.429	212.261
12.057	307.198	206.337
12.0628	310.768	209.823
12.0686	323.03	212.629
12.0744	331.729	205.742
12.0802	327.729	210.551
12.086	204.794
12.0918	205.03
12.0976	200.927
12.1034
12.1092	305.959
12.115	304.021
12.1208	309.872
12.1266	323.778
12.1324	322.285
12.1382	321.355
12.144	320.984
12.1498	320.614
12.1556	320.799
12.1615	320.799
12.1673	320.614
12.1731	318.032
12.1789	317.848
12.1847	316.931
12.1905	318.215
12.1963	319.505
12.2021	318.399	624.414
12.2079	316.2	606.638
12.2137	322.658	596.217
12.2195	322.285	588.688
12.2253	324.527	580.248
12.2311	329.247	575.242
12.2369	329.818	570.28
12.2427	326.595	558.544
12.2485	324.152	555.648
12.2543	321.913	560.483
12.2601	313.472	560.483	270.695
12.2659	311.847	537.03	269.292
12.2717	311.667	535.482	266.814
12.2776	307.731	534.246	264.36
12.2834	306.489	528.72	264.513
12.2892	305.782	528.109	266.814
12.295	305.782	527.805	264.513
12.3008	305.782	517.839	261.626
12.3066	308.621	513.372	259.219
12.3124	311.127	511.3	256.834
12.3182	311.307	510.415	254.913
12.324	309.872	507.182	253.591
12.3298	305.253	509.826	256.241
12.3356	302.27	527.5	255.798
12.3414	303.845	547.049	256.389
12.3472	303.67	536.41	266.353
12.353	297.42	538.895	266.045
12.3588	297.249	538.895	271.635
12.3646	317.114	538.895	263.141
12.3704	324.902	545.471	259.219
12.3762	326.973	542.643	267.123
12.382	320.984	538.584	266.66
12.3878	552.447	272.263
12.3937	550.218	273.525	328.867
12.3995	535.482	275.745	329.818
12.4053	275.427	327.351
12.4111	272.578	324.339
12.4169	273.209	332.304
12.4227	269.759	336.554
12.4285	265.738	331.154
12.4343	268.826	330.772
12.4401	264.665	323.778
12.4459	256.538	318.032
12.4517	259.518	316.2
12.4575	268.515	315.106
12.4633	275.109	316.565
12.4691	283.989	319.689
12.4749	317.848
12.4807	316.2
12.4865	316.931	318.032
12.4923	317.114	318.032
12.4981	318.583	318.767
12.5039	319.689	319.136
12.5098	318.767	314.742
12.5156	318.032	306.666
12.5214	318.032	302.444
12.5272	317.114	300.009
12.533	309.514	298.798
12.5388	295.366	296.22
12.5446	291.973	291.973
12.5504	290.292	290.627
12.5562	288.12	287.954
12.562	284.975	284.646
12.5678	280.08	279.918
12.5736	275.586	275.745
12.5794	270.695	271.322
12.5852	268.36	268.67
12.591	264.513
12.5968	261.323
12.6026	258.919
12.6084	260.269
12.6142	255.502
12.62	254.618
12.6258	256.241
12.6317	264.665
12.6375	264.665
12.6433	264.665
12.6491	261.022
12.6549
12.6607
12.6665
12.6723
12.6781
12.6839
12.6897
12.6955
12.7013
12.7071	413.39
12.7129	416.747
12.7187	417.952
12.7245	415.785
12.7303	389.513
12.7361	401.39
12.742	392.222
12.7478	397.009
12.7536	403.948
12.7594	406.758
12.7652	410.772
12.771	412.913
12.7768	415.545
12.7826	417.469
12.7884	419.888
12.7942	416.265
12.8	415.065
12.8058	409.824
12.8116	410.061
12.8174	406.054
12.8232	400.695
12.829	400.463	367.651
12.8348	402.318	377.987
12.8406	400.695	370.208
12.8464	394.494	366.591
12.8522	392.449	358.839
12.858	387.717	352.674
12.8639	382.821	349.228
12.8697	377.551	346.816
12.8755	372.568	344.023
12.8813	369.994	342.634
12.8871	364.269	339.286
12.8929	362.589	340.858
12.8987	356.772	351.251
12.9045	358.425	358.839
12.9103	359.254	350.238
12.9161	355.333	352.267
12.9219	351.657	354.513
12.9277	352.064	352.267
12.9335	352.267	352.878
12.9393	346.016	346.215
12.9451	341.449	341.844
12.9509	336.359	336.359
12.9567	340.071	343.824	251.839
12.9625	340.661	341.055	253.884
12.9683	347.417	347.618	265.738
12.9741	347.819	348.422	267.123
12.98	341.646	341.449	270.695
12.9858	343.427	338.699	274.633
12.9916	338.503	337.722	277.343
12.9974	337.722	333.265	280.403
13.0032	336.943	336.554	279.272
13.009	340.858	339.875	278.788
13.0148	340.858	339.286	280.89
13.0206	339.482	339.875	279.433
13.0264	340.858	341.055	275.268
13.0322	340.661	344.42	272.263
13.038	339.679	271.478
13.0438	337.332	268.36
13.0496	340.071	258.322
13.0554	341.646	259.369
13.0612	341.449	255.946
13.067	346.415	255.946
13.0728	341.449	257.428
13.0786	341.252	252.422
13.0844	341.844	258.024
13.0902	343.625	264.36
13.0961	344.818	272.893
13.1019	343.824	262.079
13.1077	345.616	261.928
13.1135	337.917	266.045
13.1193	345.616	267.741
13.1251	346.016	267.895
13.1309	338.308	268.05	359.254
13.1367	345.616	266.969	356.772
13.1425	338.895	260.871	355.743
13.1483	336.943	257.577	351.86
13.1541	341.844	245.945	353.49
13.1599	340.268	245.094	349.43
13.1657	353.49	255.502	349.43
13.1715	346.816	247.084	349.027
13.1773	347.217	248.372	347.217
13.1831	347.618	250.389	348.422
13.1889	345.018	247.942	345.217
13.1947	344.221	238.53	344.619
13.2005	346.016	236.745	347.217
13.2063	348.825	241.302	347.819
13.2122	349.632	349.43
13.218	350.238	350.643
13.2238	349.228
13.2296	349.027
13.2354	348.02
13.2412	347.217
13.247	343.229
13.2528	346.415
13.2586	341.449
13.2644	335.777
13.2702	332.304
13.276	336.748
13.2818	347.819
13.2876	356.566
13.2934	358.632
13.2992	357.391
13.305	352.471
13.3108	334.036
13.3166	324.714
13.3224	323.591
13.3283
13.3341
13.3399
13.3457
13.3515
13.3573	342.239
13.3631	337.527
13.3689	343.427
13.3747	361.126
13.3805	360.709
13.3863	354.103
13.3921	348.825
13.3979	345.816
13.4037	340.661
13.4095	337.527
13.4153	343.229
13.4211	339.482
13.4269	343.229
13.4327	345.816
13.4385	346.016
13.4444	348.825
13.4502	346.816
13.456	330.581
13.4618	356.155
13.4676
13.4734
13.4792
13.485
13.4908	323.217
13.4966	331.537
13.5024	340.071
13.5082	342.832
13.514	345.018
13.5198	346.016
13.5256	347.819
13.5314	343.229
13.5372	341.844
13.543	346.215
13.5488	344.023
13.5546	347.217
13.5605	345.217
13.5663	340.858	690.035
13.5721	339.679	688.045
13.5779	338.699	682.898
13.5837	332.304	672.719
13.5895	327.351	665.376
13.5953	325.089	650.555
13.6011	324.902	653.568
13.6069	326.03	659.255
13.6127	330.772	671.554
13.6185	334.809	678.181
13.6243	331.346	675.444
13.6301	328.487	654.701
13.6359	323.591	643.826
13.6417	654.323
13.6475	683.293
13.6533	684.478
13.6591	676.225
13.6649	680.535
13.6707	692.831
13.6766	696.04
13.6824	697.247
13.6882	682.898
13.694	699.668
13.6998	698.053	319.505
13.7056	679.357	319.505
13.7114	667.301	320.799
13.7172	656.974	321.17
13.723	655.837	324.527
13.7288	683.687	334.036
13.7346	690.035	342.832
13.7404	344.221
13.7462	342.437
13.752	342.832
13.7578	345.217
13.7636	344.42
13.7694	349.43
13.7752	353.082
13.781	341.449
13.7868	338.895
13.7927	337.917
13.7985	338.503
13.8043	335.777
13.8101	335.196
13.8159	332.304
13.8217	333.65
13.8275	335.583
13.8333	337.332
13.8391	336.748
13.8449	340.464
13.8507	344.023
13.8565	344.42
13.8623	343.031
13.8681	346.215
13.8739	347.618	697.247
13.8797	348.422	698.053
13.8855	345.217	681.322
13.8913	341.252	678.181
13.8971	340.071	667.686
13.9029	341.646	661.544
13.9088	333.458	660.398
13.9146	332.304	651.683
13.9204	338.112	658.494
13.9262	341.252	676.225
13.932	345.018	692.031
13.9378	340.268	677.007
13.9436	342.041	677.789
13.9494	341.449	686.457
13.9552	671.942
13.961	669.617
13.9668	661.162
13.9726	676.225
13.9784	681.322
13.9842
13.99	333.843
13.9958	328.677
14.0016	326.03
14.0074	325.841
14.0132	331.729
14.019	335.196
14.0249	339.875
14.0307	332.304
14.0365	341.055
14.0423	342.832
14.0481	340.071
14.0539	343.229
14.0597	342.437
14.0655	343.625
14.0713	341.449
14.0771	340.268
14.0829	342.239
14.0887	339.286
14.0945	333.458
14.1003	335.002
14.1061	338.699
14.1119	341.646
14.1177	345.616
14.1235	339.875
14.1293	336.554	335.196
14.1351	334.036	335.971
14.141	335.583	335.002
14.1468	341.252	340.661
14.1526	348.624	348.02
14.1584	347.819
14.1642	346.016
14.17	344.023
14.1758	341.844
14.1816	342.832
14.1874	337.137
14.1932	339.679
14.199	332.688
14.2048	321.17
14.2106	317.298
14.2164	317.848
14.2222	326.595
14.228	327.918
14.2338	331.346
14.2396	344.619
14.2454	345.217
14.2512	336.554	312.388
14.2571	332.304	308.265
14.2629	335.971	324.339
14.2687	340.661	322.471
14.2745	324.152
14.2803	339.286
14.2861	339.09
14.2919	340.661
14.2977	339.482
14.3035	340.661
14.3093	341.449
14.3151	342.239
14.3209	340.464
14.3267	341.252
14.3325	339.482
14.3383	336.943
14.3441	328.677
14.3499	320.614
14.3557	330.963
14.3615	336.943
14.3673	330.199
14.3732	326.595
14.379	328.487
14.3848	333.65
14.3906	339.09
14.3964	334.422
14.4022	332.304
14.408	332.688
14.4138	333.65
14.4196	330.009
14.4254	323.778
14.4312	321.541	324.339
14.437	318.951	319.874
14.4428	322.471	321.17
14.4486	329.437	326.407
14.4544	329.818	328.108
14.4602	331.346	329.818
14.466	330.39	331.346
14.4718	333.458	333.843
14.4776	337.917	337.332
14.4834	336.554	337.332
14.4893	334.422	337.332
14.4951	338.699	341.252
14.5009	345.416	346.415
14.5067	345.616	346.016
14.5125	343.824
14.5183	337.527
14.5241	335.971
14.5299	339.679
14.5357	341.252
14.5415	337.917
14.5473	334.036
14.5531	334.422
14.5589	330.39
14.5647	326.218
14.5705	332.304
14.5763	334.809
14.5821	324.152
14.5879	328.677
14.5937	325.841	343.031
14.5995	331.729	330.772
14.6054	331.346	328.677
14.6112	331.537	350.036
14.617	330.39	345.416
14.6228	341.646	344.221
14.6286	343.427	340.268
14.6344	339.286	340.268
14.6402	342.239	337.722
14.646	336.554	337.137
14.6518	337.722	337.917
14.6576	335.777	337.917
14.6634	344.42	338.699
14.6692	338.308	338.895
14.675	339.679	339.09
14.6808	339.875	339.875
14.6866	340.464
14.6924	341.055
14.6982	343.625
14.704	343.229	341.844
14.7098	341.844	343.031
14.7156	337.722	364.058
14.7215	338.699	366.379
14.7273	340.268	369.141
14.7331	343.625	374.077
14.7389	344.221	383.485
14.7447	341.252	389.513
14.7505	338.112	403.016	673.886
14.7563	337.332	408.878	680.142
14.7621	338.699	410.061	679.75
14.7679	340.858	414.586	685.269
14.7737	341.449	413.868	688.841
14.7795	342.239	411.484	686.061
14.7853	339.875	420.373	678.573
14.7911	338.112	406.993	675.444
14.7969	335.777	416.987	671.554
14.8027	333.843	412.198	664.608
14.8085	334.615	412.674	665.761
14.8143	332.688	410.535	666.915	369.567
14.8201	332.688	410.297	663.841	395.407
14.8259	332.688	411.96	663.074	393.811
14.8317	329.437	425.503	661.926	391.995
14.8376	326.407	422.32	652.813	383.928
14.8434	325.841	434.444	648.678	376.679
14.8492	321.541	421.589	639.009	369.994
14.855	331.537	639.009	360.709
14.8608	331.537	689.239	353.899
14.8666	344.023	686.061	348.221
14.8724	335.583	678.573	338.503
14.8782	331.92	332.112
14.884	327.162	327.162
14.8898	324.339	319.689
14.8956	317.298	313.834
14.9014	335.389	308.087
14.9072	334.229	300.355	334.036
14.913	329.057	295.707	330.772
14.9188	329.247	290.292	329.057
14.9246	339.09	285.634	323.03
14.9304	278.627	322.099
14.9362	272.421	324.902	655.458
14.942	267.586	329.628	670.391
14.9478	266.969	336.165	680.535
14.9537	260.269	338.112	678.181
14.9595	276.703	337.137	685.665
14.9653	276.543	334.422	686.061
14.9711	279.918	328.867	690.035
14.9769	344.818	692.031
14.9827	336.554	699.264
14.9885	336.554	702.503
14.9943	346.816	704.128
15.0001	347.819	705.349
15.0059	348.825	699.668
15.0117	348.624	697.247
15.0175	346.215	692.831
15.0233	349.027	688.045
15.0291	347.618	685.269
15.0349	338.112	675.835
15.0407	338.308	680.535
15.0465	339.09	675.835
15.0523	335.196	670.391
15.0581	328.677	665.376	472.398
15.0639	333.65	680.929	471.036
15.0697	325.277	668.072	470.764	235.926
15.0756	342.041	643.454	470.492	235.246
15.0814	335.389	646.061	474.86	235.11
15.0872	641.969	476.509	236.609
15.093	646.434	477.887	239.22
15.0988	656.595	480.656	239.773
15.1046	685.665	481.211	240.884
15.1104	483.44	242.139
15.1162	489.057	243.401
15.122	490.755	247.799
15.1278	493.028	246.229
15.1336	496.744	248.085
15.1394	499.333	250.1
15.1452	500.199	250.389
15.151	502.226	251.258
15.1568	506.011	253.298
15.1626	509.826	254.913
15.1684	512.483	256.686
15.1742	514.856	258.173
15.18	519.637	259.369
15.1859	519.637	261.022
15.1917	521.742	261.626
15.1975	528.109	263.141
15.2033	530.555	266.045
15.2091	524.159	261.323
15.2149	525.068	261.323
15.2207	540.141	274.316
15.2265	522.345	274.316
15.2323	516.942	285.8
15.2381	512.483	281.052
15.2439	293.495
15.2497
15.2555	386.599
15.2613	388.389
15.2671	392.675
15.2729	394.266
15.2787	397.009
15.2845	399.77
15.2903	400.463	805.566
15.2961	406.054	812.576
15.3019	403.249	810.233
15.3078	397.467	804.636
15.3136	399.308	800.002
15.3194	397.238	800.002
15.3252	399.078	806.964
15.331	396.55	806.498
15.3368	391.091	792.185
15.3426	384.15	771.859
15.3484	379.08	768.744
15.3542	372.138	743.846
15.36	365.533	723.505
15.3658	357.598	709.025
15.3716	354.103	692.831
15.3774	342.437	683.687
15.3832	339.09	676.616
15.389	333.65	670.779
15.3948	331.346	665.376
15.4006	328.867	658.874
15.4064	328.487	655.458	982.645
15.4122	326.595	653.945	977.55
15.418	325.089	650.555	972.481
15.4239	324.152	646.808	971.92
15.4297	322.844	643.454	969.676
15.4355	322.658	645.688	967.439
15.4413	321.913	644.198	965.764
15.4471	321.913	642.34	965.206
15.4529	321.355	639.748	963.535
15.4587	321.913	642.711	972.481
15.4645	324.339	644.942	976.421
15.4703	325.841	648.304	979.245
15.4761	325.277	650.93	971.92
15.4819	323.404	648.304	969.676
15.4877	325.653	649.053	979.811
15.4935	325.465	647.93	985.487
15.4993	321.913	647.555	998.09
15.5051	322.844	648.304	980.377
15.5109	328.297	654.323	987.766
15.5167	331.537	660.398	999.244
15.5225	332.88	671.166	1009.69
15.5283	318.032	675.835	990.052
15.5341	320.429	669.617	959.093
15.54	659.255	973.605
15.5458	664.224	961.311
15.5516	638.271	947.529
15.5574	949.172
15.5632	932.866
15.569	891.254
15.5748	896.417
15.5806	877.462
15.5864	942.616
15.5922	958.539
15.598	969.676	330.199
15.6038	973.605	326.973
15.6096	989.48	324.902
15.6154	998.09	326.03
15.6212	994.637	327.918
15.627	971.92	326.973
15.6328	971.358	326.973
15.6386	968.557	330.39
15.6444	974.168	332.304
15.6502	975.857	332.496
15.6561	966.322	330.581
15.6619	979.245	326.407
15.6677	984.918	326.973
15.6735	987.196	330.199
15.6793	971.92	327.729
15.6851	980.377	326.218
15.6909	982.077	327.918
15.6967	947.529	327.918
15.7025	938.812	324.714
15.7083	974.168	324.902
15.7141	991.769	322.471
15.7199	321.17
15.7257	319.689
15.7315	318.951
15.7373	319.32
15.7431	317.848
15.7489	310.768
15.7547	311.127
15.7605	311.847
15.7663	305.782
15.7722	299.662
15.778	297.592
15.7838	296.905
15.7896	290.795
15.7954	302.444
15.8012	301.572
15.807
15.8128
15.8186
15.8244
15.8302
15.836
15.8418
15.8476
15.8534
15.8592
15.865
15.8708	325.277
15.8766	329.437
15.8824	327.918
15.8883	324.339
15.8941	323.03
15.8999	324.527
15.9057	322.099
15.9115	324.902
15.9173	323.778
15.9231	316.565
15.9289	316.931
15.9347	313.11
15.9405	317.298
15.9463	318.215
15.9521	327.54
15.9579	321.541
15.9637	314.56
15.9695	324.527
15.9753	328.108
15.9811	329.628
15.9869
15.9927	318.767
15.9985	322.285
16.0044	326.595
16.0102	327.54
16.016	328.487
16.0218	329.437
16.0276	325.841
16.0334	331.154
16.0392	330.39
16.045	325.841
16.0508	328.677
16.0566	325.089
16.0624	320.429	647.555
16.0682	321.17	643.826
16.074	318.032	649.804
16.0798	318.399	650.555
16.0856	321.541	645.688
16.0914	318.951	638.64
16.0972	312.568	626.22
16.103	308.799	620.459
16.1088	305.253	608.042
16.1146	315.106	609.096
16.1205	302.095	582.263
16.1263	307.731	577.24
16.1321	318.583	572.59
16.1379	327.162	574.247
16.1437	595.872
16.1495
16.1553
16.1611
16.1669
16.1727
16.1785
16.1843
16.1901
16.1959	331.729
16.2017	330.772
16.2075	319.689	633.863
16.2133	316.383	622.973
16.2191	312.027	625.497
16.2249	323.591	633.131
16.2307	319.32	630.94
16.2366	318.399	633.131
16.2424	321.355	644.198
16.2482	322.844	649.053
16.254	326.973	647.555
16.2598	327.351	650.93
16.2656	326.03	656.974
16.2714	325.465	650.555
16.2772	325.277	649.804
16.283	325.089	651.683
16.2888	323.965	648.304
16.2946	322.099	639.748
16.3004	321.913	644.942
16.3062	323.778	656.974
16.312	325.277	656.974
16.3178	319.505	635.329
16.3236	316.565	631.67
16.3294	318.767	629.121
16.3352	315.47	627.669
16.341	319.505	631.67
16.3468	317.114	631.305
16.3527	322.471	630.212
16.3585	319.32	619.028
16.3643	310.947	653.568
16.3701	307.731	638.271
16.3759	317.298	638.64
16.3817	320.059	655.458
16.3875	318.215	658.874
16.3933	328.677	644.198
16.3991	325.465	644.942
16.4049	322.844	660.398
16.4107	328.297	655.837
16.4165	328.108	650.179
16.4223	324.902	648.678
16.4281	321.541	640.117
16.4339	314.016	628.758
16.4397	313.472	621.535
16.4455	318.583	633.497
16.4513	327.162	644.57
16.4571	319.505	620.101
16.4629	319.874	611.211
16.4688	316.931
16.4746	304.548
16.4804	321.913
16.4862
16.492
16.4978
16.5036
16.5094
16.5152	321.541
16.521	318.032
16.5268	309.335
16.5326	304.9
16.5384	306.666
16.5442	310.588
16.55	312.388
16.5558	315.288
16.5616	318.583	637.903
16.5674	319.136	637.903
16.5732	319.32	637.166
16.579	319.874	648.304
16.5849	318.951	649.053
16.5907	321.541	648.304
16.5965	314.56	634.962
16.6023	312.388	633.497
16.6081	311.307	628.758
16.6139	307.553	625.497
16.6197	305.782	625.497
16.6255	305.429	615.818
16.6313	307.731	613.687
16.6371	312.929	632.4
16.6429	320.614	639.379
16.6487	335.002	636.798
16.6545	315.835	634.595
16.6603	313.11	612.625
16.6661	310.051	610.505
16.6719	307.553	613.687
16.6777	307.376	614.397
16.6835	638.64	319.136
16.6893	654.323	318.583
16.6951	643.082	318.767
16.701	317.481
16.7068	312.929
16.7126	316.748
16.7184	318.767
16.7242	316.748
16.73	313.834
16.7358	308.621
16.7416	305.959
16.7474	305.605
16.7532	310.051
16.759	311.847
16.7648	318.215
16.7706	324.152
16.7764	324.527
16.7822	309.514
16.788	321.17
16.7938	327.918	295.707
16.7996	336.943	303.845
16.8054	354.308	324.902
16.8112	333.265
16.8171	336.748
16.8229	329.628
16.8287	330.963
16.8345	330.581
16.8403	331.729
16.8461	328.297
16.8519	327.351
16.8577	327.729
16.8635	325.089
16.8693	321.727
16.8751	322.471
16.8809	319.32
16.8867	316.748
16.8925	313.653
16.8983	315.288
16.9041	314.197
16.9099	310.768
16.9157	311.847
16.9215	309.872
16.9273	312.568
16.9332	315.652
16.939	313.653	314.742
16.9448	314.197	314.924
16.9506	313.11	326.784
16.9564	307.198	336.748
16.9622	316.383	316.931
16.968	315.47	317.114
16.9738	315.835	317.664
16.9796	315.288	321.17
16.9854	309.693	316.565
16.9912	311.667	317.664
16.997	312.749	315.652
17.0028	317.664	318.583
17.0086	318.032	319.32
17.0144	320.059	320.799
17.0202	321.355	321.913
17.026	320.614	321.541
17.0318	319.874	321.913
17.0376	317.481	321.727
17.0434	319.136	320.059
17.0493	318.767
17.0551	317.848
17.0609	318.583
17.0667	316.383
17.0725	317.481
17.0783	316.2
17.0841	316.748
17.0899	322.471
17.0957	324.339
17.1015	320.984
17.1073	318.767
17.1131	321.541
17.1189	317.298	308.978
17.1247	310.409	312.027
17.1305	325.465	327.729
17.1363	324.714
17.1421	320.244
17.1479	318.951
17.1537	316.017
17.1595	313.834
17.1654	312.749
17.1712	313.834
17.177	316.017
17.1828	316.931
17.1886	316.383
17.1944	319.505
17.2002	320.059
17.206	320.614
17.2118	321.541	641.969
17.2176	324.152	643.826
17.2234	326.03	628.758
17.2292	324.902	633.863
17.235	328.677	637.166
17.2408	322.285	633.131
17.2466	320.799	641.228
17.2524	326.03	643.082
17.2582	326.218	644.198
17.264	324.902	645.688
17.2698	322.099	640.487
17.2756	319.505	637.166
17.2815	320.244	632.035
17.2873	322.844	629.484
17.2931	317.114	627.306
17.2989	315.835	632.035
17.3047	314.742	628.394
17.3105	317.298	632.765
17.3163	319.874	640.487
17.3221	319.689	640.487
17.3279	319.505	641.228
17.3337	320.614	634.962
17.3395	314.742	628.031
17.3453	313.291	624.054
17.3511	308.621	612.271
17.3569	298.971	628.031
17.3627	297.42	602.448
17.3685	291.131	616.53
17.3743	285.8	615.107
17.3801	286.13	623.333
17.3859	292.311	618.67
17.3917	279.433	633.131
17.3976	281.865	636.063
17.4034	281.539	643.826
17.4092	279.433
17.415	270.539	362.38
17.4208	270.539	352.878
17.4266	281.865	335.196
17.4324	331.92
17.4382	329.628
17.444	326.595
17.4498	320.614
17.4556	318.399
17.4614	321.355
17.4672	323.404
17.473	316.931
17.4788	313.834
17.4846	313.834
17.4904	321.355
17.4962	322.471
17.502	323.778
17.5078	324.339
17.5137	326.03
17.5195	325.841
17.5253	324.902
17.5311	323.965
17.5369	323.404
17.5427	325.465
17.5485	325.277
17.5543	321.355
17.5601	316.017
17.5659	310.23
17.5717	304.372
17.5775	291.468
17.5833	291.468
17.5891
17.5949
17.6007
17.6065
17.6123
17.6181
17.6239
17.6297
17.6356
17.6414
17.6472
17.653
17.6588
17.6646
17.6704
17.6762
17.682
17.6878	201.624
17.6936	207.053
17.6994	201.159
17.7052	201.857
17.711	202.441
17.7168	204.203
17.7226	206.934
17.7284	211.038
17.7342	217.85
17.74	221.019
17.7458	223.587
17.7517	228.549
17.7575	232.813
17.7633	235.518
17.7691	235.11
17.7749	234.839
17.7807	230.272
17.7865	219.492	347.016
17.7923	219.112	348.624
17.7981	226.97	372.568
17.8039	227.89	379.518
17.8097	226.446	382.379
17.8155	230.139	385.484
17.8213	235.654	400.695
17.8271	238.806	406.758
17.8329	230.671	408.642
17.8387	241.58	405.819
17.8445	241.86	405.819
17.8503	234.703	406.993
17.8561	235.518	406.758
17.8619	239.082	406.054
17.8678	230.405	403.016
17.8736	233.756	397.467
17.8794	238.944	394.95
17.8852	242.279	395.635
17.891	239.22	388.614
17.8968	241.999	395.635
17.9026	229.608	388.389
17.9084	229.21	378.205	357.185
17.9142	374.726	361.335
17.92	366.803	364.901
17.9258	368.501	368.289
17.9316	369.781	370.636
17.9374	374.077	371.279
17.9432	372.783	372.999
17.949	374.51	374.51
17.9548	378.861	379.08
17.9606	381.276	381.276
17.9664	381.717	381.938
17.9722	383.042
17.9781	384.594
17.9839	384.816
17.9897	383.485	346.816
17.9955	382.6	346.215
18.0013	380.616	344.42
18.0071	379.518	340.661
18.0129	378.643	342.437
18.0187	376.027	340.858
18.0245	371.065	334.809
18.0303	367.014	327.351
18.0361	362.38	323.965
18.0419	357.185	325.841
18.0477	349.43	324.714
18.0535	342.437	337.917
18.0593	337.722	335.196
18.0651	330.199	331.154
18.0709	330.009	330.772
18.0767	326.973	327.918
18.0825	325.653	326.407
18.0883	321.913	321.727
18.0941	316.565	321.541
18.1	309.693	308.978
18.1058	316.383	317.298	346.016
18.1116	316.565	316.2	346.415
18.1174	310.588	309.335	346.215
18.1232	308.443	307.198	347.016
18.129	295.537	302.095	344.619
18.1348	292.48	298.971	344.619
18.1406	295.195	297.764	344.818
18.1464	287.954	306.489	343.625
18.1522	304.724	342.832
18.158	313.472	342.832
18.1638	318.767	342.239
18.1696	314.742	340.858
18.1754	310.409	339.875
18.1812	338.895
18.187	338.308
18.1928	338.308
18.1986	340.268
18.2044	337.137
18.2102	337.137
18.2161	338.112
18.2219	337.527
18.2277	339.482
18.2335	339.286
18.2393	338.503
18.2451	337.917
18.2509	336.165
18.2567	334.809
18.2625	333.843
18.2683	333.458
18.2741	327.918
18.2799	326.218
18.2857	325.653
18.2915	323.03
18.2973	337.527
18.3031	333.458
18.3089	341.646
18.3147	339.482
18.3205	345.018
18.3263	343.824
18.3322	348.221
18.338	347.819
18.3438	346.215
18.3496
18.3554
18.3612
18.367
18.3728
18.3786	355.127
18.3844	342.832
18.3902	358.011
18.396	350.036
18.4018	346.215
18.4076	344.221
18.4134	341.449
18.4192	339.09
18.425	335.777
18.4308	335.196
18.4366	334.615
18.4424	334.809
18.4483	334.036
18.4541	333.843
18.4599	344.023
18.4657	337.917
18.4715	339.679
18.4773	342.437
18.4831	355.538
18.4889	335.583
18.4947	335.196
18.5005	334.422
18.5063	326.973
18.5121	334.615
18.5179	335.777
18.5237	342.239
18.5295	345.217
18.5353	347.819
18.5411	346.816
18.5469	348.825
18.5527	349.027
18.5585	347.417
18.5644	347.016	646.061
18.5702	347.217	692.031
18.576	339.482	683.293
18.5818	332.304	679.357
18.5876	331.346	678.965
18.5934	329.628	677.789
18.5992	330.581	675.054
18.605	330.39	675.054
18.6108	327.162	652.06
18.6166	325.841	643.454
18.6224	320.429	651.307
18.6282	325.841	660.017
18.634	331.154	658.114
18.6398	326.595	664.992
18.6456	330.39	658.114
18.6514	330.963	658.874
18.6572	665.376
18.663	660.398
18.6688	662.691	358.425
18.6746	655.458	351.657
18.6805	664.608	346.016
18.6863	671.166	343.427
18.6921	671.166	342.634
18.6979	653.945	344.818
18.7037	351.657
18.7095	362.171
18.7153	379.738	310.23
18.7211	357.598	305.253
18.7269	349.228	325.277
18.7327	345.416	323.03
18.7385	345.416	325.089
18.7443	344.023	327.351
18.7501	338.112
18.7559	337.722
18.7617	339.482
18.7675	339.482
18.7733	343.625
18.7791	341.055
18.7849	341.844
18.7907	341.844
18.7966	340.661
18.8024	340.268
18.8082	341.055
18.814	337.722
18.8198	338.112
18.8256	337.917
18.8314	334.422
18.8372	335.002
18.843	333.073
18.8488	334.615
18.8546	335.583
18.8604	331.346
18.8662	329.818
18.872	330.772	677.398
18.8778	330.39	688.045
18.8836	332.88	671.554
18.8894	340.858	684.873
18.8952	343.824	685.665
18.901	343.229	682.898
18.9068	343.824	685.269
18.9127	344.619	687.251
18.9185	342.832	686.457
18.9243	344.818	685.269
18.9301	343.031	686.854
18.9359	341.646	680.535
18.9417	337.137	674.275
18.9475	335.971	666.53
18.9533	329.437	655.837
18.9591	337.137	669.231
18.9649	339.875	671.942
18.9707	339.875	675.835
18.9765	337.527	678.965
18.9823	339.679	678.181
18.9881	347.417	672.33
18.9939	350.441	659.255
18.9997	343.824	688.443
19.0055	339.679	680.142
19.0113	684.082
19.0171	685.269
19.0229	686.457
19.0288	695.236
19.0346	681.322
19.0404	656.216	341.252
19.0462	646.061	341.252
19.052	337.917
19.0578	337.527
19.0636	335.777
19.0694	334.615
19.0752	334.036	649.053
19.081	331.346	666.915
19.0868	332.688	669.617
19.0926	335.196	674.275
19.0984	334.229	674.664
19.1042	335.389	675.444
19.11	334.809	672.33
19.1158	334.229	670.779
19.1216	334.809	667.686
19.1274	331.92	664.224
19.1332	333.65	661.926
19.139	332.688	665.761
19.1449	333.265	668.072
19.1507	334.229	668.844
19.1565	335.777	670.779
19.1623	336.359	672.33
19.1681	337.137	673.886
19.1739	335.583	673.107
19.1797	335.583	673.496
19.1855	337.137	677.398
19.1913	337.722	676.225
19.1971	338.895	679.75
19.2029	338.112	678.573	741.701
19.2087	337.917	677.789	750.752
19.2145	337.917	677.007	753.794
19.2203	338.308	676.225	759.475
19.2261	339.09	677.789	761.232
19.2319	338.699	677.007	763.434
19.2377	338.503	678.965	765.642
19.2435	337.137	676.225	765.642
19.2493	336.554	672.33	764.317
19.2551	336.554	672.33	763.875
19.261	336.748	671.942	760.793
19.2668	336.943	672.33	765.2
19.2726	335.971	673.107	756.411
19.2784	335.777	673.496	747.291
19.2842	335.971	671.554	748.155
19.29	336.943	670.004	742.558
19.2958	334.615	670.004	732.758
19.3016	334.229	668.072	724.76
19.3074	334.036	670.004	749.885
19.3132	337.332	659.636	741.701	394.039
19.319	333.458	676.616	768.3	420.859
19.3248	335.196	671.166	795.394	405.819
19.3306	334.809	668.072	791.727	413.868
19.3364	334.809	667.686	796.774	420.13
19.3422	334.229	663.074	791.27	433.441
19.348	336.165	667.686	787.622	435.701
19.3538	334.809	661.926	787.167	435.952
19.3596	334.229	662.309	776.779	438.224
19.3654	333.65	665.761	774.986	440
19.3712	334.422	670.391	775.882	443.06
19.3771	335.002	669.231	771.413	445.37
19.3829	334.809	670.004	779.475	445.627
19.3887	336.359	675.444	778.126	448.209
19.3945	337.722	675.444	776.33	446.658
19.4003	334.229	682.11	778.126	445.113
19.4061	336.165	684.873	779.926	444.599
19.4119	336.943	683.687	792.185	440.254
19.4177	336.359	690.035	779.926	438.478
19.4235	340.464	709.845	804.172	437.719
19.4293	337.527	707.798	843.178	435.701
19.4351	338.699	729.38	847.573	433.942
19.4409	341.055	736.152	855.442	430.945
19.4467	341.646	755.538	850.515	425.749
19.4525	345.416	759.475	817.756	418.919
19.4583	351.251	777.228	823.444	415.785
19.4641	354.513	772.751	809.765	409.824
19.4699	359.669	755.101	783.538	405.117
19.4757	365.745	404.415
19.4815	374.51	391.543
19.4873	381.938	387.493
19.4932	381.056	380.616
19.499	379.08	374.294
19.5048	372.353	370.636
19.5106	385.039	383.042
19.5164	369.141	380.616
19.5222	361.962	396.779
19.528	358.218	394.95
19.5338	353.286	396.779
19.5396	346.215	397.927
19.5454	339.679	391.317
19.5512	339.875	389.738
19.557	339.482	382.821
19.5628	338.895	379.299
19.5686	336.165	371.493
19.5744	336.554	365.745
19.5802	338.308	360.918
19.586	338.503	343.824
19.5918	344.619	344.619
19.5976	341.449	341.252
19.6034	342.634	342.832
19.6093	344.42	344.42
19.6151	343.824	344.023
19.6209	343.625	343.625
19.6267	344.221	344.221
19.6325	343.625	343.427
19.6383	344.023	343.824
19.6441	343.427	343.229
19.6499	341.449	341.449
19.6557	338.112	338.308
19.6615	339.09	333.843
19.6673	330.009	333.65	342.437
19.6731	321.355	324.714	345.816
19.6789	317.848	317.114	347.016
19.6847	313.834	344.42
19.6905	300.702	344.221
19.6963	299.143	346.016
19.7021	294.174	341.449
19.7079	291.3	338.699
19.7137	291.131	335.196
19.7195	333.265	290.292
19.7254	330.009	291.636
19.7312	328.867	594.497	291.3
19.737	326.784	622.973	296.905
19.7428	324.714	603.144	300.529
19.7486	320.614	606.288	305.782
19.7544	315.47	622.973	310.588
19.7602	313.653	630.212	312.749
19.766	314.924	628.758	314.56
19.7718	315.652	630.94	315.47
19.7776	316.2	631.67	316.017
19.7834	317.114	633.131	317.481
19.7892	317.664	634.229	317.848
19.795	318.032	636.063	318.215
19.8008	317.848	636.431	318.032
19.8066	318.032	637.535	318.215
19.8124	637.166	318.399
19.8182	636.063	318.215
19.824	637.903	318.583
19.8298	637.535	319.505
19.8356	635.696	318.399
19.8415	636.063	318.767
19.8473	633.497	316.931
19.8531	637.166	316.565
19.8589	635.329	316.931
19.8647	633.497	316.565
19.8705	633.131	316.383
19.8763	633.497	317.114
19.8821	636.431	317.848
19.8879	637.166	318.399
19.8937	636.798	318.215
19.8995	638.271	319.136
19.9053	639.379	320.614
19.9111	639.748	320.799
19.9169	637.903	321.913
19.9227	643.826	322.099
19.9285	644.942	322.844
19.9343	640.117	323.03
19.9401	642.34	321.727
19.9459	642.34	320.984
19.9517	639.379	320.244
19.9576	640.117	320.244
19.9634	642.34	322.099
19.9692	648.304	323.217
19.975	650.93	324.714
19.9808	651.307	325.277
19.9866	649.053	324.527
19.9924	648.304	323.778
19.9982	647.555	323.217
20.004	642.34	320.429
20.0098	634.962	316.748
20.0156	617.956	311.307
20.0214	637.166	319.689
20.0272	624.775	324.714
20.033	629.848	315.47
20.0388	644.198	318.215
20.0446	319.874
20.0504	322.471
20.0562	320.799
20.062	318.583	697.65
20.0678	316.383	650.555
20.0737	639.379
20.0795	641.228
20.0853	633.497
20.0911	630.576
20.0969	641.969
20.1027	648.678
20.1085	651.683
20.1143	645.315
20.1201	638.271
20.1259	636.798
20.1317	629.484
20.1375	630.94
20.1433	648.304
20.1491	632.035
20.1549	637.903
20.1607	639.009
20.1665	644.942
20.1723	644.57
20.1781	636.063
20.1839	643.082
20.1898	639.379
20.1956	627.306
20.2014	638.271
20.2072	636.798
20.213	635.329
20.2188	640.117
20.2246	643.454
20.2304	638.64
20.2362	626.582
20.242	627.306
20.2478	634.595
20.2536	639.748
20.2594	644.198
20.2652	632.4
20.271	639.748
20.2768
20.2826
20.2884
20.2942
20.3
20.3058
20.3117
20.3175
20.3233
20.3291
20.3349
20.3407
20.3465
20.3523
20.3581
20.3639
20.3697
20.3755
20.3813
20.3871
20.3929
20.3987
20.4045
20.4103
20.4161
20.4219
20.4278
20.4336
20.4394
20.4452
20.451
20.4568
20.4626
20.4684
20.4742
20.48
20.4858
20.4916
20.4974
20.5032
20.509
20.5148
20.5206
20.5264
20.5322
20.538
20.5439
20.5497
20.5555
20.5613
20.5671
20.5729
20.5787
20.5845
20.5903
20.5961
20.6019
20.6077
20.6135
20.6193
20.6251
20.6309
20.6367
20.6425
20.6483
20.6542
20.66
20.6658
20.6716
20.6774
20.6832
20.689
20.6948
20.7006
20.7064
20.7122
20.718
20.7238
20.7296
20.7354
20.7412
20.747
20.7528
20.7586
20.7644
20.7702
20.7761
20.7819
20.7877
20.7935
20.7993
20.8051
20.8109
20.8167
20.8225
20.8283
20.8341
20.8399
20.8457
20.8515
20.8573
20.8631
20.8689
20.8747
20.8805
20.8863
20.8922
20.898
20.9038
20.9096
20.9154
20.9212
20.927
20.9328
20.9386
20.9444
20.9502
20.956
20.9618
20.9676
20.9734
20.9792
20.985
20.9908
20.9966
21.0024
21.0083
21.0141
21.0199
21.0257
21.0315
21.0373
21.0431
21.0489
21.0547
21.0605
21.0663
21.0721
21.0779
21.0837
21.0895
21.0953
21.1011
21.1069
21.1127
21.1185
21.1244
21.1302
21.136
21.1418
21.1476
21.1534
21.1592
21.165
21.1708
21.1766
21.1824
21.1882
21.194
21.1998
21.2056
21.2114
21.2172
21.223
21.2288
21.2346
21.2405
21.2463
21.2521
21.2579
21.2637
21.2695
21.2753
21.2811
21.2869
21.2927
21.2985
21.3043
21.3101
21.3159
21.3217
21.3275
21.3333
21.3391
21.3449
21.3507
21.3566
21.3624	431.443
21.3682	409.114
21.374	430.696
21.3798	429.95
21.3856	421.833
21.3914	426.487
21.3972	428.463
21.403	428.463
21.4088	429.702
21.4146	432.191
21.4204	434.444
21.4262	435.449
21.432	436.961
21.4378	437.466
21.4436	436.961
21.4494	435.197
21.4552	433.191
21.461	429.454
21.4668	426.981
21.4727	424.276
21.4785	422.32
21.4843	420.373
21.4901	415.065
21.4959	410.297
21.5017	412.674
21.5075	409.824
21.5133	406.523
21.5191	401.158
21.5249	396.321
21.5307	394.039
21.5365	394.266
21.5423	396.321
21.5481	396.092
21.5539	392.675
21.5597
21.5655
21.5713
21.5771
21.5829	374.294
21.5888	369.994
21.5946	366.591
21.6004	365.322
21.6062	367.651
21.612	374.294
21.6178	364.479
21.6236	367.863
21.6294	361.962
21.6352	360.085
21.641	361.126
21.6468	358.425
21.6526	362.38
21.6584	360.501
21.6642	371.708
21.67	380.616
21.6758	396.779
21.6816	400.695
21.6874	397.238
21.6932	399.078
21.699	387.493
21.7049	386.822	384.15
21.7107	391.543	393.584
21.7165	393.811	396.779
21.7223	397.467	396.779
21.7281	398.387	396.55
21.7339	397.927	396.321
21.7397	395.864	395.407
21.7455	393.584	394.266
21.7513	392.449	393.129	786.713
21.7571	391.769	391.995	783.086
21.7629	390.188	780.376
21.7687	387.046	778.575
21.7745	384.816	774.091
21.7803	381.717	766.084
21.7861	380.836	764.317
21.7919	378.205	755.101
21.7977	376.027	753.794
21.8035	374.943	750.319
21.8093	369.141	737.429
21.8151	365.322	730.645
21.821	361.962	722.67
21.8268	358.425	714.782
21.8326	356.155	711.487
21.8384	352.064	704.128
21.8442	345.616	692.031
21.85	341.449	682.898
21.8558	339.482	673.107
21.8616	331.154	660.398
21.8674	323.778	650.93
21.8732	284.646	642.711
21.879	274.316	623.333
21.8848	299.835	685.269
21.8906	286.792	681.322	920.023	337.137
21.8964	313.291	681.322	932.866	315.106
21.9022	679.357	917.37	301.572
21.908	657.354	909.456	302.794
21.9138	669.617	901.61	299.316
21.9196	888.171	295.537
21.9254	883.055	292.649
21.9312	877.462	290.292
21.9371	872.408	287.621
21.9429	861.89	286.792
21.9487	857.916	285.47
21.9545	851.498	284.482
21.9603	863.385	283.825
21.9661	851.99	281.214
21.9719	849.043	280.403
21.9777	851.006	281.214
21.9835	859.901	274.316
21.9893	901.61	272.893
21.9951	912.086	272.263
22.0009	877.462	280.89
22.0067	921.087	280.89
22.0125	920.023	294.174
22.0183	918.43	291.805
22.0241	919.492
22.0299	909.456
22.0357	922.151
22.0415	907.357
22.0473	906.309
22.0532	904.74
22.059	945.342
22.0648	956.327
22.0706	932.328
22.0764	959.093
22.0822	965.764
22.088	960.756
22.0938	961.311
22.0996	992.915
22.1054	975.857
22.1112	949.721
22.117	947.529
22.1228	978.68
22.1286
22.1344
22.1402
22.146
22.1518
22.1576
22.1634
22.1693
22.1751
22.1809
22.1867
22.1925
22.1983
22.2041
22.2099
22.2157
22.2215
22.2273
22.2331
22.2389
22.2447
22.2505
22.2563
22.2621
22.2679
22.2737
22.2795
22.2854
22.2912
22.297
22.3028
22.3086
22.3144
22.3202
22.326
22.3318
22.3376
22.3434
22.3492
22.355
22.3608
22.3666
22.3724
22.3782
22.384
22.3898
22.3956
22.4015
22.4073
22.4131
22.4189
22.4247
22.4305
22.4363
22.4421
22.4479
22.4537
22.4595
22.4653
22.4711
22.4769
22.4827
22.4885
22.4943
22.5001
22.5059
22.5117
22.5176
22.5234
22.5292
22.535
22.5408
22.5466
22.5524
22.5582
22.564
22.5698
22.5756
22.5814
22.5872
22.593
22.5988
22.6046
22.6104
22.6162
22.622
22.6278
22.6336
22.6395
22.6453
22.6511
22.6569
22.6627
22.6685
22.6743
22.6801
22.6859
22.6917
22.6975
22.7033
22.7091
22.7149
22.7207
22.7265
22.7323
22.7381
22.7439
22.7498
22.7556
22.7614
22.7672
22.773
22.7788
22.7846
22.7904
22.7962
22.802
22.8078
22.8136
22.8194
22.8252
22.831
22.8368
22.8426
22.8484
22.8542
22.86
22.8659
22.8717
22.8775
22.8833
22.8891
22.8949
22.9007
22.9065
22.9123
22.9181
22.9239
22.9297
22.9355
22.9413
22.9471
22.9529
22.9587
22.9645
22.9703
22.9761
22.9819
22.9878
22.9936
22.9994	1182.15
23.0052	1203.51
23.011	1195.88
23.0168	1246.67
23.0226	1246.67
23.0284	1238.77
23.0342	1228.79
23.04	1211.88
23.0458	1206.29
23.0516	1209.08	883.055
23.0574	1205.59	881.017
23.0632	1209.08	885.609
23.069	1209.08	912.086
23.0748	1182.83	917.9
23.0806	1125.51	913.668
23.0864	1162.51	918.961
23.0922	1177.38	939.355	290.795
23.098	1192.43	951.368	289.622
23.1039	1215.38	931.789	280.08
23.1097	1214.68	936.105	284.975
23.1155	1200.73	944.796	288.287
23.1213	946.435	288.287
23.1271	967.439	292.818
23.1329	964.092	291.805
23.1387	979.811	292.649
23.1445	992.915	293.665
23.1503	994.637	292.48	319.689
23.1561	988.337	289.455	326.595
23.1619	975.857	280.89	330.009
23.1677	997.514	281.539	330.009
23.1735	966.322	289.12	329.437
23.1793	957.985	284.975	330.39
23.1851	976.985	286.626	332.304
23.1909	956.327	286.295	336.165
23.1967	966.322	276.383	337.917
23.2025	967.439	271.165	339.679
23.2083	1003.29	273.683	324.714
23.2141	987.766	277.023	326.218
23.22	946.982	275.745	340.071
23.2258	277.503	336.748
23.2316	288.62	337.917
23.2374	331.729
23.2432	324.152
23.249	328.487
23.2548	330.009
23.2606	326.218
23.2664	325.089
23.2722	330.009
23.278	324.714
23.2838	320.429
23.2896	323.965
23.2954	336.359
23.3012	336.359
23.307	328.677
23.3128	318.399
23.3186	302.619
23.3244	307.376
23.3302
23.3361
23.3419
23.3477
23.3535
23.3593
23.3651
23.3709
23.3767
23.3825
23.3883
23.3941
23.3999
23.4057
23.4115	332.88
23.4173	327.351
23.4231	331.154
23.4289	324.339
23.4347	326.407
23.4405	326.973
23.4463	330.39
23.4522	333.265
23.458	329.628
23.4638	328.297
23.4696	328.108
23.4754	327.54
23.4812	326.595
23.487	325.841
23.4928	320.984
23.4986	326.595
23.5044	330.009
23.5102	319.32
23.516	315.835
23.5218	315.106
23.5276	314.924
23.5334	313.11
23.5392	322.844
23.545	328.108
23.5508	328.297
23.5566	325.465
23.5624	325.089
23.5683
23.5741
23.5799
23.5857
23.5915
23.5973
23.6031
23.6089
23.6147
23.6205
23.6263
23.6321
23.6379
23.6437	308.978
23.6495	309.514
23.6553	313.11
23.6611	307.909
23.6669	308.621
23.6727	314.924
23.6785	317.664
23.6844	316.748
23.6902	310.051
23.696	306.312
23.7018	315.288
23.7076	317.664
23.7134	318.032
23.7192	309.872
23.725	310.051
23.7308	310.051
23.7366	310.051
23.7424	310.051
23.7482	310.051
23.754
23.7598
23.7656
23.7714
23.7772
23.783
23.7888
23.7946
23.8005
23.8063
23.8121
23.8179
23.8237
23.8295
23.8353
23.8411
23.8469
23.8527
23.8585
23.8643
23.8701
23.8759
23.8817
23.8875
23.8933
23.8991
23.9049
23.9107
23.9166
23.9224	330.581
23.9282	327.918
23.934	330.39
23.9398	330.581
23.9456	332.496
23.9514	324.902
23.9572	331.729
23.963	329.057
23.9688	322.099
23.9746	321.541
23.9804	316.931
23.9862	319.136
23.992	312.929
23.9978	313.11
24.0036	310.768
24.0094	305.959
24.0152	310.051
24.021	294.004
24.0268	286.626
24.0327	298.453
24.0385	304.9
24.0443
24.0501
24.0559	320.244
24.0617	320.799
24.0675	313.11
24.0733	313.11
24.0791	316.565
24.0849	322.099
24.0907	322.285
24.0965	318.583
24.1023	319.505
24.1081	319.505
24.1139	317.848
24.1197	317.848
24.1255	317.114
24.1313	317.114
24.1371	317.481
24.1429	317.298
24.1488	317.114
24.1546	318.767
24.1604	320.244
24.1662	322.285
24.172	323.404
24.1778	326.218
24.1836	321.541
24.1894	319.136
24.1952	319.874
24.201	322.658
24.2068	322.285
24.2126	324.714
24.2184	331.537
24.2242	327.729
24.23	328.867
24.2358	328.108
24.2416	324.714
24.2474	323.217
24.2532	328.297
24.259	325.653
24.2649	322.285
24.2707	321.355
24.2765	317.114
24.2823	312.749
24.2881	306.489
24.2939	306.312
24.2997	301.921
24.3055	294.004
24.3113	301.572
24.3171	296.22
24.3229	300.009
24.3287	299.143
24.3345	300.355
24.3403	290.627
24.3461	298.108
24.3519	298.625
24.3577	294.684
24.3635	294.344
24.3693	290.292
24.3751	300.009
24.381	302.969
24.3868	307.553
24.3926	311.667
24.3984	301.921
24.4042	297.249
24.41	307.021
24.4158	306.844
24.4216	318.767
24.4274
24.4332	321.17
24.439	323.965
24.4448	319.136
24.4506	321.727
24.4564	321.541
24.4622	321.17
24.468	324.152
24.4738	326.407
24.4796	327.54
24.4854	327.351
24.4912	325.841
24.4971	320.614
24.5029	322.844
24.5087	324.339
24.5145	327.162
24.5203	326.595
24.5261	328.867
24.5319	329.818
24.5377	663.457
24.5435	660.78
24.5493	658.874
24.5551	660.017
24.5609	658.114
24.5667	632.765
24.5725	632.765	322.099
24.5783	655.837	329.818
24.5841	659.255	349.834
24.5899	664.224	327.729
24.5957	661.162	322.471
24.6015	658.114	317.848
24.6073	653.945	314.016
24.6132	655.08	326.218
24.619	654.701	327.351
24.6248	653.19	326.407
24.6306	655.837	326.784
24.6364	653.568	327.162
24.6422	656.216	324.527
24.648	658.114	325.653
24.6538	651.683	326.218
24.6596	647.555	323.778
24.6654	643.826	320.799
24.6712	643.826	321.541
24.677	644.57	322.471
24.6828	644.198	322.471
24.6886	643.826	315.835
24.6944	643.082	321.913
24.7002	661.926	317.664
24.706	326.218
24.7118	1317.75
24.7176	1327.68
24.7234	1329.98
24.7293	1329.98
24.7351	1327.68
24.7409	1326.91	329.247
24.7467	1326.91	330.963
24.7525	1322.32	324.339
24.7583	1316.23	321.913
24.7641	1311.67	315.835
24.7699	1310.16	316.565
24.7757	1310.92	318.215
24.7815	1306.38	318.951
24.7873	1310.92	319.136
24.7931	1320.03	318.399
24.7989	1307.89	320.059
24.8047	1280.97	319.874
24.8105	1283.94	320.429
24.8163	1294.36	322.471
24.8221	1340.78	321.913
24.8279	1334.6	320.059
24.8337	1336.92	319.136
24.8395	1291.38	321.17
24.8454	1324.62	320.799
24.8512	1310.16	316.931
24.857	1310.16	316.383
24.8628	1337.69	304.9	658.494
24.8686	305.076	656.974
24.8744	319.689	658.874
24.8802	319.689	659.255
24.886	329.628	658.874
24.8918	323.591	657.734
24.8976	322.658	658.114
24.9034	660.017
24.9092	658.874
24.915	657.734
24.9208	657.734
24.9266	657.354
24.9324	658.114
24.9382	657.354
24.944	656.595
24.9498	650.93
24.9556	635.696
24.9615	647.93
24.9673	644.57	327.162
24.9731	654.701	326.03
24.9789	671.554	326.595
24.9847	656.974	326.595
24.9905	653.945	326.784
24.9963	665.761	327.351
25.0021	653.19	326.595
25.0079	647.181	323.03
25.0137	642.34	318.767
25.0195	641.598	318.215
25.0253	665.376	318.399
25.0311	648.304	321.355
25.0369	647.181	312.929
25.0427	632.4	312.207
25.0485	650.555	318.032
25.0543	311.127
25.0601	319.32
25.0659	321.541
25.0717	320.984
25.0776	312.027
25.0834	316.748
25.0892	325.089
25.095	336.165
25.1008
25.1066
25.1124
25.1182
25.124
25.1298
25.1356
25.1414
25.1472
25.153
25.1588	330.581
25.1646	331.92
25.1704	333.073
25.1762	321.355
25.182	320.799
25.1878	319.505
25.1937	320.984
25.1995	322.658
25.2053	318.399
25.2111	320.984
25.2169	316.748
25.2227	316.565
25.2285	317.664
25.2343	317.114
25.2401	314.56
25.2459	312.207
25.2517	311.667
25.2575	312.027	287.621
25.2633	312.027	289.622
25.2691	312.027	291.636
25.2749	312.027	291.3
25.2807	315.47	293.665
25.2865	294.004
25.2923	291.3
25.2981	291.636
25.3039	292.142
25.3097	293.156
25.3156	293.495
25.3214	290.963
25.3272	293.495
25.333	286.626	864.383
25.3388	284.646	862.388
25.3446	289.287	877.969
25.3504	283.007	932.866
25.3562	289.622	932.866
25.362	289.622	926.422
25.3678	289.622	931.789
25.3736	289.622	926.958
25.3794	289.622	931.789
25.3852	933.945	621.535
25.391	934.484	630.212
25.3968	936.105	631.305
25.4026	942.616	644.942
25.4084	955.775	655.837	327.729
25.4142	988.337	659.255	332.304
25.42	937.187	665.761	332.112
25.4258	960.756	658.874	328.487
25.4317	957.985	656.595	328.487
25.4375	950.819	653.945	326.03
25.4433	645.688	319.32
25.4491	643.082	321.727
25.4549	641.228	320.799
25.4607	640.117	320.244
25.4665	630.94	320.059
25.4723	643.826	320.614
25.4781	633.497	317.481
25.4839	635.329	317.298
25.4897	640.857	318.951
25.4955	663.457	323.404
25.5013	653.19	321.541
25.5071	315.106
25.5129	320.984
25.5187	329.247
25.5245	328.108
25.5303
25.5361
25.542	348.624
25.5478	349.632
25.5536	349.834
25.5594	347.417
25.5652	343.625
25.571	340.464
25.5768	339.482
25.5826	338.308
25.5884	335.971
25.5942	330.39
25.6	329.057
25.6058	330.009
25.6116	334.615
25.6174	328.297
25.6232	320.799
25.629	318.583
25.6348	329.057
25.6406	324.152
25.6464	340.464
25.6522	336.359
25.658
25.6639
25.6697
25.6755
25.6813
25.6871
25.6929
25.6987
25.7045	353.49
25.7103	349.632
25.7161	349.228
25.7219	341.844
25.7277	338.895
25.7335	338.308
25.7393	338.112
25.7451	336.943
25.7509	338.112
25.7567	338.112
25.7625	335.777
25.7683	336.748
25.7741	336.943
25.78	351.657
25.7858	339.482
25.7916	335.583
25.7974	691.232
25.8032	666.145
25.809	702.503
25.8148	678.965
25.8206	694.434
25.8264	704.534
25.8322	697.65
25.838	692.031
25.8438	687.648
25.8496	692.431
25.8554	692.031
25.8612	695.638
25.867	694.033
25.8728	698.86
25.8786	698.456
25.8844	696.04
25.8902	698.456
25.8961	696.04
25.9019	694.033
25.9077	700.881
25.9135	709.845
25.9193	689.239
25.9251	686.061
25.9309	681.322
25.9367	688.841
25.9425	670.391
25.9483	692.831
25.9541
25.9599
25.9657
25.9715
25.9773
25.9831
25.9889
25.9947
26.0005
26.0063
26.0122
26.018
26.0238
26.0296
26.0354
26.0412
26.047
26.0528
26.0586
26.0644
26.0702
26.076
26.0818
26.0876
26.0934
26.0992
26.105
26.1108
26.1166	328.297
26.1224	344.221
26.1283	345.816
26.1341	331.537
26.1399	335.002
26.1457	332.112
26.1515	333.458
26.1573	333.843
26.1631	335.777
26.1689	335.971
26.1747	342.041
26.1805	334.809
26.1863	335.389
26.1921	333.843
26.1979	336.554
26.2037	346.016
26.2095	349.027
26.2153	339.09
26.2211	343.229
26.2269	342.239
26.2327	329.437
26.2385	331.537
26.2444	325.089
26.2502	322.658
26.256	327.162
26.2618
26.2676	351.251
26.2734	350.238
26.2792	348.422
26.285	347.618
26.2908	350.441
26.2966	350.643
26.3024	352.064
26.3082	353.082
26.314	353.694
26.3198	353.49
26.3256	352.064
26.3314	350.643
26.3372	355.538
26.343	353.49
26.3488	345.616
26.3546	348.221
26.3605	348.422
26.3663	345.217
26.3721	345.018
26.3779	347.417
26.3837	348.422
26.3895	346.816
26.3953	341.844
26.4011	337.722
26.4069	330.39
26.4127	339.482
26.4185	339.09
26.4243	338.503
26.4301	340.071
26.4359	346.415	346.215
26.4417	350.846	349.027	698.456
26.4475	340.268	352.267	691.232
26.4533	349.228	698.053
26.4591	343.229	687.251
26.4649	343.824	687.648
26.4707	344.023	688.443
26.4766	346.016	690.833
26.4824	346.016	689.239
26.4882	345.018	689.637
26.494	350.036	689.239
26.4998	347.819	698.456
26.5056	354.513	690.434
26.5114	337.527	687.648
26.5172	338.112	709.845
26.523	332.688	693.231
26.5288	325.841	691.631
26.5346	322.844	700.881
26.5404	318.583	696.04
26.5462	330.963	699.668
26.552	336.554	711.076
26.5578	343.625	709.845
26.5636	345.018	705.756
26.5694	333.265	696.04
26.5752	342.832	709.025
26.581	329.437	707.389
26.5868	334.615	718.923
26.5927	337.527
26.5985	343.427
26.6043	340.464
26.6101	351.86
26.6159	351.657
26.6217	358.425
26.6275	357.185
26.6333	362.799
26.6391	361.126
26.6449	345.217
26.6507	333.265
26.6565	335.196
26.6623	333.65
26.6681	328.487
26.6739	329.247
26.6797	330.39
26.6855	325.465
26.6913	319.32
26.6971	317.848
26.7029	318.951
26.7088	317.848
26.7146	329.057
26.7204
26.7262
26.732
26.7378
26.7436
26.7494
26.7552	329.818
26.761	353.082
26.7668	351.251
26.7726	358.425
26.7784	359.461
26.7842	360.501
26.79	359.254
26.7958	357.598
26.8016	350.846
26.8074	349.632
26.8132	353.49
26.819	349.228
26.8249	345.416
26.8307	345.018
26.8365	345.416
26.8423	346.215
26.8481	341.844
26.8539	331.346
26.8597	348.825
26.8655	335.971
26.8713	337.137
26.8771	336.554
26.8829	345.616
26.8887	343.427
26.8945	341.055
26.9003	341.252
26.9061	343.229	297.249
26.9119	337.527	300.009
26.9177	340.858	299.489
26.9235	340.858	293.495
26.9293	330.772	297.249
26.9351	288.287
26.941	285.634
26.9468	277.663
26.9526	286.13
26.9584	290.459
26.9642	295.707
26.97	299.662	349.632
26.9758	300.355	342.239
26.9816	294.514	341.449
26.9874	292.48	364.269
26.9932	291.3	345.816
26.999	295.366	349.43
27.0048	305.605	349.834	323.965
27.0106	294.344	359.877	324.714
27.0164	290.292	356.978	326.407
27.0222	294.855	343.031	334.809
27.028	294.174	343.625	339.482
27.0338	291.468	347.016	343.427
27.0396	285.8	349.632	347.417
27.0454	297.936	349.228	348.02
27.0512	291.131	350.643	350.643
27.0571	304.021	352.674	352.674
27.0629	345.616	345.816
27.0687	347.217	347.618
27.0745	340.268	340.858
27.0803	345.018
27.0861	349.43
27.0919
27.0977	693.632
27.1035	692.431
27.1093	692.431
27.1151	690.833
27.1209	689.637
27.1267	689.239
27.1325	689.637
27.1383	690.035
27.1441	693.231
27.1499	705.349
27.1557	705.349
27.1615	700.477
27.1673	703.721
27.1732	707.389
27.179	711.898
27.1848	713.545
27.1906	714.782
27.1964	705.756
27.2022	697.65
27.208	711.076
27.2138	692.831
27.2196	688.045
27.2254	713.957	338.308
27.2312	336.359
27.237	344.221
27.2428	362.171
27.2486	354.308
27.2544	356.36
27.2602	358.839
27.266	359.254
27.2718	359.461
27.2776	356.978
27.2834	345.816
27.2893	339.875
27.2951	332.112
27.3009	331.154
27.3067	332.688
27.3125	325.841
27.3183	325.089
27.3241	333.265
27.3299	332.112
27.3357	331.346
27.3415	326.973
27.3473	331.729
27.3531	334.615
27.3589	333.073
27.3647	338.699
27.3705	347.618	687.251
27.3763	349.834	683.687
27.3821	340.464	686.061
27.3879	340.268	683.293
27.3937	338.503	696.04
27.3995	341.449	702.097
27.4054	349.834	696.845
27.4112	338.308	696.845
27.417	353.49	698.456
27.4228	346.616	696.845	348.221
27.4286	355.127	702.908	349.834
27.4344	355.127	699.264	352.878
27.4402	353.899	695.236	348.422
27.446	696.04	352.267
27.4518	694.434	347.016
27.4576	701.692	348.825
27.4634	701.286	348.624
27.4692	698.86	346.616
27.475	691.631	345.018
27.4808	690.434	344.42
27.4866	694.033	343.625
27.4924	703.721	343.427
27.4982	695.638	335.777
27.504	667.301	326.03
27.5098	643.454	315.288
27.5156	644.57	313.472
27.5215	307.021
27.5273	314.56
27.5331	311.667
27.5389	303.494
27.5447	314.924
27.5505	326.973
27.5563
27.5621
27.5679
27.5737
27.5795	718.093
27.5853	712.721
27.5911	704.942
27.5969	699.668
27.6027	712.309
27.6085	706.98
27.6143	695.638
27.6201	691.631
27.6259	689.637	346.016
27.6317	699.264	360.918
27.6376	707.389	340.268
27.6434	691.631	351.048
27.6492	700.072	343.229
27.655	682.504	340.661
27.6608	673.107	343.427
27.6666	675.835	344.221
27.6724	686.854	343.427
27.6782	672.719	338.895
27.684	680.142	339.09
27.6898	678.965	340.661
27.6956	686.061	343.031
27.7014	688.443	343.427
27.7072	686.854	342.041
27.713	685.665	343.031
27.7188	685.665	343.031
27.7246	683.687	342.239
27.7304	682.898	343.229
27.7362	679.75	341.252
27.742	675.444	333.073
27.7478	680.535	330.772
27.7537	690.434	336.359	315.652
27.7595	661.926	340.661	330.199
27.7653	674.664	336.165	325.653
27.7711	689.239	324.339	320.799
27.7769	321.541
27.7827	320.799
27.7885	317.114
27.7943	317.664
27.8001	316.565
27.8059	314.924
27.8117	313.653
27.8175	306.666
27.8233	305.959
27.8291	299.489
27.8349	305.782
27.8407	303.494
27.8465	298.453
27.8523	296.563
27.8581	292.48
27.8639	297.077
27.8698
27.8756
27.8814
27.8872
27.893
27.8988
27.9046
27.9104
27.9162
27.922
27.9278
27.9336
27.9394
27.9452
27.951
27.9568
27.9626
27.9684
27.9742
27.98
27.9858
27.9917
27.9975
28.0033
28.0091
28.0149
28.0207
28.0265
28.0323
28.0381
28.0439
28.0497
28.0555
28.0613
28.0671
28.0729
28.0787	342.041
28.0845	336.165
28.0903	334.809
28.0961	339.09	339.09
28.1019	334.809	334.809
28.1078	337.137	335.777
28.1136	337.527	318.215
28.1194	335.389	316.017
28.1252	337.527	315.652
28.131	332.88	316.017
28.1368	322.285	314.742
28.1426	324.714	311.127
28.1484	333.458	320.429
28.1542	336.165	327.729
28.16	324.714	318.215
28.1658	319.32	312.929
28.1716	315.835	313.834
28.1774	320.984	320.059	624.775
28.1832	323.591	323.778	648.304
28.189	319.874	320.984	659.636
28.1948	331.346	330.581	631.67
28.2006	322.471	324.152	640.117
28.2064	321.541	322.285	659.255
28.2122	325.653	325.465	665.376
28.2181	331.537	331.92	668.458
28.2239	329.818	330.199	659.636
28.2297	330.199	330.39	658.874
28.2355	323.217	653.945
28.2413	335.389	659.636
28.2471	338.308	673.886
28.2529	330.963	664.992
28.2587	332.496	670.779
28.2645	341.252	670.391
28.2703	334.615	674.664
28.2761	333.265	670.004
28.2819	332.496	663.457
28.2877	335.389	663.074
28.2935	331.346	663.457
28.2993	324.152	662.691
28.3051	329.437	663.074
28.3109	324.527	659.255
28.3167	327.918	672.719
28.3225	334.036
28.3283	336.748
28.3341	341.844
28.34	336.943
28.3458
28.3516
28.3574
28.3632
28.369
28.3748	967.997
28.3806	976.421
28.3864	982.645
28.3922	983.781
28.398	983.213
28.4038	986.626
28.4096	982.077
28.4154	967.997
28.4212	947.529
28.427	933.945
28.4328	924.284
28.4386	920.023
28.4444	926.958
28.4502	915.781
28.4561	923.217
28.4619	921.619
28.4677	931.251
28.4735
28.4793
28.4851
28.4909
28.4967
28.5025
28.5083	320.614
28.5141	323.217
28.5199	330.009
28.5257	339.679
28.5315	344.818
28.5373	346.616
28.5431	345.416
28.5489	344.619
28.5547	343.427
28.5605	330.009
28.5663	326.595
28.5722	324.714
28.578	325.277
28.5838	326.218
28.5896	326.218
28.5954	326.973
28.6012	326.595
28.607	326.973
28.6128	325.465
28.6186	327.162
28.6244	326.03
28.6302	323.03
28.636	322.658
28.6418	321.727
28.6476	323.778
28.6534	327.729
28.6592	327.162	662.691
28.665	338.699	656.216	327.351
28.6708	342.041	659.255	339.09
28.6766	336.748	663.457	336.943
28.6824	332.112	665.761	337.137
28.6883	336.748	658.874	335.196
28.6941	326.407	658.114	334.422
28.6999	324.902	654.323	331.92
28.7057	326.595	661.162	330.39
28.7115	334.809	659.255	328.297
28.7173	327.54	653.568	327.162
28.7231	648.678	314.197
28.7289	639.379	311.127
28.7347	638.64	303.845
28.7405	625.859	288.12
28.7463	637.535	281.702
28.7521	664.992	273.525
28.7579	647.555	305.605
28.7637	294.855
28.7695	310.588
28.7753	310.588
28.7811
28.7869
28.7927
28.7985
28.8044
28.8102
28.816
28.8218
28.8276
28.8334
28.8392
28.845
28.8508
28.8566
28.8624
28.8682
28.874
28.8798
28.8856
28.8914	326.03
28.8972	326.595
28.903	324.152
28.9088	325.089
28.9146	326.595
28.9205	322.658
28.9263	319.874
28.9321	321.355
28.9379	322.099
28.9437	322.099
28.9495	326.03
28.9553	326.03
28.9611	327.162
28.9669	326.407
28.9727	323.03
28.9785	320.059
28.9843	327.729
28.9901	318.583
28.9959	315.47
29.0017	317.114
29.0075	317.114
29.0133	316.748
29.0191	316.383
29.0249	315.288
29.0307	315.288
29.0366	319.874
29.0424	322.471
29.0482	321.913
29.054	321.913
29.0598	321.913
29.0656	321.727
29.0714	324.714
29.0772	324.339
29.083	325.089
29.0888	323.591
29.0946	322.658
29.1004	321.355
29.1062	308.265
29.112
29.1178
29.1236
29.1294	361.962
29.1352	346.215
29.141	326.595
29.1468	324.902
29.1527	327.918
29.1585	326.407
29.1643	326.218
29.1701	328.677
29.1759	324.339
29.1817	327.918
29.1875	328.867
29.1933	326.973
29.1991	328.108
29.2049	323.217
29.2107	322.285
29.2165	324.527
29.2223	324.902
29.2281	326.03
29.2339	324.714
29.2397	323.404
29.2455	322.471
29.2513	321.355
29.2571	324.902
29.2629
29.2688
29.2746
29.2804
29.2862
29.292
29.2978
29.3036
29.3094
29.3152
29.321
29.3268
29.3326
29.3384
29.3442
29.35
29.3558
29.3616
29.3674
29.3732
29.379
29.3849
29.3907
29.3965
29.4023	370.422
29.4081	372.353
29.4139	346.816
29.4197	331.729
29.4255	328.487
29.4313	322.471
29.4371	322.844
29.4429	323.404
29.4487	321.541
29.4545	320.984
29.4603	314.197
29.4661	320.984
29.4719	314.924
29.4777	323.591
29.4835	325.653
29.4893	328.677
29.4951	343.824
29.501	336.165
29.5068	334.229
29.5126	329.437
29.5184	319.136
29.5242	324.527
29.53	319.874
29.5358	319.136
29.5416	313.834
29.5474	317.664
29.5532	316.748
29.559
29.5648
29.5706
29.5764
29.5822
29.588
29.5938
29.5996
29.6054
29.6112
29.6171
29.6229
29.6287
29.6345
29.6403
29.6461
29.6519
29.6577
29.6635
29.6693
29.6751
29.6809
29.6867
29.6925
29.6983
29.7041
29.7099
29.7157
29.7215
29.7273
29.7332
29.739
29.7448
29.7506
29.7564
29.7622
29.768
29.7738
29.7796
29.7854
29.7912
29.797
29.8028
29.8086
29.8144
29.8202
29.826
29.8318
29.8376
29.8434
29.8493
29.8551
29.8609
29.8667
29.8725
29.8783
29.8841
29.8899
29.8957
29.9015
29.9073
29.9131
29.9189
29.9247
29.9305
29.9363
29.9421
29.9479
29.9537
29.9595
29.9654
29.9712
29.977
29.9828
29.9886
29.9944
30.0002
30.006
30.0118
30.0176
30.0234
30.0292
30.035
30.0408
30.0466
