0.01161	0.476009	1969.84	25.2041
0.423764	0.714014	1938.23	40.3559
0.696599	0.806893	2071.36	24.6761
0.777868	1.70086	1729.76	123.655
1.05651	2.16526	2095.42	40.2046
1.26549	2.27556	1333.06	31.5789
1.92726	2.11882	1680.52	36.2715
2.31039	2.50776	2989.16	243.592
2.3278	2.53678	1507.59	165.547
2.53098	2.83283	1641.19	327.189
2.68771	2.77478	3343.61	59.4826
2.76317	3.07664	2311.63	82.6421
2.83283	3.63973	1940.47	272.97
3.05342	3.40172	2252.32	79.6505
3.31465	3.81388	1581.63	57.1807
3.53524	3.70939	2230.31	272.813
3.75002	3.98803	1734.77	384.348
3.99383	4.25506	1565.27	220.415
4.04027	4.25506	3117.9	182.602
4.26086	4.51628	1471.45	215.166
4.46984	4.58014	3037.9	37.5613
4.58014	5.59601	1760	288.97
4.98649	5.31737	2257.53	53.8773
5.59601	5.97333	1544.61	206.377
5.97914	6.24036	1921.51	54.0919
6.07782	8.27791	1287.65	286.992
7.76127	8.85841	1864.66	59.0789
8.05152	8.23147	604.19	33.1438
8.16762	9.11964	2997.81	33.9202
8.28372	9.14286	1499.77	54.6738
8.94549	9.29379	2209.79	172.719
9.13705	9.47955	1139.9	338.205
9.47955	10.8321	1547.29	209.375
9.51438	10.8611	3089.22	111.815
9.93234	10.8844	1168.57	35.173
10.1645	10.3909	2011.23	38.3269
10.3851	10.5128	2987.44	39.7135
10.4606	10.9772	2342.54	52.8272
10.745	11.1746	1995.03	55.6686
10.8379	11.2094	1549.08	325.399
11.163	11.5345	2303.63	32.1153
11.1746	11.6042	1793.87	53.9259
11.1862	11.3429	1354.01	231.378
11.2791	12.144	2885.67	162.921
11.3429	12.1731	1446.17	231.378
11.6042	12.6839	1847.5	60.4581
12.6317	12.9277	3096.36	41.4894
12.8406	13.1425	2294.33	187.894
12.858	13.1483	1147.83	223.744
13.1425	13.3515	2857.48	140.9
13.1483	14.3848	1437.85	286.483
13.2644	13.8739	1181.46	82.1396
13.3108	14.6518	1995.03	80.1568
13.8739	14.408	2337.14	53.4663
13.9378	14.199	1176.02	29.8125
14.2687	14.704	2925.96	152.637
14.3848	14.6808	1468.91	293.832
14.3848	14.6808	1468.91	293.832
14.6518	16.0102	1696.12	80.1568
14.7563	15.598	1297.36	281.992
14.8259	15.6793	3898.92	105.844
15.093	15.2787	1966.43	54.5201
16.0682	16.2598	1177.38	363.631
16.3875	16.6719	1328.45	242.152
16.4746	16.6719	2650.76	168.917
16.73	17.7168	1950.59	217.582
17.1944	17.4846	1535.71	37.8546
17.7168	18.0071	1335.37	462.747
17.9432	18.2567	7296.69	60.4667
18.0071	18.2683	1213.28	282.479
18.2509	18.5295	1319.27	221.493
18.3438	18.6282	2704.9	55.7521
18.4947	19.7892	1974.39	169.258
18.7327	18.8198	2384.87	24.4291
18.7966	19.5396	1462.13	48.4937
18.8894	19.0404	2331.74	44.9973
19.6209	19.8705	1972.11	143.675
19.8705	22.7904	1551.76	132.309
19.8879	20.3987	1153.81	42.654
19.9982	22.0532	1963.02	58.3935
20.5845	21.3391	2354.75	34.2161
20.6309	21.0895	1169.24	24.8636
20.6542	21.4727	3117.9	83.4968
21.3391	22.2099	2318.31	26.6666
21.7107	21.8326	1525.11	25.2263
21.8442	21.9951	1550.87	30.9884
21.8616	22.4827	1173.98	24.2252
22.1344	23.0458	3105.32	34.9603
25.0137	25.2227	949.172	49.1329
25.2285	25.658	1442	540.985
25.3272	25.7277	2867.4	164.713
25.3968	25.8032	1937.11	68.6112
25.658	26.3895	1582.54	424.059
25.7277	26.1747	3150.49	184.082
25.9425	26.5462	2658.43	56.4813
26.0412	26.4882	2001.95	37.0454
26.3895	26.6913	1744.82	494.005
26.4359	26.6913	3513.91	220.134
26.4359	26.6913	3513.91	220.134
26.7494	26.9874	1178.74	55.6068
26.79	28.0033	1504.98	424.078
26.8249	28.0265	3011.69	274.842
27.0629	29.1352	2326.36	68.5291
27.9917	28.6302	1169.24	37.0396
27.9975	28.1078	1752.9	41.045
28.1774	28.7637	1824.17	28.0555
