1.01007	1.17841	2442.02	64.6533
1.01007	1.17841	2442.02	64.6533
1.03909	1.25968	1251.72	48.667
1.19002	1.40481	1242.35	100.086
1.19002	1.40481	1242.35	100.086
1.52091	1.73569	2456.17	134.966
1.52671	1.70667	1236.63	135.412
1.69506	1.90404	1189.68	270.551
1.75891	1.90404	2303.63	183.296
1.75891	1.90404	2303.63	183.296
1.96789	2.36844	1200.03	200.821
2.28717	2.47293	1116.44	266.234
2.31039	2.47293	2231.6	143.951
2.58902	3.11147	752.054	181.147
2.64127	3.12308	1502.37	171.526
2.75156	2.93152	2287.72	115.372
6.46095	6.76862	868.386	517.161
6.57125	6.71637	1746.83	280.263
6.7512	6.96018	1028.52	337.861
6.7512	6.96018	1028.52	337.861
6.79184	6.96018	2057.05	222.507
7.05306	7.38395	1431.22	743.376
7.15755	7.36653	2997.81	234.968
7.52327	7.7961	2538.38	330.911
7.52327	7.83093	1218.19	336.595
7.84834	8.20825	918.43	522.328
7.92961	8.48689	1458.76	397.722
8.20825	8.39982	728.538	245.898
8.39982	8.77714	1020.24	245.898
8.54494	8.66685	2047.56	306.587
8.77714	9.22413	1011.44	249.866
9.02095	9.64209	2012.39	74.7526
9.22413	9.74658	1006.19	100.78
16.1727	16.5094	870.898	433.142
16.3933	16.4862	1721.79	52.9186
16.5268	17.0202	1194.5	571.62
16.6487	16.9854	2382.11	220.151
17.0376	17.4556	1019.65	579.408
17.0551	17.4672	2028.73	303.032
21.1127	21.4901	932.328	301.787
21.1766	21.3043	2567.88	253.869
21.403	21.5946	996.362	370.969
21.4959	21.612	1960.75	57.6769
21.6758	21.8964	1173.3	661.251
21.7223	21.8906	2365.66	373.867
22.0183	22.3492	1201.42	616.177
22.1983	22.3144	2393.15	117.584
22.4015	22.5988	1762.03	102.782
22.4363	23.6669	1197.96	208.486
22.5988	23.2432	2369.76	102.782
22.6395	22.9065	6232.2	43.3028
27.7711	28.0497	1698.09	126.523
27.8175	28.0555	867.384	176.076
28.0671	28.6418	1217.49	245.588
28.2122	28.6302	2439.2	182.611
28.6883	29.2223	1024.97	161.535
28.7231	29.3732	2040.48	84.4324
