1.12617	1.25968	2887.34	55.3503
1.36417	1.47447	2304.96	70.1343
1.53252	1.70086	4006.22	39.8864
1.86921	1.99111	6725.97	73.8057
1.89243	2.00272	2325.02	83.8544
2.15946	2.41488	2500.54	109.849
2.28717	2.99537	4929.39	163.846
2.34522	2.72834	9944.57	139.26
2.45551	2.75737	2487.58	92.9836
2.68771	2.94313	2464.69	62.2493
2.72834	2.91991	9711.82	117.023
2.91991	3.11728	7217.05	100.58
3.0302	3.18113	4892.51	43.2446
4.38277	4.60336	5147.63	39.7174
4.66141	4.87039	1952.84	72.0498
4.7659	4.89361	2383.49	100.329
4.85297	4.98068	2819.77	336.271
4.91102	5.02712	2273.23	148.765
5.08517	5.45669	2197.06	482.96
5.32898	5.45088	6698.83	144.278
5.4741	5.7063	4440.05	270.903
5.49732	5.88045	2207.24	336.393
5.52054	5.74113	5280.14	145.206
5.65406	5.79918	4460.61	216.376
5.77016	6.08943	2232.88	298.895
5.88626	6.07782	6792.34	196.141
5.95011	6.09524	4633.95	195.215
6.0546	6.29261	2265.36	108.32
6.26358	6.43193	6648.71	312.25
6.26358	6.43773	2209.79	424.969
6.44354	6.6293	2205.96	72.1163
6.5132	6.64671	4452.89	106.53
6.65832	6.80345	5050.44	117.622
6.68154	6.82667	2061.81	218.927
6.69896	6.87891	4066.84	72.094
6.96018	7.17497	2231.6	247.61
7.27365	7.40717	11984.3	86.5156
7.33751	7.59873	2404.23	157.855
7.40136	7.58132	5902.84	113.929
7.4478	7.62776	4886.86	140.512
7.69161	7.84834	2134.52	132.03
7.76707	8.17342	3552.68	178.205
7.8019	7.97025	9616.92	47.2701
7.87156	8.0341	1770.2	138.442
7.92961	8.20245	4476.1	56.0452
9.7756	9.94975	6761.03	40.6481
10.1007	10.211	1622.34	38.3662
10.1471	10.4664	8469.3	365.949
10.2226	10.4374	5441.14	227.425
10.3155	10.5535	2470.4	287.318
10.4141	10.6231	4978.03	253.708
10.4896	10.6173	2275.86	484.488
10.658	10.896	2076.15	184.989
10.983	11.0875	2599.21	45.9462
11.0237	11.1746	4476.1	219.199
11.1166	11.2501	2251.01	62.7815
11.2965	11.5461	3847.47	380.086
11.43	11.7087	9644.74	188.315
11.4881	11.7957	1766.11	95.2881
11.5461	11.8596	3357.16	178.075
12.4923	12.5968	9446.25	59.7931
13.0438	13.2644	1829.45	75.0168
13.276	13.4966	2826.29	620.998
13.4734	13.6069	2185.67	483.584
13.5721	13.7114	2258.83	514.672
13.7752	13.9436	1982.39	279.321
13.8391	13.9552	3980.85	58.1292
14.0249	14.2222	4816.8	313.948
14.1119	14.2745	2357.47	459.914
14.3848	15.1742	2483.27	356.383
14.4486	15.1742	4957.94	411.939
14.5763	15.1742	9915.89	337.968
14.6866	15.0872	4386.52	120.598
15.1742	15.2903	9267.9	166.45
15.1742	15.4761	4671.57	193.155
15.1742	15.4761	2337.14	162.768
15.9753	16.7938	4952.22	40.3386
23.1271	23.2374	2322.33	174.398
23.2374	23.3883	2303.63	200.085
23.3012	23.5334	2270.6	249.425
23.6321	23.7656	2295.66	179.024
23.6321	23.7656	2295.66	179.024
23.7366	24.1139	2095.42	220.64
23.9746	24.23	7275.65	184.605
24.0501	24.2358	2294.33	862.825
24.2823	24.5087	2315.64	837.259
24.5319	24.6538	2057.05	196.57
24.7293	25.0717	2231.6	570.92
24.8163	25.0311	9140.3	185.214
24.8918	25.0369	4504.63	251.525
25.1472	25.5826	3457.53	407.468
25.182	25.6871	1752.9	800.534
25.6464	25.8844	3400.1	202.962
26.2966	26.6101	2325.02	465.763
26.4998	26.5868	2298.31	360.593
26.5752	26.8307	2334.44	480.993
26.7204	26.8945	6788.42	150.748
27.0512	27.3183	2270.6	477.168
27.4228	27.655	2204.69	206.318
27.8698	28.0439	2286.4	204.247
28.2471	28.7753	2323.68	322.403
29.3907	29.559	1966.43	88.1114
