0.0812698	0.812698	4193.27	19.5803
0.319274	0.743039	2084.56	20.3112
0.615329	0.946213	3398.13	28.3212
0.626939	0.952018	1700.05	42.2863
0.946213	1.22485	3318.6	24.1154
0.952018	1.161	1700.05	41.413
1.10875	1.43383	1997.33	37.929
1.19002	1.48608	1689.28	35.5321
1.31773	1.48027	3320.52	39.9294
1.42803	1.78213	1706.94	36.3708
1.85179	2.35683	1863.58	44.9826
2.25234	2.39166	1806.35	31.7324
2.31039	2.4439	3332.05	54.3973
2.52517	2.89669	1765.09	38.8512
2.64707	2.83283	3030.89	46.5367
2.73995	3.21016	4254.26	116.809
2.78639	3.23918	2155.58	179.617
2.9083	3.11728	5613.53	50.0136
3.20435	3.35528	4551.71	76.5731
3.22757	3.52943	2258.83	166.55
3.36109	3.67456	2971.95	123.325
3.47719	3.73261	2189.46	181.121
3.75002	4.05188	4814.02	133.36
3.78485	4.01705	2499.1	221.131
3.83129	4.05188	2097.85	138.846
3.87193	4.10413	3320.52	166.961
4.00544	4.11574	2395.91	77.7903
4.01705	4.47565	2125.9	201.556
4.17959	4.40018	3684.35	167.699
4.47565	4.98649	2158.07	181.386
4.66721	4.81234	3560.9	54.9603
4.83556	5.09678	1749.86	103.95
4.97487	5.1258	3362.98	108.771
4.98649	5.34059	2093	80.9756
5.14322	5.34639	1239.49	72.9805
5.34639	5.72372	1912.65	148.268
5.52054	6.00236	1891.78	89.1141
5.64245	6.10104	2067.77	128.712
5.84562	6.07782	4135.54	127.152
6.08943	6.29841	1711.87	27.7291
6.49578	6.76281	5517.1	50.0283
6.61188	6.77442	4020.13	55.3598
6.64671	6.76862	3314.77	99.7494
6.7512	6.8615	3295.68	32.051
6.94277	7.42458	1693.19	114.289
7.22721	7.33751	1807.39	67.0258
7.45361	7.62776	1864.66	52.3817
7.60454	7.77288	3351.35	69.064
7.98186	8.08054	3291.87	35.7178
8.53333	8.75392	2850.88	31.0893
8.7307	9.04417	2715.86	240.077
9.09642	9.57823	4161.9	245.78
9.15447	9.58984	2080.95	361.273
9.34603	9.46794	3345.55	63.1332
9.47374	9.58984	12623.8	17.9637
9.7698	10.1181	2252.32	428.152
10.1239	10.2806	2070.16	83.2161
10.1645	10.3213	4080.96	27.7665
10.4432	10.658	1892.87	172.585
10.5535	10.7624	3481.58	41.3873
10.6638	10.8611	1850.71	59.8081
10.7566	11.1282	1890.68	170.657
10.8321	11.1282	2959.96	60.1757
11.1049	11.459	1730.76	155.117
11.4707	11.7377	2091.8	198.026
11.5984	11.7319	4157.09	88.1337
11.7377	11.9467	3854.14	68.7912
11.7783	11.9002	5724.87	39.0323
11.7899	11.9176	1915.97	68.973
11.8828	12.0337	4316.14	35.5502
11.8828	12.0976	2074.95	37.2642
12.0395	12.1963	2532.52	22.0304
12.0802	12.2369	3376.61	24.5989
12.0976	12.2369	3449.55	19.7248
12.1498	12.2892	5085.57	50.5606
12.2427	13.0438	1893.96	126.167
12.9625	13.1019	6679.51	69.0107
13.1135	13.3283	1614.86	35.3427
13.3108	13.456	3137.78	66.2852
13.3863	14.3557	2212.34	223.811
13.5546	14.0829	2920.89	121.888
13.6649	14.019	4409.38	90.9138
13.7346	13.8391	11117.4	53.666
14.0307	14.141	4378.92	67.6215
14.2338	14.3964	2189.46	105.325
14.4254	14.7447	4212.69	175.803
14.4254	14.7447	4212.69	175.803
14.5647	14.7447	2072.55	194.148
14.6692	14.9827	3141.4	97.4324
14.7911	15.4471	2130.82	267.407
15.1336	15.4877	3224.13	120.914
15.2265	15.6328	3969.37	102.415
15.4471	15.7954	1899.44	136.163
15.6096	15.7896	3809.87	116.315
15.6386	15.7896	3343.61	106.951
15.7896	16.016	3836.37	122.136
15.8534	16.2772	1912.65	203.027
16.0682	16.4049	1996.18	91.8232
16.3236	16.7996	2082.15	107.689
16.5094	16.8925	4183.59	49.4853
17.9955	18.2625	2029.9	163.976
18.0709	18.2393	4130.77	56.0395
18.2915	18.5644	1876.54	177.141
18.3031	18.4541	3513.91	188.807
18.4831	18.7269	3629.43	27.7601
18.605	18.7733	3289.97	125.379
18.6572	18.9533	1687.33	219.872
18.872	19.1332	3398.13	101.645
18.9533	19.2319	1902.74	219.872
19.1042	19.4119	1686.36	121.299
19.2668	19.6731	1810.53	156.124
19.5454	19.9982	1842.17	218.864
19.8473	20.1259	1852.84	167.657
20.0156	20.1433	3753.08	19.9086
20.1317	20.2826	1611.13	23.1335
20.2246	20.4684	1805.3	166.969
20.3813	20.6309	3675.84	38.1127
20.6251	21.0489	1552.66	165.15
20.747	21.0953	4709.5	85.1664
20.9502	21.1244	3930.58	116.788
20.9676	21.1302	1976.67	176.603
21.1534	21.9719	1566.17	117.34
21.2695	22.2215	1898.34	298.55
22.1112	22.3956	2061.81	321.177
22.4479	22.8659	1857.13	177.926
22.773	23.1619	1892.87	148.875
22.9761	23.1445	1474.86	57.5104
23.1213	23.3593	3661.01	92.5836
23.1271	23.3535	1845.37	187.849
23.5102	23.6902	3493.67	51.7927
23.6321	23.7656	3341.68	64.8651
23.8237	24.1546	2769.72	82.8931
23.8411	24.0791	4227.32	75.7659
23.9514	24.0791	3288.07	98.3382
24.0501	25.42	2741.08	213.247
24.1488	24.4274	1648.79	105.882
24.4971	24.7293	3409.93	75.8765
24.857	25.095	2024.05	93.5852
25.0369	25.2865	8449.75	93.2536
25.1124	25.4317	3785.74	172.748
25.1472	25.7103	1852.84	288.623
25.3272	25.6755	2205.96	132.415
25.7858	26.3198	1658.34	186.657
26.1689	26.4127	3569.14	35.8774
26.3024	26.4243	3345.55	99.3948
26.4301	26.5694	3820.89	80.0375
26.4649	26.7726	2065.38	156.78
26.5694	26.9874	1725.77	189.582
26.7726	26.9351	1883.06	85.2807
26.8365	27.2022	1958.49	134.623
26.9003	27.2544	3814.27	78.2651
27.1209	27.4924	5626.52	152.666
27.1848	27.4228	3259.71	152.996
27.2196	27.417	2788.99	201.66
27.417	27.7943	3303.3	124.515
27.4344	27.8291	1669.88	161.632
27.4576	27.7653	2839.38	110.131
27.6956	28.0845	5507.54	24.1602
27.8291	28.189	1680.52	76.6471
27.9742	28.2761	3341.68	63.6407
28.0961	28.3574	1849.64	59.6018
28.2355	28.4735	1984.68	67.2434
28.2761	28.5373	1690.26	65.7901
28.4444	28.6418	1860.35	82.3514
28.5431	28.7115	1783.54	54.752
28.7637	29.0133	1614.86	37.4206
28.8566	29.0017	3658.9	18.0594
28.9611	29.0946	3332.05	32.8158
29.0772	29.3442	1308.65	24.0784
29.2107	29.4255	1406.63	38.5331
29.2223	29.4139	2831.19	30.5708
29.5474	29.9944	1693.19	19.3963
