0
0.00580499
0.01161
0.017415
0.02322
0.0290249
0.0348299
0.0406349
0.0464399
0.0522449
0.0580499
0.0638549
0.0696599
0.0754649
0.0812698
0.0870748
0.0928798
0.0986848
0.10449
0.110295
0.1161
0.121905
0.12771
0.133515
0.13932
0.145125
0.15093
0.156735
0.16254
0.168345
0.17415
0.179955
0.18576
0.191565
0.19737
0.203175
0.20898
0.214785
0.22059
0.226395
0.2322
0.238005
0.24381
0.249615
0.255419
0.261224
0.267029
0.272834
0.278639
0.284444
0.290249
0.296054
0.301859
0.307664
0.313469
0.319274
0.325079
0.330884
0.336689
0.342494
0.348299
0.354104
0.359909
0.365714
0.371519
0.377324
0.383129
0.388934
0.394739
0.400544
0.406349
0.412154
0.417959
0.423764
0.429569
0.435374
0.441179
0.446984
0.452789
0.458594
0.464399
0.470204
0.476009
0.481814
0.487619
0.493424
0.499229
0.505034
0.510839
0.516644
0.522449
0.528254
0.534059
0.539864
0.545669
0.551474
0.557279
0.563084
0.568889
0.574694
0.580499
0.586304
0.592109
0.597914
0.603719
0.609524
0.615329
0.621134
0.626939
0.632744
0.638549
0.644354
0.650159
0.655964
0.661769
0.667574
0.673379
0.679184
0.684989
0.690794
0.696599
0.702404
0.708209
0.714014
0.719819
0.725624
0.731429
0.737234
0.743039
0.748844
0.754649
0.760454
0.766258
0.772063
0.777868
0.783673
0.789478
0.795283
0.801088
0.806893
0.812698
0.818503
0.824308
0.830113
0.835918
0.841723
0.847528
0.853333
0.859138
0.864943
0.870748
0.876553
0.882358
0.888163
0.893968
0.899773
0.905578
0.911383
0.917188
0.922993
0.928798
0.934603
0.940408
0.946213
0.952018
0.957823
0.963628
0.969433
0.975238
0.981043
0.986848
0.992653
0.998458
1.00426
1.01007
1.01587
1.02168
1.02748
1.03329
1.03909
1.0449
1.0507
1.05651
1.06231
1.06812
1.07392
1.07973
1.08553
1.09134
1.09714
1.10295
1.10875
1.11456
1.12036
1.12617
1.13197
1.13778
1.14358
1.14939
1.15519
1.161
1.1668
1.17261
1.17841
1.18422
1.19002
1.19583
1.20163
1.20744
1.21324
1.21905
1.22485
1.23066
1.23646
1.24227
1.24807
1.25388
1.25968
1.26549
1.27129
1.2771
1.2829
1.28871
1.29451
1.30032
1.30612
1.31193
1.31773
1.32354
1.32934
1.33515
1.34095
1.34676
1.35256
1.35837
1.36417
1.36998
1.37578
1.38159
1.38739
1.3932
1.399
1.40481
1.41061
1.41642
1.42222
1.42803
1.43383
1.43964
1.44544
1.45125
1.45705
1.46286
1.46866
1.47447
1.48027
1.48608
1.49188
1.49769
1.50349
1.5093
1.5151
1.52091
1.52671
1.53252
1.53832
1.54413
1.54993
1.55574
1.56154
1.56735
1.57315
1.57896
1.58476
1.59057
1.59637
1.60218
1.60798
1.61379
1.61959
1.6254
1.6312
1.63701
1.64281
1.64862
1.65442
1.66023
1.66603
1.67184
1.67764
1.68345
1.68925
1.69506
1.70086
1.70667
1.71247
1.71828
1.72408
1.72989
1.73569
1.7415
1.7473
1.75311
1.75891
1.76472
1.77052
1.77633
1.78213
1.78794
1.79374
1.79955
1.80535
1.81116
1.81696
1.82277
1.82857
1.83438
1.84018
1.84599
1.85179
1.8576
1.8634
1.86921
1.87501
1.88082
1.88662
1.89243
1.89823
1.90404
1.90984
1.91565
1.92145
1.92726
1.93306
1.93887
1.94467
1.95048
1.95628
1.96209
1.96789
1.9737
1.9795
1.98531
1.99111
1.99692
2.00272
2.00853
2.01433
2.02014
2.02594
2.03175
2.03755
2.04336
2.04916
2.05497
2.06077
2.06658
2.07238
2.07819
2.08399
2.0898
2.0956
2.10141
2.10721
2.11302
2.11882
2.12463
2.13043
2.13624
2.14204
2.14785
2.15365
2.15946
2.16526
2.17107
2.17687
2.18268
2.18848
2.19429
2.20009
2.2059
2.2117
2.21751
2.22331
2.22912
2.23492
2.24073
2.24653
2.25234
2.25814
2.26395
2.26975
2.27556
2.28136
2.28717
2.29297
2.29878
2.30458
2.31039
2.31619
2.322
2.3278
2.33361
2.33941
2.34522
2.35102
2.35683
2.36263
2.36844
2.37424
2.38005
2.38585
2.39166
2.39746
2.40327
2.40907
2.41488
2.42068
2.42649
2.43229
2.4381
2.4439
2.44971
2.45551
2.46132
2.46712
2.47293
2.47873
2.48454
2.49034
2.49615
2.50195
2.50776
2.51356
2.51937
2.52517
2.53098
2.53678
2.54258
2.54839
2.55419
2.56
2.5658
2.57161
2.57741
2.58322
2.58902
2.59483
2.60063
2.60644
2.61224
2.61805
2.62385
2.62966
2.63546
2.64127
2.64707
2.65288
2.65868
2.66449
2.67029
2.6761
2.6819
2.68771
2.69351
2.69932
2.70512
2.71093
2.71673
2.72254
2.72834
2.73415
2.73995
2.74576
2.75156
2.75737
2.76317
2.76898
2.77478
2.78059
2.78639
2.7922
2.798
2.80381
2.80961
2.81542
2.82122
2.82703
2.83283
2.83864
2.84444
2.85025
2.85605
2.86186
2.86766
2.87347
2.87927
2.88508
2.89088
2.89669
2.90249
2.9083
2.9141
2.91991
2.92571
2.93152
2.93732
2.94313
2.94893
2.95474
2.96054
2.96635
2.97215
2.97796
2.98376
2.98957
2.99537
3.00118
3.00698
3.01279
3.01859
3.0244
3.0302
3.03601
3.04181
3.04762
3.05342
3.05923
3.06503
3.07084
3.07664
3.08245
3.08825
3.09406
3.09986
3.10567
3.11147
3.11728
3.12308
3.12889
3.13469
3.1405
3.1463
3.15211
3.15791
3.16372
3.16952
3.17533
3.18113
3.18694
3.19274
3.19855
3.20435
3.21016
3.21596
3.22177
3.22757
3.23338
3.23918
3.24499
3.25079
3.2566
3.2624
3.26821
3.27401
3.27982
3.28562
3.29143
3.29723
3.30304
3.30884
3.31465
3.32045
3.32626
3.33206
3.33787
3.34367
3.34948
3.35528
3.36109
3.36689
3.3727
3.3785
3.38431
3.39011
3.39592
3.40172
3.40753	276.863
3.41333	279.756
3.41914	277.984
3.42494	266.199
3.43075	264.971
3.43655	260.57
3.44236	257.726
3.44816	257.726
3.45397	256.389
3.45977	256.389
3.46558	255.502
3.47138	258.77
3.47719	268.05
3.48299	273.999
3.4888	270.383
3.4946	270.227
3.50041	272.893
3.50621	278.306
3.51202	279.595
3.51782	278.627	247.942
3.52363	276.383	259.518
3.52943	285.305	264.665
3.53524	290.459	267.432
3.54104	282.191	275.745
3.54685	292.818	278.466
3.55265	286.792	281.214
3.55846	288.12	282.68
3.56426	289.12	285.305
3.57007	288.953	287.954
3.57587	289.287	289.789
3.58168	291.636	292.142
3.58748	292.649	293.834
3.59329	293.665	295.878
3.59909	297.077	297.42
3.6049	295.707	298.971
3.6107	296.734	305.253
3.61651	297.077	306.135
3.62231	308.265	302.095
3.62812	316.383	302.095
3.63392	321.541	308.443
3.63973	321.913	308.265
3.64553	320.799	307.198
3.65134	323.778	307.198
3.65714	325.089	307.198
3.66295	328.867	300.355
3.66875	335.583	287.455
3.67456	337.917
3.68036	338.895
3.68617	339.286
3.69197	339.286
3.69778	339.875
3.70358	340.268
3.70939	340.464
3.71519	340.858
3.721	340.268
3.7268	340.268
3.73261	340.464
3.73841	341.646	362.38
3.74422	344.42	362.38
3.75002	360.293	365.956
3.75583	363.009	367.863
3.76163	351.657	368.289
3.76744	365.322	368.289
3.77324	372.783	369.141
3.77905	378.205	369.781
3.78485	372.999	370.208
3.79066	369.354	370.422
3.79646	371.065
3.80227	370.422
3.80807	369.354	738.708
3.81388	368.289	737.003
3.81968	367.227	734.877
3.82549	366.379	733.181
3.83129	365.322	731.489
3.8371	364.058	730.645
3.8429	364.269	731.067
3.84871	364.69	731.489
3.85451	365.322	731.489
3.86032	366.379	732.758
3.86612	364.058	731.489
3.87193	362.38	727.276
3.87773	358.011	717.678
3.88354	353.286	710.665
3.88934	353.082	711.076
3.89515	350.441	681.716
3.90095	360.293	709.435
3.90676	715.195
3.91256	728.117
3.91837
3.92417
3.92998
3.93578
3.94159
3.94739
3.9532
3.959
3.96481
3.97061
3.97642
3.98222
3.98803
3.99383
3.99964
4.00544
4.01125
4.01705
4.02286
4.02866
4.03447
4.04027
4.04608
4.05188
4.05769
4.06349
4.0693
4.0751
4.08091
4.08671
4.09252
4.09832
4.10413	251.694
4.10993	247.084
4.11574	238.668
4.12154	237.156
4.12735	235.11
4.13315	234.161
4.13896	227.89
4.14476	223.846
4.15057	220.636
4.15637	217.473
4.16218	216.345
4.16798	215.224
4.17379	213.984
4.17959	212.138
4.1854	211.282
4.1912	209.701
4.19701	208.614
4.20281	208.373
4.20862	207.892
4.21442	208.855
4.22023	210.065
4.22603	210.187
4.23184	210.187
4.23764	210.308
4.24345	210.429
4.24925	210.673
4.25506	212.629
4.26086	210.065
4.26667	209.338
4.27247	212.629
4.27828	208.614
4.28408
4.28989
4.29569
4.3015
4.3073
4.31311
4.31891
4.32472
4.33052
4.33633
4.34213
4.34794
4.35374
4.35955
4.36535
4.37116
4.37696
4.38277
4.38857
4.39438
4.40018
4.40599
4.41179
4.4176
4.4234
4.42921
4.43501
4.44082
4.44662
4.45243
4.45823
4.46404
4.46984
4.47565
4.48145
4.48726
4.49306
4.49887
4.50467	227.495
4.51048	236.063
4.51628	227.495
4.52209	229.74
4.52789	230.272
4.5337	231.472
4.5395	231.873
4.54531	231.873
4.55111	232.544	232.275
4.55692	233.891	233.756
4.56272	234.839	233.756
4.56853	235.518	234.974
4.57433	235.654	235.654
4.58014	235.654	229.873
4.58594	232.544	231.338
4.59175	232.41	231.873
4.59755	231.873	232.141
4.60336	231.873	232.275
4.60916	232.007	232.141
4.61497	232.41	232.41
4.62077	233.082	233.082
4.62658	233.621	233.621
4.63238	234.161	234.161
4.63819	235.11	235.11
4.64399	236.336
4.6498	237.019
4.6556	238.392
4.66141	239.496
4.66721	240.189
4.67302	241.023
4.67882	241.58
4.68463	241.999
4.69043	242.279
4.69624	242.559
4.70204	242.419
4.70785	242.139
4.71365	242.699
4.71946	243.12
4.72526	243.542
4.73107	243.12
4.73687	242.559
4.74268	242.279
4.74848	242.279
4.75429	242.699
4.76009	242.98
4.7659	243.542
4.7717	243.401
4.77751	243.683
4.78331	244.246
4.78912	244.529
4.79492	244.953
4.80073	245.094
4.80653	245.236
4.81234	245.803
4.81814	246.087
4.82395	246.087
4.82975	246.229
4.83556	246.229
4.84136	246.087
4.84717	245.803
4.85297	245.519
4.85878	245.094
4.86458	244.811
4.87039	244.67
4.87619	245.094
4.882	245.661
4.8878	246.229
4.89361	246.657
4.89941	247.084
4.90522	247.656
4.91102	248.372
4.91683	248.516
4.92263	248.516
4.92844	247.942
4.93424	247.942
4.94005	247.37
4.94585	246.657
4.95166	245.236
4.95746	244.67
4.96327	244.67
4.96907	244.246
4.97487	243.542
4.98068	242.84
4.98649	242.84
4.99229	244.67
4.9981	248.659
5.0039	250.678
5.00971	251.258
5.01551	249.523
5.02132	246.514
5.02712	243.823
5.03293	234.297
5.03873	238.668
5.04454	246.514
5.05034	247.37
5.05615	259.369
5.06195
5.06776
5.07356
5.07936
5.08517
5.09097
5.09678
5.10258
5.10839
5.11419
5.12
5.1258
5.13161
5.13741
5.14322
5.14902
5.15483
5.16063
5.16644
5.17225
5.17805
5.18385
5.18966
5.19546
5.20127
5.20707	366.591
5.21288	364.901
5.21868	361.962
5.22449	355.743
5.23029	358.632
5.2361	358.011
5.2419	354.922
5.24771	358.011
5.25351	355.743
5.25932	355.538
5.26512	355.743
5.27093	354.717
5.27673	354.717
5.28254	354.922
5.28834	355.333
5.29415	355.949
5.29995	356.155
5.30576	356.978
5.31156	358.011
5.31737	358.632
5.32317	359.461
5.32898	360.918
5.33478	363.009
5.34059	364.901
5.34639	366.803
5.3522	368.501
5.358	369.354
5.36381	370.636
5.36961	371.279
5.37542	371.279
5.38122	371.065
5.38703	370.636
5.39283	369.781
5.39864	368.927
5.40444	368.076
5.41025	367.439
5.41605	366.803
5.42186	366.591
5.42766	366.591
5.43347	366.803
5.43927	366.379
5.44508	366.167
5.45088	366.167
5.45669	365.745
5.46249	365.322
5.4683	365.533
5.4741	365.956
5.47991	366.379
5.48571	366.803
5.49152	367.227
5.49732	367.863
5.50313	368.289
5.50893	368.714
5.51474	369.141
5.52054	369.141
5.52635	369.141
5.53215	369.354
5.53796	369.567
5.54376	369.354
5.54957	369.781
5.55537	369.781
5.56118	369.781
5.56698	369.567
5.57279	368.927
5.57859	368.927
5.5844	369.354
5.5902	369.567
5.59601	369.994
5.60181	370.636
5.60762	371.279
5.61342	371.708
5.61923	371.708
5.62503	371.279
5.63084	370.85
5.63664	370.422
5.64245	369.567
5.64825	368.289
5.65406	367.014
5.65986	365.533
5.66567	364.69
5.67147	364.69
5.67728	364.69
5.68308	364.69
5.68889	364.901
5.69469	365.745
5.7005	367.863
5.7063	370.636
5.71211	374.51
5.71791	378.861
5.72372	382.6
5.72952	384.372
5.73533	387.717
5.74113	388.838
5.74694	389.963
5.75274	389.288
5.75855	387.941
5.76435	385.707
5.77016	382.158
5.77596	379.518
5.78177	375.159
5.78757	371.493
5.79338	368.076
5.79918	365.956
5.80499	364.269
5.81079	361.335
5.8166	357.185
5.8224	356.155
5.82821	355.743
5.83401	357.598
5.83982	358.839
5.84562	361.962
5.85143	364.69
5.85723	367.014
5.86304	370.208
5.86884	373.645
5.87465	377.115
5.88045	380.177
5.88626	382.821
5.89206	384.816
5.89787	386.152
5.90367	386.822
5.90948	385.484
5.91528	383.264
5.92109	380.836
5.92689	376.897
5.9327	370.636
5.9385	364.69
5.94431	359.669
5.95011	355.538
5.95592	352.878
5.96172	351.454
5.96753	352.471
5.97333	354.513
5.97914	358.839
5.98494	362.38
5.99075	366.591
5.99655	372.353
6.00236	378.861
6.00816	383.485
6.01397	387.941
6.01977	392.902
6.02558	397.927
6.03138	403.016
6.03719	404.883
6.04299	405.351
6.0488	404.415
6.0546	400.232
6.06041	396.779
6.06621	390.639
6.07202	386.375
6.07782	380.396
6.08363	369.354
6.08943	360.709
6.09524	353.899
6.10104	349.43
6.10685	346.215
6.11265	345.616
6.11846	346.415
6.12426	349.43
6.13007	354.513
6.13587	360.085
6.14168	369.567
6.14748	377.769
6.15329	384.15
6.15909	391.769
6.1649	397.009
6.1707	400.695
6.17651	403.715
6.18231	404.182
6.18812	402.783
6.19392	400.926
6.19973	397.927
6.20553	392.222
6.21134	386.152
6.21714	378.424
6.22295	371.065
6.22875	362.589
6.23456	359.046
6.24036	358.425	205.03
6.24617	357.391	205.742
6.25197	358.425	207.053
6.25778	360.085	208.253
6.26358	362.589	208.614
6.26939	367.863	208.855
6.27519	371.923	209.58
6.281	380.616	209.459
6.2868	381.938	209.097
6.29261	387.493	208.253	435.701
6.29841	365.956	210.551	433.191
6.30422	364.901	207.532	434.695
6.31002	361.753	208.735	437.719
6.31583	356.36	208.494	443.06
6.32163	208.373	443.316
6.32744	208.012	443.316
6.33324	207.892	444.599
6.33905	207.532	439.492
6.34485	207.892	438.985
6.35066	207.652	440.254
6.35646	207.053	441.528
6.36227	206.456	441.783
6.36807	207.053	440.763
6.37388	207.293	436.961
6.37968	207.053	434.946
6.38549	207.413	433.441
6.39129	207.652	432.941
6.3971	207.532	433.441
6.4029	210.551	433.441
6.40871	207.413	439.746
6.41451	207.053	451.065
6.42032	207.413	443.829
6.42612	441.783
6.43193	431.443
6.43773
6.44354
6.44934
6.45515
6.46095
6.46676
6.47256
6.47837
6.48417
6.48998
6.49578
6.50159
6.50739
6.5132
6.519
6.52481
6.53061
6.53642
6.54222
6.54803
6.55383
6.55964
6.56544
6.57125
6.57705
6.58286
6.58866
6.59447
6.60027
6.60608
6.61188
6.61769
6.62349
6.6293
6.6351
6.64091
6.64671
6.65252
6.65832
6.66413
6.66993
6.67574
6.68154
6.68735
6.69315
6.69896
6.70476
6.71057
6.71637
6.72218
6.72798
6.73379
6.73959
6.7454
6.7512
6.75701
6.76281
6.76862
6.77442
6.78023
6.78603
6.79184
6.79764
6.80345
6.80925
6.81506
6.82086
6.82667
6.83247
6.83828
6.84408
6.84989
6.85569
6.8615
6.8673	335.971
6.87311	340.661
6.87891	347.217
6.88472	353.082
6.89052	365.745
6.89633	362.171
6.90213	354.922
6.90794	352.674
6.91374	357.185
6.91955	364.058
6.92535	371.065
6.93116	375.593
6.93696	380.177
6.94277	385.039
6.94857	389.063
6.95438	394.722
6.96018	401.39
6.96599	408.17
6.97179	415.065
6.9776	422.076
6.9834	426.487
6.98921	427.968
6.99501	429.95
7.00082	430.945
7.00662	432.191
7.01243	433.191
7.01823	434.193
7.02404	435.449
7.02984	436.204
7.03565	436.708
7.04145	437.213
7.04726	436.961
7.05306	436.708
7.05887	436.961
7.06467	437.466
7.07048	437.213
7.07628	437.719
7.08209	438.224
7.08789	439.238
7.0937	440.763
7.0995	441.783
7.10531	442.549
7.11111	442.549
7.11692	442.293
7.12272	442.293
7.12853	441.783
7.13433	442.038
7.14014	442.038
7.14594	441.783
7.15175	441.783
7.15755	441.783
7.16336	443.06
7.16916	445.37
7.17497	446.4
7.18077	444.599
7.18658	444.085
7.19238	445.37
7.19819	447.174
7.20399	445.885
7.2098	445.113
7.2156	445.113
7.22141	441.273
7.22721	447.691
7.23302	449.505
7.23882	446.916
7.24463	444.599
7.25043	442.805
7.25624	442.549
7.26204	440.254
7.26785	439.746
7.27365	442.549
7.27946	436.961
7.28526	436.456
7.29107	437.466
7.29687	437.719
7.30268	435.952
7.30848	439.238
7.31429	439.746
7.32009	440.254
7.3259	443.573
7.3317
7.33751
7.34331
7.34912
7.35492
7.36073
7.36653
7.37234
7.37814
7.38395
7.38975
7.39556
7.40136
7.40717
7.41297
7.41878
7.42458
7.43039
7.43619
7.442
7.4478
7.45361
7.45941
7.46522
7.47102	381.276
7.47683	389.288
7.48263	383.928
7.48844	386.375
7.49424	394.039
7.50005	387.046
7.50585	386.822
7.51166	386.599
7.51746	387.046
7.52327	390.414
7.52907	395.178
7.53487	401.158
7.54068	405.351
7.54648	409.824
7.55229	413.39
7.55809	417.469
7.5639	421.589
7.56971	424.767
7.57551	426.487
7.58132	428.958
7.58712	431.194
7.59293	433.441
7.59873	434.193
7.60454	434.444
7.61034	434.695
7.61615	435.197
7.62195	434.946
7.62776	434.695
7.63356	434.193
7.63936	434.695
7.64517	436.708
7.65097	437.466
7.65678	438.985
7.66258	440.254
7.66839	440
7.67419	439.492
7.68	438.985
7.6858	438.985
7.69161	438.478
7.69741	437.971
7.70322	437.466
7.70902	437.466
7.71483	438.224
7.72063	439.746
7.72644	441.273
7.73224	441.783
7.73805	442.038
7.74385	442.038
7.74966	442.293
7.75546	442.038
7.76127	441.783
7.76707	441.783
7.77288	442.293
7.77868	442.549
7.78449	442.293
7.79029	442.038
7.7961	442.549
7.8019	442.549
7.80771	441.783
7.81351	441.783
7.81932	440.254
7.82512	439.238
7.83093	438.985
7.83673	438.985
7.84254	439.746
7.84834	440.763
7.85415	441.528	1755.94
7.85995	441.528	1751.89
7.86576	441.783	1754.92
7.87156	443.573	1764.07
7.87737	445.37	1776.34
7.88317	446.4	1783.54
7.88898	446.916	1787.66
7.89478	447.174	1786.63
7.90059	447.691	1787.66
7.90639	448.467	1794.91
7.9122	448.986	1796.98
7.918	448.467	1793.87
7.92381	447.95	1792.83
7.92961	446.916	1788.7
7.93542	445.627	1783.54
7.94122	445.113	1777.37
7.94703	444.856	1777.37
7.95283	445.113	1782.51
7.95864	444.599	1777.37
7.96444	444.342	1770.2
7.97025	443.829	1772.24
7.97605	441.528	1771.22
7.98186	439.238	1752.9
7.98766	436.456	1749.86
7.99347	433.692	1735.77
7.99927	431.692	1716.82
8.00508	429.95	1703
8.01088	430.199	1701.03
8.01669	440.254	1691.23
8.02249	443.316	1694.17
8.0283	448.467	1713.85
8.0341	448.467	1707.92
8.03991	441.273	1709.9
8.04571	1717.82
8.05152
8.05732
8.06313
8.06893
8.07474
8.08054
8.08635
8.09215
8.09796
8.10376
8.10957
8.11537
8.12118
8.12698
8.13279
8.13859
8.1444
8.1502
8.15601
8.16181
8.16762
8.17342
8.17923
8.18503
8.19084
8.19664
8.20245
8.20825	365.533
8.21406	368.501
8.21986	357.598
8.22567	349.43
8.23147	366.379
8.23728	352.878
8.24308	353.694
8.24889	350.846
8.25469	348.221
8.2605	349.228
8.2663	349.43
8.27211	350.643
8.27791	353.49
8.28372	355.333
8.28952	362.589
8.29533	368.289
8.30113	381.276
8.30694	389.738
8.31274	394.95
8.31855	399.308
8.32435	405.117
8.33016	408.642	326.03
8.33596	411.722	325.277
8.34177	415.305	325.465
8.34757	420.13	325.277
8.35338	423.786	324.527
8.35918	425.749	325.277
8.36499	427.474	325.653
8.37079	429.454	326.218
8.3766	431.942	326.784
8.3824	432.691	327.729
8.38821	432.941	328.297
8.39401	433.441	328.487
8.39982	433.692	328.297
8.40562	433.692	327.54
8.41143	433.942	326.595
8.41723	433.942	327.162
8.42304	434.946	325.841
8.42884	435.952	326.595
8.43465	436.456	329.437
8.44045	437.971	324.902
8.44626	438.224	328.297	389.288
8.45206	438.224	329.247	391.543
8.45787	438.224	327.729	391.317
8.46367	438.478	391.543
8.46948	438.731	392.902
8.47528	438.224	391.995
8.48109	438.731	391.769
8.48689	440	392.675
8.4927	440.254	393.584
8.4985	438.731	393.811
8.50431	441.528	393.811
8.51011	441.018	394.494
8.51592	441.528	394.722
8.52172	439.492	395.864
8.52753	393.129	394.95
8.53333	420.373	393.584
8.53914	435.197	392.902
8.54494	444.085	392.902
8.55075	392.675
8.55655	391.995
8.56236	391.317
8.56816	392.222
8.57397	398.617
8.57977	403.482
8.58558	406.758
8.59138	408.406
8.59719	404.649
8.60299	402.086
8.6088	402.783
8.6146	395.407
8.62041
8.62621
8.63202
8.63782
8.64363
8.64943
8.65524
8.66104
8.66685
8.67265
8.67846
8.68426	416.506
8.69007	411.722
8.69587	411.96
8.70168	413.39
8.70748	415.545
8.71329	420.13
8.71909	422.808
8.7249	420.373
8.7307	415.785
8.73651	412.436
8.74231	410.297
8.74812	407.228
8.75392	404.649
8.75973	401.622
8.76553	397.927
8.77134	394.266
8.77714	391.543
8.78295	387.493
8.78875	384.15
8.79456	382.379
8.80036	380.177
8.80617	378.643
8.81197	376.897
8.81778	374.943
8.82358	373.214
8.82939	372.568
8.83519	371.279
8.841	370.208
8.8468	368.501
8.85261	367.227
8.85841	365.956
8.86422	364.479
8.87002	363.009
8.87583	361.544
8.88163	360.293
8.88744	359.046
8.89324	357.391
8.89905	356.155
8.90485	355.538
8.91066	354.513
8.91646	354.717
8.92227	354.922
8.92807	354.922
8.93388	354.922
8.93968	354.308
8.94549	353.899
8.95129	352.878
8.9571	352.471
8.9629	351.86
8.96871	352.064
8.97451	352.064
8.98032	352.267
8.98612	352.064
8.99193	351.657
8.99773	351.454
9.00354	351.251
9.00934	351.048
9.01515	350.846
9.02095	350.036
9.02676	349.027
9.03256	348.221
9.03837	347.016
9.04417	346.215
9.04998	345.816
9.05578	346.415
9.06159	347.016
9.06739	347.819
9.0732	348.624
9.079	349.834
9.08481	350.441
9.09061	350.846
9.09642	350.846
9.10222	350.441
9.10803	351.048
9.11383	351.657
9.11964	352.878
9.12544	354.103
9.13125	355.538
9.13705	355.127
9.14286	354.103
9.14866	352.267
9.15447	349.834
9.16027	347.016
9.16608	343.229
9.17188	341.055
9.17769	337.722
9.18349	335.002
9.1893	333.073
9.1951	332.304
9.20091	332.112
9.20671	333.073
9.21252	334.809
9.21832	338.699
9.22413	342.239
9.22993	346.016
9.23574	351.454
9.24154	358.011
9.24735	364.901
9.25315	369.567
9.25896	373.645	749.452
9.26476	378.205	755.538
9.27057	383.264	766.084
9.27637	386.375	771.859
9.28218	387.717	774.538
9.28798	386.822	773.197
9.29379	384.594	770.522
9.29959	380.177	762.553
9.3054	374.726	751.186
9.3112	368.289	737.855
9.31701	361.544	724.342
9.32281	354.308	709.845
9.32862	343.824	691.631
9.33442	338.112	674.275
9.34023	334.036	668.072
9.34603	330.39	660.398
9.35184	328.867	656.216
9.35764	330.009	662.691
9.36345	333.073	667.686
9.36925	338.308	677.398
9.37506	347.217	696.04
9.38086	354.308	709.025
9.38667	358.011	717.264
9.39247	367.014	734.029
9.39828	373.645	748.155
9.40408	378.205	755.538
9.40989	379.518	759.475
9.41569	379.299	759.475
9.4215	376.679	754.229
9.4273	374.51	748.587
9.43311	370.422	741.701
9.43891	364.479	726.437
9.44472	357.391	712.309
9.45052	348.624	698.456
9.45633	343.031	686.854
9.46213	336.165	672.719
9.46794	331.729	659.636
9.47374	327.918	651.307
9.47955	326.218	650.179
9.48535	326.784	645.688
9.49116	325.277	635.696
9.49696	331.92	633.497
9.50277	326.595	621.895
9.50857	334.229	641.969
9.51438	329.057	642.711
9.52018	635.696
9.52599	645.688
9.53179
9.5376
9.5434
9.54921
9.55501
9.56082
9.56662
9.57243
9.57823
9.58404
9.58984
9.59565
9.60145
9.60726
9.61306
9.61887
9.62467
9.63048
9.63628
9.64209
9.64789
9.6537
9.6595
9.66531
9.67111
9.67692
9.68272
9.68853
9.69433
9.70014
9.70594
9.71175
9.71755
9.72336
9.72916
9.73497
9.74077
9.74658
9.75238
9.75819
9.76399
9.7698
9.7756
9.78141
9.78721
9.79302
9.79882
9.80463
9.81043
9.81624
9.82204
9.82785
9.83365
9.83946
9.84526
9.85107
9.85687
9.86268
9.86848
9.87429
9.88009
9.8859
9.8917
9.89751
9.90331
9.90912
9.91492
9.92073
9.92653
9.93234
9.93814
9.94394
9.94975
9.95555
9.96136
9.96716
9.97297
9.97878
9.98458
9.99039
9.99619
10.002
10.0078	444.085
10.0136	440.763
10.0194	442.805
10.0252	444.342
10.031	444.856
10.0368	445.113
10.0426	445.37
10.0484	445.37
10.0542	444.856
10.06	444.342
10.0659	444.342
10.0717	443.829
10.0775	443.316
10.0833	442.549
10.0891	442.038
10.0949	442.805
10.1007	443.829
10.1065	442.549
10.1123	441.783
10.1181	440.509
10.1239	439.492
10.1297	438.731
10.1355	439.238
10.1413	440
10.1471	440.254
10.1529	440.509
10.1587	439.492
10.1645	436.708
10.1703	436.708
10.1761	428.463
10.1819	432.941
10.1878	429.454
10.1936	430.447
10.1994	432.441
10.2052
10.211
10.2168
10.2226
10.2284
10.2342
10.24
10.2458
10.2516
10.2574
10.2632
10.269
10.2748
10.2806	512.187
10.2864	495.598
10.2922	488.211
10.298	483.719
10.3039	495.026
10.3097	489.623	977.55
10.3155	491.039	980.944
10.3213	491.606	983.781
10.3271	493.028	987.766
10.3329	495.312	993.489
10.3387	496.457	996.938
10.3445	497.031	997.514
10.3503	497.031	998.667
10.3561	497.031	997.514
10.3619	496.457	995.787
10.3677	495.026	990.623
10.3735	493.028	987.196
10.3793	493.598	987.196
10.3851	493.883	988.908
10.3909	493.883	988.908
10.3967	493.028	987.196
10.4025	491.322	983.781
10.4083	490.189	981.51
10.4141	489.057	978.68
10.42	488.493	976.421
10.4258	487.929	975.294
10.4316	487.084	973.605
10.4374	487.365	974.168
10.4432	488.211	975.857
10.449	489.057	977.55
10.4548	490.472	980.944
10.4606	491.322	982.077
10.4664	491.606	982.645
10.4722	492.743	984.918
10.478	495.312	987.766
10.4838	495.312	987.196
10.4896	494.454	987.196
10.4954	493.028	984.918
10.5012	489.905	979.811
10.507	487.647	974.168
10.5128	485.399	969.117
10.5186	483.161	964.649
10.5244	481.767	962.979
10.5302	480.101	960.756
10.5361	478.44	959.093
10.5419	476.234	956.327
10.5477	474.038	950.819
10.5535	471.853	947.529
10.5593	464.551	941.528
10.5651	460.543	920.023
10.5709	448.727	916.311
10.5767	444.342
10.5825	444.342
10.5883	450.284
10.5941
10.5999
10.6057
10.6115
10.6173
10.6231
10.6289
10.6347
10.6405
10.6463
10.6522
10.658
10.6638
10.6696
10.6754
10.6812
10.687
10.6928
10.6986
10.7044
10.7102
10.716
10.7218
10.7276	434.444
10.7334	434.695
10.7392	435.701
10.745	434.946
10.7508	436.708
10.7566	433.692
10.7624	433.191
10.7683	436.708	861.89
10.7741	435.952	868.386
10.7799	435.197	868.888
10.7857	435.449	869.39
10.7915	435.449	870.395
10.7973	434.946	869.39
10.8031	435.449	870.395
10.8089	435.701	871.401
10.8147	435.701	871.905
10.8205	435.701	870.898
10.8263	436.708	875.943
10.8321	437.719	876.449
10.8379	437.213	877.969
10.8437	435.701	875.437
10.8495	430.945	868.386
10.8553	425.749	866.382
10.8611	429.95	868.888
10.8669	432.441	881.017
10.8727	433.191	914.196
10.8785	432.441	914.196
10.8844	440.763
10.8902
10.896
10.9018
10.9076
10.9134
10.9192
10.925
10.9308
10.9366
10.9424
10.9482
10.954
10.9598
10.9656
10.9714
10.9772
10.983
10.9888
10.9946
11.0005
11.0063
11.0121
11.0179
11.0237
11.0295
11.0353
11.0411
11.0469
11.0527
11.0585
11.0643
11.0701
11.0759
11.0817
11.0875
11.0933
11.0991
11.1049	387.046
11.1107	392.222
11.1166	376.897
11.1224	376.897
11.1282	363.428
11.134	384.816
11.1398	365.533
11.1456	366.379
11.1514	364.479
11.1572	361.962
11.163	357.391
11.1688	355.333
11.1746	350.846
11.1804	347.217
11.1862	343.031
11.192	340.858
11.1978	339.286
11.2036	338.308
11.2094	337.722
11.2152	337.527
11.221	337.137
11.2268	336.943
11.2327	336.554
11.2385	337.332
11.2443	338.895
11.2501	340.661
11.2559	342.437
11.2617	344.023
11.2675	345.217
11.2733	346.215
11.2791	346.816
11.2849	347.618
11.2907	347.016
11.2965	345.018
11.3023	343.031
11.3081	339.679
11.3139	332.304
11.3197	330.39
11.3255	322.285
11.3313	324.902
11.3371
11.3429
11.3488
11.3546
11.3604
11.3662
11.372
11.3778
11.3836
11.3894
11.3952
11.401
11.4068
11.4126
11.4184
11.4242
11.43
11.4358
11.4416
11.4474
11.4532
11.459
11.4649
11.4707
11.4765
11.4823
11.4881
11.4939	439.238
11.4997	442.293
11.5055	437.466
11.5113	429.95
11.5171	453.678
11.5229	449.765
11.5287	449.505
11.5345	444.599
11.5403	443.829
11.5461	444.856
11.5519	444.856
11.5577	444.342
11.5635	443.573
11.5693	442.549
11.5751	442.038
11.581	441.528
11.5868	440.254
11.5926	439.746
11.5984	438.731
11.6042	437.213
11.61	436.204
11.6158	435.449
11.6216	434.193
11.6274	432.941
11.6332	432.191
11.639	431.443
11.6448	430.945
11.6506	430.447
11.6564	430.696
11.6622	431.194
11.668	432.441
11.6738	433.942
11.6796	434.444
11.6854	435.701
11.6912	435.952
11.6971	436.204
11.7029	436.708
11.7087	437.719
11.7145	439.238
11.7203	441.273
11.7261	443.316
11.7319	443.829
11.7377	443.316
11.7435	441.528
11.7493	438.985
11.7551	434.193
11.7609	428.215
11.7667	417.469
11.7725	411.246
11.7783	405.585
11.7841	398.387
11.7899	389.963
11.7957	392.675
11.8015
11.8073
11.8132
11.819
11.8248
11.8306
11.8364
11.8422
11.848
11.8538
11.8596
11.8654
11.8712
11.877
11.8828
11.8886
11.8944
11.9002
11.906
11.9118
11.9176
11.9234
11.9293
11.9351
11.9409	287.455
11.9467	287.787
11.9525	288.62
11.9583	289.789
11.9641	290.963
11.9699	294.004
11.9757	297.764
11.9815	302.794
11.9873	308.443
11.9931	318.951
11.9989	324.527
12.0047	333.458
12.0105	337.527
12.0163	340.268
12.0221	345.816
12.0279	349.43
12.0337	355.333
12.0395	364.058
12.0454	370.636
12.0512	378.643
12.057	385.039
12.0628	391.995
12.0686	398.387
12.0744	403.249
12.0802	407.699
12.086	411.722
12.0918	416.747
12.0976	421.589
12.1034	425.749
12.1092	429.206
12.115	432.941
12.1208	434.946
12.1266	436.204
12.1324	436.708
12.1382	436.456
12.144	436.204
12.1498	436.961
12.1556	436.961
12.1615	437.213
12.1673	438.478
12.1731	438.731
12.1789	439.492
12.1847	440.254
12.1905	440.763
12.1963	442.293
12.2021	443.316
12.2079	444.085
12.2137	444.342
12.2195	444.085
12.2253	443.316
12.2311	442.293
12.2369	441.273
12.2427	439.492
12.2485	438.478
12.2543	438.731
12.2601	439.238
12.2659	438.731
12.2717	437.719
12.2776	436.708
12.2834	436.708
12.2892	436.456
12.295	435.197
12.3008	433.942
12.3066	431.692
12.3124	425.749
12.3182	423.053
12.324	440.509
12.3298	423.297
12.3356	429.702
12.3414
12.3472
12.353
12.3588
12.3646
12.3704
12.3762
12.382
12.3878
12.3937
12.3995
12.4053
12.4111
12.4169
12.4227
12.4285
12.4343
12.4401
12.4459
12.4517	399.77
12.4575	391.543
12.4633	385.484
12.4691	382.158
12.4749	377.551
12.4807	374.726
12.4865	372.568
12.4923	372.999
12.4981	375.593
12.5039	374.51
12.5098	371.279
12.5156	366.167
12.5214	363.848
12.5272	358.425
12.533	352.267
12.5388	347.016
12.5446	342.832
12.5504	337.722
12.5562	332.304
12.562	327.729
12.5678	322.471
12.5736	316.565
12.5794	306.312	606.989
12.5852	301.746	605.938
12.591	295.195	579.913
12.5968	289.12	578.241
12.6026	283.17	568.964
12.6084	278.788	556.933
12.6142	274.474	547.998
12.62	270.539	541.078
12.6258	267.123	535.482
12.6317	262.686	525.675
12.6375	259.369	526.586
12.6433	255.798	509.826
12.6491	253.152	505.719
12.6549	249.378	500.488
12.6607	246.657	496.744
12.6665	243.542	492.743
12.6723	240.606	486.521
12.6781	238.117	475.409
12.6839	236.063	473.764
12.6897	234.297	471.036
12.6955	233.082	462.944
12.7013	232.007	463.211
12.7071	230.804	460.543
12.7129	230.139	459.48
12.7187	229.74	458.155
12.7245	228.813	455.517
12.7303	228.285	454.728
12.7361	227.101	450.545
12.742	225.793	452.37
12.7478	226.185	452.631
12.7536	225.663	451.848
12.7594	226.185	453.155
12.7652	226.446	453.941
12.771	225.533	453.678
12.7768	223.2	450.805
12.7826	220.636	444.599
12.7884	216.846	432.691
12.7942	214.479	426.241
12.8	211.893	420.859
12.8058	209.823	419.645
12.8116	206.576	418.919
12.8174	205.623	416.987
12.8232	208.253	416.506
12.829	416.987
12.8348	421.589
12.8406	424.031
12.8464	425.503
12.8522	426.981
12.858	430.199
12.8639	431.942
12.8697	433.191
12.8755	432.941
12.8813	434.946
12.8871	437.719
12.8929	438.731
12.8987	438.478
12.9045	434.444
12.9103	435.197
12.9161	436.961
12.9219	436.961
12.9277	433.191
12.9335	428.463
12.9393	424.767
12.9451	416.025
12.9509	413.151
12.9567	410.772
12.9625	407.934
12.9683	405.351
12.9741	403.482
12.98	404.649
12.9858	405.585
12.9916	407.934
12.9974	409.824
13.0032	410.061
13.009	411.009
13.0148	409.114
13.0206	404.415
13.0264	398.617
13.0322
13.038
13.0438
13.0496
13.0554
13.0612
13.067
13.0728
13.0786
13.0844
13.0902
13.0961
13.1019
13.1077
13.1135
13.1193
13.1251
13.1309
13.1367
13.1425
13.1483
13.1541
13.1599
13.1657
13.1715
13.1773
13.1831
13.1889
13.1947
13.2005
13.2063
13.2122
13.218
13.2238
13.2296
13.2354
13.2412
13.247
13.2528
13.2586
13.2644
13.2702
13.276
13.2818
13.2876
13.2934
13.2992
13.305
13.3108
13.3166
13.3224
13.3283
13.3341
13.3399
13.3457
13.3515
13.3573
13.3631
13.3689
13.3747
13.3805
13.3863
13.3921
13.3979
13.4037
13.4095
13.4153
13.4211
13.4269
13.4327
13.4385
13.4444
13.4502
13.456
13.4618
13.4676
13.4734
13.4792
13.485
13.4908
13.4966
13.5024
13.5082
13.514
13.5198
13.5256
13.5314
13.5372
13.543
13.5488
13.5546
13.5605
13.5663
13.5721
13.5779
13.5837
13.5895
13.5953
13.6011
13.6069
13.6127
13.6185
13.6243
13.6301
13.6359
13.6417
13.6475
13.6533
13.6591
13.6649
13.6707
13.6766
13.6824
13.6882
13.694
13.6998
13.7056
13.7114
13.7172
13.723
13.7288
13.7346
13.7404
13.7462
13.752
13.7578
13.7636
13.7694
13.7752
13.781
13.7868
13.7927
13.7985
13.8043
13.8101
13.8159
13.8217
13.8275
13.8333
13.8391
13.8449
13.8507
13.8565
13.8623
13.8681
13.8739
13.8797
13.8855
13.8913
13.8971
13.9029
13.9088
13.9146
13.9204
13.9262
13.932
13.9378
13.9436
13.9494
13.9552
13.961
13.9668
13.9726
13.9784
13.9842
13.99
13.9958
14.0016
14.0074
14.0132
14.019
14.0249
14.0307
14.0365
14.0423
14.0481
14.0539
14.0597
14.0655
14.0713
14.0771
14.0829
14.0887
14.0945
14.1003
14.1061
14.1119
14.1177
14.1235
14.1293
14.1351
14.141
14.1468
14.1526
14.1584
14.1642
14.17
14.1758
14.1816
14.1874
14.1932
14.199
14.2048
14.2106
14.2164
14.2222
14.228
14.2338
14.2396
14.2454
14.2512
14.2571
14.2629
14.2687
14.2745
14.2803
14.2861
14.2919
14.2977
14.3035
14.3093
14.3151
14.3209
14.3267
14.3325
14.3383
14.3441
14.3499
14.3557
14.3615
14.3673
14.3732
14.379
14.3848
14.3906
14.3964
14.4022
14.408
14.4138
14.4196
14.4254
14.4312
14.437
14.4428
14.4486
14.4544
14.4602
14.466
14.4718
14.4776
14.4834
14.4893
14.4951
14.5009
14.5067
14.5125
14.5183
14.5241
14.5299
14.5357
14.5415
14.5473
14.5531
14.5589
14.5647
14.5705
14.5763
14.5821
14.5879
14.5937
14.5995
14.6054
14.6112
14.617
14.6228
14.6286
14.6344
14.6402
14.646
14.6518
14.6576
14.6634
14.6692
14.675
14.6808
14.6866
14.6924
14.6982
14.704
14.7098
14.7156
14.7215
14.7273
14.7331
14.7389
14.7447
14.7505
14.7563
14.7621
14.7679
14.7737
14.7795
14.7853
14.7911
14.7969
14.8027
14.8085
14.8143
14.8201
14.8259
14.8317
14.8376
14.8434
14.8492
14.855
14.8608
14.8666
14.8724
14.8782
14.884
14.8898
14.8956
14.9014
14.9072
14.913
14.9188
14.9246
14.9304
14.9362
14.942
14.9478
14.9537
14.9595
14.9653
14.9711
14.9769
14.9827
14.9885
14.9943
15.0001
15.0059
15.0117
15.0175
15.0233
15.0291
15.0349
15.0407
15.0465
15.0523
15.0581
15.0639
15.0697
15.0756
15.0814
15.0872
15.093
15.0988
15.1046	282.68
15.1104	283.334
15.1162	285.305
15.122	286.13
15.1278	286.626
15.1336	283.17
15.1394	284.482
15.1452	281.377
15.151	280.08
15.1568	279.272
15.1626	279.595
15.1684	280.403
15.1742	280.403
15.18	281.214
15.1859	281.702
15.1917	282.354
15.1975	283.007
15.2033	283.007
15.2091	282.843
15.2149	283.334
15.2207	283.989
15.2265	285.305
15.2323	286.461
15.2381	288.62
15.2439	289.957
15.2497	290.795
15.2555	291.973
15.2613	292.48
15.2671	293.495
15.2729	294.855
15.2787	294.855
15.2845	296.563
15.2903	296.905
15.2961	295.707
15.3019	291.805
15.3078	286.13
15.3136	283.825
15.3194	281.377	283.498
15.3252	278.145	282.843
15.331	276.224	283.17
15.3368	271.792	281.865
15.3426	271.792	279.756
15.3484	278.466
15.3542	279.595
15.36	280.727
15.3658	281.539
15.3716	281.702
15.3774	281.052
15.3832	279.595
15.389	278.306
15.3948	276.383
15.4006	282.68
15.4064	291.805
15.4122	297.764
15.418	301.746
15.4239	303.144
15.4297	310.23
15.4355	318.583
15.4413	324.152
15.4471	329.247	328.108
15.4529	337.722	335.971
15.4587	343.625	343.427
15.4645	349.43	348.825
15.4703	358.011	356.772
15.4761	363.638	362.171
15.4819	369.141	368.714
15.4877	374.294	372.783
15.4935	378.643	377.551
15.4993	380.616	380.396
15.5051	382.379	382.158
15.5109	383.264	383.264
15.5167	383.042	382.6
15.5225	382.6	381.938
15.5283	381.276	380.836
15.5341	380.396	380.396
15.54	379.299
15.5458	378.424	1132.68
15.5516	377.115	1127.46
15.5574	375.81	1123.56
15.5632	374.943	1120.32
15.569	374.294	1115.8
15.5748	372.999	1112.58
15.5806	371.493	1111.3
15.5864	370.422	1108.09
15.5922	369.567	1106.17
15.598	369.567	1106.17
15.6038	369.567	1108.73
15.6096	370.636	1112.58
15.6154	371.279	1115.8
15.6212	371.279	1117.73
15.627	370.208	1113.87
15.6328	368.289	1108.09
15.6386	366.803	1102.34
15.6444	363.848	1094.1
15.6502	361.335	1073.44
15.6561	359.461	1072.2
15.6619	361.753	1072.2
15.6677	338.699	1039.87
15.6735	334.229	1077.17
15.6793	321.913	319.32
15.6851	320.244	318.951
15.6909	317.664
15.6967	309.156
15.7025	306.489
15.7083	302.619
15.7141	297.249
15.7199	289.789
15.7257	284.811
15.7315	280.08
15.7373	274.633
15.7431	266.506
15.7489	261.928
15.7547	258.173
15.7605	254.471
15.7663	250.823
15.7722	246.372
15.778	243.401
15.7838	240.189
15.7896	237.43
15.7954	234.026
15.8012	230.538
15.807	228.022
15.8128	223.846
15.8186	221.274
15.8244	220.764	222.043
15.8302	221.147	220
15.836	220.509	205.623
15.8418	219.492	214.727
15.8476	216.47	214.355
15.8534	214.851	210.187
15.8592	214.851	212.752
15.865	215.224	213.367
15.8708	213.614	213.121
15.8766	215.224	213.244
15.8824	215.472	212.752
15.8883	214.851	212.016
15.8941	214.851	211.16
15.8999	212.383	210.551
15.9057	211.893	210.065
15.9115	212.752	209.58
15.9173	212.629	209.701
15.9231	212.998	210.551
15.9289	214.479	212.016
15.9347	213.614	212.875
15.9405	214.231	213.737
15.9463	214.851	214.355
15.9521	214.355
15.9579	214.108
15.9637	214.231
15.9695	214.355
15.9753	214.603
15.9811	214.355
15.9869	213.984
15.9927	213.861
15.9985	214.851
16.0044	215.597
16.0102	215.597	429.702
16.016	215.099	429.454
16.0218	214.231	428.215
16.0276	213.244	426.981
16.0334	212.752	425.258
16.0392	211.648	424.031
16.045	211.282	423.053
16.0508	211.038	421.833
16.0566	209.944	419.161
16.0624	209.823	418.435
16.0682	210.187	419.161
16.074	210.673	419.645
16.0798	211.893	422.808
16.0856	212.875	425.258
16.0914	213.737	427.227
16.0972	214.479	428.71
16.103	214.851	429.454
16.1088	214.727	429.206
16.1146	214.355	428.71
16.1205	213.984	428.215
16.1263	213.737	427.721
16.1321	213.737	426.981
16.1379	213.614	425.749
16.1437	213.49	424.767
16.1495	213.49	425.258
16.1553	213.984	427.227
16.1611	214.727	429.206
16.1669	215.846	431.692
16.1727	215.597	433.441
16.1785	215.472	433.191
16.1843	214.975	431.692
16.1901	214.727	430.696
16.1959	215.099	429.95
16.2017	216.221	431.194
16.2075	217.724	434.946
16.2133	219.366	439.238
16.2191	220.382	442.549	221.019
16.2249	221.786	443.316	223.329
16.2307	224.104	446.916	225.142
16.2366	225.012	449.245	225.663
16.2424	225.663	451.587	225.793
16.2482	227.627
16.254	228.549
16.2598	230.006
16.2656	231.472
16.2714	233.621
16.2772	234.568
16.283	235.11
16.2888	235.654
16.2946	236.336	709.025
16.3004	236.882	710.665
16.3062	237.293	711.076
16.312	237.979	713.133
16.3178	237.705	711.076
16.3236	238.53	714.782
16.3294	238.668	712.721	237.293
16.3352	240.745	715.195	238.668
16.341	244.811	722.253	241.302
16.3468	243.12	726.437	241.999
16.3527	242.139	727.276	242.699
16.3585	241.302	726.437	242.419
16.3643	241.999	727.697	242.699
16.3701	242.559	728.117	242.98
16.3759	243.12	729.38	243.261
16.3817	243.964	731.489	243.964
16.3875	244.811	734.029	244.811
16.3933	245.236	735.302	245.236
16.3991	738.281	246.087
16.4049	739.562	246.657
16.4107	741.701	247.227
16.4165	743.416	247.799
16.4223	746.859	248.947
16.4281	749.02	249.811
16.4339	754.229	250.968
16.4397	755.101	251.549
16.4455	754.229	251.403
16.4513	755.101	251.403
16.4571	753.359	251.113
16.4629	750.319	250.244
16.4688	748.587	249.811
16.4746	747.723	249.234
16.4804	248.372
16.4862	247.513
16.492	247.084
16.4978	246.372
16.5036	245.803
16.5094	245.519
16.5152	245.661
16.521	246.087
16.5268	246.514
16.5326	246.799
16.5384	246.799
16.5442	247.513
16.55	248.229
16.5558	249.667
16.5616	250.389
16.5674	250.823
16.5732	251.403
16.579	251.258
16.5849	252.568
16.5907	252.714
16.5965	252.13
16.6023	251.403
16.6081	247.942
16.6139	241.441
16.6197	238.392
16.6255	234.161
16.6313	244.105
16.6371
16.6429
16.6487
16.6545
16.6603
16.6661
16.6719
16.6777
16.6835
16.6893
16.6951
16.701
16.7068
16.7126
16.7184
16.7242
16.73
16.7358
16.7416
16.7474
16.7532	372.353
16.759	369.781
16.7648	367.651
16.7706	366.379
16.7764	372.568
16.7822	371.493
16.788	373.214
16.7938	370.636
16.7996	367.863
16.8054	365.533
16.8112	365.745
16.8171	365.533
16.8229	365.745
16.8287	367.014
16.8345	367.014
16.8403	367.227
16.8461	367.863
16.8519	368.501
16.8577	369.141
16.8635	369.781
16.8693	370.422
16.8751	371.493
16.8809	372.353
16.8867	373.214
16.8925	373.645
16.8983	373.861
16.9041	374.077
16.9099	374.294
16.9157	374.294
16.9215	373.861
16.9273	373.645
16.9332	373.43
16.939	373.645	1120.97
16.9448	373.645	1120.32
16.9506	372.783	1119.03
16.9564	372.353	1117.73
16.9622	371.708	1115.8
16.968	370.85	1113.22
16.9738	370.422	1111.94
16.9796	369.141	1108.09
16.9854	367.439	1103.62
16.9912	366.591	1099.8
16.997	366.379	1098.53
17.0028	366.379	1099.17
17.0086	366.591	1099.17
17.0144	367.227	1101.07
17.0202	368.289	1104.26
17.026	369.994	1110.01
17.0318	372.568	1117.73
17.0376	376.462	1128.76
17.0434	381.276	1141.22
17.0493	385.707	1155.81
17.0551	389.513	1168.57
17.0609	392.675	1179.42
17.0667	395.407	1186.25
17.0725	397.238	1190.37
17.0783	398.617	1195.88
17.0841	398.157	1193.81
17.0899	396.55	1188.99
17.0957	392.449	1179.42
17.1015	387.493	1165.87
17.1073	381.497	1148.49
17.1131	374.51	1121.61
17.1189	365.956	1099.8
17.1247	358.425	1079.04
17.1305	351.454
17.1363	347.016
17.1421	345.616
17.1479	346.016
17.1537	350.238
17.1595	354.717
17.1654	360.709
17.1712	367.014
17.177	373.645
17.1828	381.276
17.1886	388.165
17.1944	396.55
17.2002	403.016
17.206	407.699
17.2118	410.535
17.2176	410.061
17.2234	409.351
17.2292	405.351
17.235	398.617
17.2408	388.614
17.2466	375.376
17.2524	362.589
17.2582	350.643
17.264	338.699
17.2698	333.843
17.2756	331.729
17.2815	333.265
17.2873	337.722
17.2931	345.018
17.2989	352.267
17.3047	358.218
17.3105	365.533
17.3163	369.567
17.3221	371.493
17.3279	373.43
17.3337	366.167
17.3395	361.544
17.3453	353.694
17.3511	364.269
17.3569	295.707
17.3627	297.077
17.3685	284.811
17.3743	285.634
17.3801	286.13
17.3859	286.957
17.3917	288.62
17.3976	289.622
17.4034	290.124
17.4092	291.131
17.415	291.468
17.4208	291.636
17.4266	290.459
17.4324	290.292
17.4382	289.789
17.444	289.622
17.4498	290.292
17.4556	290.627
17.4614	288.787
17.4672	291.3
17.473	289.957	290.124
17.4788	289.957	290.459
17.4846	290.795	290.292
17.4904	291.131	291.131
17.4962	291.468	291.636
17.502	291.131	291.3
17.5078	290.795	290.795
17.5137	289.957	290.459
17.5195	289.455	289.455
17.5253	289.957	289.789
17.5311	289.957	289.789
17.5369	289.789	289.622
17.5427	288.453	288.62
17.5485	288.453	287.621
17.5543	287.787	287.455
17.5601	286.626	286.461
17.5659	285.305
17.5717	283.989
17.5775	284.153
17.5833	283.334
17.5891	282.517
17.5949	282.191
17.6007	281.702
17.6065	281.702
17.6123	281.214
17.6181	282.028
17.6239	283.661
17.6297	284.482
17.6356	283.334
17.6414	285.47
17.6472	285.965
17.653	285.965
17.6588	287.289
17.6646	283.825
17.6704	304.196
17.6762	305.605
17.682	307.021
17.6878	308.799
17.6936	310.768
17.6994	314.197
17.7052	315.835
17.711	318.399
17.7168	320.429
17.7226	321.541
17.7284	322.285
17.7342	324.152
17.74	324.527
17.7458	325.653
17.7517	326.784
17.7575	328.297
17.7633	329.437
17.7691	329.628
17.7749	331.346
17.7807	332.304
17.7865	333.073
17.7923	335.777
17.7981	338.308
17.8039	341.252
17.8097	343.229
17.8155	347.217
17.8213	364.058
17.8271	364.058	365.322
17.8329	377.333	370.422
17.8387	377.333	372.568
17.8445	368.927	371.065
17.8503	366.803
17.8561	364.69
17.8619	364.69
17.8678	365.745
17.8736	367.439
17.8794	368.289
17.8852	368.501
17.891	368.927
17.8968	369.354
17.9026	369.354
17.9084	369.781
17.9142	369.994
17.92	370.208
17.9258	370.422
17.9316	370.422
17.9374	370.85
17.9432	370.85
17.949	371.279
17.9548	371.923
17.9606	372.568
17.9664	372.783
17.9722	372.783
17.9781	372.999
17.9839	373.214
17.9897	373.43
17.9955	373.214
18.0013	372.353
18.0071	371.923
18.0129	372.138
18.0187	371.493
18.0245	370.208
18.0303	372.999
18.0361	369.781
18.0419	375.159
18.0477	377.115
18.0535
18.0593
18.0651
18.0709
18.0767
18.0825
18.0883
18.0941
18.1
18.1058
18.1116
18.1174
18.1232
18.129
18.1348
18.1406
18.1464
18.1522
18.158
18.1638
18.1696
18.1754
18.1812
18.187
18.1928
18.1986
18.2044
18.2102	388.389
18.2161	393.584
18.2219	393.356
18.2277	391.995
18.2335	391.317
18.2393	391.995
18.2451	393.129
18.2509	395.635
18.2567	398.847
18.2625	401.622
18.2683	404.649
18.2741	406.758	813.516
18.2799	409.351	818.701
18.2857	411.96	824.872
18.2915	416.025	831.569
18.2973	419.161	837.354
18.3031	422.808	841.718
18.3089	425.749	848.552
18.3147	427.968	854.948
18.3205	429.702	859.404
18.3263	430.945	862.388
18.3322	431.443	862.388
18.338	431.443	862.388
18.3438	432.191	863.385
18.3496	433.191	865.382
18.3554	433.942	868.386
18.3612	434.193	868.386
18.367	434.946	869.39
18.3728	435.952	870.898
18.3786	437.466	874.426
18.3844	438.478	876.955
18.3902	439.238	878.984
18.396	439.238	878.476
18.4018	439.746	878.476
18.4076	439.746	878.476
18.4134	439.492	878.984
18.4192	440.254	878.984
18.425	440	878.984
18.4308	439.492	878.476
18.4366	440	879.492
18.4424	440.509	880.509
18.4483	440.763	881.526
18.4541	441.018	882.036
18.4599	441.273	882.036
18.4657	441.018	882.036
18.4715	441.273	882.545
18.4773	441.273	883.055
18.4831	441.273	883.055
18.4889	440.254	881.017
18.4947	438.985	877.462
18.5005	438.478	876.449
18.5063	438.478	876.449
18.5121	438.731	876.449
18.5179	439.238	878.984
18.5237	440	880
18.5295	441.018	881.017
18.5353	442.038	884.076
18.5411	443.06	886.121
18.5469	443.829	888.171
18.5527	444.342	888.684
18.5585	444.599	888.684
18.5644	444.599	889.197
18.5702	444.856	889.711
18.576	444.856	889.197
18.5818	444.342	888.684
18.5876	444.085	888.684
18.5934	443.573	887.658
18.5992	442.038	884.587
18.605	441.018	882.036
18.6108	439.492	878.984
18.6166	438.478	876.955
18.6224	438.224	876.955
18.6282	438.731	876.955
18.634	439.238	877.969
18.6398	438.731	879.492
18.6456	437.213	882.036
18.6514	432.191	881.526
18.6572	432.191	860.398
18.663	418.193	849.533
18.6688	436.204	874.932
18.6746	438.478	877.969
18.6805
18.6863	442.293
18.6921	445.885
18.6979	444.856
18.7037	445.37
18.7095	443.316
18.7153	441.783
18.7211	440.763
18.7269	439.746
18.7327	441.018
18.7385	441.018
18.7443	444.342
18.7501	442.038
18.7559	442.038	441.783
18.7617	444.342	446.4
18.7675	444.342	445.113
18.7733	443.06	449.505
18.7791	444.856	447.95
18.7849	443.573	455.254
18.7907	444.342	440.763
18.7966	447.174	446.4
18.8024	441.528	447.433
18.8082	446.142	447.174
18.814	446.658	446.658
18.8198	446.658	446.658
18.8256	446.4	446.4
18.8314	445.627	445.627
18.8372	445.113	445.113
18.843	444.856	444.856
18.8488	444.599	889.197
18.8546	444.599	889.197
18.8604	444.856	890.225
18.8662	444.856	889.711
18.872	444.342	888.684
18.8778	444.085	888.171
18.8836	444.085	887.658
18.8894	444.085	887.658
18.8952	444.599	889.197
18.901	445.627	891.254
18.9068	446.142	892.284
18.9127	446.658	893.316
18.9185	447.174	894.348
18.9243	447.433	894.348
18.9301	447.433	893.832
18.9359	446.916	893.832
18.9417	446.4	892.8
18.9475	445.885	892.284
18.9533	443.573	889.711
18.9591	443.316	886.633
18.9649	442.293	887.145
18.9707	441.783	887.145
18.9765	430.696	895.382
18.9823	428.71	859.404
18.9881	430.945	865.882
18.9939	430.447
18.9997	432.191
19.0055	434.193
19.0113	437.466
19.0171	437.719
19.0229	436.961
19.0288	436.961
19.0346	434.695
19.0404	434.444
19.0462	432.941
19.052
19.0578
19.0636
19.0694
19.0752
19.081
19.0868
19.0926
19.0984
19.1042
19.11
19.1158
19.1216
19.1274
19.1332
19.139
19.1449
19.1507
19.1565
19.1623
19.1681
19.1739
19.1797
19.1855
19.1913
19.1971
19.2029
19.2087
19.2145
19.2203
19.2261
19.2319
19.2377
19.2435	431.692
19.2493	429.454
19.2551	418.193
19.261	415.305
19.2668	415.545
19.2726	416.265
19.2784	416.987
19.2842	417.469
19.29	419.888
19.2958	423.542
19.3016	425.995
19.3074	428.463
19.3132	430.696
19.319	435.701
19.3248	441.273
19.3306	444.599
19.3364	446.916
19.3422	448.467
19.348	449.765
19.3538	450.024
19.3596	450.024
19.3654	449.505
19.3712	449.245
19.3771	448.467
19.3829	447.174
19.3887	445.627
19.3945	444.342
19.4003	443.573
19.4061	443.573
19.4119	443.316
19.4177	443.573
19.4235	443.829
19.4293	445.113
19.4351	446.142
19.4409	447.433
19.4467	448.209
19.4525	448.727
19.4583	449.505
19.4641	450.024
19.4699	450.024
19.4757	450.024
19.4815	450.284
19.4873	450.284
19.4932	450.545
19.499	450.805
19.5048	452.631
19.5106	453.941
19.5164	454.465
19.5222	455.78
19.528	456.57
19.5338	456.834
19.5396	456.834
19.5454	455.517
19.5512	451.587
19.557	446.916
19.5628	436.961
19.5686	430.945
19.5744	429.454
19.5802	426.981
19.586	402.086
19.5918	412.674
19.5976	411.484
19.6034
19.6093
19.6151
19.6209
19.6267
19.6325
19.6383
19.6441
19.6499
19.6557	444.599
19.6615	416.025
19.6673	418.677
19.6731	424.276
19.6789	428.463
19.6847	435.701
19.6905	444.342
19.6963	450.284
19.7021	454.203
19.7079	455.78
19.7137	452.631
19.7195	444.342
19.7254	432.441
19.7312	421.833
19.737	411.96
19.7428	406.993
19.7486	402.318
19.7544	397.238
19.7602	393.129
19.766	389.513
19.7718	386.375
19.7776	383.042
19.7834	379.08
19.7892	375.81
19.795	372.568
19.8008	368.714
19.8066	366.803
19.8124	365.111
19.8182	363.638
19.824	362.171
19.8298	360.918
19.8356	359.046
19.8415	356.978
19.8473	354.922
19.8531	352.471
19.8589	350.846
19.8647	349.228
19.8705	347.217
19.8763	345.816
19.8821	344.818
19.8879	344.221
19.8937	344.221
19.8995	344.818
19.9053	345.416
19.9111	346.016
19.9169	346.215
19.9227	346.816
19.9285	346.816
19.9343	346.616
19.9401	345.416
19.9459	344.619
19.9517	344.023
19.9576	343.824
19.9634	344.42
19.9692	345.217
19.975	346.415
19.9808	347.618
19.9866	348.221
19.9924	349.027
19.9982	349.834
20.004	350.238
20.0098	351.048
20.0156	351.86
20.0214	352.471
20.0272	352.674
20.033	352.471
20.0388	351.454
20.0446	350.036
20.0504	348.221
20.0562	346.415
20.062	343.824
20.0678	341.055
20.0737	338.308
20.0795	335.389
20.0853	332.496
20.0911	330.199
20.0969	328.297
20.1027	327.918
20.1085	328.677
20.1143	330.009
20.1201	331.346
20.1259	334.615
20.1317	339.482
20.1375	347.016
20.1433	354.922
20.1491	359.461
20.1549	364.901
20.1607	369.141
20.1665	372.999
20.1723	375.376
20.1781	376.244
20.1839	373.214
20.1898	366.167
20.1956	361.753
20.2014	364.269
20.2072	360.085
20.213	347.016
20.2188	337.917
20.2246	334.229
20.2304	331.729
20.2362	327.162
20.242	321.913
20.2478	321.913
20.2536	324.152
20.2594	326.595	980.377
20.2652	331.154	991.196
20.271	334.615	1058.66
20.2768	339.286	1020.83
20.2826	344.818	1043.48
20.2884	349.43	1048.32
20.2942	354.103	1058.66
20.3	358.839	1069.73
20.3058	361.962	1084.03
20.3117	363.428	1096.63
20.3175	364.058	1102.98
20.3233	364.479	1094.1
20.3291	363.848	1088.43
20.3349	361.335	1080.28
20.3407	358.425	1072.82
20.3465	352.471	1051.35
20.3523	345.416	1034.48
20.3581	339.286	1015.54
20.3639	335.583	1010.27
20.3697	333.843	1002.13
20.3755	332.496	996.938
20.3813	332.112	992.341
20.3871	332.112	996.362
20.3929	333.458	999.244
20.3987	336.554	1008.52
20.4045	340.464	1022.01
20.4103	344.818	1031.5
20.4161	351.048	1050.74
20.4219	356.155	1059.89
20.4278	360.293	1074.68
20.4336	364.479	1096.63
20.4394	367.014	1100.44
20.4452	371.065	1056.22
20.451	375.81	1130.07
20.4568	376.679	1143.2
20.4626	376.462	1135.3
20.4684	371.279	1121.61
20.4742	365.956	1097.9
20.48	361.962	1079.66
20.4858	357.185	1058.05
20.4916	349.228	1044.69
20.4974	341.252	1024.37
20.5032	335.583	1006.78
20.509	329.628	988.908
20.5148	325.841	974.168
20.5206	324.714	974.168
20.5264	325.841	976.985
20.5322	328.108	983.781
20.538	331.154	991.769
20.5439	334.229	1002.71
20.5497	337.332	1009.69
20.5555	343.031	1036.28
20.5613	348.221	1050.74
20.5671	355.333	1064.79
20.5729	361.753	1075.3
20.5787	364.269	1088.43
20.5845	366.167	1094.73
20.5903	368.501	1062.95
20.5961	369.354
20.6019	368.501
20.6077	367.227
20.6135	365.745
20.6193	362.589
20.6251	356.36
20.6309	354.308
20.6367	356.566
20.6425	353.899
20.6483	358.425
20.6542
20.66
20.6658
20.6716
20.6774
20.6832
20.689
20.6948
20.7006
20.7064
20.7122
20.718
20.7238
20.7296
20.7354
20.7412
20.747
20.7528
20.7586
20.7644
20.7702
20.7761
20.7819
20.7877
20.7935
20.7993
20.8051
20.8109
20.8167
20.8225
20.8283
20.8341
20.8399
20.8457
20.8515
20.8573
20.8631
20.8689
20.8747
20.8805
20.8863
20.8922
20.898
20.9038
20.9096
20.9154
20.9212
20.927
20.9328
20.9386
20.9444
20.9502
20.956
20.9618
20.9676
20.9734
20.9792
20.985
20.9908
20.9966
21.0024
21.0083
21.0141
21.0199
21.0257
21.0315
21.0373
21.0431
21.0489
21.0547
21.0605
21.0663
21.0721
21.0779
21.0837
21.0895
21.0953
21.1011
21.1069
21.1127
21.1185
21.1244
21.1302
21.136
21.1418
21.1476
21.1534
21.1592
21.165
21.1708
21.1766
21.1824
21.1882
21.194
21.1998
21.2056
21.2114
21.2172
21.223
21.2288
21.2346
21.2405
21.2463
21.2521
21.2579
21.2637
21.2695
21.2753
21.2811
21.2869
21.2927
21.2985
21.3043
21.3101
21.3159
21.3217
21.3275
21.3333
21.3391	403.016
21.3449	407.228
21.3507	434.444
21.3566	422.564
21.3624	422.808
21.3682	424.521
21.374	425.749
21.3798	428.71
21.3856	429.206
21.3914	429.702
21.3972	431.194
21.403	432.941
21.4088	434.193
21.4146	434.946
21.4204	433.942
21.4262	433.692
21.432	434.193	868.386
21.4378	434.695	868.888
21.4436	434.946	869.39
21.4494	434.946	869.892
21.4552	434.946	869.39
21.461	434.444	868.888
21.4668	434.444	868.888
21.4727	434.444	868.888
21.4785	434.695	867.885
21.4843	434.946	869.39
21.4901	436.204	871.401
21.4959	438.224	876.449
21.5017	441.273	882.036
21.5075	442.805	885.609
21.5133	444.085	888.171
21.5191	445.113	889.197
21.5249	445.37	889.197
21.5307	445.37	889.711
21.5365	444.856	888.684
21.5423	444.342	888.171
21.5481	443.829	887.145
21.5539	442.549	884.587
21.5597	441.528	882.545
21.5655	441.273	882.545
21.5713	441.273	882.036
21.5771	441.018	882.036
21.5829	441.018	882.545
21.5888	441.528	882.545
21.5946	442.293	884.587
21.6004	442.805	885.609
21.6062	443.316	887.658
21.612	444.342	888.684
21.6178	445.113	890.739
21.6236	446.4	893.316
21.6294	446.658	893.316
21.6352	446.916	894.348
21.641	447.174	894.865
21.6468	446.142	892.284
21.6526	443.829	887.658
21.6584	442.805	885.098
21.6642	443.316	887.658
21.67	443.829	890.225
21.6758	444.599	889.711
21.6816	445.627	891.769
21.6874	445.885	892.284
21.6932	445.885	887.658
21.699	444.856	891.254
21.7049	443.316	888.171
21.7107	443.573	888.171
21.7165	443.573	889.711
21.7223	443.316	888.171
21.7281	442.038	886.633
21.7339	440.509	886.121
21.7397	440	886.121
21.7455	440.254	881.017
21.7513	441.528	878.476
21.7571	442.805	891.769
21.7629	444.856	888.171
21.7687	444.342	883.055
21.7745	444.599	880.509
21.7803	444.599	480.933
21.7861	478.716
21.7919	475.684
21.7977	476.234
21.8035	475.684
21.8093	480.378
21.8151	485.96
21.821	491.039
21.8268	493.883
21.8326	494.454
21.8384	494.74
21.8442	494.454
21.85	494.169
21.8558	494.74
21.8616	495.026
21.8674	494.169
21.8732	493.598
21.879	492.743
21.8848	491.606
21.8906	490.755
21.8964	490.472
21.9022	490.189
21.908	490.189
21.9138	490.189
21.9196	491.322
21.9254	491.89
21.9312	494.169
21.9371	495.598
21.9429	496.457
21.9487	497.319
21.9545	498.469
21.9603	498.757
21.9661	500.488
21.9719	500.778
21.9777	499.622
21.9835	495.884
21.9893	491.039
21.9951	483.44
22.0009	475.959
22.0067	468.864
22.0125	461.609
22.0183	460.012
22.0241	460.543
22.0299	458.155
22.0357	461.076
22.0415	465.895
22.0473	469.677
22.0532	475.684
22.059	480.101
22.0648	486.241
22.0706	491.606
22.0764	495.884
22.0822	498.757
22.088	500.488
22.0938	500.199
22.0996	496.744
22.1054	493.598
22.1112	489.34
22.117	482.882
22.1228	474.312
22.1286	471.308
22.1344	461.875
22.1402	455.78
22.146	450.805
22.1518	447.95
22.1576	445.885
22.1634	443.06
22.1693	440.509
22.1751	440.254
22.1809	439.238
22.1867	440.254
22.1925	440.254
22.1983	440.509
22.2041	441.783
22.2099	442.293
22.2157	444.085
22.2215	443.573
22.2273	443.316
22.2331	442.549
22.2389	442.038
22.2447	439.492	290.963
22.2505	438.478	287.621
22.2563	436.204	287.123
22.2621	434.444	285.305
22.2679	434.695	284.646
22.2737	432.691	286.13
22.2795	430.696	286.957
22.2854	431.194	288.12
22.2912	431.692	289.455
22.297	431.942	290.459
22.3028	431.443	290.627
22.3086	429.95	290.124
22.3144	429.95	289.455
22.3202	430.447	288.953
22.326	430.447	288.787
22.3318	430.447	288.453
22.3376	429.702	287.954
22.3434	428.71	287.787
22.3492	429.95	289.12
22.355	431.443	289.12
22.3608	435.701	288.953
22.3666	421.102	289.622
22.3724	440.254	289.622
22.3782	437.213	289.957
22.384	437.719	290.292
22.3898	436.961	290.124
22.3956	438.985	290.292
22.4015	436.708	290.627
22.4073	425.012	290.963
22.4131	291.3
22.4189	291.3
22.4247	292.311
22.4305	292.649
22.4363	292.818
22.4421	291.468
22.4479	294.344
22.4537	294.004
22.4595	292.48
22.4653	294.174
22.4711	292.987
22.4769	286.792
22.4827
22.4885
22.4943
22.5001
22.5059
22.5117
22.5176
22.5234
22.5292
22.535	321.913
22.5408	323.404
22.5466	323.404
22.5524	320.614
22.5582	321.727
22.564	320.984
22.5698	319.874
22.5756	320.429
22.5814	320.244
22.5872	321.541
22.593	322.285
22.5988	322.844
22.6046	323.03
22.6104	323.778
22.6162	321.727
22.622	324.339	363.218
22.6278	323.404	362.799
22.6336	323.03	359.877
22.6395	324.339	358.011
22.6453	323.591	354.717
22.6511	323.404	351.454
22.6569	323.591	348.825
22.6627	321.541	346.816
22.6685	322.471	346.215
22.6743	322.658	345.416
22.6801	321.913	344.818
22.6859	322.471	345.217
22.6917	322.285	345.816
22.6975	322.471	346.816
22.7033	322.658	347.217
22.7091	322.285	347.417
22.7149	322.844	347.618
22.7207	323.778	348.221
22.7265	323.965	348.624
22.7323	324.339	348.825
22.7381	323.965	348.624
22.7439	324.152	348.825
22.7498	324.527	348.221
22.7556	323.591	349.027
22.7614	324.152	348.825
22.7672	324.714	349.027
22.773	323.778	349.43
22.7788	323.965	347.819
22.7846	323.404	345.616
22.7904	323.217	344.42
22.7962	327.729	343.625
22.802	325.841	339.09
22.8078	330.009	329.628
22.8136	331.92	335.583
22.8194	329.247	334.422
22.8252	325.653	329.247
22.831	328.867	337.137
22.8368
22.8426	329.628
22.8484	329.628
22.8542	330.009
22.86	329.628
22.8659	328.867
22.8717	328.297
22.8775	327.162
22.8833	327.729
22.8891	323.591
22.8949	321.541
22.9007	313.834
22.9065	310.768
22.9123	307.909
22.9181	293.834
22.9239	294.344
22.9297	293.834
22.9355	293.665
22.9413	291.973
22.9471	290.459
22.9529	290.124
22.9587	290.795
22.9645	291.131
22.9703	290.292	435.197
22.9761	289.12	433.942
22.9819	289.12	431.942
22.9878	289.622	438.731
22.9936	288.287	436.961
22.9994	287.954	432.191
23.0052	287.289	433.191
23.011	286.626	428.71
23.0168	285.8	430.447
23.0226	285.965	432.691
23.0284	286.792	433.692
23.0342	287.455	433.942
23.04	288.953	435.197
23.0458	290.124	435.197
23.0516	290.124	435.197
23.0574	289.789	434.444
23.0632	289.455	433.692
23.069	289.12	433.191
23.0748	288.62	432.941
23.0806	288.12	432.691
23.0864	287.787	432.191
23.0922	287.621	431.692
23.098	288.12	431.692
23.1039	288.787	431.942
23.1097	289.622	432.691
23.1155	290.292	432.941
23.1213	290.459	433.191
23.1271	289.957	432.941
23.1329	288.953	432.441
23.1387	287.787	432.691
23.1445	287.289	433.441
23.1503	433.692
23.1561	433.692
23.1619	433.692
23.1677	433.191
23.1735	432.691
23.1793	432.441
23.1851	433.191
23.1909	433.441
23.1967	433.692
23.2025	433.942
23.2083	434.695
23.2141	435.701
23.22	437.213
23.2258	437.466
23.2316	437.213
23.2374	438.731
23.2432	437.719
23.249	436.456
23.2548	435.197
23.2606	432.941
23.2664	430.945
23.2722	428.463
23.278	421.102
23.2838	421.345
23.2896	412.674
23.2954	405.819
23.3012	406.054
23.307
23.3128
23.3186
23.3244
23.3302
23.3361
23.3419
23.3477
23.3535
23.3593
23.3651
23.3709
23.3767
23.3825
23.3883
23.3941
23.3999
23.4057
23.4115
23.4173
23.4231
23.4289
23.4347
23.4405
23.4463
23.4522
23.458
23.4638
23.4696
23.4754
23.4812
23.487
23.4928
23.4986
23.5044	417.469
23.5102	421.102
23.516	426.981
23.5218	430.945
23.5276	434.946
23.5334	438.224
23.5392	441.528
23.545	443.573	888.171
23.5508	444.085	890.225
23.5566	444.856	890.225
23.5624	444.342	890.225
23.5683	443.829	889.711
23.5741	443.316	888.684
23.5799	442.549	887.658
23.5857	441.273	886.121
23.5915	439.238	882.036
23.5973	437.213	877.462
23.6031	435.197	872.408
23.6089	433.191	866.883
23.6147	431.692	863.385
23.6205	431.692	862.388
23.6263	433.441	864.882
23.6321	435.952	869.892
23.6379	437.971	876.449
23.6437	437.719	877.462
23.6495	436.708	874.932
23.6553	436.204	873.417
23.6611	436.708	873.921
23.6669	436.961	874.426
23.6727	437.719	875.437
23.6785	438.478	875.437
23.6844	439.746	877.969
23.6902	440	879.492
23.696	440.254	880
23.7018	441.018	882.545
23.7076	441.528	883.565
23.7134	441.783	884.076
23.7192	441.528	883.565
23.725	440.763	882.545
23.7308	439.492	880
23.7366	438.985	877.969
23.7424	438.224	876.449
23.7482	438.224	875.943
23.754	438.224	875.943
23.7598	438.224	875.943
23.7656	438.731	877.462
23.7714	438.731	876.449
23.7772	438.985	877.969
23.783	438.731
23.7888	437.971
23.7946	437.466
23.8005	437.466
23.8063	436.708
23.8121	436.961
23.8179	437.466
23.8237	436.708
23.8295	436.708
23.8353	436.961
23.8411	437.719
23.8469	437.971
23.8527	438.224
23.8585	438.731
23.8643	438.985
23.8701	438.731
23.8759	437.971
23.8817	438.224
23.8875	438.985
23.8933	439.492
23.8991	440.254
23.9049	440.763
23.9107	440.763
23.9166	440.509
23.9224	439.746
23.9282	439.238
23.934	438.985
23.9398	439.492
23.9456	439.492
23.9514	440.254
23.9572	440.763
23.963	440.763
23.9688	441.273
23.9746	441.018
23.9804	441.018
23.9862	440.254	373.43
23.992	439.492	372.999
23.9978	440	372.783
24.0036	436.456	372.138
24.0094	440	372.353
24.0152	438.985	371.923
24.021	442.293	371.493
24.0268	437.971	372.138
24.0327	437.971	372.783
24.0385	438.731	371.708
24.0443	438.731	372.783
24.0501	439.238	372.999
24.0559	439.492	374.294
24.0617	439.238	371.493
24.0675	439.238	374.726
24.0733	438.224	372.138
24.0791	371.708
24.0849	372.138	440.763
24.0907	371.279	439.492
24.0965	372.568	439.492
24.1023	370.85	439.746
24.1081	372.999	439.746
24.1139	372.353	440.254
24.1197	372.353	439.238
24.1255	374.077	440.763
24.1313	374.943	440
24.1371	374.51	439.492
24.1429	375.376	440.254
24.1488	374.294	438.985
24.1546	374.943	437.971
24.1604	373.861	436.961
24.1662	375.81	435.449
24.172	377.115	434.444
24.1778	381.717	433.441
24.1836	375.81	427.721
24.1894	376.027	439.746
24.1952	372.999	439.492
24.201	374.077	430.447
24.2068	372.568	431.443
24.2126	370.422	434.193
24.2184	370.208	434.193
24.2242	368.501	435.197
24.23	368.289	438.478
24.2358	367.863	437.971
24.2416	367.863	437.971
24.2474	367.439	440
24.2532	367.651	441.273	877.969
24.259	367.651	439.238	878.476
24.2649	367.863	438.224	878.476
24.2707	368.289	437.971	877.969
24.2765	368.714	438.985	878.984
24.2823	369.141	438.224	879.492
24.2881	369.781	438.478	880.509
24.2939	370.85	881.017
24.2997	369.994	881.017
24.3055	370.422	879.492
24.3113	370.85	878.984
24.3171	370.208	879.492
24.3229	372.999	877.969
24.3287	375.376	878.476
24.3345	387.269	880.509
24.3403	382.821	881.526
24.3461	372.353	884.587
24.3519	373.214	878.984
24.3577	372.999	876.449
24.3635	875.437	422.076
24.3693	873.921	434.193
24.3751	872.912	432.941
24.381	867.384	408.17
24.3868	858.908	411.009
24.3926	851.99	427.227
24.3984	856.926	425.749
24.4042	865.382	430.199
24.41	865.882	433.441
24.4158	866.883	434.695
24.4216	865.882	435.197
24.4274	861.89	436.961
24.4332	865.882	437.466
24.439	872.408	436.961
24.4448	873.921	436.961
24.4506	873.417	436.456
24.4564	871.401	435.701
24.4622	868.888	434.444
24.468	867.384	433.692
24.4738	864.383	433.191
24.4796	864.882	433.191
24.4854	867.885	433.441
24.4912	867.384	433.441
24.4971	868.386	433.942
24.5029	867.384	434.444
24.5087	870.898	435.952
24.5145	872.408	436.961
24.5203	437.719
24.5261	438.478
24.5319	439.746
24.5377	441.018
24.5435	442.805
24.5493	444.599
24.5551	445.885
24.5609	446.658
24.5667	446.4
24.5725	446.4
24.5783	445.627
24.5841	444.342
24.5899	442.293	219.873
24.5957	439.746	220.127
24.6015	437.719	220
24.6073	437.213	220.382
24.6132	435.197	221.019
24.619	436.204	220.382
24.6248	432.691	220.254
24.6306	431.692	220.382
24.6364	431.692	220.636
24.6422	431.942	221.402
24.648	432.191	220.382
24.6538	434.444	218.859
24.6596	435.449	219.619
24.6654	437.213	220.127
24.6712	436.708	220
24.677	439.492	219.873
24.6828	443.06	221.53
24.6886	445.37	221.914
24.6944	446.916	221.914
24.7002	448.467	221.786
24.706	449.765	222.556
24.7118	451.065	222.043
24.7176	451.587	222.171
24.7234	450.805	222.299
24.7293	450.545	222.171
24.7351	450.024	221.658
24.7409	449.245	221.147
24.7467	448.467	220.891
24.7525	447.174	219.873
24.7583	446.4	220.509
24.7641	445.37	221.402
24.7699	440.254	221.147
24.7757	438.985	220.636
24.7815	435.449	219.366
24.7873	433.441	219.746
24.7931	430.945	219.239
24.7989	429.206	223.716
24.8047	429.454	223.071
24.8105	430.199	219.619
24.8163	431.692	221.147
24.8221	433.942	224.104
24.8279	437.213	220.636
24.8337	441.273	223.071
24.8395	445.113	222.428
24.8454	447.95	223.329
24.8512	451.065	223.2
24.857	453.416	223.846
24.8628	455.517	224.882
24.8686	456.307	225.142
24.8744	456.307	222.556
24.8802	455.78	221.147
24.886	454.728	222.171
24.8918	453.416	220.254
24.8976	451.848	222.685
24.9034	449.505	222.171
24.9092	446.658	221.147
24.915	441.273	220
24.9208	436.708	219.492
24.9266	433.692	219.239
24.9324	430.447	218.986
24.9382	427.474	217.976
24.944	426.241	220.509
24.9498	426.734	220.382
24.9556	426.981	221.147
24.9615	427.721	221.914
24.9673	430.199	222.942
24.9731	434.946	222.171
24.9789	439.238	223.587
24.9847	444.085	222.942
24.9905	449.505	224.104
24.9963	453.941	224.882	198.161
25.0021	456.834	225.793	198.161
25.0079	458.95	225.012	198.39
25.0137	460.543	223.587	199.193
25.0195	462.409	222.942	199.424
25.0253	462.142	222.685	199.539
25.0311	461.076	222.556	200.811
25.0369	459.746	228.549	200.579
25.0427	457.626	229.475	201.741
25.0485	455.254	229.74	201.857
25.0543	451.587	223.716	201.857
25.0601	448.467	222.299	202.091
25.0659	444.599	221.019	202.558
25.0717	440.254	220	202.208
25.0776	435.449	218.102	202.324
25.0834	430.945	217.222	202.91
25.0892	427.968	216.096	202.675
25.095	425.749	216.096	203.144
25.1008	424.767	216.221	204.085
25.1066	423.786	215.971	204.912
25.1124	424.521	215.472	204.912
25.1182	425.995	213.367	204.675
25.124	428.463	215.971	204.439
25.1298	431.942	217.976	204.439
25.1356	435.952	219.239	204.321
25.1414	440.763	220	204.321
25.1472	444.085	220.764	204.675
25.153	449.245	221.914	204.794
25.1588	451.587	217.097	204.675
25.1646	454.465	214.108	204.912
25.1704	458.42	218.607	204.439
25.1762	461.342	217.348	204.557
25.182	463.479	214.851	204.675
25.1878	463.747	204.794	204.557
25.1937	462.142	204.912	204.912
25.1995	460.277	209.701	204.321
25.2053	457.626	210.187	204.794
25.2111	454.991	215.846	205.505
25.2169	451.326	205.623
25.2227	447.174	206.099
25.2285	445.37	205.98
25.2343	441.528	205.861
25.2401	434.695	206.099
25.2459	430.696	206.099
25.2517	427.968	205.742
25.2575	425.995	205.742
25.2633	424.031	205.505
25.2691	423.542	206.337
25.2749	424.521	206.099
25.2807	425.503	206.456
25.2865	427.968	205.861
25.2923	432.191	205.386
25.2981	435.449	205.149
25.3039	437.971	204.912
25.3097	442.293	205.03
25.3156	445.113	205.623
25.3214	445.37	205.742
25.3272	445.627	205.861
25.333	445.37	205.623
25.3388	444.599	205.623
25.3446	444.342	204.675
25.3504	443.829	204.794
25.3562	442.805	205.742
25.362	440.254	207.053
25.3678	434.444	209.338
25.3736	430.447	212.016
25.3794	426.487	213.367
25.3852	424.521	212.875
25.391	423.053	212.875
25.3968	422.076	212.875
25.4026	419.888	212.875
25.4084	419.645	213.49
25.4142	418.919	214.479
25.42	418.193	215.971
25.4258	417.469	216.47
25.4317	417.469	218.228
25.4375	422.564	216.846
25.4433	427.474	213.984
25.4491	429.206	213.861
25.4549	431.443	213.367
25.4607	435.449	215.224
25.4665	439.746	219.492
25.4723	443.316	218.986
25.4781	447.691	217.222
25.4839	448.209	215.722
25.4897	447.174	216.096
25.4955	447.691	214.603
25.5013	448.209	214.479
25.5071	446.916	213.984
25.5129	446.4	213.244
25.5187	446.142	219.239
25.5245	440.763	217.222
25.5303	438.478	217.599
25.5361	434.444	217.976
25.542	429.454	216.345
25.5478	424.276	215.846
25.5536	417.228	220.636
25.5594	414.346	220.636
25.5652	412.674	220.636
25.571	411.246	220.127
25.5768	411.722	219.366
25.5826	413.151	218.228
25.5884	410.772	218.228
25.5942	411.722	217.348
25.6	417.952	221.914
25.6058	422.808	221.914
25.6116	424.521	220.764
25.6174	426.981	215.224
25.6232	431.692
25.629	435.701
25.6348	442.293
25.6406
25.6464
25.6522
25.658
25.6639
25.6697
25.6755
25.6813
25.6871
25.6929
25.6987
25.7045
25.7103
25.7161
25.7219
25.7277
25.7335
25.7393
25.7451
25.7509
25.7567
25.7625
25.7683
25.7741
25.78
25.7858
25.7916
25.7974
25.8032
25.809
25.8148
25.8206
25.8264
25.8322
25.838
25.8438
25.8496
25.8554
25.8612
25.867
25.8728
25.8786
25.8844
25.8902
25.8961
25.9019
25.9077
25.9135
25.9193
25.9251
25.9309
25.9367
25.9425
25.9483
25.9541
25.9599
25.9657
25.9715
25.9773
25.9831
25.9889
25.9947
26.0005
26.0063
26.0122
26.018
26.0238
26.0296
26.0354
26.0412
26.047
26.0528
26.0586
26.0644
26.0702
26.076
26.0818
26.0876
26.0934
26.0992
26.105
26.1108
26.1166
26.1224
26.1283
26.1341
26.1399
26.1457
26.1515
26.1573
26.1631
26.1689
26.1747
26.1805
26.1863
26.1921
26.1979
26.2037
26.2095
26.2153
26.2211
26.2269
26.2327
26.2385
26.2444
26.2502
26.256
26.2618
26.2676
26.2734
26.2792
26.285
26.2908
26.2966
26.3024
26.3082
26.314
26.3198
26.3256
26.3314
26.3372
26.343
26.3488
26.3546
26.3605
26.3663
26.3721
26.3779
26.3837
26.3895
26.3953
26.4011
26.4069
26.4127
26.4185
26.4243
26.4301
26.4359
26.4417
26.4475
26.4533
26.4591
26.4649
26.4707
26.4766
26.4824
26.4882
26.494
26.4998
26.5056
26.5114
26.5172
26.523
26.5288
26.5346
26.5404
26.5462
26.552
26.5578
26.5636
26.5694
26.5752
26.581
26.5868
26.5927
26.5985
26.6043
26.6101
26.6159
26.6217
26.6275
26.6333
26.6391
26.6449
26.6507
26.6565
26.6623
26.6681
26.6739
26.6797
26.6855
26.6913
26.6971
26.7029
26.7088
26.7146
26.7204
26.7262
26.732
26.7378
26.7436
26.7494
26.7552
26.761
26.7668
26.7726
26.7784
26.7842
26.79
26.7958
26.8016
26.8074
26.8132
26.819
26.8249
26.8307
26.8365
26.8423
26.8481
26.8539
26.8597
26.8655
26.8713
26.8771
26.8829
26.8887
26.8945
26.9003
26.9061
26.9119
26.9177
26.9235
26.9293
26.9351
26.941
26.9468
26.9526
26.9584
26.9642
26.97
26.9758
26.9816
26.9874
26.9932
26.999
27.0048
27.0106
27.0164
27.0222
27.028
27.0338
27.0396
27.0454
27.0512
27.0571
27.0629
27.0687
27.0745
27.0803
27.0861
27.0919
27.0977
27.1035	437.719
27.1093	433.191
27.1151	433.441
27.1209	412.198
27.1267	425.258
27.1325	427.968
27.1383	432.191
27.1441	450.024
27.1499	453.416
27.1557	456.57
27.1615	465.088	234.839
27.1673	476.784	238.668
27.1732	481.489	239.773
27.179	485.679	242.419
27.1848	492.175	247.656
27.1906	496.744	246.657
27.1964	498.757	248.803
27.2022	502.807	251.403
27.208	508.062	254.766
27.2138	511.891	256.538
27.2196	523.553	259.969
27.2254	530.862	262.231
27.2312	525.978	262.837
27.237	530.862	265.125
27.2428	534.554	267.432
27.2486	537.03	268.67
27.2544	539.518	269.759
27.2602	540.141	270.071
27.266	539.518	269.603
27.2718	537.03	268.826
27.2776	537.03	268.205
27.2834	535.791	267.895
27.2893	538.273	268.826
27.2951	539.829	270.227
27.3009	542.016	270.852
27.3067	544.527	271.792
27.3125	547.681	273.367
27.3183	551.491	275.586
27.3241	555.006	277.503
27.3299	556.611	278.788
27.3357	560.483	280.727
27.3415	562.754	281.377
27.3473	565.36	282.517
27.3531	568.307	283.989
27.3589	571.599	285.634
27.3647	573.915	287.123
27.3705	577.24	288.787
27.3763	576.906	288.953
27.3821	578.909	289.287
27.3879	579.244	289.455
27.3937	578.241	288.62
27.3995	576.24	287.787
27.4054	574.91	287.123
27.4112	574.247	286.957
27.417	574.91	287.289
27.4228	574.578	287.455
27.4286	574.247	287.621
27.4344	575.575	287.954
27.4402	579.244	289.287
27.446	580.583	290.459
27.4518	582.263	291.636
27.4576	584.96	292.311
27.4634	587.669	293.665
27.4692	591.415	295.366
27.475	590.732	294.855
27.4808	590.391	294.514
27.4866	589.369	294.174
27.4924	584.284	292.987
27.4982	584.622	292.987
27.504	581.59	292.311
27.5098	579.913	291.3
27.5156	581.927	290.459
27.5215	577.907	289.455
27.5273	575.575	288.12
27.5331	575.242	288.287
27.5389	571.929	287.289
27.5447	572.921	287.289
27.5505	574.91	287.954
27.5563	577.24	289.957
27.5621	580.248	292.142
27.5679	588.348	294.684
27.5737	590.391	297.077
27.5795	594.154	298.453
27.5853	596.906	300.182
27.5911	589.709	300.355
27.5969	598.287	299.143
27.6027	589.028	296.22
27.6085	294.855
27.6143	293.326
27.6201	291.131
27.6259	288.62
27.6317	285.14
27.6376	281.865
27.6434	279.272
27.6492	277.343
27.655	276.224
27.6608
27.6666	282.517
27.6724	285.634
27.6782	289.789
27.684	294.004
27.6898	300.355
27.6956	305.076
27.7014	310.588
27.7072	317.664
27.713	323.778
27.7188	329.437
27.7246	335.389
27.7304	340.858
27.7362	345.616
27.742	351.86
27.7478	356.155
27.7537	361.753
27.7595	365.956
27.7653	369.567
27.7711	372.138
27.7769	374.077
27.7827	376.679
27.7885	377.333
27.7943	378.424
27.8001	379.518
27.8059	380.177
27.8117	380.616
27.8175	381.497
27.8233	382.6
27.8291	384.15
27.8349	385.484
27.8407	387.046
27.8465	388.614
27.8523	389.513
27.8581	390.188
27.8639	390.414
27.8698	390.639
27.8756	390.639
27.8814	389.963
27.8872	389.738
27.893	388.838
27.8988	388.389
27.9046	389.063
27.9104	389.513
27.9162	390.188
27.922	390.188
27.9278	390.188
27.9336	390.414
27.9394	390.414
27.9452	390.414
27.951	391.091
27.9568	391.543
27.9626	391.769
27.9684	391.543
27.9742	392.449
27.98	392.675
27.9858	392.449
27.9917	392.902
27.9975	392.222
28.0033	392.222
28.0091	392.222
28.0149	391.995
28.0207	392.449
28.0265	392.902
28.0323	392.222
28.0381	391.317
28.0439	389.063
28.0497	386.822
28.0555	384.372
28.0613	382.379
28.0671	379.299
28.0729	377.551
28.0787	375.593
28.0845	373.861
28.0903	372.783
28.0961	368.927
28.1019	367.227
28.1078	360.085
28.1136	351.251
28.1194	343.625
28.1252
28.131
28.1368
28.1426
28.1484
28.1542
28.16
28.1658
28.1716
28.1774
28.1832
28.189
28.1948
28.2006
28.2064
28.2122
28.2181
28.2239	340.464
28.2297	336.554
28.2355	342.239
28.2413	340.858
28.2471	341.055
28.2529	339.482
28.2587	342.832
28.2645	342.832
28.2703	345.416
28.2761	341.055
28.2819	339.09
28.2877	339.875
28.2935	341.844
28.2993	344.023
28.3051	347.217
28.3109	349.632
28.3167	353.49
28.3225	356.566
28.3283	359.877	387.941
28.3341	363.848	388.838
28.34	367.439	389.513
28.3458	369.354	383.042
28.3516	371.279	387.717
28.3574	375.159	384.594
28.3632	377.987	388.838
28.369	380.836	387.046
28.3748	384.15	389.738
28.3806	384.372	390.188
28.3864	386.375	389.063
28.3922	387.493	389.063
28.398	388.389	389.513
28.4038	388.838	389.738
28.4096	389.288	390.188
28.4154	389.963	390.865
28.4212	389.963
28.427	389.963
28.4328	389.963
28.4386	389.513
28.4444	389.288
28.4502	389.063
28.4561	388.614
28.4619	388.389
28.4677	389.063
28.4735	390.414
28.4793	391.543
28.4851	391.317
28.4909	391.543
28.4967	391.995
28.5025	392.675
28.5083	390.639
28.5141	392.222
28.5199	392.675
28.5257	393.811
28.5315	394.039
28.5373	394.266
28.5431	394.266
28.5489	393.129
28.5547	391.769
28.5605	390.188
28.5663	388.614
28.5722	386.822
28.578	386.375
28.5838	384.816
28.5896	381.938
28.5954	381.056
28.6012	379.738
28.607	378.861
28.6128	378.424
28.6186	381.938
28.6244	383.485
28.6302	386.152
28.636	389.738
28.6418	391.995
28.6476	393.356
28.6534	391.995
28.6592	394.039
28.665	395.635
28.6708	394.722
28.6766	391.995
28.6824	391.317
28.6883	390.188
28.6941	387.269
28.6999	384.816
28.7057	385.039
28.7115	382.6
28.7173	378.643
28.7231	376.462
28.7289	375.81
28.7347	378.861
28.7405	381.497
28.7463	387.717
28.7521	389.513	390.414
28.7579	397.467	371.065
28.7637	356.566
28.7695	353.694
28.7753	351.657
28.7811	353.49
28.7869	355.743
28.7927	354.513
28.7985	356.155
28.8044	355.949
28.8102	356.155
28.816	356.155
28.8218	355.538
28.8276	355.127
28.8334	354.922
28.8392	354.513
28.845	353.49
28.8508	352.064
28.8566	351.048
28.8624	350.036
28.8682	350.036
28.874	350.441
28.8798	350.643
28.8856	351.86
28.8914	353.286
28.8972	353.694
28.903	354.308
28.9088	354.308
28.9146	355.127
28.9205	354.922
28.9263	353.49
28.9321	351.657
28.9379	348.825
28.9437	347.618
28.9495	347.016
28.9553	346.016
28.9611	344.221
28.9669	341.844
28.9727	339.482
28.9785	336.165
28.9843	334.229
28.9901	334.615
28.9959	335.196
29.0017	337.137
29.0075	338.112
29.0133	340.268
29.0191	343.031
29.0249	346.816
29.0307	350.643
29.0366	355.743
29.0424	359.254
29.0482	362.38
29.054	364.69
29.0598	364.69
29.0656	362.799
29.0714	363.009	263.902
29.0772	359.046	265.584
29.083	356.155	264.665
29.0888	351.251	262.686
29.0946	348.422	263.141
29.1004	346.816	263.293
29.1062	341.449	263.141
29.112	337.137	262.837
29.1178	330.009	263.75
29.1236	323.778	264.36
29.1294	324.527	264.513
29.1352	319.136	265.431
29.141	325.277	266.045
29.1468	308.265	267.432
29.1527	325.653	267.277
29.1585	268.05
29.1643	268.826
29.1701	269.603
29.1759	271.165
29.1817	270.852
29.1875	271.478
29.1933	271.478
29.1991	271.165
29.2049	270.852
29.2107	271.792
29.2165	272.106
29.2223	273.209
29.2281	273.209
29.2339	273.683
29.2397	273.999
29.2455	272.893
29.2513	273.051
29.2571	272.893
29.2629	273.051
29.2688	272.893
29.2746	272.736
29.2804	273.209
29.2862	273.051
29.292	272.578
29.2978	272.106
29.3036	273.841
29.3094	274.791
29.3152	274.633
29.321	274.791
29.3268	276.224
29.3326	277.663
29.3384	277.023
29.3442	275.586
29.35	273.683
29.3558	273.841
29.3616	274.474
29.3674	274.474
29.3732	273.999
29.379	273.051
29.3849	272.736
29.3907	272.578
29.3965	271.792
29.4023	271.792
29.4081
29.4139
29.4197
29.4255
29.4313
29.4371
29.4429
29.4487
29.4545
29.4603
29.4661
29.4719
29.4777
29.4835
29.4893
29.4951
29.501
29.5068
29.5126
29.5184
29.5242
29.53
29.5358
29.5416
29.5474
29.5532
29.559
29.5648
29.5706
29.5764
29.5822
29.588
29.5938
29.5996
29.6054
29.6112
29.6171
29.6229
29.6287
29.6345
29.6403
29.6461
29.6519
29.6577
29.6635
29.6693
29.6751
29.6809
29.6867
29.6925
29.6983
29.7041
29.7099
29.7157
29.7215
29.7273
29.7332
29.739
29.7448
29.7506
29.7564
29.7622
29.768
29.7738
29.7796
29.7854
29.7912
29.797
29.8028
29.8086
29.8144
29.8202
29.826
29.8318
29.8376
29.8434
29.8493
29.8551
29.8609
29.8667
29.8725
29.8783
29.8841
29.8899
29.8957
29.9015
29.9073
29.9131
29.9189
29.9247
29.9305
29.9363
29.9421
29.9479
29.9537
29.9595
29.9654
29.9712
29.977
29.9828
29.9886
29.9944
30.0002
30.006
30.0118
30.0176
30.0234
30.0292
30.035
30.0408
30.0466
