0
0.00580499
0.01161
0.017415
0.02322
0.0290249
0.0348299
0.0406349
0.0464399
0.0522449
0.0580499
0.0638549
0.0696599
0.0754649
0.0812698
0.0870748
0.0928798
0.0986848
0.10449
0.110295
0.1161
0.121905
0.12771
0.133515
0.13932
0.145125
0.15093
0.156735
0.16254
0.168345
0.17415
0.179955
0.18576
0.191565
0.19737
0.203175
0.20898
0.214785
0.22059
0.226395
0.2322
0.238005
0.24381
0.249615
0.255419
0.261224
0.267029
0.272834
0.278639
0.284444
0.290249
0.296054
0.301859
0.307664
0.313469
0.319274
0.325079
0.330884
0.336689
0.342494
0.348299
0.354104
0.359909
0.365714
0.371519
0.377324
0.383129
0.388934
0.394739
0.400544
0.406349
0.412154
0.417959
0.423764
0.429569
0.435374
0.441179
0.446984
0.452789
0.458594
0.464399
0.470204
0.476009
0.481814
0.487619
0.493424
0.499229
0.505034
0.510839
0.516644
0.522449
0.528254
0.534059
0.539864
0.545669
0.551474
0.557279
0.563084	690.035
0.568889	697.247
0.574694	692.831
0.580499	691.631
0.586304	690.035
0.592109	698.456
0.597914	692.431
0.603719	694.033
0.609524	698.86
0.615329	694.033
0.621134	687.251
0.626939	685.269
0.632744	687.648
0.638549	690.833
0.644354	697.247
0.650159	687.251
0.655964	700.881
0.661769	696.442
0.667574	702.908
0.673379	704.534
0.679184	706.572
0.684989	711.487
0.690794	700.072
0.696599	697.65
0.702404	696.845
0.708209	706.572
0.714014	703.315
0.719819	709.845
0.725624	710.665
0.731429	710.665
0.737234	726.017
0.743039
0.748844
0.754649
0.760454
0.766258
0.772063
0.777868	374.294
0.783673	374.294
0.789478	374.51
0.795283	374.943
0.801088	375.159
0.806893	375.376
0.812698	375.593
0.818503	372.138
0.824308	374.943
0.830113	374.943
0.835918	374.077
0.841723	379.518
0.847528	393.811
0.853333	400.463
0.859138	393.811
0.864943	395.635
0.870748	379.957
0.876553	377.333
0.882358	368.501
0.888163	360.501
0.893968	360.501
0.899773	360.501
0.905578	380.616
0.911383
0.917188
0.922993
0.928798
0.934603
0.940408
0.946213
0.952018
0.957823
0.963628
0.969433
0.975238
0.981043
0.986848
0.992653
0.998458
1.00426
1.01007
1.01587
1.02168
1.02748
1.03329
1.03909
1.0449
1.0507
1.05651
1.06231
1.06812
1.07392
1.07973
1.08553
1.09134
1.09714
1.10295
1.10875
1.11456
1.12036
1.12617
1.13197
1.13778
1.14358
1.14939
1.15519
1.161
1.1668
1.17261
1.17841
1.18422
1.19002
1.19583
1.20163
1.20744
1.21324
1.21905
1.22485
1.23066
1.23646
1.24227
1.24807
1.25388
1.25968
1.26549
1.27129
1.2771
1.2829
1.28871
1.29451
1.30032
1.30612
1.31193
1.31773
1.32354
1.32934
1.33515
1.34095
1.34676
1.35256
1.35837
1.36417
1.36998
1.37578
1.38159
1.38739
1.3932
1.399
1.40481
1.41061
1.41642
1.42222
1.42803
1.43383
1.43964
1.44544
1.45125
1.45705
1.46286
1.46866
1.47447
1.48027
1.48608
1.49188
1.49769
1.50349
1.5093
1.5151
1.52091
1.52671
1.53252
1.53832
1.54413
1.54993
1.55574
1.56154
1.56735
1.57315
1.57896
1.58476
1.59057
1.59637
1.60218
1.60798
1.61379
1.61959
1.6254
1.6312
1.63701
1.64281
1.64862
1.65442
1.66023
1.66603
1.67184
1.67764
1.68345
1.68925
1.69506
1.70086
1.70667
1.71247
1.71828
1.72408
1.72989
1.73569
1.7415
1.7473
1.75311
1.75891
1.76472
1.77052
1.77633
1.78213
1.78794
1.79374
1.79955
1.80535
1.81116
1.81696
1.82277
1.82857
1.83438
1.84018
1.84599
1.85179
1.8576
1.8634
1.86921
1.87501
1.88082
1.88662
1.89243
1.89823
1.90404
1.90984
1.91565
1.92145
1.92726
1.93306
1.93887
1.94467
1.95048
1.95628
1.96209
1.96789
1.9737
1.9795
1.98531
1.99111
1.99692
2.00272
2.00853
2.01433
2.02014
2.02594
2.03175
2.03755
2.04336
2.04916
2.05497
2.06077
2.06658
2.07238
2.07819
2.08399
2.0898
2.0956
2.10141
2.10721
2.11302
2.11882
2.12463
2.13043
2.13624
2.14204
2.14785
2.15365
2.15946
2.16526
2.17107
2.17687
2.18268
2.18848
2.19429
2.20009
2.2059
2.2117
2.21751
2.22331
2.22912
2.23492
2.24073
2.24653
2.25234
2.25814
2.26395
2.26975
2.27556
2.28136
2.28717
2.29297
2.29878
2.30458
2.31039
2.31619
2.322
2.3278
2.33361
2.33941
2.34522
2.35102
2.35683
2.36263
2.36844
2.37424
2.38005
2.38585
2.39166
2.39746
2.40327
2.40907
2.41488
2.42068
2.42649
2.43229
2.4381
2.4439
2.44971
2.45551
2.46132
2.46712
2.47293
2.47873
2.48454
2.49034
2.49615
2.50195
2.50776
2.51356
2.51937
2.52517
2.53098
2.53678
2.54258
2.54839
2.55419
2.56
2.5658
2.57161
2.57741
2.58322
2.58902
2.59483
2.60063
2.60644
2.61224
2.61805
2.62385
2.62966
2.63546
2.64127
2.64707
2.65288
2.65868
2.66449
2.67029
2.6761
2.6819
2.68771
2.69351
2.69932
2.70512
2.71093
2.71673
2.72254
2.72834
2.73415
2.73995
2.74576
2.75156
2.75737
2.76317
2.76898
2.77478
2.78059
2.78639
2.7922
2.798
2.80381
2.80961
2.81542
2.82122
2.82703
2.83283
2.83864
2.84444
2.85025
2.85605
2.86186
2.86766
2.87347
2.87927
2.88508
2.89088
2.89669
2.90249
2.9083
2.9141
2.91991
2.92571
2.93152
2.93732
2.94313
2.94893
2.95474
2.96054
2.96635
2.97215
2.97796
2.98376
2.98957
2.99537
3.00118
3.00698
3.01279
3.01859
3.0244
3.0302
3.03601
3.04181
3.04762
3.05342
3.05923
3.06503
3.07084
3.07664
3.08245
3.08825
3.09406
3.09986
3.10567
3.11147
3.11728
3.12308	361.335
3.12889	367.014
3.13469	347.618
3.1405	341.449
3.1463	342.832
3.15211	343.427
3.15791	328.867
3.16372	344.023
3.16952	332.304
3.17533	333.843
3.18113	337.527
3.18694	337.917
3.19274	334.809
3.19855	342.041
3.20435	346.415
3.21016	351.657
3.21596	339.875
3.22177	343.427
3.22757	340.071
3.23338	343.229
3.23918	349.228
3.24499	351.657
3.25079	340.464
3.2566	342.437	488.493
3.2624	337.722	491.322
3.26821	340.661	494.169
3.27401	340.661	488.775
3.27982	336.748	488.775
3.28562	333.65	488.775
3.29143	331.92	491.89
3.29723	336.748	493.883
3.30304	324.902	496.457
3.30884	331.154	494.74
3.31465	329.437	494.169
3.32045	316.748	494.74
3.32626	321.541	494.169
3.33206	323.404	497.319
3.33787	324.152	496.171
3.34367	312.749	497.319
3.34948	309.156	501.936
3.35528	494.169
3.36109	491.89	165.386
3.36689	492.175	164.719
3.3727	487.084	164.624
3.3785	489.34	163.959
3.38431	489.905	162.263
3.39011	488.775	161.049
3.39592	485.399	159.937
3.40172	485.118	159.108
3.40753	483.999	159.016
3.41333	481.767	160.029
3.41914	482.324	159.476
3.42494	478.993	159.752
3.43075	479.546	159.66
3.43655	481.489	160.585
3.44236	482.324	160.585
3.44816	484.838	160.4
3.45397	480.656	159.937
3.45977	482.324	160.4
3.46558	485.96	161.049
3.47138	487.365	161.329
3.47719	487.647	161.795
3.48299	489.905	162.263
3.4888	490.472	162.733
3.4946	491.322	163.203
3.50041	493.313	163.959	326.218
3.50621	495.884	164.433	330.39
3.51202	496.457	165.386	330.199
3.51782	498.181	166.248	332.88
3.52363	499.622	166.825	333.65
3.52943	500.778	167.018	334.229
3.53524	500.778	167.018	334.036
3.54104	501.646	167.211	334.229
3.54685	502.516	167.986	336.165
3.55265	503.097	168.083	336.359
3.55846	502.807	167.986	336.165
3.56426	502.807	167.986	336.748
3.57007	502.516	167.792	336.359
3.57587	501.357	168.083	335.971
3.58168	503.097	167.792	335.389
3.58748	502.516	167.598	334.809
3.59329	502.807	167.695	335.196
3.59909	502.226	167.501	334.809
3.6049	499.622	167.211	334.615
3.6107	502.807	167.211	334.615
3.61651	502.226	167.018	334.036
3.62231	500.778	166.825	333.65
3.62812	497.893	167.018	334.229
3.63392	498.181	166.729	334.615
3.63973	503.679	167.889	335.389
3.64553	505.427	168.471	336.748
3.65134	507.768	168.471	337.332
3.65714	508.355	168.083	336.359
3.66295	506.889	168.569	336.748
3.66875	498.757	168.764	337.917
3.67456	509.826	166.825	339.09
3.68036	496.744	168.471	335.971
3.68617	500.488	170.036	338.503
3.69197	499.045	167.695	335.389
3.69778	501.646	334.036
3.70358	502.807	333.843
3.70939	503.679	335.002
3.71519	502.226	333.265
3.721	503.097	335.583
3.7268	505.135	336.554
3.73261	506.889	335.196
3.73841	505.719	335.002
3.74422	503.097	336.165
3.75002	503.97
3.75583	502.516
3.76163	496.744
3.76744	490.472
3.77324
3.77905
3.78485
3.79066
3.79646
3.80227	170.232
3.80807	162.733
3.81388	164.909
3.81968	168.861
3.82549	166.633
3.83129	167.404
3.8371	171.119
3.8429	173.308
3.84871	175.829
3.85451	177.564
3.86032	179.627
3.86612	181.504
3.87193	182.24
3.87773	183.613
3.88354	184.464
3.88934	186.499
3.89515	188.231
3.90095	190.308
3.90676	192.408
3.91256	194.756
3.91837	197.475
3.92417	199.885
3.92998	201.043
3.93578	202.675
3.94159	204.794
3.94739	205.505
3.9532	205.98
3.959	206.814
3.96481	208.855
3.97061	208.976
3.97642	207.892
3.98222	208.614
3.98803	209.944
3.99383	209.823
3.99964	209.823
4.00544	209.338
4.01125	208.735
4.01705	208.373
4.02286	208.012
4.02866	207.652
4.03447	206.814
4.04027	206.456
4.04608	206.218
4.05188	206.099
4.05769	205.386
4.06349	205.149
4.0693	204.912
4.0751	204.675
4.08091	205.267
4.08671	204.439
4.09252	203.614
4.09832	203.496
4.10413	196.906
4.10993	194.531
4.11574	189.321
4.12154	186.176
4.12735	184.677
4.13315	187.255
4.13896	195.771
4.14476
4.15057
4.15637
4.16218
4.16798
4.17379
4.17959
4.1854
4.1912
4.19701
4.20281	191.3
4.20862	194.083
4.21442	195.207
4.22023	199.654
4.22603	201.857
4.23184	203.967
4.23764	205.98
4.24345	207.293
4.24925	209.701
4.25506	210.429
4.26086	210.187
4.26667	209.823
4.27247	209.701
4.27828	209.338
4.28408	208.735
4.28989	207.892
4.29569	207.652
4.3015	207.293
4.3073	206.814
4.31311	206.695
4.31891	206.695
4.32472	206.695
4.33052	206.934
4.33633	206.934
4.34213	206.934
4.34794	206.814
4.35374	206.934
4.35955	206.695
4.36535	206.337	412.198
4.37116	205.386	411.96
4.37696	205.03	411.246
4.38277	205.267	410.297
4.38857	205.623	409.114
4.39438	204.675	407.934
4.40018	203.614	406.758
4.40599	204.675	407.934
4.41179	204.912	407.934	229.21
4.4176	205.386	409.114	217.222
4.4234	410.297	205.149
4.42921	411.484	206.814
4.43501	413.151	207.053
4.44082	413.629	206.934
4.44662	413.151	206.934
4.45243	412.674	206.934
4.45823	410.297	206.934
4.46404	407.699	206.695
4.46984	408.642	206.576
4.47565	408.642	206.337
4.48145	409.824	206.337
4.48726	410.535	206.695
4.49306	412.198	206.814
4.49887	411.246	206.576
4.50467	411.246	206.337
4.51048	411.722	206.337
4.51628	410.772	206.576
4.52209	410.061	206.456
4.52789	408.406	205.98
4.5337	407.699	205.623
4.5395	407.699	204.675
4.54531	406.523	203.261
4.55111	402.783	201.741
4.55692	400.001	200.695
4.56272	400.463	200.811
4.56853	402.086	201.275
4.57433	403.715	201.624
4.58014	404.415	201.741
4.58594	402.318	201.043
4.59175	403.482	201.043	201.392
4.59755	402.551	201.043	189.103
4.60336	402.086	200.927	188.775
4.60916	404.649	201.624	200.811
4.61497	404.883	201.741	200
4.62077	406.758	202.208	188.231
4.62658	406.993	202.441	201.159
4.63238	405.585	202.324	201.508
4.63819	404.883	201.974	201.508
4.64399	402.551	201.159	201.392
4.6498	400.926	200.579	200.811
4.6556	401.158	200.463	200.347
4.66141	401.622	200.463	200.347
4.66721	402.551	200.811	200.927
4.67302	403.948	201.392	201.508
4.67882	405.351	202.324	202.324
4.68463	407.228	203.849
4.69043	411.009	205.98
4.69624	415.545	207.173
4.70204	419.888	209.944
4.70785	423.786	213.244
4.71365	429.702	215.971
4.71946	433.942	217.473
4.72526	437.213	218.102
4.73107	438.985	219.366
4.73687	442.038	221.274
4.74268	442.293	221.274
4.74848	441.783	221.147
4.75429	440	220.382
4.76009	440.254	220
4.7659	439.238	219.366
4.7717	434.695	217.348
4.77751	430.945	215.472
4.78331	427.968	213.984
4.78912	426.981	212.875
4.79492	422.076	211.16
4.80073	416.987	208.614
4.80653	206.576	412.913
4.81234	203.967	407.699
4.81814	201.974	404.415
4.82395	200.232	399.539
4.82975	198.161	395.635
4.83556	196.338	394.266
4.84136	392.675	195.545
4.84717	389.288	194.419
4.85297	385.707	193.299
4.85878	383.928	192.075
4.86458	382.6	191.411
4.87039	382.379	191.079
4.87619	381.938	190.969
4.882	380.616	190.748
4.8878	380.396	190.418
4.89361	381.276	190.638
4.89941	381.938	190.748
4.90522	381.497	190.748
4.91102	381.717	190.969
4.91683	382.6	190.969
4.92263	382.158	191.19
4.92844	381.276	190.969
4.93424	381.497	190.748
4.94005	380.177	190.088
4.94585	378.205	189.759
4.95166	376.244	187.688
4.95746	374.51	186.823
4.96327	372.999	185.532
4.96907	367.863	183.825
4.97487	363.848	181.714
4.98068	368.714	182.767
4.98649	374.943	186.607
4.99229	377.333	189.65
4.9981	373.645	187.255
5.0039	377.333
5.00971	375.593
5.01551	376.462
5.02132
5.02712
5.03293
5.03873
5.04454	165.482
5.05034	164.719
5.05615	168.083
5.06195	171.614
5.06776	175.423
5.07356	178.592
5.07936	180.563
5.08517	185.639
5.09097	189.321
5.09678	190.748	380.836
5.10258	190.969	382.379
5.10839	190.528	381.056
5.11419	190.308	380.616
5.12	189.979	380.177
5.1258	189.54	379.738
5.13161	189.54	379.299
5.13741	189.431	378.205
5.14322	189.431	378.205
5.14902	188.994	378.861
5.15483	188.448	377.987
5.16063	188.34	377.115
5.16644	188.122	376.897
5.17225	188.122	376.679
5.17805	188.34	376.679
5.18385	188.34	376.462
5.18966	188.122	376.897
5.19546	188.34	377.115
5.20127	188.557	376.897
5.20707	188.448	376.679
5.21288	188.448	376.897
5.21868	188.448	376.462
5.22449	188.231	376.244
5.23029	188.122	376.462
5.2361	187.905	376.897
5.2419	187.797	376.679
5.24771	187.688	376.027
5.25351	187.147	375.376	560.159
5.25932	186.607	373.861	560.159
5.26512	186.607	373.43	559.189
5.27093	186.392	372.138	556.933
5.27673	186.176	371.493	556.29
5.28254	185.532	370.85	553.725
5.28834	184.677	369.781	552.766
5.29415	183.507	365.956	550.536
5.29995	182.029	363.638	542.957
5.30576	180.772	361.544	544.527
5.31156	180.042	360.709	537.341
5.31737	178.902	358.218	536.41
5.32317	358.011	535.172	174.513
5.32898	528.72	176.235
5.33478	521.14	174.01
5.34059	513.668	171.021
5.34639	503.97	167.986
5.3522	500.778	166.536
5.358	498.757	165.769
5.36381	497.319	165.577
5.36961	495.884	165.195
5.37542	495.026	164.433
5.38122	494.454	164.528
5.38703	494.454	164.528
5.39283	494.454	164.814
5.39864	493.028	164.814
5.40444	494.169	164.719
5.41025	493.313	164.528
5.41605	492.743	164.624
5.42186	496.171	164.719
5.42766	496.171	165.1
5.43347	497.319	165.386
5.43927	497.606	165.769
5.44508	497.031	165.96
5.45088	497.606	165.96
5.45669	497.606	165.864
5.46249	496.744	165.577
5.4683	495.884	165.29
5.4741	493.883	165.1
5.47991	494.169	165.1
5.48571	494.169	165.1
5.49152	496.744	165.864
5.49732	501.357	166.825
5.50313	503.388	167.308
5.50893	503.97	167.598
5.51474	503.97	168.18
5.52054	508.062	169.154
5.52635	509.531	169.937
5.53215	511.891	170.331
5.53796	504.844	170.626
5.54376	506.596	171.317
5.54957	501.067	171.317
5.55537	499.911	170.527
5.56118	499.333	169.545
5.56698	501.646	168.569
5.57279	499.622	167.889
5.57859	503.97	167.792
5.5844	506.889	166.825
5.5902	508.649	166.056
5.59601	165.96
5.60181	165.577
5.60762	165.96
5.61342	164.719
5.61923	163.015
5.62503	162.357
5.63084	160.585
5.63664	159.845
5.64245	159.476
5.64825	159.476
5.65406	161.142
5.65986	163.581
5.66567	164.719
5.67147	164.528
5.67728	165.004
5.68308	166.44
5.68889
5.69469
5.7005
5.7063
5.71211
5.71791
5.72372
5.72952
5.73533
5.74113
5.74694
5.75274
5.75855
5.76435
5.77016
5.77596
5.78177
5.78757	169.937
5.79338	169.154
5.79918	169.447
5.80499	170.331
5.81079	170.134
5.8166	170.232
5.8224	170.134
5.82821	170.134
5.83401	169.545
5.83982	169.252
5.84562	168.374
5.85143	167.404
5.85723	166.44
5.86304	165.769	331.729
5.86884	165.482	330.772
5.87465	165.195	329.628
5.88045	165.1	330.39
5.88626	165.29	330.772
5.89206	165.673	330.963
5.89787	166.056	331.729
5.90367	166.536	332.688
5.90948	166.825	333.458
5.91528	167.115	334.229
5.92109	167.404	335.196
5.92689	167.695	336.359
5.9327	167.501	335.971
5.9385	166.922	335.196
5.94431	164.624	333.073
5.95011	163.486	328.677
5.95592	164.433	326.595
5.96172	162.263	327.162
5.96753	162.17	319.689
5.97333	161.982	320.429
5.97914	160.122	317.481
5.98494	158.283	315.652
5.99075	156.555	312.388
5.99655	154.936	311.667
6.00236	153.688	308.443	151.31
6.00816	151.835	306.489	143.065
6.01397	304.548	150.438
6.01977	304.196	159.66
6.02558	304.548	151.397
6.03138	305.253	151.747
6.03719	305.076	152.45
6.04299	306.135	152.891
6.0488	307.731	153.688
6.0546	308.799	154.132
6.06041	309.514	154.578
6.06621	310.947	155.384
6.07202	313.291	156.104
6.07782	314.197	156.646
6.08363	312.568	156.827
6.08943	313.291	156.736
6.09524	311.487	156.465
6.10104	310.768	156.374
6.10685	310.768	156.013
6.11265	309.693	155.923
6.11846	309.693	155.653
6.12426	309.872	155.653
6.13007	309.872	155.474
6.13587	310.588	155.474
6.14168	310.588	155.743
6.14748	312.388	156.013
6.15329	311.847	156.284
6.15909	312.568	156.555
6.1649	314.016	156.827
6.1707	314.924	157.099
6.17651	314.742	157.28
6.18231	315.106	157.644
6.18812	315.47	157.644
6.19392	316.383	157.735
6.19973	316.017	157.735
6.20553	315.652	157.826
6.21134	317.481	158.1
6.21714	317.298	158.466
6.22295	318.215	158.74
6.22875	317.664	159.016
6.23456	318.767	159.476
6.24036	320.059	160.029
6.24617	321.17	160.771
6.25197	323.03	162.17
6.25778	325.841	163.203
6.26358	328.677	163.392
6.26939	328.867	163.959
6.27519	330.009	164.719
6.281	329.818	165.004
6.2868	330.009	165.004
6.29261	330.772	165.29
6.29841	330.39	165.195
6.30422	330.199	164.814
6.31002	329.437	164.719
6.31583	329.818	164.624
6.32163	329.628	164.814
6.32744	329.247	164.719
6.33324	328.108	164.149
6.33905	327.162	163.865
6.34485	326.784	163.675
6.35066	326.784	163.486
6.35646	326.973	163.675
6.36227	327.54	163.865
6.36807	328.108	164.054
6.37388	329.057	164.433
6.37968	329.247	164.528
6.38549	329.247	164.624
6.39129	329.057	164.433
6.3971	328.297	164.054
6.4029	327.729	163.865
6.40871	327.162	163.486
6.41451	326.218	163.109
6.42032	325.465	162.451
6.42612	324.714	162.076
6.43193	323.965	161.982
6.43773	323.03	161.609
6.44354	323.217	161.609
6.44934	323.217	161.609
6.45515	323.217	161.515
6.46095	323.591	161.609
6.46676	323.591	161.795
6.47256	323.404	161.889
6.47837	323.404	161.982
6.48417	323.217	161.795
6.48998	323.404	161.795
6.49578	323.591	161.795
6.50159	323.03	161.515
6.50739	322.099	161.142
6.5132	322.658	161.049
6.519	322.844	161.142
6.52481	322.471	161.236
6.53061	323.03	161.329
6.53642	322.658	161.515
6.54222	323.03	161.515
6.54803	323.591	161.702
6.55383	324.714	162.263
6.55964	324.339	162.263
6.56544	324.902	162.263
6.57125	325.089	162.451
6.57705	325.089	162.357
6.58286	325.089	162.733
6.58866	325.277	162.827
6.59447	327.162	163.77
6.60027	330.963	165.769
6.60608	333.073	166.536
6.61188	334.615	166.825
6.61769	334.229	167.598
6.62349	334.229	169.252
6.6293	337.332	168.959
6.6351	340.071	169.252
6.64091	336.359	165.769
6.64671	338.112	166.536
6.65252	333.843	166.248
6.65832	332.688	166.44
6.66413	330.581	165.482
6.66993	330.009	164.719
6.67574	326.03	162.451
6.68154	324.339	160.307
6.68735	316.2
6.69315	320.059
6.69896	321.355
6.70476	328.677
6.71057	332.688
6.71637	330.39
6.72218	330.581
6.72798	328.487
6.73379	325.653
6.73959	323.591
6.7454	327.162
6.7512	321.541
6.75701	321.541
6.76281	317.664
6.76862	326.218
6.77442	328.867
6.78023	319.874
6.78603	320.059
6.79184	321.541	468.052
6.79764	330.963	469.949
6.80345	317.481	469.949
6.80925	315.47	472.125
6.81506	323.03	474.312
6.82086	322.285	478.163
6.82667	326.973	480.933
6.83247	328.108	483.999
6.83828	327.162	487.929
6.84408	328.297	489.057
6.84989	326.218	487.647
6.85569	326.407	487.929
6.8615	329.247	488.211
6.8673	329.247	489.34
6.87311	326.407	488.775
6.87891	326.973	488.775
6.88472	330.581	487.647
6.89052	329.247	488.211
6.89633	489.623
6.90213	489.623
6.90794	487.929
6.91374	487.929
6.91955	487.365
6.92535	487.929
6.93116	488.211
6.93696	489.34
6.94277	488.211
6.94857	487.084
6.95438	484.838
6.96018	486.241
6.96599	487.365
6.97179	486.521
6.9776	487.647
6.9834	486.241
6.98921	487.929
6.99501	489.057
7.00082	492.459
7.00662
7.01243
7.01823
7.02404
7.02984
7.03565
7.04145
7.04726
7.05306
7.05887
7.06467
7.07048
7.07628
7.08209
7.08789
7.0937
7.0995
7.10531
7.11111
7.11692
7.12272
7.12853
7.13433
7.14014
7.14594
7.15175
7.15755
7.16336
7.16916
7.17497
7.18077
7.18658
7.19238
7.19819
7.20399
7.2098
7.2156
7.22141
7.22721
7.23302
7.23882
7.24463
7.25043
7.25624
7.26204
7.26785
7.27365
7.27946
7.28526
7.29107
7.29687
7.30268
7.30848
7.31429
7.32009
7.3259
7.3317
7.33751
7.34331
7.34912
7.35492
7.36073
7.36653
7.37234
7.37814
7.38395
7.38975
7.39556
7.40136
7.40717
7.41297
7.41878
7.42458
7.43039
7.43619
7.442
7.4478
7.45361
7.45941
7.46522
7.47102
7.47683
7.48263
7.48844
7.49424
7.50005
7.50585
7.51166
7.51746
7.52327
7.52907
7.53487
7.54068
7.54648
7.55229
7.55809
7.5639
7.56971
7.57551
7.58132
7.58712
7.59293
7.59873
7.60454
7.61034
7.61615
7.62195
7.62776
7.63356
7.63936
7.64517
7.65097
7.65678
7.66258
7.66839
7.67419
7.68
7.6858
7.69161
7.69741
7.70322
7.70902
7.71483
7.72063
7.72644
7.73224
7.73805
7.74385
7.74966
7.75546
7.76127
7.76707
7.77288
7.77868
7.78449
7.79029
7.7961
7.8019
7.80771
7.81351
7.81932
7.82512
7.83093
7.83673
7.84254
7.84834
7.85415
7.85995
7.86576
7.87156
7.87737
7.88317
7.88898
7.89478
7.90059
7.90639
7.9122
7.918
7.92381
7.92961
7.93542
7.94122
7.94703
7.95283
7.95864
7.96444
7.97025
7.97605
7.98186
7.98766
7.99347
7.99927
8.00508
8.01088
8.01669
8.02249
8.0283
8.0341
8.03991
8.04571
8.05152
8.05732
8.06313
8.06893
8.07474
8.08054
8.08635
8.09215
8.09796
8.10376
8.10957
8.11537
8.12118
8.12698
8.13279
8.13859
8.1444
8.1502
8.15601
8.16181
8.16762
8.17342
8.17923
8.18503
8.19084
8.19664
8.20245
8.20825
8.21406
8.21986
8.22567
8.23147
8.23728
8.24308
8.24889
8.25469
8.2605
8.2663
8.27211
8.27791
8.28372
8.28952
8.29533
8.30113
8.30694
8.31274
8.31855
8.32435
8.33016
8.33596
8.34177
8.34757
8.35338
8.35918
8.36499
8.37079
8.3766
8.3824
8.38821
8.39401
8.39982
8.40562
8.41143
8.41723
8.42304
8.42884
8.43465
8.44045
8.44626
8.45206
8.45787
8.46367
8.46948
8.47528
8.48109
8.48689
8.4927
8.4985
8.50431
8.51011
8.51592
8.52172
8.52753
8.53333
8.53914
8.54494
8.55075
8.55655
8.56236
8.56816
8.57397
8.57977
8.58558
8.59138
8.59719
8.60299
8.6088
8.6146
8.62041
8.62621
8.63202
8.63782
8.64363
8.64943
8.65524
8.66104
8.66685
8.67265
8.67846
8.68426
8.69007
8.69587
8.70168
8.70748
8.71329
8.71909
8.7249
8.7307
8.73651
8.74231
8.74812
8.75392
8.75973
8.76553
8.77134
8.77714
8.78295
8.78875
8.79456
8.80036
8.80617
8.81197
8.81778
8.82358
8.82939
8.83519
8.841
8.8468
8.85261
8.85841
8.86422
8.87002
8.87583
8.88163
8.88744
8.89324
8.89905
8.90485
8.91066
8.91646
8.92227
8.92807
8.93388
8.93968
8.94549
8.95129
8.9571
8.9629
8.96871
8.97451
8.98032
8.98612
8.99193
8.99773
9.00354
9.00934
9.01515
9.02095
9.02676
9.03256
9.03837
9.04417
9.04998
9.05578
9.06159
9.06739
9.0732
9.079
9.08481
9.09061
9.09642
9.10222
9.10803
9.11383
9.11964
9.12544
9.13125
9.13705
9.14286
9.14866
9.15447
9.16027
9.16608
9.17188
9.17769
9.18349
9.1893
9.1951
9.20091
9.20671
9.21252
9.21832
9.22413
9.22993
9.23574
9.24154
9.24735
9.25315
9.25896
9.26476
9.27057
9.27637
9.28218
9.28798
9.29379
9.29959
9.3054
9.3112
9.31701
9.32281
9.32862
9.33442
9.34023
9.34603
9.35184
9.35764
9.36345
9.36925
9.37506
9.38086
9.38667
9.39247
9.39828
9.40408
9.40989
9.41569
9.4215
9.4273
9.43311
9.43891
9.44472
9.45052
9.45633
9.46213
9.46794
9.47374
9.47955
9.48535
9.49116
9.49696
9.50277
9.50857
9.51438
9.52018
9.52599
9.53179
9.5376
9.5434
9.54921
9.55501
9.56082
9.56662
9.57243
9.57823
9.58404
9.58984
9.59565
9.60145
9.60726
9.61306
9.61887
9.62467
9.63048
9.63628
9.64209
9.64789
9.6537
9.6595
9.66531
9.67111
9.67692
9.68272
9.68853
9.69433
9.70014
9.70594
9.71175
9.71755
9.72336
9.72916
9.73497
9.74077
9.74658
9.75238
9.75819
9.76399
9.7698
9.7756
9.78141
9.78721
9.79302
9.79882
9.80463
9.81043
9.81624
9.82204
9.82785
9.83365
9.83946
9.84526
9.85107
9.85687
9.86268
9.86848
9.87429
9.88009
9.8859
9.8917
9.89751
9.90331
9.90912
9.91492
9.92073
9.92653
9.93234
9.93814
9.94394
9.94975
9.95555
9.96136
9.96716
9.97297
9.97878
9.98458
9.99039
9.99619
10.002
10.0078
10.0136
10.0194
10.0252
10.031
10.0368
10.0426
10.0484
10.0542
10.06
10.0659
10.0717
10.0775
10.0833
10.0891
10.0949
10.1007
10.1065
10.1123
10.1181
10.1239
10.1297
10.1355
10.1413
10.1471
10.1529
10.1587
10.1645
10.1703
10.1761
10.1819
10.1878
10.1936
10.1994
10.2052
10.211
10.2168
10.2226
10.2284
10.2342
10.24
10.2458
10.2516
10.2574
10.2632
10.269
10.2748
10.2806
10.2864
10.2922
10.298
10.3039
10.3097
10.3155
10.3213
10.3271
10.3329
10.3387
10.3445
10.3503
10.3561
10.3619
10.3677
10.3735
10.3793
10.3851
10.3909
10.3967
10.4025
10.4083
10.4141
10.42
10.4258
10.4316
10.4374
10.4432
10.449
10.4548
10.4606
10.4664
10.4722
10.478
10.4838
10.4896
10.4954
10.5012
10.507
10.5128
10.5186
10.5244
10.5302
10.5361
10.5419
10.5477
10.5535
10.5593
10.5651
10.5709
10.5767
10.5825
10.5883
10.5941
10.5999
10.6057
10.6115
10.6173
10.6231
10.6289
10.6347
10.6405
10.6463
10.6522
10.658
10.6638
10.6696
10.6754
10.6812
10.687
10.6928
10.6986
10.7044
10.7102
10.716
10.7218
10.7276
10.7334
10.7392
10.745
10.7508
10.7566
10.7624
10.7683
10.7741
10.7799
10.7857
10.7915
10.7973
10.8031
10.8089
10.8147
10.8205
10.8263
10.8321
10.8379
10.8437
10.8495
10.8553
10.8611
10.8669
10.8727
10.8785
10.8844
10.8902
10.896
10.9018
10.9076
10.9134
10.9192
10.925
10.9308
10.9366
10.9424
10.9482
10.954
10.9598
10.9656
10.9714
10.9772
10.983
10.9888
10.9946
11.0005
11.0063
11.0121
11.0179
11.0237
11.0295
11.0353
11.0411
11.0469
11.0527
11.0585
11.0643
11.0701
11.0759
11.0817
11.0875
11.0933
11.0991
11.1049
11.1107
11.1166
11.1224
11.1282
11.134
11.1398
11.1456
11.1514
11.1572
11.163
11.1688
11.1746
11.1804
11.1862
11.192
11.1978
11.2036
11.2094
11.2152
11.221
11.2268
11.2327
11.2385
11.2443
11.2501
11.2559
11.2617
11.2675
11.2733
11.2791
11.2849
11.2907
11.2965
11.3023
11.3081
11.3139
11.3197
11.3255
11.3313
11.3371
11.3429
11.3488
11.3546
11.3604
11.3662
11.372
11.3778
11.3836
11.3894
11.3952
11.401
11.4068
11.4126
11.4184
11.4242
11.43
11.4358
11.4416
11.4474
11.4532
11.459
11.4649
11.4707
11.4765
11.4823
11.4881
11.4939
11.4997
11.5055
11.5113
11.5171
11.5229
11.5287
11.5345
11.5403
11.5461
11.5519
11.5577
11.5635
11.5693
11.5751
11.581
11.5868
11.5926
11.5984
11.6042
11.61
11.6158
11.6216
11.6274
11.6332
11.639
11.6448
11.6506
11.6564
11.6622
11.668
11.6738
11.6796
11.6854
11.6912
11.6971
11.7029
11.7087
11.7145
11.7203
11.7261
11.7319
11.7377
11.7435
11.7493
11.7551
11.7609
11.7667
11.7725
11.7783
11.7841
11.7899
11.7957
11.8015
11.8073
11.8132
11.819
11.8248
11.8306
11.8364
11.8422
11.848
11.8538
11.8596
11.8654
11.8712
11.877
11.8828
11.8886
11.8944
11.9002
11.906
11.9118
11.9176
11.9234
11.9293
11.9351
11.9409
11.9467
11.9525
11.9583
11.9641
11.9699
11.9757
11.9815
11.9873
11.9931
11.9989
12.0047
12.0105
12.0163
12.0221
12.0279
12.0337
12.0395
12.0454
12.0512
12.057
12.0628
12.0686
12.0744
12.0802
12.086
12.0918
12.0976
12.1034
12.1092
12.115
12.1208
12.1266
12.1324
12.1382
12.144
12.1498
12.1556
12.1615
12.1673
12.1731
12.1789
12.1847
12.1905
12.1963
12.2021
12.2079
12.2137
12.2195
12.2253
12.2311
12.2369
12.2427
12.2485
12.2543
12.2601
12.2659
12.2717
12.2776
12.2834
12.2892
12.295
12.3008
12.3066
12.3124
12.3182
12.324
12.3298
12.3356
12.3414
12.3472
12.353
12.3588
12.3646
12.3704
12.3762
12.382
12.3878
12.3937
12.3995
12.4053
12.4111
12.4169
12.4227
12.4285
12.4343
12.4401
12.4459
12.4517
12.4575
12.4633
12.4691
12.4749
12.4807
12.4865
12.4923
12.4981
12.5039
12.5098
12.5156
12.5214
12.5272
12.533
12.5388
12.5446
12.5504
12.5562
12.562
12.5678
12.5736
12.5794
12.5852
12.591
12.5968
12.6026
12.6084
12.6142
12.62
12.6258
12.6317
12.6375
12.6433
12.6491
12.6549
12.6607
12.6665
12.6723
12.6781
12.6839
12.6897
12.6955
12.7013
12.7071
12.7129
12.7187
12.7245
12.7303
12.7361
12.742
12.7478
12.7536
12.7594
12.7652
12.771
12.7768
12.7826
12.7884
12.7942
12.8
12.8058
12.8116
12.8174
12.8232
12.829
12.8348
12.8406	852.482
12.8464	899.529
12.8522	865.382
12.858	861.89
12.8639	863.385
12.8697	867.384
12.8755	863.884
12.8813	859.404
12.8871	861.392
12.8929	855.936
12.8987	864.882
12.9045	847.573
12.9103	847.083	283.498
12.9161	845.128	282.68
12.9219	839.775	281.702
12.9277	832.531	280.89
12.9335	828.214	280.403
12.9393	838.321	280.727
12.9451	844.152	281.214	281.214
12.9509	846.105	281.214	281.377
12.9567	844.152	281.052	281.214
12.9625	842.204	281.214	281.377
12.9683	843.665	282.028	282.191
12.9741	843.665	283.17	283.17
12.98	843.665	284.318	284.153
12.9858	843.665	285.14	285.14
12.9916	843.665	285.8	285.965
12.9974	859.901	286.461	286.461
13.0032	860.895	286.957	286.957
13.009	861.89	287.455	287.455
13.0148	863.385	287.954	287.954
13.0206	864.383	288.287	288.287
13.0264	864.383	288.453	288.453
13.0322	864.882	288.62	288.62
13.038	864.383	288.287
13.0438	863.884	288.12	1153.81
13.0496	863.385	287.954	1151.81
13.0554	862.886	287.455	1148.49
13.0612	861.89	287.123	1145.84
13.067	860.895	286.461	1143.2
13.0728	858.412	285.305	1141.22
13.0786	855.936	284.811	1139.9
13.0844	855.442	284.482	1138.58
13.0902	850.024	283.825	1135.96
13.0961	850.024	283.661	1133.34
13.1019	849.533	282.68	1127.46
13.1077	836.387	281.214	1123.56
13.1135	845.128	280.89	1122.26
13.1193	850.515	280.89	1122.91
13.1251	280.727	1123.56
13.1309	1123.56
13.1367	1120.32
13.1425	1111.94
13.1483	1110.65
13.1541	1119.67
13.1599	1125.51
13.1657	1126.81
13.1715	1126.16
13.1773	1120.97
13.1831	1115.8
13.1889	1119.67
13.1947	1124.86
13.2005	1130.07
13.2063	1132.03
13.2122	1131.37
13.218	1137.27
13.2238	1153.15
13.2296	1163.18
13.2354	1160.5
13.2412	1147.83
13.247	1141.88
13.2528	1136.61
13.2586	1140.56
13.2644	1140.56
13.2702	1147.83
13.276	1151.15
13.2818	1151.81
13.2876	1142.54
13.2934	1137.93
13.2992	1135.3
13.305	1128.76
13.3108	1128.11
13.3166
13.3224
13.3283
13.3341
13.3399
13.3457
13.3515
13.3573
13.3631
13.3689
13.3747
13.3805
13.3863
13.3921
13.3979
13.4037
13.4095
13.4153
13.4211
13.4269
13.4327
13.4385
13.4444
13.4502
13.456
13.4618
13.4676
13.4734
13.4792
13.485
13.4908
13.4966
13.5024
13.5082
13.514
13.5198
13.5256
13.5314
13.5372
13.543
13.5488
13.5546
13.5605
13.5663
13.5721
13.5779
13.5837
13.5895
13.5953
13.6011
13.6069
13.6127
13.6185
13.6243
13.6301
13.6359
13.6417
13.6475
13.6533
13.6591
13.6649
13.6707
13.6766
13.6824
13.6882
13.694
13.6998
13.7056
13.7114
13.7172
13.723
13.7288
13.7346
13.7404
13.7462
13.752
13.7578
13.7636
13.7694
13.7752
13.781
13.7868
13.7927
13.7985
13.8043
13.8101
13.8159
13.8217
13.8275
13.8333
13.8391
13.8449
13.8507
13.8565
13.8623
13.8681
13.8739
13.8797
13.8855
13.8913
13.8971
13.9029
13.9088
13.9146
13.9204
13.9262
13.932
13.9378
13.9436
13.9494
13.9552
13.961
13.9668
13.9726
13.9784
13.9842
13.99
13.9958
14.0016
14.0074
14.0132
14.019
14.0249
14.0307
14.0365
14.0423
14.0481
14.0539
14.0597
14.0655
14.0713
14.0771
14.0829
14.0887
14.0945
14.1003
14.1061
14.1119
14.1177
14.1235
14.1293
14.1351
14.141
14.1468
14.1526
14.1584
14.1642
14.17
14.1758
14.1816
14.1874
14.1932
14.199
14.2048
14.2106
14.2164
14.2222
14.228
14.2338
14.2396
14.2454
14.2512
14.2571
14.2629
14.2687
14.2745
14.2803
14.2861
14.2919
14.2977
14.3035
14.3093
14.3151
14.3209
14.3267
14.3325
14.3383
14.3441
14.3499
14.3557
14.3615
14.3673
14.3732
14.379
14.3848
14.3906
14.3964
14.4022
14.408
14.4138
14.4196
14.4254
14.4312
14.437
14.4428
14.4486
14.4544
14.4602
14.466
14.4718
14.4776
14.4834
14.4893
14.4951
14.5009
14.5067
14.5125
14.5183
14.5241
14.5299
14.5357
14.5415
14.5473
14.5531
14.5589
14.5647
14.5705
14.5763
14.5821
14.5879
14.5937
14.5995
14.6054
14.6112
14.617
14.6228
14.6286
14.6344
14.6402
14.646
14.6518
14.6576
14.6634
14.6692
14.675
14.6808
14.6866
14.6924
14.6982
14.704
14.7098
14.7156
14.7215
14.7273
14.7331
14.7389
14.7447
14.7505
14.7563
14.7621
14.7679
14.7737
14.7795
14.7853
14.7911
14.7969
14.8027
14.8085
14.8143
14.8201
14.8259
14.8317
14.8376
14.8434
14.8492
14.855
14.8608
14.8666
14.8724
14.8782
14.884
14.8898
14.8956
14.9014
14.9072
14.913
14.9188
14.9246
14.9304
14.9362
14.942
14.9478
14.9537
14.9595
14.9653
14.9711
14.9769
14.9827
14.9885
14.9943
15.0001
15.0059
15.0117
15.0175
15.0233
15.0291
15.0349
15.0407
15.0465
15.0523
15.0581
15.0639
15.0697
15.0756
15.0814
15.0872
15.093
15.0988
15.1046
15.1104
15.1162
15.122
15.1278
15.1336
15.1394
15.1452
15.151
15.1568
15.1626
15.1684
15.1742
15.18
15.1859
15.1917
15.1975
15.2033
15.2091
15.2149
15.2207
15.2265
15.2323
15.2381
15.2439
15.2497
15.2555
15.2613
15.2671
15.2729
15.2787
15.2845
15.2903
15.2961
15.3019
15.3078
15.3136
15.3194
15.3252
15.331
15.3368
15.3426
15.3484
15.3542
15.36
15.3658
15.3716
15.3774
15.3832
15.389
15.3948
15.4006
15.4064
15.4122
15.418
15.4239
15.4297
15.4355
15.4413
15.4471
15.4529
15.4587
15.4645
15.4703
15.4761
15.4819
15.4877
15.4935
15.4993
15.5051
15.5109
15.5167
15.5225
15.5283
15.5341
15.54
15.5458
15.5516
15.5574
15.5632
15.569
15.5748
15.5806
15.5864
15.5922
15.598
15.6038
15.6096
15.6154
15.6212
15.627
15.6328
15.6386
15.6444
15.6502
15.6561
15.6619
15.6677
15.6735
15.6793
15.6851
15.6909
15.6967
15.7025
15.7083
15.7141
15.7199
15.7257
15.7315
15.7373
15.7431
15.7489
15.7547
15.7605
15.7663
15.7722
15.778
15.7838
15.7896
15.7954
15.8012
15.807
15.8128
15.8186
15.8244
15.8302
15.836
15.8418
15.8476
15.8534
15.8592
15.865
15.8708
15.8766
15.8824
15.8883
15.8941
15.8999
15.9057
15.9115
15.9173
15.9231
15.9289
15.9347
15.9405
15.9463
15.9521
15.9579
15.9637
15.9695
15.9753
15.9811
15.9869
15.9927
15.9985
16.0044
16.0102
16.016
16.0218
16.0276
16.0334
16.0392
16.045
16.0508
16.0566
16.0624
16.0682
16.074
16.0798
16.0856
16.0914
16.0972
16.103
16.1088
16.1146
16.1205
16.1263
16.1321
16.1379
16.1437
16.1495
16.1553
16.1611
16.1669
16.1727
16.1785
16.1843
16.1901
16.1959
16.2017
16.2075
16.2133
16.2191
16.2249
16.2307
16.2366
16.2424
16.2482
16.254
16.2598
16.2656
16.2714
16.2772
16.283
16.2888
16.2946
16.3004
16.3062
16.312
16.3178
16.3236
16.3294
16.3352
16.341
16.3468
16.3527
16.3585
16.3643
16.3701
16.3759
16.3817
16.3875
16.3933
16.3991
16.4049
16.4107
16.4165
16.4223
16.4281
16.4339
16.4397
16.4455
16.4513
16.4571
16.4629
16.4688
16.4746
16.4804
16.4862
16.492
16.4978
16.5036
16.5094
16.5152
16.521
16.5268
16.5326
16.5384
16.5442
16.55
16.5558
16.5616
16.5674
16.5732
16.579
16.5849
16.5907
16.5965
16.6023
16.6081
16.6139
16.6197
16.6255
16.6313
16.6371
16.6429
16.6487
16.6545
16.6603
16.6661
16.6719
16.6777
16.6835
16.6893
16.6951
16.701
16.7068
16.7126
16.7184
16.7242
16.73
16.7358
16.7416
16.7474
16.7532
16.759
16.7648
16.7706
16.7764
16.7822
16.788
16.7938
16.7996
16.8054
16.8112
16.8171
16.8229
16.8287
16.8345
16.8403
16.8461
16.8519
16.8577
16.8635
16.8693
16.8751
16.8809
16.8867
16.8925
16.8983
16.9041
16.9099
16.9157
16.9215
16.9273
16.9332
16.939
16.9448
16.9506
16.9564
16.9622
16.968
16.9738
16.9796
16.9854
16.9912
16.997
17.0028
17.0086
17.0144
17.0202
17.026
17.0318
17.0376
17.0434
17.0493
17.0551
17.0609
17.0667
17.0725
17.0783
17.0841
17.0899
17.0957
17.1015
17.1073
17.1131
17.1189
17.1247
17.1305
17.1363
17.1421
17.1479
17.1537
17.1595
17.1654
17.1712
17.177
17.1828
17.1886
17.1944
17.2002
17.206
17.2118
17.2176
17.2234
17.2292
17.235
17.2408
17.2466
17.2524
17.2582
17.264
17.2698
17.2756
17.2815
17.2873
17.2931
17.2989
17.3047
17.3105
17.3163
17.3221
17.3279
17.3337
17.3395
17.3453
17.3511
17.3569
17.3627
17.3685
17.3743
17.3801
17.3859
17.3917
17.3976
17.4034
17.4092
17.415
17.4208
17.4266
17.4324
17.4382
17.444
17.4498
17.4556
17.4614
17.4672
17.473
17.4788
17.4846
17.4904
17.4962
17.502
17.5078
17.5137
17.5195
17.5253
17.5311
17.5369
17.5427
17.5485
17.5543
17.5601
17.5659
17.5717
17.5775
17.5833
17.5891
17.5949
17.6007
17.6065
17.6123
17.6181
17.6239
17.6297
17.6356
17.6414
17.6472
17.653
17.6588
17.6646
17.6704
17.6762
17.682
17.6878
17.6936
17.6994
17.7052
17.711
17.7168
17.7226
17.7284
17.7342
17.74
17.7458
17.7517
17.7575
17.7633
17.7691
17.7749
17.7807
17.7865
17.7923
17.7981
17.8039
17.8097
17.8155
17.8213
17.8271
17.8329
17.8387
17.8445
17.8503
17.8561
17.8619
17.8678
17.8736
17.8794
17.8852
17.891
17.8968
17.9026
17.9084
17.9142
17.92
17.9258
17.9316
17.9374
17.9432
17.949
17.9548
17.9606
17.9664
17.9722
17.9781
17.9839
17.9897
17.9955
18.0013
18.0071
18.0129
18.0187
18.0245
18.0303
18.0361
18.0419
18.0477
18.0535
18.0593
18.0651
18.0709
18.0767
18.0825
18.0883
18.0941
18.1
18.1058
18.1116
18.1174
18.1232
18.129
18.1348
18.1406
18.1464
18.1522
18.158
18.1638
18.1696
18.1754
18.1812
18.187
18.1928
18.1986
18.2044
18.2102
18.2161
18.2219
18.2277
18.2335
18.2393
18.2451
18.2509
18.2567
18.2625
18.2683
18.2741
18.2799
18.2857
18.2915
18.2973
18.3031
18.3089
18.3147
18.3205
18.3263
18.3322
18.338
18.3438
18.3496
18.3554
18.3612
18.367
18.3728
18.3786
18.3844
18.3902
18.396
18.4018
18.4076
18.4134
18.4192
18.425
18.4308
18.4366
18.4424
18.4483
18.4541
18.4599
18.4657
18.4715
18.4773
18.4831
18.4889
18.4947
18.5005
18.5063
18.5121
18.5179
18.5237
18.5295
18.5353
18.5411
18.5469
18.5527
18.5585
18.5644
18.5702
18.576
18.5818
18.5876
18.5934
18.5992
18.605
18.6108
18.6166
18.6224
18.6282
18.634
18.6398
18.6456
18.6514
18.6572
18.663
18.6688
18.6746
18.6805
18.6863
18.6921
18.6979
18.7037
18.7095
18.7153
18.7211
18.7269
18.7327
18.7385
18.7443
18.7501
18.7559
18.7617
18.7675
18.7733
18.7791
18.7849
18.7907
18.7966
18.8024
18.8082
18.814
18.8198
18.8256
18.8314
18.8372
18.843
18.8488
18.8546
18.8604
18.8662
18.872
18.8778
18.8836
18.8894
18.8952
18.901
18.9068
18.9127
18.9185
18.9243
18.9301
18.9359
18.9417
18.9475
18.9533
18.9591
18.9649
18.9707
18.9765
18.9823
18.9881
18.9939
18.9997
19.0055
19.0113
19.0171
19.0229
19.0288
19.0346
19.0404
19.0462
19.052
19.0578
19.0636
19.0694
19.0752
19.081
19.0868
19.0926
19.0984
19.1042
19.11
19.1158
19.1216
19.1274
19.1332
19.139
19.1449
19.1507
19.1565
19.1623
19.1681
19.1739
19.1797
19.1855
19.1913
19.1971
19.2029
19.2087
19.2145
19.2203
19.2261
19.2319
19.2377
19.2435
19.2493
19.2551
19.261
19.2668
19.2726
19.2784
19.2842
19.29
19.2958
19.3016
19.3074
19.3132
19.319
19.3248
19.3306
19.3364
19.3422
19.348
19.3538
19.3596
19.3654
19.3712
19.3771
19.3829
19.3887
19.3945
19.4003
19.4061
19.4119
19.4177
19.4235
19.4293
19.4351
19.4409
19.4467
19.4525
19.4583
19.4641
19.4699
19.4757
19.4815
19.4873
19.4932
19.499
19.5048
19.5106
19.5164
19.5222
19.528
19.5338
19.5396
19.5454
19.5512
19.557
19.5628
19.5686
19.5744
19.5802
19.586
19.5918
19.5976
19.6034
19.6093
19.6151
19.6209
19.6267
19.6325
19.6383
19.6441
19.6499
19.6557
19.6615
19.6673
19.6731
19.6789
19.6847
19.6905
19.6963
19.7021
19.7079
19.7137
19.7195
19.7254
19.7312
19.737
19.7428
19.7486
19.7544
19.7602
19.766
19.7718
19.7776
19.7834
19.7892
19.795
19.8008
19.8066
19.8124
19.8182
19.824
19.8298
19.8356
19.8415
19.8473
19.8531
19.8589
19.8647
19.8705
19.8763
19.8821
19.8879
19.8937
19.8995
19.9053
19.9111
19.9169
19.9227
19.9285
19.9343
19.9401
19.9459
19.9517
19.9576
19.9634
19.9692
19.975
19.9808
19.9866
19.9924
19.9982
20.004
20.0098
20.0156
20.0214
20.0272
20.033
20.0388
20.0446
20.0504
20.0562
20.062
20.0678
20.0737
20.0795
20.0853
20.0911
20.0969
20.1027
20.1085
20.1143
20.1201
20.1259
20.1317
20.1375
20.1433
20.1491
20.1549
20.1607
20.1665
20.1723
20.1781
20.1839
20.1898
20.1956
20.2014
20.2072
20.213
20.2188
20.2246
20.2304
20.2362
20.242
20.2478
20.2536
20.2594
20.2652
20.271
20.2768
20.2826
20.2884
20.2942
20.3
20.3058
20.3117
20.3175
20.3233
20.3291
20.3349
20.3407
20.3465
20.3523
20.3581	330.963
20.3639	332.304
20.3697	331.92
20.3755	331.729
20.3813	331.154
20.3871	330.39
20.3929	330.581
20.3987	332.496
20.4045	333.073
20.4103	336.554	321.541
20.4161	338.308	316.2
20.4219	340.464	316.748
20.4278	335.002	320.799
20.4336	335.002	320.799
20.4394	335.971	320.799
20.4452	333.073	331.154
20.451	332.88	331.154
20.4568	332.688	332.112
20.4626	332.496	332.112
20.4684	332.688	332.496
20.4742	332.688	332.496
20.48	332.688	332.496
20.4858	332.88	332.688
20.4916	332.88	332.688
20.4974	332.688	332.688
20.5032	331.729	331.92
20.509	331.154	331.154
20.5148	330.581
20.5206	329.628
20.5264	336.359
20.5322	334.422
20.538	333.458
20.5439	326.595
20.5497	327.351
20.5555	327.351
20.5613	327.351
20.5671	328.677
20.5729	330.009
20.5787	330.963
20.5845	331.154
20.5903	331.154
20.5961	331.537
20.6019	331.92
20.6077	332.112
20.6135	332.304
20.6193	332.112
20.6251	332.112
20.6309	332.112
20.6367	332.112
20.6425	332.496
20.6483	333.073
20.6542	334.422
20.66	335.196
20.6658	335.389
20.6716	335.196
20.6774	335.389
20.6832	335.971
20.689	337.527
20.6948	338.503
20.7006	338.699
20.7064	338.699
20.7122	338.112
20.718	337.527
20.7238	337.137
20.7296	336.943
20.7354	336.943
20.7412	336.554
20.747	335.777
20.7528	335.002
20.7586	333.843
20.7644	333.073
20.7702	332.88
20.7761	331.729
20.7819	331.729
20.7877	331.729
20.7935	332.112
20.7993	332.304
20.8051	331.537
20.8109	330.581
20.8167	330.009
20.8225	329.628
20.8283	329.818
20.8341	330.39
20.8399	331.346
20.8457	331.537
20.8515	331.346
20.8573	330.581
20.8631	330.39
20.8689	331.154
20.8747	333.458
20.8805	334.809
20.8863	331.92
20.8922	322.471
20.898	302.27
20.9038	299.489
20.9096
20.9154
20.9212
20.927
20.9328
20.9386
20.9444
20.9502
20.956
20.9618
20.9676
20.9734
20.9792
20.985
20.9908
20.9966
21.0024
21.0083
21.0141
21.0199
21.0257
21.0315
21.0373
21.0431
21.0489
21.0547
21.0605
21.0663
21.0721
21.0779
21.0837
21.0895
21.0953
21.1011
21.1069
21.1127
21.1185
21.1244
21.1302
21.136
21.1418
21.1476
21.1534
21.1592
21.165
21.1708
21.1766
21.1824
21.1882
21.194
21.1998
21.2056
21.2114
21.2172
21.223
21.2288
21.2346
21.2405
21.2463
21.2521
21.2579
21.2637
21.2695
21.2753
21.2811
21.2869
21.2927
21.2985
21.3043
21.3101
21.3159
21.3217
21.3275
21.3333
21.3391
21.3449
21.3507
21.3566
21.3624
21.3682
21.374
21.3798
21.3856
21.3914
21.3972
21.403
21.4088
21.4146
21.4204
21.4262
21.432
21.4378
21.4436
21.4494
21.4552
21.461
21.4668
21.4727
21.4785
21.4843
21.4901
21.4959
21.5017
21.5075
21.5133
21.5191
21.5249
21.5307
21.5365
21.5423
21.5481
21.5539
21.5597
21.5655
21.5713
21.5771
21.5829
21.5888
21.5946
21.6004
21.6062
21.612
21.6178
21.6236
21.6294
21.6352
21.641
21.6468
21.6526
21.6584
21.6642
21.67
21.6758
21.6816
21.6874
21.6932
21.699
21.7049
21.7107
21.7165
21.7223
21.7281
21.7339
21.7397
21.7455
21.7513
21.7571
21.7629
21.7687
21.7745
21.7803
21.7861
21.7919
21.7977
21.8035
21.8093
21.8151
21.821
21.8268
21.8326
21.8384
21.8442
21.85
21.8558
21.8616
21.8674
21.8732
21.879
21.8848
21.8906
21.8964
21.9022
21.908
21.9138
21.9196
21.9254
21.9312
21.9371
21.9429
21.9487
21.9545
21.9603
21.9661
21.9719
21.9777
21.9835
21.9893
21.9951
22.0009
22.0067
22.0125
22.0183
22.0241
22.0299
22.0357
22.0415
22.0473
22.0532
22.059
22.0648
22.0706
22.0764
22.0822
22.088
22.0938
22.0996
22.1054
22.1112
22.117
22.1228
22.1286
22.1344
22.1402
22.146
22.1518
22.1576
22.1634
22.1693
22.1751
22.1809
22.1867
22.1925
22.1983
22.2041
22.2099
22.2157
22.2215
22.2273
22.2331
22.2389
22.2447
22.2505
22.2563
22.2621
22.2679
22.2737
22.2795
22.2854
22.2912
22.297
22.3028
22.3086
22.3144
22.3202
22.326
22.3318
22.3376
22.3434
22.3492
22.355
22.3608
22.3666
22.3724
22.3782
22.384
22.3898
22.3956
22.4015
22.4073
22.4131
22.4189
22.4247
22.4305
22.4363
22.4421
22.4479
22.4537
22.4595
22.4653
22.4711
22.4769
22.4827
22.4885
22.4943
22.5001
22.5059
22.5117
22.5176
22.5234
22.5292
22.535
22.5408
22.5466
22.5524
22.5582
22.564
22.5698
22.5756
22.5814
22.5872
22.593
22.5988
22.6046
22.6104
22.6162
22.622
22.6278
22.6336
22.6395
22.6453
22.6511
22.6569
22.6627
22.6685
22.6743
22.6801
22.6859
22.6917
22.6975
22.7033
22.7091
22.7149
22.7207
22.7265
22.7323
22.7381
22.7439
22.7498
22.7556
22.7614
22.7672
22.773
22.7788
22.7846
22.7904
22.7962
22.802
22.8078
22.8136
22.8194
22.8252
22.831
22.8368
22.8426
22.8484
22.8542
22.86
22.8659
22.8717
22.8775
22.8833
22.8891
22.8949
22.9007
22.9065
22.9123
22.9181
22.9239
22.9297
22.9355
22.9413
22.9471
22.9529
22.9587
22.9645
22.9703
22.9761
22.9819
22.9878
22.9936
22.9994
23.0052
23.011
23.0168
23.0226
23.0284
23.0342
23.04
23.0458
23.0516
23.0574
23.0632
23.069
23.0748
23.0806
23.0864
23.0922
23.098
23.1039
23.1097
23.1155
23.1213
23.1271
23.1329
23.1387
23.1445
23.1503
23.1561
23.1619
23.1677
23.1735
23.1793
23.1851
23.1909
23.1967
23.2025
23.2083
23.2141
23.22
23.2258
23.2316
23.2374
23.2432
23.249
23.2548
23.2606
23.2664
23.2722
23.278
23.2838
23.2896
23.2954
23.3012
23.307
23.3128
23.3186
23.3244
23.3302
23.3361
23.3419
23.3477
23.3535
23.3593
23.3651
23.3709
23.3767
23.3825
23.3883
23.3941
23.3999
23.4057
23.4115
23.4173
23.4231
23.4289
23.4347
23.4405
23.4463
23.4522
23.458
23.4638
23.4696
23.4754
23.4812
23.487
23.4928
23.4986
23.5044
23.5102
23.516
23.5218
23.5276
23.5334
23.5392
23.545
23.5508
23.5566
23.5624
23.5683
23.5741
23.5799
23.5857
23.5915
23.5973
23.6031
23.6089
23.6147
23.6205
23.6263
23.6321
23.6379
23.6437
23.6495
23.6553
23.6611
23.6669
23.6727
23.6785
23.6844
23.6902
23.696
23.7018	1876.54
23.7076	1889.59
23.7134	1888.5
23.7192	1890.68
23.725	1901.64
23.7308	1895.06
23.7366	1899.44
23.7424	1902.74
23.7482	1888.5
23.754	1895.06
23.7598	1898.34
23.7656	1890.68
23.7714	1891.78
23.7772	1891.78
23.783	1880.88
23.7888	1883.06
23.7946	1884.14
23.8005	1875.46
23.8063	1878.71
23.8121	1881.97
23.8179	1868.97
23.8237	1888.5
23.8295	1875.46
23.8353	1873.29
23.8411	1887.41
23.8469	1848.57
23.8527	1867.89
23.8585	1883.06
23.8643	1867.89
23.8701	1883.06
23.8759	1881.97
23.8817	1880.88
23.8875	1887.41
23.8933	1890.68
23.8991	1884.14
23.9049	1901.64
23.9107	1902.74
23.9166	1893.96
23.9224	1907.14
23.9282	1901.64
23.934	1893.96
23.9398	1900.54
23.9456	1892.87
23.9514	1890.68
23.9572	1897.25
23.963	1875.46
23.9688	1874.37
23.9746	1880.88
23.9804	1870.05
23.9862	1889.59
23.992	1876.54
23.9978	1873.29	234.568
24.0036	1878.71	235.246
24.0094	1874.37	234.974
24.0152	1880.88	235.382
24.021	1886.32	235.79
24.0268	1880.88	235.382
24.0327	1879.79	235.246
24.0385	1884.14	235.79
24.0443	1877.62	235.926
24.0501	1880.88	236.063
24.0559	1877.62	237.293
24.0617	1879.79	235.654
24.0675	1878.71	235.518
24.0733	1886.32	236.063
24.0791	1883.06	235.79
24.0849	1878.71	235.382
24.0907	1895.06	236.472
24.0965	1871.13	234.703
24.1023	1883.06	235.654
24.1081	1883.06	235.518
24.1139	1871.13	234.568
24.1197	1886.32	235.518
24.1255	1889.59	235.654
24.1313	1889.59	235.654
24.1371	1863.58	235.654
24.1429	1853.92	235.654
24.1488	1896.15	236.336
24.1546	1872.21	234.703
24.1604	1890.68	235.518
24.1662	1878.71	234.026
24.172	234.026
24.1778	234.026
24.1836
24.1894
24.1952
24.201
24.2068
24.2126
24.2184
24.2242
24.23
24.2358
24.2416
24.2474
24.2532
24.259
24.2649
24.2707
24.2765
24.2823
24.2881
24.2939
24.2997
24.3055
24.3113
24.3171
24.3229
24.3287
24.3345
24.3403
24.3461
24.3519
24.3577
24.3635	1804.26
24.3693	1805.3
24.3751	1806.35
24.381	1802.18
24.3868	1804.26
24.3926	1801.14
24.3984	1801.14
24.4042	1803.22
24.41	1794.91
24.4158	1806.35
24.4216	1804.26
24.4274	1804.26
24.4332	1804.26
24.439	1810.53
24.4448	1804.26
24.4506	1800.1
24.4564	1800.1
24.4622	1801.14
24.468	1798.02
24.4738	1798.02
24.4796	1799.06
24.4854	1801.14
24.4912	1801.14
24.4971	1801.14
24.5029	1803.22
24.5087	1806.35
24.5145	1808.44
24.5203	1804.26
24.5261	1803.22
24.5319	1809.48
24.5377	1816.81
24.5435	1809.48
24.5493	1809.48
24.5551	1812.62
24.5609	1811.57
24.5667	1810.53
24.5725	1811.57
24.5783	1809.48
24.5841	1816.81
24.5899	1823.12
24.5957	1818.91
24.6015	1810.53
24.6073	1811.57
24.6132	1813.67
24.619	1812.62
24.6248	1816.81
24.6306	1822.07
24.6364	1813.67
24.6422	1808.44
24.648	1803.22
24.6538	1802.18
24.6596	1799.06
24.6654	1800.1
24.6712	1799.06
24.677	1801.14
24.6828	1803.22
24.6886	1803.22
24.6944	1805.3
24.7002	1806.35
24.706	1806.35
24.7118	1806.35
24.7176	1801.14
24.7234	1795.94
24.7293	1799.06
24.7351	1802.18
24.7409	1807.39
24.7467	1807.39
24.7525	1804.26
24.7583	1802.18
24.7641	1802.18
24.7699	1800.1
24.7757	1801.14
24.7815	1800.1
24.7873	1798.02
24.7931	1795.94
24.7989	1794.91
24.8047	1790.76
24.8105	1786.63
24.8163	1811.57
24.8221	1824.17
24.8279	1813.67
24.8337	1812.62
24.8395
24.8454
24.8512
24.857
24.8628
24.8686
24.8744
24.8802
24.886
24.8918
24.8976
24.9034
24.9092
24.915
24.9208
24.9266
24.9324
24.9382
24.944
24.9498
24.9556
24.9615
24.9673
24.9731
24.9789
24.9847
24.9905
24.9963
25.0021
25.0079
25.0137
25.0195
25.0253
25.0311
25.0369
25.0427
25.0485
25.0543
25.0601
25.0659
25.0717
25.0776
25.0834
25.0892
25.095
25.1008
25.1066
25.1124
25.1182
25.124
25.1298
25.1356
25.1414
25.1472
25.153
25.1588
25.1646
25.1704
25.1762
25.182
25.1878
25.1937
25.1995
25.2053
25.2111
25.2169
25.2227
25.2285
25.2343
25.2401
25.2459
25.2517
25.2575
25.2633
25.2691
25.2749
25.2807
25.2865
25.2923
25.2981
25.3039
25.3097
25.3156
25.3214
25.3272
25.333
25.3388
25.3446
25.3504
25.3562
25.362
25.3678
25.3736
25.3794
25.3852
25.391
25.3968
25.4026
25.4084
25.4142
25.42
25.4258
25.4317
25.4375
25.4433
25.4491
25.4549
25.4607
25.4665
25.4723
25.4781
25.4839
25.4897
25.4955
25.5013
25.5071
25.5129
25.5187
25.5245
25.5303
25.5361
25.542
25.5478
25.5536
25.5594
25.5652
25.571
25.5768
25.5826
25.5884
25.5942
25.6
25.6058
25.6116
25.6174
25.6232
25.629
25.6348
25.6406
25.6464
25.6522
25.658
25.6639
25.6697
25.6755
25.6813
25.6871
25.6929
25.6987
25.7045
25.7103
25.7161
25.7219
25.7277
25.7335
25.7393
25.7451
25.7509
25.7567
25.7625
25.7683
25.7741
25.78
25.7858
25.7916
25.7974
25.8032
25.809
25.8148
25.8206
25.8264
25.8322
25.838
25.8438
25.8496
25.8554
25.8612
25.867
25.8728
25.8786
25.8844
25.8902
25.8961
25.9019
25.9077
25.9135
25.9193
25.9251
25.9309
25.9367
25.9425
25.9483
25.9541
25.9599
25.9657
25.9715
25.9773
25.9831
25.9889
25.9947
26.0005
26.0063
26.0122
26.018
26.0238
26.0296
26.0354
26.0412
26.047
26.0528
26.0586
26.0644
26.0702
26.076
26.0818
26.0876
26.0934
26.0992
26.105
26.1108
26.1166
26.1224
26.1283
26.1341
26.1399
26.1457
26.1515
26.1573
26.1631
26.1689
26.1747
26.1805
26.1863
26.1921
26.1979
26.2037
26.2095
26.2153
26.2211
26.2269
26.2327
26.2385
26.2444
26.2502
26.256
26.2618
26.2676
26.2734
26.2792
26.285
26.2908
26.2966
26.3024
26.3082
26.314
26.3198
26.3256
26.3314
26.3372
26.343
26.3488
26.3546
26.3605
26.3663
26.3721
26.3779
26.3837
26.3895
26.3953
26.4011
26.4069
26.4127
26.4185
26.4243
26.4301
26.4359
26.4417
26.4475
26.4533
26.4591
26.4649
26.4707
26.4766
26.4824
26.4882
26.494
26.4998
26.5056
26.5114
26.5172
26.523
26.5288
26.5346
26.5404
26.5462
26.552
26.5578
26.5636
26.5694
26.5752
26.581
26.5868
26.5927
26.5985
26.6043
26.6101
26.6159
26.6217
26.6275
26.6333
26.6391
26.6449
26.6507
26.6565
26.6623
26.6681
26.6739
26.6797
26.6855
26.6913
26.6971
26.7029
26.7088
26.7146
26.7204
26.7262
26.732
26.7378
26.7436
26.7494
26.7552
26.761
26.7668
26.7726
26.7784
26.7842
26.79
26.7958
26.8016
26.8074
26.8132
26.819
26.8249
26.8307
26.8365
26.8423
26.8481
26.8539
26.8597
26.8655
26.8713
26.8771
26.8829
26.8887
26.8945
26.9003
26.9061
26.9119
26.9177
26.9235
26.9293
26.9351
26.941
26.9468
26.9526
26.9584
26.9642
26.97
26.9758
26.9816
26.9874
26.9932
26.999
27.0048
27.0106
27.0164
27.0222
27.028
27.0338
27.0396
27.0454
27.0512
27.0571
27.0629
27.0687
27.0745
27.0803
27.0861
27.0919
27.0977
27.1035
27.1093
27.1151
27.1209
27.1267
27.1325
27.1383
27.1441
27.1499
27.1557
27.1615
27.1673
27.1732
27.179
27.1848
27.1906
27.1964
27.2022
27.208
27.2138
27.2196
27.2254
27.2312
27.237
27.2428
27.2486
27.2544
27.2602
27.266
27.2718
27.2776
27.2834
27.2893
27.2951
27.3009
27.3067
27.3125
27.3183
27.3241
27.3299
27.3357
27.3415
27.3473
27.3531
27.3589
27.3647
27.3705
27.3763
27.3821
27.3879
27.3937
27.3995
27.4054
27.4112
27.417
27.4228
27.4286
27.4344
27.4402
27.446
27.4518
27.4576
27.4634
27.4692
27.475
27.4808
27.4866
27.4924
27.4982
27.504
27.5098
27.5156
27.5215
27.5273
27.5331
27.5389
27.5447
27.5505
27.5563
27.5621
27.5679
27.5737
27.5795
27.5853
27.5911
27.5969
27.6027
27.6085
27.6143
27.6201
27.6259
27.6317
27.6376
27.6434
27.6492
27.655
27.6608
27.6666
27.6724
27.6782
27.684
27.6898
27.6956
27.7014
27.7072
27.713
27.7188
27.7246
27.7304
27.7362
27.742
27.7478
27.7537
27.7595
27.7653
27.7711
27.7769
27.7827
27.7885
27.7943
27.8001
27.8059
27.8117
27.8175
27.8233
27.8291
27.8349
27.8407
27.8465
27.8523
27.8581
27.8639
27.8698
27.8756
27.8814
27.8872
27.893
27.8988
27.9046
27.9104
27.9162
27.922
27.9278
27.9336
27.9394
27.9452
27.951
27.9568
27.9626
27.9684
27.9742
27.98
27.9858
27.9917
27.9975
28.0033
28.0091
28.0149
28.0207
28.0265
28.0323
28.0381
28.0439
28.0497
28.0555
28.0613
28.0671
28.0729
28.0787
28.0845
28.0903
28.0961
28.1019
28.1078
28.1136
28.1194
28.1252
28.131
28.1368
28.1426
28.1484
28.1542
28.16
28.1658
28.1716
28.1774
28.1832
28.189
28.1948
28.2006
28.2064
28.2122
28.2181
28.2239
28.2297
28.2355
28.2413
28.2471
28.2529
28.2587
28.2645
28.2703
28.2761
28.2819
28.2877
28.2935
28.2993
28.3051
28.3109
28.3167
28.3225
28.3283
28.3341
28.34
28.3458
28.3516
28.3574
28.3632
28.369
28.3748
28.3806
28.3864
28.3922
28.398
28.4038
28.4096
28.4154
28.4212
28.427
28.4328
28.4386
28.4444
28.4502
28.4561
28.4619
28.4677
28.4735
28.4793
28.4851
28.4909
28.4967
28.5025
28.5083
28.5141
28.5199
28.5257
28.5315
28.5373
28.5431
28.5489
28.5547
28.5605
28.5663
28.5722
28.578
28.5838
28.5896
28.5954
28.6012
28.607
28.6128
28.6186
28.6244
28.6302
28.636
28.6418
28.6476
28.6534
28.6592
28.665
28.6708
28.6766
28.6824
28.6883
28.6941
28.6999
28.7057
28.7115
28.7173
28.7231
28.7289
28.7347
28.7405
28.7463
28.7521
28.7579
28.7637
28.7695
28.7753
28.7811
28.7869
28.7927
28.7985
28.8044
28.8102
28.816
28.8218
28.8276
28.8334
28.8392
28.845
28.8508
28.8566
28.8624
28.8682
28.874
28.8798
28.8856
28.8914
28.8972
28.903
28.9088
28.9146
28.9205
28.9263
28.9321
28.9379
28.9437
28.9495
28.9553
28.9611
28.9669
28.9727
28.9785
28.9843
28.9901
28.9959
29.0017
29.0075
29.0133
29.0191
29.0249
29.0307
29.0366
29.0424
29.0482
29.054
29.0598
29.0656
29.0714
29.0772
29.083
29.0888
29.0946
29.1004
29.1062
29.112
29.1178
29.1236
29.1294
29.1352
29.141
29.1468
29.1527
29.1585
29.1643
29.1701
29.1759
29.1817
29.1875
29.1933
29.1991
29.2049
29.2107
29.2165
29.2223
29.2281
29.2339
29.2397
29.2455
29.2513
29.2571
29.2629
29.2688
29.2746
29.2804
29.2862
29.292
29.2978
29.3036
29.3094
29.3152
29.321
29.3268
29.3326
29.3384
29.3442
29.35
29.3558
29.3616
29.3674
29.3732
29.379
29.3849
29.3907
29.3965
29.4023
29.4081
29.4139
29.4197
29.4255
29.4313
29.4371
29.4429
29.4487
29.4545
29.4603
29.4661
29.4719
29.4777
29.4835
29.4893
29.4951
29.501
29.5068
29.5126
29.5184
29.5242
29.53
29.5358
29.5416
29.5474
29.5532
29.559
29.5648
29.5706
29.5764
29.5822
29.588
29.5938
29.5996
29.6054
29.6112
29.6171
29.6229
29.6287
29.6345
29.6403
29.6461
29.6519
29.6577
29.6635
29.6693
29.6751
29.6809
29.6867
29.6925
29.6983
29.7041
29.7099
29.7157
29.7215
29.7273
29.7332
29.739
29.7448
29.7506
29.7564
29.7622
29.768
29.7738
29.7796
29.7854
29.7912
29.797
29.8028
29.8086
29.8144
29.8202
29.826
29.8318
29.8376
