0
0.00580499
0.01161
0.017415
0.02322
0.0290249
0.0348299
0.0406349
0.0464399
0.0522449
0.0580499
0.0638549
0.0696599
0.0754649
0.0812698
0.0870748
0.0928798
0.0986848
0.10449
0.110295
0.1161
0.121905
0.12771
0.133515
0.13932
0.145125
0.15093
0.156735
0.16254
0.168345
0.17415
0.179955
0.18576
0.191565
0.19737
0.203175
0.20898
0.214785
0.22059
0.226395
0.2322
0.238005
0.24381
0.249615
0.255419
0.261224
0.267029
0.272834
0.278639
0.284444
0.290249
0.296054
0.301859
0.307664
0.313469
0.319274
0.325079
0.330884
0.336689	263.293
0.342494	246.514
0.348299	262.079
0.354104	251.258
0.359909	267.277
0.365714	258.322
0.371519	253.445
0.377324	245.519	498.181
0.383129	243.401	466.703
0.388934	232.947	458.685
0.394739	229.873	462.676
0.400544	234.432	475.684
0.406349	236.882	489.057
0.412154	237.293	483.44
0.417959	238.53	484.278
0.423764	234.703	485.679
0.429569	237.293	480.933	242.98
0.435374	236.882	471.853	242.84
0.441179	234.568	476.509	245.661
0.446984	233.217	475.959	233.756
0.452789	231.338	463.211	232.141
0.458594	227.758	459.48	232.544
0.464399	227.364	452.893	230.804
0.470204	225.403	450.024	227.627
0.476009	223.716	449.765	223.716
0.481814	221.274	446.658	219.239
0.487619	217.976	438.224	216.721
0.493424	216.846	433.441	216.096
0.499229	216.345	430.447	216.096
0.505034	216.345	430.199	216.221
0.510839	216.47	430.945	216.596
0.516644	216.596	430.945	216.846
0.522449	430.945	216.721
0.528254	431.194	216.345
0.534059	431.443	215.971
0.539864	432.191	215.846
0.545669	433.191	215.597
0.551474	432.691	215.348
0.557279	432.691	216.096
0.563084	435.197	217.348
0.568889	437.213	218.859
0.574694	438.478	219.746
0.580499	438.478	220.254
0.586304	438.985	220
0.592109	438.478	218.859
0.597914	437.213	217.976
0.603719	434.695	216.096
0.609524	434.695	214.851
0.615329	433.692	212.629
0.621134	428.463	211.648
0.626939	414.586	209.701
0.632744	410.535	208.494
0.638549	408.17	206.218
0.644354	395.178	207.293
0.650159	391.543	195.771
0.655964	388.389	209.944
0.661769	387.269	211.038
0.667574	388.614	213.121
0.673379	391.091	213.367
0.679184	401.622	210.794
0.684989	404.182	212.383
0.690794	407.934	212.998
0.696599	413.151	210.551
0.702404	430.945
0.708209	384.15
0.714014	386.152
0.719819
0.725624
0.731429
0.737234
0.743039
0.748844
0.754649
0.760454
0.766258
0.772063
0.777868
0.783673
0.789478
0.795283
0.801088
0.806893
0.812698
0.818503
0.824308
0.830113
0.835918
0.841723
0.847528
0.853333
0.859138	225.924
0.864943	224.104
0.870748	225.663
0.876553	229.078
0.882358	230.139
0.888163	230.538
0.893968	230.938
0.899773	221.786
0.905578	219.492
0.911383	211.282
0.917188	210.551
0.922993	212.506
0.928798	216.846
0.934603	217.473	662.309
0.940408	215.224	646.434
0.946213	214.975	641.598
0.952018	213.121	642.711
0.957823	212.383	643.454
0.963628	212.629	638.64
0.969433	209.338	630.94
0.975238	210.916	628.394
0.981043	210.308	634.962
0.986848	213.861	639.009
0.992653	215.099	641.598
0.998458	215.472	643.454
1.00426	216.221	647.555
1.01007	216.971	652.06
1.01587	217.348	654.701
1.02168	217.724	656.216
1.02748	217.599	655.08
1.03329	216.721	651.683
1.03909	216.345	647.93
1.0449	215.971	644.57
1.0507	215.472	642.711
1.05651	214.727	640.487
1.06231	214.231	639.748
1.06812	214.851	642.711
1.07392	215.971	646.061
1.07973	216.846	647.93
1.08553	217.097	648.304
1.09134	217.348	651.307
1.09714	217.348	651.307
1.10295	216.846	650.93
1.10875	217.097	651.307
1.11456	217.724	656.595
1.12036	215.846	660.398
1.12617	218.986	664.608
1.13197	217.85
1.13778	217.85
1.14358	218.354
1.14939	218.48
1.15519	218.228
1.161	216.846
1.1668	216.096
1.17261	215.348
1.17841	216.221
1.18422	217.599
1.19002	218.102
1.19583	218.354
1.20163
1.20744
1.21324
1.21905
1.22485
1.23066
1.23646
1.24227
1.24807
1.25388
1.25968
1.26549
1.27129
1.2771
1.2829
1.28871
1.29451
1.30032
1.30612
1.31193
1.31773
1.32354	639.379
1.32934	631.67
1.33515	629.848
1.34095	625.859
1.34676	621.177	206.814
1.35256	619.028	205.861
1.35837	619.028	206.337
1.36417	617.956	205.623
1.36998	611.917	203.614
1.37578	612.979	204.675
1.38159	616.53	209.097
1.38739	630.576	213.614
1.3932	642.34	214.851
1.399	651.307	216.47
1.40481	656.974	218.354
1.41061	661.926	220.127
1.41642	666.145	222.043
1.42222	672.33	223.587
1.42803	670.391	223.846
1.43383	668.844	223.716
1.43964	670.004	223.587
1.44544	669.617	223.329
1.45125	666.53	222.814
1.45705	664.608	222.171
1.46286	665.376	221.53
1.46866	663.457	221.019
1.47447	659.255	219.873
1.48027	656.216	218.986
1.48608	654.323	217.724
1.49188	649.804	216.096
1.49769	646.808	215.099
1.50349	646.434	215.472
1.5093	647.181	215.846
1.5151	644.942	215.722
1.52091	640.117	214.851
1.52671	639.009	214.479
1.53252	643.082	215.348
1.53832	216.721
1.54413	218.228
1.54993	218.733
1.55574	220.509
1.56154	221.402
1.56735	221.914
1.57315	222.043
1.57896	222.043
1.58476	222.171
1.59057	222.171
1.59637	221.914
1.60218	221.658
1.60798	221.786
1.61379	221.914
1.61959	221.914
1.6254	221.53
1.6312	223.846
1.63701	219.873
1.64281	223.329
1.64862	222.556
1.65442
1.66023
1.66603
1.67184
1.67764
1.68345
1.68925
1.69506
1.70086
1.70667
1.71247
1.71828
1.72408
1.72989
1.73569
1.7415
1.7473
1.75311
1.75891
1.76472
1.77052
1.77633
1.78213
1.78794
1.79374
1.79955
1.80535
1.81116
1.81696
1.82277
1.82857
1.83438
1.84018
1.84599
1.85179
1.8576
1.8634
1.86921
1.87501
1.88082
1.88662
1.89243
1.89823
1.90404
1.90984
1.91565
1.92145
1.92726
1.93306
1.93887	198.39
1.94467	197.932
1.95048	198.275
1.95628	199.078
1.96209	198.734
1.96789	198.734
1.9737	199.654
1.9795	202.091
1.98531	204.794
1.99111	205.149
1.99692	205.03
2.00272	204.675
2.00853	204.912
2.01433	206.337
2.02014	206.934
2.02594	207.293
2.03175	209.338
2.03755	210.187
2.04336	212.752
2.04916	213.367
2.05497	213.244
2.06077	214.108
2.06658	212.752
2.07238	209.944
2.07819	211.526
2.08399	205.505
2.0898
2.0956
2.10141
2.10721
2.11302
2.11882
2.12463
2.13043
2.13624
2.14204
2.14785
2.15365
2.15946	352.064
2.16526	368.076
2.17107	369.781
2.17687	373.645
2.18268	379.957
2.18848	386.375	195.094
2.19429	391.543	194.869
2.20009	393.356	195.658
2.2059	392.222	196.565
2.2117	392.449	195.545
2.21751	390.414	194.981
2.22331	387.941	194.307
2.22912	385.929	194.083
2.23492	388.614	194.756
2.24073	392.222	196.111
2.24653	395.864	197.932
2.25234	401.854	200.463
2.25814	409.114	202.558	608.042
2.26395	413.629	206.576	619.385
2.26975	420.616	207.532	630.212
2.27556	424.276	210.308	638.271
2.28136	428.215	214.479	643.454
2.28717	431.443	216.096	652.436
2.29297	433.942	217.222	655.458
2.29878	436.456	218.733	657.354
2.30458	438.478	219.366	658.114
2.31039	438.985	219.619	657.734
2.31619	438.224	218.986	655.837
2.322	434.695	217.348	652.06
2.3278	430.945	215.472	647.555
2.33361	427.968	213.367	642.711
2.33941	424.767	211.648	632.4
2.34522	416.025	210.308	624.775
2.35102	410.535	205.742	619.028
2.35683	402.318	202.441	629.848
2.36263	395.407	199.654	605.238
2.36844	400.463	200.116	601.405
2.37424	404.182	201.508	601.058
2.38005	405.585	201.974	603.144
2.38585	403.715	201.508	603.144
2.39166	401.158	200.463	602.796
2.39746	399.539	200.232	602.1
2.40327	398.847	200	601.405
2.40907	397.467	199.654	601.058
2.41488	399.078	200	601.058
2.42068	399.308	200	600.364
2.42649	400.463	200	599.671
2.43229	400.232	598.978
2.4381	398.617	598.632
2.4439	397.927	598.632
2.44971	394.266	597.596
2.45551	392.222	595.872
2.46132	391.543	593.468
2.46712	390.639	590.05
2.47293	391.317	588.008
2.47873	389.288	586.313
2.48454	387.269	584.96
2.49034	385.707	583.947
2.49615	385.261	582.936	194.756
2.50195	385.484	581.927	194.756
2.50776	386.375	581.59	194.531
2.51356	387.269	584.622	195.207	785.351
2.51937	388.389	588.348	196.678	788.988
2.52517	391.317	594.497	198.39	794.476
2.53098	392.675	598.978	199.424	797.695
2.53678	399.308	600.711	200.347	801.852
2.54258	402.318	601.405	201.508	808.83
2.54839	404.883	600.711	201.508	811.638
2.55419	406.054	599.324	200.695	806.032
2.56	405.585	590.05	198.504	802.316
2.5658	402.086	584.622	198.161	803.707
2.57161	399.078	582.599	198.619	807.896
2.57741	403.948	583.273	202.441	810.233
2.58322	405.117	584.622	199.078	805.101
2.58902	588.348	198.963	800.464
2.59483	592.44	199.539	806.032
2.60063	594.497	201.741	822.493
2.60644	207.892	833.975
2.61224	200.116	817.756
2.61805	817.756
2.62385
2.62966
2.63546
2.64127
2.64707
2.65288
2.65868
2.66449
2.67029
2.6761
2.6819
2.68771
2.69351
2.69932
2.70512
2.71093
2.71673
2.72254
2.72834
2.73415
2.73995
2.74576
2.75156
2.75737
2.76317
2.76898	971.358
2.77478	982.645
2.78059	977.55
2.78639	968.557
2.7922	953.018	190.969
2.798	941.528	187.58
2.80381	933.945	185.854
2.80961	922.151	184.038
2.81542	909.456	181.609
2.82122	902.652	180.146
2.82703	893.316	178.696
2.83283	886.633	176.847
2.83864	880.509	175.322
2.84444	870.898	173.809
2.85025	867.885	173.208
2.85605	860.895	172.409
2.86186	855.936	171.614
2.86766	854.948	170.823
2.87347	853.961	170.527
2.87927	855.936	170.725
2.88508	857.421	170.725
2.89088	852.482	170.429
2.89669	849.533	170.134
2.90249	846.594	169.839
2.9083	846.594	169.447
2.9141	842.204	168.764
2.91991	839.775	168.374
2.92571	839.29	168.277
2.93152	840.261	168.277
2.93732	840.746	167.986
2.94313	840.261	168.083
2.94893	839.775	167.792
2.95474	837.837	167.501
2.96054	835.904	167.308
2.96635	833.493	166.729
2.97215	824.396	165.386	1679.55
2.97796	812.576	163.959	1619.53
2.98376	811.638	162.076	1625.15
2.98957	810.701	161.422	1621.4
2.99537	797.234	159.752	1617.66
3.00118	790.357	158.557	1581.63
3.00698	794.935	158.191	1579.8
3.01279	795.394	156.827	1570.7
3.01859	782.634	156.284	1565.27
3.0244	772.305	155.115	1578.89
3.0302	771.413	154.757	1544.61
3.03601	778.575	154.936	1547.29
3.04181	779.025	155.115	1547.29
3.04762	778.575	156.374	1555.35
3.05342	791.27	158.374	1585.29
3.05923	803.243	159.937	1605.56
3.06503	807.43	160.585	1602.78
3.07084	792.185	161.236	1584.37
3.07664	786.258	148.796	1576.15
3.08245	851.006	159.66	1500.64
3.08825	825.349	170.626	1600.93
3.09406	811.17	163.015	1621.4
3.09986	788.988	161.422	1577.98
3.10567	1559.85
3.11147
3.11728
3.12308
3.12889
3.13469
3.1405
3.1463
3.15211
3.15791
3.16372
3.16952
3.17533
3.18113
3.18694
3.19274
3.19855
3.20435
3.21016
3.21596
3.22177
3.22757
3.23338
3.23918
3.24499
3.25079
3.2566
3.2624
3.26821
3.27401
3.27982
3.28562
3.29143
3.29723
3.30304
3.30884
3.31465
3.32045
3.32626
3.33206
3.33787
3.34367
3.34948
3.35528
3.36109
3.36689
3.3727
3.3785
3.38431
3.39011
3.39592
3.40172
3.40753
3.41333
3.41914
3.42494
3.43075
3.43655
3.44236
3.44816
3.45397
3.45977
3.46558	310.23
3.47138	302.095
3.47719	321.355
3.48299	324.714
3.4888	337.917
3.4946	338.895
3.50041	341.646
3.50621	344.023
3.51202	346.016
3.51782	345.616
3.52363	343.625
3.52943	341.449
3.53524	338.895
3.54104	334.809
3.54685	332.496
3.55265	333.265
3.55846	332.88
3.56426	333.843
3.57007	332.88
3.57587	329.628
3.58168	323.778
3.58748	326.407
3.59329	331.729
3.59909	337.137
3.6049	331.537
3.6107	338.895
3.61651
3.62231
3.62812
3.63392	331.154
3.63973	332.112
3.64553	330.772
3.65134	336.943
3.65714	339.09
3.66295	337.722
3.66875	335.971
3.67456	337.917	668.072
3.68036	335.389	669.617
3.68617	336.359	668.458
3.69197	332.496	661.162
3.69778	339.875	647.555
3.70358	326.407	648.304
3.70939	327.162	649.804
3.71519	328.297	646.808
3.721	329.057	656.595
3.7268	330.199	658.874
3.73261	329.818	659.255
3.73841	329.057	658.874
3.74422	327.729	655.837
3.75002	326.218	652.06
3.75583	325.841	648.304
3.76163	328.108	643.082
3.76744	332.304	633.863
3.77324	335.389	634.229
3.77905	336.165	631.67
3.78485	329.818	646.808
3.79066	326.407	654.701
3.79646	326.973	637.903
3.80227	327.162
3.80807	331.729
3.81388	328.677
3.81968	330.772
3.82549	329.247
3.83129	328.108
3.8371	324.714
3.8429
3.84871	330.39
3.85451	330.581
3.86032	329.437
3.86612	338.503
3.87193	328.297
3.87773	328.487	288.62
3.88354	330.39	289.12
3.88934	342.239	294.514
3.89515	338.895	310.768
3.90095	340.071	320.244
3.90676	340.661	320.429
3.91256	343.229	317.664
3.91837	342.832	321.355
3.92417	326.595	320.059
3.92998	323.591	311.847
3.93578	312.388	314.197
3.94159	319.505	320.244
3.94739	318.215	279.111
3.9532	318.767	277.824
3.959	317.481	278.306
3.96481	316.931	280.08
3.97061	311.307	283.661
3.97642	311.307	288.453
3.98222	299.662	296.391
3.98803	304.021	302.619
3.99383	307.376	307.021
3.99964	312.388
4.00544	317.848
4.01125	321.913
4.01705	324.527
4.02286	327.351
4.02866	331.346
4.03447	334.229
4.04027	335.583
4.04608	336.359
4.05188	335.971
4.05769	334.422
4.06349	331.92
4.0693	330.39
4.0751	330.772
4.08091	330.581
4.08671	328.487
4.09252	326.595
4.09832	326.973
4.10413	328.677
4.10993	330.39
4.11574	331.154
4.12154	330.963
4.12735	330.772
4.13315	330.199
4.13896	330.199
4.14476	330.009
4.15057	328.677
4.15637	325.465
4.16218	325.089
4.16798	327.54
4.17379	324.902
4.17959	324.714
4.1854	327.54
4.1912	327.351
4.19701	327.162
4.20281	328.487
4.20862	331.92
4.21442	335.196
4.22023
4.22603
4.23184
4.23764
4.24345
4.24925
4.25506
4.26086
4.26667
4.27247
4.27828
4.28408
4.28989
4.29569	344.818
4.3015	332.304
4.3073	333.265
4.31311	336.359
4.31891	348.02
4.32472	348.02
4.33052	347.417
4.33633	346.016
4.34213	348.221
4.34794	346.016
4.35374	346.215
4.35955	345.018
4.36535	344.221
4.37116	345.217
4.37696	346.215
4.38277	347.417
4.38857	348.422
4.39438	348.422
4.40018	347.217
4.40599	343.031
4.41179	342.239
4.4176	339.679
4.4234	338.503
4.42921	339.875
4.43501	344.42
4.44082	345.616
4.44662	349.027
4.45243	343.031
4.45823	338.699
4.46404	344.023
4.46984	345.018
4.47565	346.616
4.48145	344.221
4.48726	344.619
4.49306
4.49887	338.699
4.50467	340.071
4.51048	339.875
4.51628	336.943
4.52209	333.65
4.52789	332.496
4.5337	334.229
4.5395	334.229
4.54531	340.661
4.55111	336.165
4.55692	348.221
4.56272	350.238	348.825
4.56853	348.221	350.036
4.57433	351.657	352.471
4.58014	356.36	357.804
4.58594	345.416	345.816
4.59175	348.221	343.824
4.59755	346.215	344.023
4.60336	343.427	341.844
4.60916	343.031	342.041
4.61497	343.625	343.031
4.62077	345.416	345.217
4.62658	347.217	347.417
4.63238	349.632	350.036
4.63819	349.834	350.238
4.64399	348.825	347.016
4.6498	359.877	340.071
4.6556	352.267	350.846
4.66141	351.251	351.048
4.66721	349.027	349.632
4.67302	334.229	349.632
4.67882	346.215
4.68463	340.071
4.69043	328.487
4.69624	327.162
4.70204	343.031
4.70785	343.824
4.71365	344.818
4.71946	345.018
4.72526	345.416
4.73107	341.252
4.73687	347.016
4.74268	348.825
4.74848	366.167
4.75429	368.714
4.76009	381.056
4.7659	370.85
4.7717	369.781
4.77751	371.493	317.481
4.78331	379.738	320.244
4.78912	402.318	320.799
4.79492	322.285
4.80073	323.217
4.80653	315.106
4.81234	305.076
4.81814	301.398
4.82395	301.224
4.82975	300.009
4.83556	300.009
4.84136	300.355
4.84717	300.702
4.85297	301.921
4.85878	305.429
4.86458	310.051
4.87039	313.834
4.87619	315.288
4.882	320.244
4.8878	326.03
4.89361	330.199
4.89941	334.615
4.90522	337.332	168.569
4.91102	337.722	169.252
4.91683	337.722	169.154
4.92263	337.332	168.277
4.92844	336.943	168.569
4.93424	336.748	167.986
4.94005	335.971	168.277
4.94585	337.137	168.861
4.95166	337.137	168.18
4.95746	336.748	167.792
4.96327	336.165	168.861
4.96907	336.748	169.545
4.97487	335.971	164.528
4.98068	333.843	160.771
4.98649	330.772	154.757
4.99229	329.818	164.054
4.9981	328.867	164.054
5.0039	326.595
5.00971	321.355
5.01551	328.297
5.02132	312.929
5.02712	327.162
5.03293	325.465
5.03873	325.465
5.04454	331.537
5.05034	330.199
5.05615
5.06195
5.06776
5.07356
5.07936
5.08517
5.09097
5.09678
5.10258
5.10839
5.11419
5.12
5.1258
5.13161
5.13741
5.14322
5.14902
5.15483
5.16063	289.789
5.16644	287.455
5.17225	291.636
5.17805	292.649
5.18385	290.124
5.18966	287.621
5.19546	286.461
5.20127	285.634
5.20707	296.22
5.21288	290.963
5.21868	299.835
5.22449	301.224
5.23029	305.782
5.2361	304.724
5.2419	302.444
5.24771	300.355
5.25351	297.936
5.25932	294.855
5.26512	294.004
5.27093	293.834
5.27673	291.468
5.28254	290.795
5.28834	291.636
5.29415	294.004
5.29995	294.684
5.30576	295.366
5.31156	297.936
5.31737	299.489
5.32317	301.05
5.32898	303.144
5.33478	304.9
5.34059	307.731
5.34639	309.514
5.3522	305.959
5.358	304.021
5.36381	303.319
5.36961	301.224
5.37542	300.702
5.38122	300.529
5.38703	301.224
5.39283	300.355
5.39864	299.835
5.40444	299.662
5.41025	300.876	604.889
5.41605	302.27	604.889
5.42186	304.724	606.989
5.42766	306.489	613.333
5.43347	309.335	617.599
5.43927	312.929	624.775
5.44508	315.652	628.031
5.45088	317.298	630.576
5.45669	318.583	639.379
5.46249	319.32	639.379
5.4683	314.016	621.895
5.4741	315.652	618.67
5.47991	319.505	610.153
5.48571	316.017	627.669
5.49152	309.514	627.669
5.49732	309.514	625.859
5.50313	313.472	630.576
5.50893	633.863
5.51474	629.121
5.52054	633.863
5.52635	632.765	298.798
5.53215	613.687	306.666
5.53796	608.042	312.568
5.54376	621.895	312.207
5.54957	308.443
5.55537	302.095
5.56118	302.619
5.56698	303.319
5.57279	300.182
5.57859	298.625
5.5844	293.326	595.184
5.5902	290.963	612.625
5.59601	284.482	614.042
5.60181	295.366	612.625
5.60762	292.649	603.493
5.61342	302.969	600.364
5.61923	299.662	596.561
5.62503	297.592	598.287
5.63084	300.529	600.364
5.63664	304.021	596.561
5.64245	294.514	596.906
5.64825	291.468	583.273
5.65406	282.843	559.512
5.65986	270.852	543.584
5.66567	268.36	540.453
5.67147	264.971	533.321
5.67728	261.474	578.909
5.68308	248.372	574.247	940.441
5.68889	238.392	574.247	941.528
5.69469	234.297	940.441
5.7005	231.606	930.713
5.7063	228.681	920.023
5.71211	228.417	914.724
5.71791	229.078	915.781
5.72372	229.21	918.43
5.72952	229.342	920.555
5.73533	229.21	916.311
5.74113	229.342	919.492
5.74694	230.006	915.253
5.75274	229.078	919.492
5.75855	228.681	914.724
5.76435	228.945	914.196
5.77016	228.285	915.253
5.77596	225.924	914.196
5.78177	224.104	904.74
5.78757	228.022	906.309
5.79338	225.142	931.251
5.79918	226.97	916.84
5.80499	228.813	917.37
5.81079	231.205	931.251
5.8166	227.101	913.668
5.8224	225.533	901.089
5.82821	226.054	903.174
5.83401	228.549	920.555
5.83982	933.405
5.84562
5.85143
5.85723
5.86304	465.895
5.86884	454.203
5.87465	457.891
5.88045	466.433
5.88626	452.631
5.89206	430.945
5.89787	429.95
5.90367	429.702
5.90948	431.194
5.91528	423.053
5.92109	411.009
5.92689	390.865
5.9327	386.152	195.094
5.9385	375.593	194.083
5.94431	381.497	192.742
5.95011	382.158	191.411
5.95592	382.6	190.748
5.96172	382.158	190.528
5.96753	382.821	190.528
5.97333	383.264	191.079
5.97914	383.264	191.521
5.98494	385.484	191.964
5.99075	383.928	192.075
5.99655	383.042	191.964
6.00236	383.707	191.742	575.242
6.00816	384.15	191.742	574.91
6.01397	381.717	191.521	575.575
6.01977	381.056	191.521	576.906
6.02558	380.177	191.853	577.907
6.03138	381.056	192.519	578.909
6.03719	380.396	192.742	579.913
6.04299	386.599	192.631	580.248
6.0488	392.222	192.631	580.248
6.0546	192.075	579.913
6.06041	192.075	567.323
6.06621	191.19	562.104
6.07202	191.632	571.599
6.07782	191.411	565.36
6.08363	188.014	571.599
6.08943	579.913
6.09524	586.651
6.10104	585.974
6.10685	582.936
6.11265	583.61
6.11846	577.907
6.12426	583.273
6.13007	578.241
6.13587	582.936
6.14168	580.919
6.14748
6.15329	588.348
6.15909	594.497
6.1649	597.251
6.1707	593.125
6.17651	586.313
6.18231	583.273
6.18812	581.59
6.19392	580.919
6.19973	579.244
6.20553	579.578
6.21134	566.014	335.196
6.21714	562.754	333.265
6.22295	561.131	341.055
6.22875	556.611	329.818
6.23456	548.315	320.984
6.24036	556.611	323.404
6.24617	555.648	325.277
6.25197	531.169	333.458
6.25778	553.406	333.65
6.26358	538.895	324.714
6.26939	539.206	324.339
6.27519	537.962	324.339
6.281	534.554	324.339
6.2868	539.206	325.465
6.29261	532.09	326.973
6.29841	549.583	327.162
6.30422	546.102	327.162
6.31002	545.471	328.677
6.31583	555.969	332.112
6.32163	567.323	336.554
6.32744	565.687	341.646
6.33324	559.189	347.217
6.33905	551.491	351.251
6.34485	567.979	352.471
6.35066	354.513
6.35646	358.632
6.36227	360.918
6.36807	360.918
6.37388	360.085
6.37968	358.839
6.38549	356.772
6.39129	351.86
6.3971	346.816
6.4029	342.832
6.40871	338.503
6.41451	331.92
6.42032	325.653
6.42612	319.32
6.43193	312.027
6.43773	305.782
6.44354	307.909
6.44934	307.198
6.45515	328.867
6.46095	324.527
6.46676	330.009
6.47256
6.47837
6.48417
6.48998
6.49578
6.50159
6.50739
6.5132
6.519
6.52481
6.53061
6.53642	708.616
6.54222	706.164
6.54803	702.097
6.55383	694.033
6.55964	691.232
6.56544	671.554
6.57125	669.617
6.57705	670.779
6.58286	661.926
6.58866	657.734
6.59447	687.251
6.60027	658.874
6.60608	672.33
6.61188	643.826
6.61769	651.683
6.62349	655.458
6.6293	670.004
6.6351	660.78
6.64091	664.224	314.56
6.64671	666.145	320.059
6.65252	650.555	343.625
6.65832	653.19	342.634
6.66413	662.691	355.333
6.66993	687.251	350.036
6.67574	675.444	349.027
6.68154	671.942	350.238
6.68735	657.734	357.185	673.886
6.69315	654.701	341.252	675.444
6.69896	669.231	340.661	675.835
6.70476	699.264	339.286	679.75
6.71057	336.165	671.942
6.71637	333.843	668.844
6.72218	331.537	666.915
6.72798	332.304	661.162
6.73379	331.346	663.457
6.73959	328.867	659.255
6.7454	326.595	655.458
6.7512	325.653	650.179
6.75701	323.217	646.434
6.76281	323.404	646.061
6.76862	323.591	643.826
6.77442	324.339	649.053
6.78023	325.653	653.568
6.78603	327.162	653.945
6.79184	328.487	658.874
6.79764	327.54	657.354
6.80345	327.162	655.837
6.80925	327.918	655.458
6.81506	327.54	652.813
6.82086	326.784	654.323
6.82667	324.714	658.114
6.83247	325.465	648.678
6.83828	323.03	646.808
6.84408	322.099	648.678
6.84989	322.658	646.434
6.85569	324.152	647.93
6.8615	324.714	643.082
6.8673	333.65	628.031
6.87311	334.422	654.701
6.87891	332.88	661.162
6.88472	330.581
6.89052	329.437
6.89633	329.247
6.90213	332.688
6.90794	328.108
6.91374	328.487
6.91955	326.218
6.92535	328.297
6.93116	327.54
6.93696	326.218
6.94277	329.628
6.94857	326.973
6.95438	328.108
6.96018	328.677
6.96599	328.867
6.97179	328.108
6.9776	328.867
6.9834	328.108
6.98921	326.218
6.99501	324.152
7.00082	323.217
7.00662	317.664
7.01243	316.931
7.01823	319.136
7.02404	319.136
7.02984	318.767	955.775
7.03565	317.481	960.201
7.04145	317.664	960.756
7.04726	317.664	955.775
7.05306	317.114	948.624
7.05887	318.399	946.982
7.06467	320.059	944.796
7.07048	320.429	945.342	315.652
7.07628	326.03	952.468	635.329	317.481
7.08209	326.595	966.88	642.711	321.355
7.08789	329.057	971.358	649.053	324.527
7.0937	331.346	975.294	652.06	326.03
7.0995	327.729	984.349	653.568	326.784
7.10531	334.422	982.077	655.08	327.351
7.11111	329.628	981.51	656.216	327.918
7.11692	325.653	980.377	655.837	327.54
7.12272	323.965	976.421	653.945	326.407
7.12853	324.152	976.421	650.93	325.089
7.13433	325.089	973.043	648.304	324.339
7.14014	325.465	971.358	646.808	323.778
7.14594	323.591	968.557	646.061	323.404
7.15175	323.217	970.797	646.808	323.217
7.15755	323.591	974.168	650.179	324.152
7.16336	978.68	651.683	325.841
7.16916	981.51	651.683	326.218
7.17497	982.077	651.683	326.407
7.18077	978.115	650.555	325.653
7.18658	971.92	652.06	325.465
7.19238	966.88	651.683	324.152
7.19819	970.797	650.93	324.339
7.20399	974.731	651.307	320.984
7.2098	967.997	654.323	317.848
7.2156	954.12	661.544	319.874
7.22141	964.649	647.93	320.984
7.22721	965.764	643.826	321.541
7.23302	954.671	321.541
7.23882	949.721	320.429
7.24463	968.557	322.844
7.25043	969.676	323.217
7.25624	965.764	320.984
7.26204	942.616	319.689
7.26785	984.918	324.339
7.27365	981.51	324.714	323.404
7.27946	986.626	324.152	323.404
7.28526	979.811	324.152	323.965
7.29107	325.089	325.653
7.29687	335.777	325.653
7.30268	334.422	327.162	652.813
7.30848	329.818	329.057	657.734
7.31429	327.729	325.841	653.19
7.32009	326.03	323.778	650.179
7.3259	323.965	324.152	649.804
7.3317	323.217	323.217	647.555
7.33751	323.217	322.658	648.678
7.34331	324.152	324.902	650.93
7.34912	326.03	326.784	652.436
7.35492	325.277	326.973	654.701
7.36073	322.471	329.628	659.255
7.36653	329.818	335.389	670.004
7.37234	341.252	341.055	682.504
7.37814	345.416	344.818	692.431
7.38395	353.286	351.657	702.908
7.38975	357.804	357.185	716.022
7.39556	360.085	359.046	717.678
7.40136	363.428	362.38	726.017
7.40717	365.533	365.322	732.758
7.41297	366.591	367.651	734.877
7.41878	367.439	735.302
7.42458	366.803	734.029
7.43039	365.745	730.223
7.43619	363.638	725.179
7.442	361.544	723.087
7.4478	360.085	720.586
7.45361	356.978	714.369
7.45941	354.717	710.665
7.46522	354.513	707.798
7.47102	354.513	705.349
7.47683	357.391	709.845
7.48263	363.009	725.179
7.48844	368.076	741.701
7.49424	373.645	749.885
7.50005	361.544	733.605
7.50585	356.978	728.117
7.51166	354.717	708.616
7.51746	357.804	712.309
7.52327	355.333	713.133
7.52907	711.076
7.53487
7.54068	361.962
7.54648	359.669
7.55229	358.632
7.55809	361.544
7.5639	362.171
7.56971	345.816
7.57551	363.638
7.58132	366.167
7.58712	358.011
7.59293	361.126
7.59873	358.839
7.60454	359.046
7.61034	370.85
7.61615	367.014
7.62195	366.379
7.62776	361.335
7.63356	367.439
7.63936	351.657
7.64517	368.927	324.527
7.65097	372.568	325.277	1614.86
7.65678	369.567	329.818	1646.89
7.66258	359.046	332.496	1659.3
7.66839	332.688	1667.95
7.67419	333.458	1672.77
7.68	332.88	1670.84
7.6858	330.963	1659.3
7.69161	329.437	1654.52
7.69741	327.918	1644.99
7.70322	325.089	1625.15
7.70902	322.099	1609.27
7.71483	318.951	1598.16
7.72063	316.017	1577.98
7.72644	315.106	1569.79
7.73224	315.47	1557.15
7.73805	313.834	1553.56
7.74385	313.291	1558.05
7.74966	314.379	1560.75
7.75546	316.931	1580.71
7.76127	318.583	1594.47
7.76707	321.541	1594.47
7.77288	323.778	1684.41
7.77868	328.867	1658.34
7.78449	328.297	1591.71	316.565
7.79029	331.729	1580.71	321.727
7.7961	327.729	328.297
7.8019	326.973	334.036
7.80771	333.458	335.196
7.81351	336.748
7.81932	338.112
7.82512	334.615
7.83093	331.92
7.83673	330.581
7.84254	330.772
7.84834	328.108
7.85415	326.973
7.85995	327.729
7.86576	327.351
7.87156	326.407
7.87737	323.03
7.88317	320.984
7.88898	321.541
7.89478	322.471
7.90059	321.17
7.90639	320.244
7.9122	319.874
7.918	318.583
7.92381	316.748
7.92961	316.017
7.93542	318.951
7.94122	324.527
7.94703	320.244	640.857
7.95283	319.32	643.826	320.244
7.95864	322.099	643.082	320.059
7.96444	321.541	645.688	321.17
7.97025	323.03	655.08	322.658
7.97605	327.162	662.309	326.973
7.98186	332.112	667.301	331.729
7.98766	336.943	674.664	337.332
7.99347	342.832	685.269	342.634
7.99927	347.819	698.053	348.825
8.00508	351.454	707.798	353.286
8.01088	356.36	714.369	356.978
8.01669	358.425	717.678	358.632
8.02249	361.126	723.923	360.918
8.0283	363.218	728.117	363.009
8.0341	365.956	730.645	365.533
8.03991	367.863	734.453	367.227
8.04571	737.003	368.714
8.05152	738.708	369.781
8.05732	740.416	369.994
8.06313	736.152	368.289
8.06893	732.758	366.379
8.07474	730.223	364.69
8.08054	727.276	363.848
8.08635	726.856	363.428
8.09215	726.017	363.428
8.09796	725.598	363.218
8.10376	726.017	362.171
8.10957	727.276	363.848
8.11537	726.437	363.009
8.12118	723.087	362.171
8.12698	720.586	360.918
8.13279	716.849	358.425
8.13859	711.076	355.333
8.1444	698.86	349.632
8.1502	685.665	343.031
8.15601	673.496	336.359
8.16181	661.544	334.422
8.16762	695.236	334.422
8.17342	747.723	340.268
8.17923	745.997	336.165
8.18503	730.645	355.333
8.19084	723.923	357.598
8.19664
8.20245
8.20825
8.21406
8.21986
8.22567
8.23147
8.23728
8.24308
8.24889	503.679
8.25469	496.171
8.2605	492.743
8.2663	487.084
8.27211	484.278
8.27791	479.269
8.28372	474.038
8.28952	471.58
8.29533	466.972
8.30113	460.543
8.30694	457.626
8.31274	451.587
8.31855	455.517
8.32435	453.416
8.33016	444.599
8.33596	440
8.34177	416.506
8.34757	415.305
8.35338	433.191
8.35918	424.767	336.165
8.36499	415.305	337.137
8.37079	416.987	338.308
8.3766	421.345	346.215
8.3824	428.958	358.011
8.38821	416.506	369.567
8.39401	374.943
8.39982	379.738
8.40562	379.738
8.41143	384.594
8.41723	367.227
8.42304	363.009
8.42884	361.962
8.43465	356.978
8.44045	348.825
8.44626	341.252
8.45206	337.137
8.45787	332.112
8.46367	328.867
8.46948	328.487
8.47528	335.196
8.48109	339.679
8.48689	342.041
8.4927	338.308
8.4985	325.277
8.50431	317.848
8.51011	313.472
8.51592	313.472
8.52172	334.422
8.52753	335.777
8.53333	340.858
8.53914	338.895
8.54494	344.221
8.55075	344.619	176.643
8.55655	341.252	172.908
8.56236	354.308	172.31
8.56816	349.834	175.22
8.57397	349.43	176.847
8.57977	349.43	177.974
8.58558	352.878	180.667
8.59138	346.215	183.295
8.59719	351.86	185.318
8.60299	344.023	177.052	363.638
8.6088	338.895	180.459	361.335
8.6146	328.297	183.295	359.461
8.62041	332.496	175.524	352.674
8.62621	337.332	174.513	346.616	695.638
8.63202	174.111	346.816	692.431
8.63782	173.508	347.016	695.638
8.64363	171.416	341.449	689.239
8.64943	169.937	338.308	677.789
8.65524	177.154	335.196	669.231
8.66104	173.208	328.108	656.595
8.66685	171.912	323.217	646.434
8.67265	171.912	319.136	639.748
8.67846	171.912	314.016	632.4
8.68426	176.134	308.443	615.462
8.69007	173.108	305.782	610.858
8.69587	183.613	304.196	607.34
8.70168	301.746	599.671
8.70748	298.625	589.028
8.71329	295.195	589.709	546.733
8.71909	293.326	581.255	542.957
8.7249	292.818	582.263	544.527
8.7307	297.764	590.05	547.681
8.73651	298.625	593.811	541.704
8.74231	298.971	602.448	536.72	294.344
8.74812	296.734	602.1	538.895	295.195
8.75392	297.42	597.251	542.643	304.021
8.75973	299.143	595.528	527.195	284.811
8.76553	296.22	594.154	524.765	283.989
8.77134	293.834	580.919	515.749	284.153
8.77714	572.921	544.527	287.455
8.78295	564.707	555.327	283.825
8.78875	564.055	554.365	287.621
8.79456	563.404	286.626
8.80036	561.131	293.156
8.80617	569.621	292.987
8.81197	547.049	291.636
8.81778	553.406	296.391
8.82358	551.172	300.182
8.82939	546.102	301.746
8.83519	562.754	301.746
8.841	562.429	303.319
8.8468	549.9	306.844
8.85261	558.544	302.444
8.85841	568.635	300.182
8.86422	558.221	302.619
8.87002	295.195
8.87583	284.811
8.88163	282.354
8.88744	279.595
8.89324	281.052
8.89905	279.756
8.90485	281.865
8.91066	280.89
8.91646
8.92227
8.92807
8.93388
8.93968
8.94549
8.95129
8.9571
8.9629
8.96871
8.97451	346.415
8.98032	344.42
8.98612	358.632
8.99193	365.956
8.99773	376.244
9.00354	383.264
9.00934	380.177
9.01515	385.484
9.02095	386.375
9.02676	382.821
9.03256	376.897
9.03837	373.43
9.04417	372.138
9.04998	370.422
9.05578	369.994
9.06159	370.208
9.06739	372.138
9.0732	367.439
9.079	363.638
9.08481	361.544
9.09061	356.36
9.09642	349.027
9.10222	345.616
9.10803	343.031
9.11383	346.415
9.11964	349.027
9.12544	352.471
9.13125	345.018
9.13705	363.848
9.14286	361.126	785.804
9.14866	359.877	794.935
9.15447	352.267	784.897
9.16027	366.167	731.912
9.16608	346.016	688.443
9.17188	330.581	665.761
9.17769	324.902	652.436
9.18349	319.874	634.962
9.1893	314.56	624.775
9.1951	312.749	628.031
9.20091	307.731	618.67
9.20671	305.959	620.818
9.21252	299.489	645.315
9.21832	299.143	637.535
9.22413	295.878	637.166
9.22993	296.22	640.487
9.23574	297.764	629.848
9.24154	298.971	634.229
9.24735	295.707	637.166
9.25315	292.311	611.564	285.14
9.25896	294.004	630.212	293.834
9.26476	301.224	626.944	301.224
9.27057	296.734	635.329	301.398
9.27637	305.959	641.228	303.144
9.28218	304.9	643.826	303.67
9.28798	302.444	646.808	303.67
9.29379	301.05	672.33	302.969
9.29959	298.971	680.535	301.224
9.3054	300.702	688.443	300.529
9.3112	300.876	678.573	301.921
9.31701	292.142	674.664	300.529
9.32281	291.468	682.11	303.144
9.32862	285.8	681.716	293.156
9.33442	288.453	692.031	287.455
9.34023	290.627	709.845	288.62
9.34603	294.855	710.665	296.563
9.35184	292.649	725.179	292.987
9.35764	294.004	719.338	292.311
9.36345	293.665	291.636
9.36925	291.3	291.131
9.37506	291.636
9.38086	291.468
9.38667	291.636
9.39247	290.459
9.39828	290.459	584.622
9.40408	291.636	582.263
9.40989	290.292	581.255
9.41569	289.789	581.255
9.4215	288.62	579.578
9.4273	290.292	574.247
9.43311	289.287	574.247
9.43891	289.622	573.915
9.44472	288.953	570.939
9.45052	289.12	570.939
9.45633	290.795	569.293
9.46213	292.311	576.906
9.46794	299.489	576.906
9.47374	307.553	583.947
9.47955	306.312	603.144
9.48535	305.605	612.271
9.49116	304.196	615.462
9.49696	303.144	609.8
9.50277	288.953	582.936
9.50857	284.318	568.964
9.51438	281.052	561.131
9.52018	284.975	560.483
9.52599	289.957	557.577
9.53179	282.843	560.483	320.429
9.5376	289.12	563.079	318.399
9.5434	289.12	552.766	317.848
9.54921	560.159	317.298
9.55501	552.447	319.505
9.56082	551.172	331.729
9.56662	546.417	337.722
9.57243	549.583	341.252
9.57823	566.341	340.268
9.58404	566.341	343.229	683.293
9.58984	590.732	344.221	686.854
9.59565	584.622	342.832	686.854
9.60145	585.298	342.041	684.478
9.60726	583.947	340.071	680.535
9.61306	590.732	339.09	677.007
9.61887	620.459	337.722	675.835
9.62467	583.947	339.679	678.573
9.63048	341.844	682.504
9.63628	344.023	688.045
9.64209	345.616	691.631
9.64789	346.616	695.638
9.6537	346.816	693.632
9.6595	338.112	684.478
9.66531	331.92	666.53
9.67111	333.073	664.608
9.67692	331.537	667.686
9.68272	329.437	659.255
9.68853	324.339	648.304
9.69433	320.244	640.487
9.70014	323.965	643.082	954.12
9.70594	312.388	641.228	939.355
9.71175	310.588	620.818	924.284
9.71755	309.335	618.313	918.43
9.72336	312.929	614.397	915.253
9.72916	301.572	602.1	907.881
9.73497	297.249	594.154	899.529
9.74077	295.707	590.732	892.284
9.74658	295.195	590.732	887.145
9.75238	293.834	588.348	878.476
9.75819	290.292	580.919	866.883
9.76399	293.665	580.583	860.398
9.7698	290.627	581.255	854.454
9.7756	288.787	586.313	851.99
9.78141	287.954	579.244	850.024
9.78721	285.47	569.621	849.043
9.79302	283.661	566.668	851.498
9.79882	282.843	566.014	846.594
9.80463	283.989	566.995	853.468
9.81043	283.334	563.079	849.533
9.81624	277.503	555.006	866.883
9.82204	277.503	548.631	872.408
9.82785	283.007	557.899	833.975
9.83365	282.843	847.083
9.83946	291.468	852.482
9.84526	292.142	827.736
9.85107	288.62	827.258
9.85687	288.453	857.421
9.86268	292.48
9.86848	296.563
9.87429	283.825	311.487
9.88009	292.311	315.835
9.8859	282.354	301.921
9.8917	274.791	305.959
9.89751	303.845
9.90331	305.076
9.90912	305.782
9.91492	301.05
9.92073	302.27
9.92653	303.845
9.93234	301.05
9.93814	310.051
9.94394	311.847
9.94975	314.924
9.95555	307.731
9.96136	310.23
9.96716	304.9
9.97297	305.253
9.97878	308.265
9.98458	312.027
9.99039	304.372
9.99619	306.135
10.002	295.366
10.0078	294.855
10.0136	297.249
10.0194	294.004
10.0252	291.973
10.031	293.665
10.0368	294.174	353.49
10.0426	291.131	350.441
10.0484	292.818	341.646
10.0542	343.625
10.06	348.221
10.0659	344.023
10.0717	344.818
10.0775	349.43
10.0833	358.425
10.0891	365.745
10.0949	369.781
10.1007	371.279
10.1065	371.065
10.1123	372.353
10.1181	373.645
10.1239	372.138
10.1297	365.745
10.1355	360.293
10.1413	353.286
10.1471	345.416
10.1529	342.832
10.1587	338.503
10.1645	335.002
10.1703	329.628
10.1761	326.03
10.1819	327.54
10.1878	327.918
10.1936	328.487
10.1994	328.867
10.2052	322.658
10.211	325.841
10.2168	325.465
10.2226	330.963
10.2284	344.818
10.2342	366.591
10.24
10.2458
10.2516
10.2574
10.2632
10.269
10.2748
10.2806
10.2864
10.2922
10.298
10.3039
10.3097
10.3155
10.3213
10.3271
10.3329
10.3387
10.3445	1612.06
10.3503	1619.53
10.3561	1640.24
10.3619	1638.35
10.3677	1632.68
10.3735	1623.28
10.3793	1623.28
10.3851	1621.4
10.3909	1618.59
10.3967	1624.21
10.4025	1638.35
10.4083	1636.46
10.4141	1630.79
10.42	1632.68
10.4258	1637.4
10.4316	1637.4
10.4374	1667.95
10.4432	1689.28
10.449	1610.2
10.4548	1605.56
10.4606	1597.23
10.4664
10.4722
10.478
10.4838	355.127
10.4896	360.918
10.4954	370.636
10.5012	375.81
10.507	377.115
10.5128	382.6
10.5186	390.414
10.5244	371.708
10.5302	377.551
10.5361	389.063
10.5419	392.902
10.5477	384.594
10.5535	394.494
10.5593	369.781
10.5651	364.69	321.727
10.5709	385.484	319.689
10.5767	378.643	316.2
10.5825	378.643	312.568
10.5883	385.039	310.409
10.5941	381.056	308.621
10.5999	383.707	307.553
10.6057	383.707	306.666
10.6115	383.042	309.872
10.6173	392.675	318.399
10.6231	323.217
10.6289	331.346
10.6347	334.422
10.6405	351.454
10.6463	359.046
10.6522	379.08
10.658	388.838
10.6638	388.838
10.6696	389.513
10.6754	389.513
10.6812	402.783
10.687	412.198
10.6928
10.6986
10.7044
10.7102
10.716
10.7218
10.7276
10.7334
10.7392
10.745
10.7508
10.7566
10.7624	325.089
10.7683	305.959
10.7741	307.198
10.7799	308.799
10.7857	310.768
10.7915	309.693
10.7973	310.588
10.8031	309.514
10.8089	309.335
10.8147	307.731
10.8205	307.731
10.8263	308.265
10.8321	310.23
10.8379	311.667
10.8437	314.56
10.8495	317.114
10.8553	316.017
10.8611	318.215
10.8669	310.23
10.8727	307.731
10.8785	307.909
10.8844	314.742
10.8902	312.568
10.896	318.399
10.9018
10.9076	315.835
10.9134	320.799
10.9192	343.625
10.925	345.217
10.9308	352.674
10.9366	360.709
10.9424	367.863
10.9482	371.065
10.954	368.927
10.9598	368.714
10.9656	359.254	704.942
10.9714	353.49	708.207
10.9772	350.036	694.835
10.983	350.238	688.045
10.9888	344.619	688.045
10.9946	342.239	683.293
11.0005	339.679	677.007
11.0063	334.809	668.458
11.0121	328.108	653.19
11.0179	319.689	637.903
11.0237	314.197	620.818
11.0295	326.03	638.271
11.0353	312.027	624.414
11.0411	318.215	639.748
11.0469	320.799	638.64
11.0527	321.541	637.903
11.0585	323.778	647.93
11.0643	320.429	637.166
11.0701	324.527	637.903
11.0759	319.689	641.228
11.0817	325.465	636.431
11.0875	325.277	627.669
11.0933	326.595	650.555
11.0991	329.247	647.555
11.1049	339.286	658.494
11.1107	682.898
11.1166
11.1224
11.1282
11.134
11.1398	337.722
11.1456	336.943
11.1514	331.346
11.1572	341.449
11.163	331.346
11.1688	331.154
11.1746	316.748
11.1804	318.399
11.1862	317.481
11.192	317.298
11.1978	318.032
11.2036	317.114
11.2094	318.767
11.2152	310.23
11.221	306.312
11.2268	301.05
11.2327	292.818
11.2385	289.12
11.2443	299.662
11.2501	314.379
11.2559	315.288
11.2617	302.095
11.2675	318.032
11.2733	316.748
11.2791	308.799
11.2849
11.2907
11.2965
11.3023
11.3081
11.3139
11.3197
11.3255
11.3313
11.3371	340.071
11.3429	364.269
11.3488	365.322
11.3546	341.844
11.3604	348.624
11.3662	327.918
11.372	329.057
11.3778	340.858
11.3836	340.268
11.3894	351.251
11.3952	340.858
11.401	342.437
11.4068	355.127
11.4126	357.804
11.4184	356.36
11.4242	353.694
11.43	348.221
11.4358	345.416
11.4416	345.018
11.4474	345.816
11.4532	348.825
11.459	355.949
11.4649	353.286
11.4707	350.238
11.4765	349.027
11.4823	345.217
11.4881	342.832
11.4939	340.858
11.4997	338.895
11.5055	337.722
11.5113	337.917
11.5171	337.137
11.5229	335.583
11.5287	333.843
11.5345	332.88
11.5403	332.688
11.5461	331.92
11.5519	330.009
11.5577	328.487
11.5635	327.54
11.5693	325.841
11.5751	325.089
11.581	324.339
11.5868	322.658
11.5926	320.799
11.5984	319.505
11.6042	318.767	637.903
11.61	318.399	636.063
11.6158	316.931	621.895
11.6216	315.47	632.4
11.6274	315.106	622.973
11.6332	311.667	624.775
11.639	309.514	618.67
11.6448	307.376	618.313
11.6506	306.489	612.271
11.6564	306.312	615.462
11.6622	305.605	610.153
11.668	304.021	601.752
11.6738	301.572	602.448
11.6796	301.746	601.752
11.6854	300.702	601.058
11.6912	298.625	599.324
11.6971	296.391	590.05
11.7029	295.195	592.44
11.7087	296.049	595.184
11.7145	295.537	594.497
11.7203	293.665	589.028
11.7261	293.834	589.028
11.7319	293.495	588.348
11.7377	295.195	595.528
11.7435	300.529	598.632
11.7493	307.021	609.096
11.7551	308.265	621.535
11.7609	303.845	637.903
11.7667	314.924	649.053
11.7725	320.244	651.683
11.7783	312.027	682.11
11.7841	308.265	694.434
11.7899	311.127	695.638
11.7957	302.794	706.164
11.8015	303.845	713.545
11.8073	302.969	716.436
11.8132	300.702	723.923
11.819	312.207	726.437
11.8248	303.494	734.877
11.8306	305.782	693.231
11.8364	313.653	672.33
11.8422	320.799	675.835
11.848	334.229	672.719
11.8538	335.583	677.007
11.8596	675.054
11.8654	672.719
11.8712	666.145
11.877	666.145
11.8828
11.8886
11.8944
11.9002
11.906
11.9118
11.9176
11.9234
11.9293
11.9351
11.9409
11.9467
11.9525
11.9583
11.9641
11.9699
11.9757
11.9815
11.9873
11.9931
11.9989
12.0047
12.0105
12.0163
12.0221
12.0279
12.0337
12.0395
12.0454
12.0512
12.057
12.0628
12.0686	562.754
12.0744	564.055
12.0802	568.964
12.086	573.252
12.0918	571.929
12.0976	570.28
12.1034	561.779
12.1092	552.447
12.115	545.786
12.1208	544.527
12.1266	542.643
12.1324	548.948
12.1382	547.998
12.144	539.206
12.1498	537.03
12.1556	538.895
12.1615	538.584
12.1673	539.518
12.1731	537.341
12.1789	533.937
12.1847	529.025
12.1905	519.037
12.1963	527.805
12.2021	514.856
12.2079	497.319
12.2137	507.768
12.2195	522.647
12.2253	499.911
12.2311	491.322
12.2369	462.409
12.2427
12.2485
12.2543	327.918
12.2601	335.777
12.2659	341.844
12.2717	364.058
12.2776	377.769
12.2834	355.333
12.2892	351.86
12.295	348.221
12.3008	347.618
12.3066	349.43
12.3124	351.251
12.3182	352.674
12.324	353.082
12.3298	351.86
12.3356	341.449
12.3414	339.679
12.3472	339.09
12.353	343.625
12.3588	356.36
12.3646	364.69
12.3704	371.065
12.3762	373.861
12.382	374.726
12.3878	371.279
12.3937	365.745
12.3995	361.544
12.4053	360.293
12.4111	361.335
12.4169	363.009
12.4227	366.591
12.4285	379.518
12.4343	388.165
12.4401	390.639
12.4459	392.222	602.1
12.4517	397.927	606.989
12.4575	397.467	618.313
12.4633	394.95	638.271
12.4691	386.599	658.874
12.4749	384.816	671.942
12.4807	389.288	686.061
12.4865	391.091	696.04
12.4923	392.675	699.264
12.4981	397.009	711.076
12.5039	751.186
12.5098	764.317
12.5156	768.3
12.5214	770.077	346.016
12.5272	750.752	365.111
12.533	726.017	362.799
12.5388	692.031	344.619
12.5446	682.898	344.42
12.5504	679.75	340.858
12.5562	682.11	341.055
12.562	681.716	340.268
12.5678	680.535	340.464
12.5736	680.142	341.252
12.5794	683.687	342.437
12.5852	685.269	342.832
12.591	685.269	343.229
12.5968	689.637	344.023
12.6026	697.247	346.616
12.6084	687.648	345.616
12.6142	683.293	344.818
12.62	678.181	341.646
12.6258	669.617	341.844
12.6317	658.114	333.843
12.6375	647.181	343.824
12.6433	632.035	347.417
12.6491	620.459	336.359
12.6549	616.53	350.643
12.6607	615.818
12.6665	609.448
12.6723	606.989
12.6781	605.238
12.6839	605.588
12.6897	606.638
12.6955	610.858
12.7013	617.242
12.7071	614.752
12.7129	608.744
12.7187	607.34
12.7245	607.691
12.7303	603.842
12.7361	605.938
12.742	605.238
12.7478	598.978
12.7536	591.073
12.7594	584.96
12.7652	576.906
12.771
12.7768
12.7826
12.7884
12.7942	286.461
12.8	289.957
12.8058	283.007
12.8116	285.14
12.8174	283.334
12.8232	282.517
12.829	280.727
12.8348	279.433
12.8406	278.788
12.8464	279.111
12.8522	278.306
12.858	276.863
12.8639	269.292
12.8697	260.419
12.8755	264.055
12.8813	266.506
12.8871	275.905
12.8929	278.949
12.8987	278.145
12.9045	289.12
12.9103	285.47
12.9161	281.052
12.9219	274.316
12.9277	276.543
12.9335	273.841
12.9393	280.08
12.9451	287.954
12.9509	291.131
12.9567	301.224
12.9625	303.319
12.9683	303.845
12.9741	302.619
12.98	302.619
12.9858	295.707
12.9916	294.514
12.9974	298.625
13.0032	300.702
13.009	302.444
13.0148	299.316
13.0206	298.971
13.0264	303.845
13.0322	298.971
13.038	304.724
13.0438	308.799
13.0496	311.667
13.0554	316.565
13.0612	334.615
13.067	338.308
13.0728	335.583
13.0786
13.0844
13.0902
13.0961
13.1019
13.1077
13.1135
13.1193
13.1251
13.1309
13.1367
13.1425
13.1483	327.351
13.1541	329.818
13.1599	330.963
13.1657	339.286
13.1715	346.016
13.1773	347.417
13.1831	344.221
13.1889	340.071
13.1947	341.844
13.2005	347.016
13.2063	354.513
13.2122	360.085
13.218	363.428
13.2238	363.638
13.2296	363.218
13.2354	366.167
13.2412	369.781
13.247	368.927
13.2528	369.781
13.2586	375.81
13.2644	377.769
13.2702	376.679	371.708
13.276	374.726	369.781
13.2818	372.353	373.861
13.2876	370.85	373.43
13.2934	369.994	371.065
13.2992	368.076	369.354
13.305	367.227	370.208
13.3108	367.651	368.289
13.3166	364.69	368.289
13.3224	364.479	366.591
13.3283	365.533	366.379
13.3341	366.803	368.501
13.3399	367.014	367.651
13.3457	365.111	363.638
13.3515	373.43	375.159
13.3573	372.353	369.567
13.3631	373.645	372.353
13.3689	377.115	376.244
13.3747	368.714	370.636
13.3805	365.956	365.745
13.3863	366.803	366.379
13.3921	366.379
13.3979	365.956
13.4037	372.568
13.4095	368.289
13.4153	366.379
13.4211	371.065
13.4269	380.836
13.4327	379.299
13.4385	391.091
13.4444	380.396
13.4502	373.214
13.456	372.353
13.4618	375.81	340.858
13.4676	375.81	342.832
13.4734	372.138	344.818
13.4792	373.43	349.43
13.485	382.821	358.839
13.4908	382.821	361.962	361.544
13.4966	365.956	365.956
13.5024	368.289	368.927
13.5082	369.141	370.208
13.514	370.208	369.994
13.5198	369.567	356.155
13.5256	378.424	354.103
13.5314	375.593	352.267
13.5372	366.803	353.49
13.543	359.877	356.772
13.5488	360.085	359.254
13.5546	361.544	361.335
13.5605	364.269	364.058
13.5663	366.379	366.167
13.5721	369.567	369.567
13.5779	373.214	373.43
13.5837	374.726	374.294
13.5895	377.115	376.897
13.5953	377.769	377.115
13.6011	376.679	376.244
13.6069	382.6	382.6
13.6127	389.288	387.493
13.6185	389.063	389.288
13.6243	397.927	400.232
13.6301	409.114	417.711
13.6359	405.351	419.161
13.6417	400.695	419.888
13.6475	400.463	413.151
13.6533	396.092
13.6591	419.403
13.6649	427.968
13.6707	429.702
13.6766
13.6824
13.6882
13.694
13.6998
13.7056
13.7114
13.7172
13.723
13.7288	720.17
13.7346	713.957	352.674
13.7404	724.76	358.632
13.7462	727.276	357.185
13.752	718.923	359.461
13.7578	720.17	360.085
13.7636	717.678	358.218
13.7694	711.898	357.598
13.7752	717.678	359.046
13.781	723.505	354.717
13.7868	739.562	363.009
13.7927	721.836	357.804
13.7985	708.207	357.598
13.8043	693.632	348.624
13.8101	688.841	352.674
13.8159	695.638	350.238
13.8217	702.097	350.238
13.8275	702.097	347.819
13.8333	710.255	353.694
13.8391	711.076	345.616
13.8449	696.442	344.42
13.8507	690.833	343.625
13.8565	692.031	344.818
13.8623	690.833	344.42
13.8681	687.648	343.427
13.8739	684.478	343.031
13.8797	682.898	344.42
13.8855	687.648	344.221
13.8913	714.782	359.046
13.8971	712.721	348.02
13.9029	676.225	337.332
13.9088	677.398	343.824	678.965
13.9146	343.229	681.322
13.9204	340.858	679.75
13.9262	337.332	677.789
13.932	337.722	677.789
13.9378	336.554	678.573
13.9436	338.699	677.398
13.9494	338.308	676.616
13.9552	337.332	674.664
13.961	331.729	675.054
13.9668	330.772	680.929
13.9726	323.591	673.107
13.9784	325.465	673.886
13.9842	313.291	675.444
13.99	339.482	677.398
13.9958	336.748	664.224
14.0016	332.496	666.915
14.0074	336.165	668.844
14.0132	337.137	687.251
14.019	674.664
14.0249
14.0307
14.0365
14.0423
14.0481
14.0539
14.0597
14.0655
14.0713
14.0771
14.0829
14.0887
14.0945	302.095
14.1003	317.481
14.1061	320.984
14.1119	323.778
14.1177	338.895	660.78
14.1235	337.137	660.78
14.1293	334.809	658.874
14.1351	335.777	663.457
14.141	334.422	664.608
14.1468	332.688	666.145
14.1526	332.496	666.145
14.1584	332.496	668.072
14.1642	335.389	671.166
14.17	336.943	677.398
14.1758	340.858	685.665
14.1816	350.238	692.831
14.1874	350.238	704.128
14.1932	352.674	708.616
14.199	354.922	709.845
14.2048	349.43	700.072
14.2106	342.239	682.504
14.2164	338.699	676.616
14.2222	337.527	676.225
14.228	336.359	674.275
14.2338	335.389	670.391
14.2396	335.002	670.004
14.2454	333.843	667.301
14.2512	332.112	664.608
14.2571	330.199	660.398
14.2629	328.297	656.595
14.2687	325.841	651.683
14.2745	324.527	648.304
14.2803	323.404	646.808
14.2861	321.727	642.711
14.2919	320.984	640.117
14.2977	321.541	643.454
14.3035	321.355	642.711
14.3093	321.913	643.454
14.3151	321.727	643.454
14.3209	320.429	640.487
14.3267	320.244	640.487
14.3325	319.874	640.117
14.3383	319.136	638.271
14.3441	318.951	638.64
14.3499	318.767	638.271
14.3557	318.951
14.3615	318.951
14.3673	319.505
14.3732	319.505
14.379	320.059
14.3848	321.355
14.3906	322.844
14.3964	322.658
14.4022	320.614
14.408	318.767
14.4138	316.017
14.4196	310.768
14.4254	305.959
14.4312	304.021
14.437	303.319
14.4428	303.144
14.4486	303.319
14.4544	304.372
14.4602	304.196
14.466	304.021
14.4718	303.494
14.4776	301.746
14.4834	299.835
14.4893	299.835
14.4951	299.835
14.5009	298.625
14.5067	298.798
14.5125	297.249
14.5183	296.734
14.5241	298.453
14.5299	299.662
14.5357	300.529
14.5415	301.746
14.5473	301.921
14.5531	301.398
14.5589	302.27
14.5647	302.27	602.448
14.5705	301.398	604.19
14.5763	301.921	604.19
14.5821	300.876	603.842
14.5879	301.398	603.493
14.5937	298.798	603.144
14.5995	299.143	601.058
14.6054	300.355	602.796
14.6112	285.8	604.19
14.617	298.625	607.34
14.6228	294.004	598.287
14.6286	282.191	610.505
14.6344	305.605	606.638
14.6402	323.591	606.638
14.646	614.752
14.6518	624.775
14.6576	608.042
14.6634	609.096
14.6692	609.448
14.675	608.393
14.6808	620.459
14.6866	622.973
14.6924	606.989
14.6982	616.53
14.704	632.4
14.7098	632.4
14.7156	601.752
14.7215	604.889
14.7273
14.7331	1837.92
14.7389	1863.58
14.7447	1837.92
14.7505	1950.59
14.7563	1952.84
14.7621	1824.17
14.7679	1924.84
14.7737	1833.68
14.7795	1835.8
14.7853	1826.28
14.7911	1826.28
14.7969	1904.94
14.8027	1922.62
14.8085	1840.05
14.8143	1803.22
14.8201	1753.91
14.8259	1842.17
14.8317	1779.42
14.8376	1792.83
14.8434	1827.34
14.8492	1842.17
14.855	1828.39
14.8608	1812.62
14.8666	1826.28
14.8724	1836.86
14.8782	1818.91
14.884
14.8898
14.8956
14.9014
14.9072
14.913
14.9188
14.9246
14.9304
14.9362
14.942
14.9478
14.9537
14.9595
14.9653
14.9711
14.9769
14.9827
14.9885
14.9943
15.0001
15.0059
15.0117
15.0175
15.0233
15.0291
15.0349
15.0407
15.0465
15.0523
15.0581
15.0639
15.0697
15.0756
15.0814
15.0872
15.093
15.0988
15.1046
15.1104
15.1162
15.122
15.1278
15.1336
15.1394
15.1452
15.151
15.1568
15.1626
15.1684
15.1742
15.18
15.1859
15.1917
15.1975
15.2033
15.2091
15.2149
15.2207
15.2265
15.2323
15.2381
15.2439
15.2497
15.2555
15.2613
15.2671
15.2729
15.2787
15.2845
15.2903
15.2961
15.3019
15.3078
15.3136
15.3194
15.3252
15.331
15.3368
15.3426
15.3484
15.3542
15.36
15.3658
15.3716
15.3774
15.3832
15.389
15.3948
15.4006
15.4064
15.4122
15.418
15.4239
15.4297
15.4355
15.4413
15.4471
15.4529
15.4587
15.4645
15.4703
15.4761
15.4819
15.4877
15.4935
15.4993
15.5051
15.5109
15.5167
15.5225
15.5283
15.5341
15.54
15.5458
15.5516
15.5574
15.5632
15.569
15.5748
15.5806
15.5864
15.5922
15.598
15.6038
15.6096
15.6154
15.6212
15.627
15.6328
15.6386
15.6444
15.6502
15.6561
15.6619
15.6677
15.6735
15.6793
15.6851
15.6909
15.6967
15.7025
15.7083
15.7141
15.7199
15.7257
15.7315
15.7373
15.7431
15.7489
15.7547
15.7605
15.7663
15.7722
15.778
15.7838
15.7896
15.7954
15.8012
15.807
15.8128
15.8186
15.8244
15.8302
15.836
15.8418
15.8476
15.8534
15.8592
15.865
15.8708
15.8766
15.8824
15.8883
15.8941
15.8999
15.9057
15.9115
15.9173
15.9231
15.9289
15.9347
15.9405
15.9463
15.9521
15.9579
15.9637
15.9695
15.9753
15.9811
15.9869
15.9927
15.9985
16.0044
16.0102
16.016
16.0218
16.0276
16.0334
16.0392
16.045
16.0508
16.0566
16.0624
16.0682
16.074
16.0798
16.0856
16.0914
16.0972
16.103
16.1088
16.1146
16.1205	509.237	254.913
16.1263	511.005	252.714
16.1321	511.595	253.445
16.1379	506.889	252.276
16.1437	502.226	249.955
16.1495	496.457	247.227
16.1553	491.89	245.519
16.1611	490.755	245.094
16.1669	488.775	244.246
16.1727	487.365	243.401
16.1785	486.241	238.117
16.1843	494.74	233.217
16.1901	492.459	243.401
16.1959	493.313	237.705
16.2017	490.472	237.842
16.2075	487.084	237.156
16.2133	487.647	240.189
16.2191	483.999	238.806
16.2249	478.44
16.2307
16.2366
16.2424
16.2482
16.254
16.2598
16.2656
16.2714
16.2772
16.283
16.2888
16.2946
16.3004	268.826
16.3062	275.905
16.312	285.47
16.3178	288.62
16.3236	294.855
16.3294	298.108
16.3352	303.67
16.341	305.605
16.3468	308.265
16.3527	308.443
16.3585	307.376
16.3643	305.076
16.3701	302.794
16.3759	298.798
16.3817	296.905
16.3875	294.344
16.3933	293.665
16.3991	291.131
16.4049	289.789
16.4107	289.12
16.4165	288.287
16.4223	288.12
16.4281	287.954
16.4339	289.287
16.4397	290.459
16.4455	291.973
16.4513	293.156
16.4571	293.326
16.4629	292.48
16.4688	291.468
16.4746	290.124
16.4804	288.62
16.4862	287.455
16.492	284.153
16.4978	283.498
16.5036	281.702
16.5094	280.08
16.5152	279.918
16.521	288.287
16.5268	288.62
16.5326	291.3
16.5384	291.3
16.5442	292.311
16.55	288.953
16.5558	274.95
16.5616	285.14
16.5674	282.191
16.5732	288.453
16.579	295.025
16.5849
16.5907
16.5965
16.6023
16.6081
16.6139
16.6197
16.6255
16.6313
16.6371
16.6429
16.6487
16.6545
16.6603
16.6661
16.6719
16.6777	411.246
16.6835	384.372
16.6893	372.568
16.6951	372.138
16.701	368.289
16.7068	373.861
16.7126	383.928
16.7184	383.928
16.7242	381.276
16.73	375.593
16.7358	373.43
16.7416	370.636	704.534
16.7474	371.065	719.338
16.7532	368.076	730.223
16.759	368.076	732.758
16.7648	366.591	732.758
16.7706	365.322	730.223
16.7764	362.171	726.017
16.7822	361.544	723.087
16.788	362.799	724.76
16.7938	364.901	726.856
16.7996	362.38	726.856
16.8054	360.085	724.342
16.8112	351.657	706.164
16.8171	343.824	686.457
16.8229	339.875	678.965
16.8287	336.748	673.107
16.8345	333.843	668.458
16.8403	333.265	666.53
16.8461	333.65	667.301
16.8519	333.073	668.072
16.8577	328.297	660.017
16.8635	321.727	647.555
16.8693	308.621	610.505
16.8751	302.095	665.376
16.8809	296.049	665.376
16.8867	298.798	697.65
16.8925	302.444	723.087
16.8983	295.707
16.9041	296.22
16.9099	280.727
16.9157	274.791
16.9215
16.9273
16.9332
16.939
16.9448
16.9506
16.9564
16.9622
16.968
16.9738
16.9796
16.9854	327.918
16.9912	326.595
16.997	328.487
17.0028	310.409
17.0086	314.924
17.0144	318.767
17.0202	321.355
17.026	321.913
17.0318	323.591
17.0376	326.973
17.0434	328.297
17.0493	326.218
17.0551	321.355
17.0609	316.383
17.0667	312.388
17.0725	305.782
17.0783	302.619
17.0841	298.798
17.0899	294.684
17.0957	293.665
17.1015	291.973
17.1073	291.3
17.1131	290.963
17.1189	291.973
17.1247	294.855
17.1305	297.764
17.1363	299.835
17.1421	301.224
17.1479	301.572
17.1537	300.529
17.1595	298.108
17.1654	297.764
17.1712	306.666
17.177	297.936
17.1828	297.592
17.1886	304.196
17.1944	302.969
17.2002
17.206
17.2118
17.2176
17.2234
17.2292
17.235
17.2408
17.2466
17.2524
17.2582
17.264
17.2698
17.2756
17.2815
17.2873
17.2931
17.2989
17.3047
17.3105
17.3163
17.3221	328.297
17.3279	314.379
17.3337	322.285
17.3395	326.595
17.3453	339.679
17.3511	331.537
17.3569	331.537
17.3627	324.527
17.3685	331.729
17.3743	328.677
17.3801	332.496
17.3859	344.42	690.035
17.3917	349.834	702.097
17.3976	349.632	697.65
17.4034	344.619	688.841
17.4092	336.554	676.225
17.415	332.496	671.554
17.4208	334.615	679.75
17.4266	335.583	680.929
17.4324	331.154	666.915
17.4382	325.465	649.428
17.444	321.355	641.228
17.4498	318.583	637.535
17.4556	316.748	633.131
17.4614	314.016	627.306
17.4672	313.472	625.497	939.897
17.473	311.127	622.254	934.484
17.4788	309.514	620.459	926.958
17.4846	306.844	614.752	917.37
17.4904	304.372	608.393	909.981
17.4962	302.619	603.842	907.357
17.502	300.009	599.671	901.089
17.5078	296.905	594.154	893.316
17.5137	296.22	592.783	888.684
17.5195	294.855	590.391	884.587
17.5253	293.326	587.33	882.036
17.5311	291.805	582.599	878.476
17.5369	290.795	580.583	873.921
17.5427	289.789	579.578	868.888
17.5485	288.287	576.573	866.382
17.5543	286.461	570.609	861.89
17.5601	285.47	569.951	859.404
17.5659	283.989	568.307	857.421
17.5717	281.539	561.455	850.024
17.5775	279.111	838.806
17.5833	277.663	834.457
17.5891	276.703	833.493
17.5949	273.999	820.121
17.6007	273.367	815.398
17.6065	272.421	816.812
17.6123	270.539	811.17
17.6181	269.292	806.964
17.6239	268.981	806.964
17.6297	268.515	804.636
17.6356	268.36	803.243
17.6414	267.895	803.243
17.6472	267.432	801.389
17.653	266.66	800.927
17.6588	266.199	798.617
17.6646	265.584	796.314
17.6704	264.971	792.642
17.6762	264.665	790.813
17.682	265.125	793.1
17.6878	265.431	794.476	537.341
17.6936	266.969	795.854	537.651
17.6994	266.969	796.774	537.962
17.7052	267.432	803.707	536.72
17.711	267.586	801.389	533.321
17.7168	267.432	803.707	531.476
17.7226	267.277	800.927	537.962
17.7284	264.36	800.464	535.482
17.7342	266.045	794.476	525.068
17.74	264.818	802.779	525.371
17.7458	265.278	801.852	531.169
17.7517	260.119	819.647	527.195
17.7575	266.506	835.904	527.805
17.7633	264.207	527.805
17.7691	264.513	523.251
17.7749	264.818	524.765
17.7807	264.055	528.109
17.7865	264.513	528.109	560.159
17.7923	264.36	522.044	555.969
17.7981	263.445	527.805	557.899
17.8039	532.705	547.365
17.8097	535.172	550.218
17.8155	527.5	542.957	275.268
17.8213	536.72	550.218	274.316
17.8271	550.218	547.049	272.736
17.8329	544.213	543.898	270.539
17.8387	539.206	539.518	267.586
17.8445	537.962	537.651	266.66
17.8503	536.72	537.03	267.432
17.8561	539.518	539.518	262.534
17.8619	539.206	538.273	269.603
17.8678	542.016	541.078	268.36
17.8736	538.273	537.341	266.969
17.8794	539.829	267.895
17.8852	541.078	268.36
17.891	542.016	269.759
17.8968	542.33	268.826
17.9026	540.141	268.205
17.9084	539.206	267.895
17.9142	542.957	268.05
17.92	525.068	262.534
17.9258	522.647	260.119
17.9316	264.971
17.9374	268.205
17.9432	270.071
17.949	271.635
17.9548	270.852
17.9606	271.949
17.9664	269.136	271.792
17.9722	268.67	267.123
17.9781	268.826	268.981
17.9839	270.071	268.205
17.9897	273.525	267.895
17.9955	275.586	273.367
18.0013	270.539	274.157
18.0071	269.915	274.316
18.0129	280.89	275.905
18.0187	273.051	278.788
18.0245	260.72	283.007
18.0303	249.667	292.987
18.0361	239.082	296.563
18.0419	296.391
18.0477	295.707
18.0535	295.366
18.0593	291.636
18.0651	288.787
18.0709	291.468
18.0767	281.702	264.665
18.0825	281.702	751.62	250.968
18.0883	289.789	744.706	248.803
18.0941	290.795	740.416	249.667
18.1	290.963	745.136	249.667
18.1058	287.123	750.752	253.152
18.1116	287.621	763.434	256.834
18.1174	279.111	784.897	261.928
18.1232	283.334	794.476	266.506
18.129	280.89	797.695	269.292
18.1348	274.633	811.17	271.008
18.1406	278.788	816.812	272.421
18.1464	273.209	823.444	274.791
18.1522	268.05	831.569	276.703
18.158	275.586	837.354	278.466
18.1638	277.503	839.775	278.627
18.1696	276.543	839.775	277.824
18.1754	273.683	835.421	274.791
18.1812	275.586	825.349	271.478
18.187	270.539	825.349	262.231
18.1928	798.617	264.818
18.1986	798.617	253.884
18.2044	798.617	249.955
18.2102	253.445
18.2161	253.298
18.2219	252.276
18.2277	248.803
18.2335	248.947
18.2393	249.955
18.2451
18.2509
18.2567
18.2625
18.2683
18.2741
18.2799
18.2857
18.2915
18.2973
18.3031
18.3089
18.3147
18.3205
18.3263
18.3322
18.338
18.3438
18.3496
18.3554
18.3612
18.367
18.3728
18.3786
18.3844
18.3902
18.396
18.4018
18.4076
18.4134
18.4192
18.425
18.4308
18.4366
18.4424
18.4483
18.4541
18.4599
18.4657
18.4715
18.4773	385.484
18.4831	369.994
18.4889	389.513
18.4947	397.927
18.5005	399.539
18.5063	404.182
18.5121	408.17
18.5179	407.699
18.5237	405.351
18.5295	404.415
18.5353	403.016
18.5411	394.722
18.5469	398.847
18.5527	387.717
18.5585	393.584
18.5644	391.769
18.5702	381.938
18.576	388.389
18.5818	397.927
18.5876	394.494
18.5934	389.513
18.5992	376.897
18.605	376.027
18.6108	377.769
18.6166	381.497
18.6224	383.042
18.6282	380.616	352.267
18.634	377.987	352.674
18.6398	391.317	354.717
18.6456	403.482	349.228
18.6514	411.009	347.016
18.6572	421.833	351.454
18.663	409.587	346.616
18.6688	343.229
18.6746	337.137
18.6805	327.918
18.6863	340.858
18.6921	333.073
18.6979	328.297
18.7037	327.54
18.7095	332.88
18.7153	341.252
18.7211	341.449
18.7269	332.112
18.7327	323.217
18.7385	338.895
18.7443	335.389
18.7501	325.277
18.7559
18.7617
18.7675
18.7733
18.7791	338.699
18.7849	358.632
18.7907	347.618
18.7966	346.415	680.929
18.8024	348.422	669.231
18.8082	345.416	684.478
18.814	343.625	685.269
18.8198	341.646	682.504
18.8256	340.661	681.322
18.8314	340.661	681.716
18.8372	340.071	682.11
18.843	341.252	684.082
18.8488	342.041	686.061
18.8546	336.554	679.357
18.8604	327.351	655.08
18.8662	322.844	644.942
18.872	316.748	633.863
18.8778	316.383	629.484
18.8836	309.872	621.535
18.8894	310.23	621.895
18.8952	311.307	619.743
18.901	312.749	619.743
18.9068	312.027	624.054
18.9127	313.11	624.775
18.9185	314.924	628.758
18.9243	316.565	630.94
18.9301	319.505	633.863
18.9359	321.17	641.969
18.9417	320.984	644.942
18.9475	320.799	642.711
18.9533	320.799	640.487
18.9591	319.874	637.166
18.9649	319.136	639.379
18.9707	319.505	639.379
18.9765	319.874	639.379
18.9823	319.874	639.009
18.9881	319.505	637.903
18.9939	318.767	637.166
18.9997	318.215	635.696
19.0055	317.664	634.229
19.0113	316.931	633.863
19.0171	315.288	631.305
19.0229	313.653	629.484
19.0288	311.667	623.693
19.0346	310.588	621.895
19.0404	310.588	622.973
19.0462	310.23	620.459
19.052	310.768	622.973
19.0578	309.872	619.385
19.0636	309.335	618.313
19.0694	308.799	616.174
19.0752	309.156	617.956
19.081	309.693	618.313
19.0868	310.051	618.313
19.0926	309.693	617.956
19.0984	310.768	622.613
19.1042	310.588	625.497
19.11	309.693	619.385
19.1158	308.978	621.177
19.1216	308.978	620.818
19.1274	309.156	621.535
19.1332	309.335	620.818
19.139	308.621	617.956
19.1449	307.198	616.174
19.1507	306.135	613.333
19.1565	305.782	611.917
19.1623	305.429	611.564
19.1681	304.548	611.211
19.1739	304.021	609.448
19.1797	303.494	608.042
19.1855	302.969	605.238
19.1913	302.27	603.842
19.1971	300.529	602.796
19.2029	299.489	600.017
19.2087	299.835	599.324
19.2145	299.489	598.978
19.2203	298.281	596.561
19.2261	297.764	596.217
19.2319	297.42	595.528
19.2377	297.077	594.154
19.2435	296.563	592.098
19.2493	296.391	594.841
19.2551	295.025	593.811
19.261	294.514	591.415
19.2668	292.987	586.99
19.2726	292.818	584.622
19.2784	291.3	582.599
19.2842	289.622	584.622
19.29	288.62	574.91	865.382
19.2958	287.455	573.583	862.886
19.3016	287.289	574.578	860.895
19.3074	286.295	571.929	858.412
19.3132	284.975	571.929	855.936
19.319	284.811	572.59	857.916
19.3248	285.14	572.26	854.454
19.3306	283.661	566.995	853.468
19.3364	283.989	566.668	854.948
19.3422	283.989	566.995	855.442
19.348	281.865	560.807	847.083
19.3538	281.214	559.836	845.617
19.3596	281.052	564.707	846.105
19.3654	280.727	562.104	840.261
19.3712	280.565	561.779	838.321
19.3771	279.756	556.611	838.806
19.3829	278.466	555.327	837.837
19.3887	277.183	552.128	831.569
19.3945	275.905	550.854	829.171
19.4003	275.268	545.156	827.736
19.4061	274.157	546.102	823.92
19.4119	274.316	542.643	819.647
19.4177	274.474	550.218	822.968
19.4235	272.736	817.756
19.4293	270.539	811.17
19.4351	268.981	804.636
19.4409	268.981	805.101
19.4467	268.36	802.316
19.4525	266.506	800.464	530.862
19.4583	264.207	794.017	525.978
19.4641	262.382	785.804	526.282
19.4699	261.173	782.634	531.169
19.4757	259.818	782.182	522.345
19.4815	260.419	781.73	532.09
19.4873	260.119	781.73	522.949
19.4932	258.621	775.882	522.949
19.499	257.577	770.077	523.251
19.5048	258.621	774.538	524.159
19.5106	258.322	773.644	517.241
19.5164	258.77	776.779	524.461
19.5222	260.269	782.182	525.978
19.528	260.269	785.804	535.172
19.5338	261.928	788.077	523.856
19.5396	263.141	788.077	526.891
19.5454	263.141	791.727	524.765
19.5512	264.207	794.935	527.805
19.557	266.66	800.927	532.705
19.5628	267.586	805.101	538.584
19.5686	266.045	799.078	531.476	1711.87
19.5744	266.199	797.234	530.862	1712.86
19.5802	265.584	796.314	530.555	1723.78
19.586	265.278	798.156	532.397	1717.82
19.5918	262.989	789.444	526.891	1696.12
19.5976	259.069	776.33	516.644	1681.49
19.6034	255.502	765.642	518.138	1662.18
19.6093	252.13	756.411	526.282	1644.99
19.6151	252.568	758.599	513.965	1637.4
19.6209	250.1	752.924	522.647	1629.85
19.6267	248.947	742.558	522.647	1622.34
19.6325	249.667	742.987	505.135	1630.79
19.6383	244.67	739.989	1658.34
19.6441	241.023	735.302	1658.34
19.6499	236.472	1567.98
19.6557	241.162	1583.45
19.6615	235.246	1612.06
19.6673	246.799	1601.85
19.6731	243.823	1576.15
19.6789
19.6847
19.6905
19.6963
19.7021
19.7079
19.7137
19.7195
19.7254
19.7312
19.737
19.7428
19.7486
19.7544
19.7602
19.766
19.7718
19.7776
19.7834
19.7892
19.795
19.8008
19.8066
19.8124
19.8182
19.824
19.8298
19.8356
19.8415
19.8473
19.8531
19.8589
19.8647
19.8705
19.8763
19.8821
19.8879
19.8937
19.8995
19.9053
19.9111
19.9169
19.9227
19.9285
19.9343
19.9401
19.9459
19.9517
19.9576
19.9634
19.9692
19.975
19.9808
19.9866
19.9924
19.9982
20.004
20.0098
20.0156
20.0214
20.0272
20.033
20.0388
20.0446
20.0504
20.0562
20.062
20.0678
20.0737
20.0795
20.0853
20.0911
20.0969
20.1027
20.1085
20.1143
20.1201
20.1259
20.1317
20.1375
20.1433
20.1491
20.1549
20.1607
20.1665
20.1723
20.1781
20.1839
20.1898
20.1956
20.2014
20.2072
20.213
20.2188
20.2246
20.2304
20.2362
20.242
20.2478
20.2536
20.2594
20.2652
20.271
20.2768
20.2826
20.2884
20.2942
20.3
20.3058
20.3117
20.3175
20.3233
20.3291
20.3349
20.3407
20.3465
20.3523
20.3581
20.3639
20.3697
20.3755
20.3813
20.3871
20.3929
20.3987
20.4045
20.4103
20.4161
20.4219
20.4278
20.4336
20.4394
20.4452
20.451
20.4568
20.4626
20.4684
20.4742
20.48
20.4858
20.4916
20.4974
20.5032
20.509
20.5148
20.5206
20.5264
20.5322
20.538
20.5439
20.5497
20.5555
20.5613
20.5671
20.5729
20.5787
20.5845
20.5903
20.5961
20.6019
20.6077
20.6135
20.6193
20.6251
20.6309
20.6367
20.6425
20.6483
20.6542
20.66
20.6658
20.6716
20.6774
20.6832
20.689
20.6948
20.7006
20.7064
20.7122
20.718
20.7238
20.7296
20.7354
20.7412
20.747
20.7528
20.7586
20.7644
20.7702
20.7761
20.7819
20.7877
20.7935
20.7993
20.8051
20.8109
20.8167
20.8225
20.8283
20.8341
20.8399
20.8457
20.8515
20.8573
20.8631
20.8689
20.8747
20.8805
20.8863
20.8922
20.898
20.9038
20.9096
20.9154
20.9212
20.927
20.9328
20.9386
20.9444
20.9502
20.956
20.9618
20.9676
20.9734
20.9792
20.985
20.9908
20.9966
21.0024
21.0083
21.0141
21.0199
21.0257
21.0315
21.0373
21.0431
21.0489
21.0547
21.0605
21.0663
21.0721
21.0779
21.0837
21.0895
21.0953
21.1011
21.1069
21.1127
21.1185
21.1244
21.1302
21.136
21.1418
21.1476
21.1534
21.1592
21.165
21.1708
21.1766
21.1824
21.1882
21.194
21.1998
21.2056
21.2114
21.2172
21.223
21.2288
21.2346
21.2405
21.2463
21.2521
21.2579
21.2637
21.2695
21.2753
21.2811
21.2869
21.2927
21.2985
21.3043
21.3101
21.3159
21.3217
21.3275
21.3333
21.3391
21.3449
21.3507
21.3566
21.3624
21.3682
21.374
21.3798
21.3856
21.3914
21.3972
21.403
21.4088
21.4146
21.4204
21.4262
21.432
21.4378
21.4436
21.4494
21.4552
21.461
21.4668
21.4727
21.4785
21.4843
21.4901
21.4959
21.5017
21.5075
21.5133
21.5191
21.5249
21.5307
21.5365
21.5423
21.5481
21.5539
21.5597
21.5655
21.5713
21.5771
21.5829
21.5888
21.5946
21.6004
21.6062
21.612
21.6178
21.6236
21.6294
21.6352
21.641
21.6468
21.6526
21.6584
21.6642
21.67
21.6758
21.6816
21.6874
21.6932
21.699
21.7049
21.7107
21.7165
21.7223
21.7281
21.7339
21.7397
21.7455
21.7513
21.7571
21.7629
21.7687
21.7745
21.7803
21.7861
21.7919
21.7977
21.8035
21.8093
21.8151
21.821
21.8268
21.8326
21.8384
21.8442
21.85
21.8558
21.8616
21.8674
21.8732
21.879
21.8848
21.8906
21.8964
21.9022
21.908
21.9138
21.9196
21.9254
21.9312
21.9371
21.9429
21.9487
21.9545
21.9603
21.9661
21.9719
21.9777
21.9835
21.9893
21.9951
22.0009
22.0067
22.0125
22.0183
22.0241
22.0299
22.0357
22.0415
22.0473
22.0532
22.059
22.0648
22.0706
22.0764
22.0822
22.088
22.0938
22.0996
22.1054
22.1112
22.117
22.1228
22.1286
22.1344
22.1402
22.146
22.1518
22.1576
22.1634
22.1693
22.1751
22.1809
22.1867
22.1925
22.1983
22.2041
22.2099
22.2157
22.2215
22.2273
22.2331
22.2389
22.2447
22.2505
22.2563
22.2621
22.2679
22.2737
22.2795
22.2854
22.2912
22.297
22.3028
22.3086
22.3144
22.3202
22.326
22.3318
22.3376
22.3434
22.3492
22.355
22.3608
22.3666
22.3724
22.3782
22.384
22.3898
22.3956
22.4015
22.4073
22.4131
22.4189
22.4247
22.4305
22.4363
22.4421
22.4479
22.4537
22.4595
22.4653
22.4711
22.4769
22.4827
22.4885
22.4943
22.5001
22.5059
22.5117
22.5176
22.5234
22.5292
22.535
22.5408
22.5466
22.5524
22.5582
22.564
22.5698
22.5756
22.5814
22.5872
22.593
22.5988
22.6046
22.6104
22.6162
22.622
22.6278
22.6336
22.6395
22.6453
22.6511
22.6569
22.6627
22.6685
22.6743
22.6801
22.6859
22.6917
22.6975
22.7033
22.7091
22.7149
22.7207
22.7265
22.7323
22.7381
22.7439
22.7498
22.7556
22.7614
22.7672
22.773
22.7788
22.7846
22.7904
22.7962
22.802
22.8078
22.8136
22.8194
22.8252
22.831
22.8368
22.8426
22.8484
22.8542
22.86
22.8659
22.8717
22.8775
22.8833
22.8891
22.8949
22.9007
22.9065
22.9123
22.9181
22.9239
22.9297
22.9355
22.9413
22.9471
22.9529
22.9587
22.9645	269.292
22.9703	272.893
22.9761	263.293	1314.71
22.9819	278.949	1332.29
22.9878	276.064	1367.37
22.9936	278.949	1389.67
22.9994	280.403	1409.88
23.0052	283.007	1418.05
23.011	283.825	1420.51
23.0168	283.825	1421.33
23.0226	284.318	1420.51
23.0284	284.482	1419.69
23.0342	284.646	1419.69
23.04	285.14	1420.51
23.0458	285.47	1421.33
23.0516	285.634	1422.15
23.0574	285.8	1423.8
23.0632	286.461	1427.09
23.069	287.455	1441.17
23.0748	288.953	1456.23
23.0806	291.131	1457.08
23.0864	290.124	1426.27
23.0922	292.818	1422.15
23.098	291.805	1417.23
23.1039	296.049	1419.69
23.1097	296.905	1428.74
23.1155	296.22	1424.62
23.1213	292.142	1418.05
23.1271	297.936	1378.48
23.1329	302.969	1354.8
23.1387	304.548	1329.22
23.1445	304.548	1285.42	321.913	641.598
23.1503	650.179	324.339
23.1561	656.974	326.973
23.1619	666.145	328.297
23.1677	673.107	328.487
23.1735	662.691	329.437
23.1793	670.004	335.002
23.1851	678.965	340.268
23.1909	684.478	346.215
23.1967	695.638	350.238
23.2025	704.942	351.657
23.2083	703.315	351.657
23.2141	694.033	346.016
23.22	688.045	344.619
23.2258	687.251	344.023
23.2316	683.687	341.844
23.2374	679.357	339.09
23.2432	676.616	336.943
23.249	666.915	331.729
23.2548	655.08	326.973
23.2606	649.053	325.465
23.2664	650.555	325.465
23.2722	653.19	326.784
23.278	657.354	329.247
23.2838	661.544	330.581
23.2896	660.398	329.437
23.2954	654.701	327.918
23.3012	653.945	326.784
23.307	652.436	326.03
23.3128	648.678	324.902
23.3186	646.434	324.152
23.3244	644.942	322.844
23.3302	637.166	319.505
23.3361	631.305	316.748
23.3419	634.595	320.244
23.3477	617.242	313.472
23.3535	639.748	320.429	296.734
23.3593	639.379	320.429	292.649
23.3651	640.487	328.297	303.319
23.3709	632.765	326.595	284.646
23.3767	649.428	328.677	286.295
23.3825	620.818	319.689	290.795
23.3883	593.125	319.689	281.539
23.3941	292.311
23.3999	293.156
23.4057	291.636
23.4115	292.987
23.4173	294.004
23.4231	293.326
23.4289	294.344
23.4347	294.004
23.4405	292.142
23.4463	293.156
23.4522	292.48
23.458	291.805
23.4638	292.142
23.4696	291.468
23.4754	291.805
23.4812	291.468
23.487	291.805
23.4928	292.311
23.4986	294.855
23.5044	296.905
23.5102	298.798
23.516	300.702
23.5218	303.67
23.5276	307.909
23.5334	313.472
23.5392	314.197
23.545	316.931
23.5508	317.848
23.5566	318.583
23.5624	319.874
23.5683	320.799	325.277
23.5741	325.841	648.678	327.351
23.5799	325.089	650.93	330.581
23.5857	326.03	657.734	332.496
23.5915	336.748	663.841	315.288
23.5973	339.875	668.844	337.137
23.6031	342.239	682.504	340.268
23.6089	347.618	683.293	341.055
23.6147	349.027	684.478	339.875
23.6205	348.02	681.322	338.503
23.6263	350.643	676.616	339.09
23.6321	344.619	677.398	339.09
23.6379	337.527	675.054	336.748
23.6437	332.88	664.224	333.265
23.6495	329.247	659.636	330.39
23.6553	324.527	653.945	325.841
23.6611	320.429	647.181	322.099
23.6669	318.032	639.748	320.984
23.6727	318.215	637.903	320.429
23.6785	319.136	640.117	320.614
23.6844	644.198	321.17
23.6902	646.061	322.099
23.696	647.555	323.03
23.7018	649.428	324.339
23.7076	651.307	326.03
23.7134	651.307	326.218
23.7192	650.93	325.653
23.725	649.804	325.089
23.7308	647.93	324.339
23.7366	647.181	323.591
23.7424	648.678	323.965
23.7482	648.678	324.714
23.754	647.555	325.277
23.7598	650.179	326.595
23.7656	648.304	325.277
23.7714	644.57	321.913
23.7772	636.798	320.429
23.783	628.758	314.197
23.7888	624.414	312.388
23.7946	620.101	315.652
23.8005	613.333	306.489
23.8063	608.393	305.959
23.8121	611.211	302.444
23.8179	602.796	310.588
23.8237	606.638	326.03
23.8295	597.251
23.8353	592.783
23.8411	591.415
23.8469	589.369
23.8527	593.125
23.8585	585.974
23.8643	591.415
23.8701	583.947
23.8759	583.273
23.8817	583.273
23.8875	584.284
23.8933	585.636	291.468
23.8991	585.636	292.142
23.9049	587.669	294.855
23.9107	587.33	295.366
23.9166	588.348	295.025
23.9224	589.709	295.366
23.9282	592.783	296.563
23.934	594.841	299.316
23.9398	597.596	300.876
23.9456	600.017	302.444
23.9514	601.058	301.921
23.9572	613.333	301.224
23.963	618.313	292.311
23.9688	618.313	288.787	658.874
23.9746	618.313	285.8	662.309
23.9804	618.313	296.22	664.224
23.9862	301.05	664.992
23.992	292.48	658.114
23.9978	282.843	646.808
24.0036	279.272	649.428
24.0094	280.241	656.595
24.0152	282.354	658.494
24.021	649.053
24.0268	658.874
24.0327	664.608	1691.23
24.0385	666.915	1703
24.0443	669.231	1726.77	337.332
24.0501	676.225	1695.15	342.239
24.0559	682.11	1753.91	346.816
24.0617	686.854	1723.78	344.818
24.0675	685.665	1704.97	341.449
24.0733	677.398	1683.44	337.527
24.0791	667.686	1662.18	332.496
24.0849	657.354	1655.47	330.009
24.0907	647.93	1631.74	325.089
24.0965	649.053	1625.15	324.902
24.1023	646.808	1634.57	325.277
24.1081	642.34	1636.46	324.714
24.1139	639.009	1629.85	323.03
24.1197	632.4	1666.02	318.215
24.1255	624.775	1640.24	317.848
24.1313	628.394	1648.79	317.848
24.1371	634.229	1654.52	323.965
24.1429	627.306	1654.52	318.583
24.1488	636.431	1651.65	319.32
24.1546	632.035	1656.43	314.197
24.1604	630.576	1662.18	330.39
24.1662	637.903	1692.21	336.943
24.172	662.309	1708.91	330.772
24.1778	662.691	329.057
24.1836	660.78	324.339
24.1894	651.683
24.1952	657.734
24.201	664.992
24.2068	673.886
24.2126
24.2184
24.2242
24.23
24.2358
24.2416
24.2474
24.2532
24.259
24.2649
24.2707
24.2765
24.2823
24.2881
24.2939
24.2997
24.3055
24.3113
24.3171
24.3229
24.3287
24.3345
24.3403
24.3461
24.3519
24.3577
24.3635
24.3693
24.3751
24.381	247.513
24.3868	247.37
24.3926	251.403
24.3984	253.298
24.4042	256.686
24.41	258.173
24.4158	259.969	501.067
24.4216	261.474	499.622
24.4274	262.686	499.911
24.4332	266.353	506.596
24.439	263.598	513.075
24.4448	266.66	521.441
24.4506	271.635	533.321
24.4564	269.759	537.341
24.4622	269.759	541.391
24.468	270.852	544.527
24.4738	273.841	551.172
24.4796	273.999	552.128
24.4854	275.268	553.086
24.4912	275.427	552.766
24.4971	276.224	553.086
24.5029	277.663	558.866
24.5087	280.727	559.189
24.5145	285.47	561.779
24.5203	289.12	568.307
24.5261	295.878	595.872
24.5319	297.764	597.941
24.5377	300.529	603.493
24.5435	308.799	612.625
24.5493	312.568	627.669
24.5551	319.32	637.903
24.5609	323.217	644.198
24.5667	325.841	650.93
24.5725	328.677	659.636
24.5783	330.581	663.457
24.5841	332.304	665.376
24.5899	332.688	665.376
24.5957	332.688	664.992
24.6015	332.112	663.074
24.6073	331.537	663.074
24.6132	332.112	664.224
24.619	330.581	662.309
24.6248	327.729	656.216
24.6306	326.407	653.568
24.6364	326.973	655.458
24.6422	327.54	656.216
24.648	327.162	654.323
24.6538	326.595	652.436
24.6596	326.784	652.813
24.6654	327.351	653.568
24.6712	328.487	656.595
24.677	329.247	659.255
24.6828	328.677	655.837
24.6886	328.108	655.08
24.6944	327.729	655.837
24.7002	326.784	653.945
24.706	326.407	652.436
24.7118	326.407	651.683
24.7176	326.407	651.683
24.7234	326.784	650.179
24.7293	327.162	652.06
24.7351	326.973	656.216
24.7409	325.841	649.804
24.7467	324.527	648.304
24.7525	323.778	645.688
24.7583	322.285	641.598
24.7641	319.505	633.863
24.7699	311.667	624.054
24.7757	310.23	624.414
24.7815	314.379	628.758
24.7873	305.429	623.693
24.7931	301.224	624.414
24.7989	302.619	620.459
24.8047	309.156	629.484	286.792
24.8105	311.487	624.775	282.517
24.8163	308.621	277.663
24.8221	275.905
24.8279	265.278
24.8337	261.626
24.8395	257.131
24.8454	257.28
24.8512	248.372
24.857	246.514
24.8628	248.372
24.8686	255.207
24.8744	259.069	289.455
24.8802	272.421	285.14
24.886	275.427	283.661
24.8918	275.427	288.787
24.8976	277.824	291.805
24.9034	284.646	290.292
24.9092	293.495
24.915	291.131
24.9208	290.627
24.9266	290.627
24.9324	289.789
24.9382	289.622
24.944	286.957	2006.58
24.9498	284.153	1981.25
24.9556	282.843	1982.39
24.9615	281.702	1981.25
24.9673	279.433	1963.02
24.9731	278.949	1942.72
24.9789	278.949	1931.53
24.9847	279.433	1930.41
24.9905	281.377	1937.11	302.969
24.9963	284.482	1939.35	301.224
25.0021	290.627	1911.55	290.795
25.0079	297.764	1930.41	301.05
25.0137	300.529	1940.47	301.398
25.0195	302.619	1942.72	303.494
25.0253	304.548	1946.09	304.724
25.0311	306.844	1942.72	305.959
25.0369	308.265	306.666
25.0427	307.731	306.135
25.0485	307.198	305.429
25.0543	306.666	305.782
25.0601	306.312	305.782
25.0659	304.724	303.67
25.0717	302.619	300.009
25.0776	299.662	298.453
25.0834	297.592	297.249
25.0892	296.22	296.22
25.095	296.391	296.22
25.1008	297.42	297.42
25.1066	298.971	298.798
25.1124	301.05
25.1182	304.021
25.124	308.443
25.1298	311.667
25.1356	311.487	634.229
25.1414	311.307	629.121
25.1472	314.379	631.305
25.153	316.931	637.535
25.1588	318.583	641.228
25.1646	320.984	645.688
25.1704	324.152	649.428
25.1762	327.54	656.595
25.182	332.496	665.376
25.1878	313.653	665.376
25.1937	322.471	683.293
25.1995	325.277	700.881
25.2053	300.876	711.898
25.2111	291.805	715.195
25.2169	719.338
25.2227	726.437
25.2285	731.912
25.2343	739.134
25.2401	744.706
25.2459	745.997
25.2517	753.794
25.2575	760.793
25.2633	764.317
25.2691	765.642
25.2749	765.642
25.2807	766.527
25.2865	769.188
25.2923	770.968
25.2981	770.968
25.3039	770.522
25.3097	771.413
25.3156	774.538
25.3214	778.126
25.3272	780.376
25.333	779.025
25.3388	776.779
25.3446	774.538
25.3504	770.522
25.3562	764.758
25.362	771.859
25.3678	797.695
25.3736	833.975
25.3794	823.444
25.3852	841.718
25.391	840.746
25.3968	837.837	733.605
25.4026	842.204	720.17
25.4084	736.577
25.4142	771.859
25.42	771.413
25.4258	762.993
25.4317	765.2
25.4375	772.751
25.4433	779.926
25.4491	778.575
25.4549	776.779
25.4607	776.33
25.4665	784.897
25.4723	797.695
25.4781	813.046
25.4839	813.046
25.4897	818.701
25.4955	831.089
25.5013	834.939
25.5071	822.493
25.5129	851.006
25.5187	851.498
25.5245	851.498
25.5303	830.609	330.009
25.5361	831.569	332.112
25.542	813.986	335.971
25.5478	813.986	331.346
25.5536	813.986	324.339
25.5594	813.986	334.809
25.5652	338.895
25.571	339.09
25.5768	338.308
25.5826	338.112
25.5884	338.503
25.5942	339.875
25.6	340.858
25.6058	341.449
25.6116	342.437
25.6174	343.229
25.6232	342.239	1714.84
25.629	340.464	1703
25.6348	336.943	1688.3
25.6406	333.843	1671.81
25.6464	331.346	1652.61
25.6522	329.057	1643.09
25.658	326.784	1634.57
25.6639	323.404	1622.34
25.6697	322.099	1612.06
25.6755	321.727	1604.63
25.6813	321.17	1601.85
25.6871	321.727	1606.49
25.6929	322.844	1619.53
25.6987	327.351	1636.46
25.7045	332.688	1649.74
25.7103	334.809	1666.99
25.7161	338.503	1682.46
25.7219	341.449	1699.07
25.7277	346.016	1743.81
25.7335	346.215	1735.77
25.7393	347.217	1743.81
25.7451	347.618	1739.78
25.7509	345.816	1722.78
25.7567	343.427	1722.78
25.7625	341.252	1705.95
25.7683	338.112	1687.33
25.7741	332.88	1663.14
25.78	329.818	1651.65
25.7858	328.108	1644.04
25.7916	326.784	1637.4
25.7974	326.218	1631.74
25.8032	326.407	1628.91
25.809	327.54	1633.62
25.8148	328.677	1648.79
25.8206	330.963	1660.26
25.8264	333.843	1669.88
25.8322	336.359	1678.58
25.838	337.917	1689.28
25.8438	338.895	1696.12
25.8496	340.071	1701.03
25.8554	340.858	1703
25.8612	340.858	1703.98
25.867	340.464	1706.94
25.8728	339.679	1706.94
25.8786	338.699	1702.01
25.8844	338.112	1699.07
25.8902	336.554	1690.26
25.8961	333.265	1674.71
25.9019	331.154	1666.99
25.9077	329.818	1661.22
25.9135	328.108	1653.56
25.9193	327.351	1649.74
25.9251	327.729	1643.09
25.9309	330.009	1653.56
25.9367	331.92	1651.65
25.9425	330.199	1651.65	694.835
25.9483	329.057	1655.47	690.035
25.9541	338.112	1668.91	677.007
25.9599	339.679	1694.17	679.357
25.9657	338.112	1683.44	675.835
25.9715	336.359	1678.58	672.719
25.9773	336.165	1681.49	673.496
25.9831	336.165	1674.71	674.664
25.9889	336.943	675.835
25.9947	338.112	677.789
26.0005	339.286	678.181
26.0063	341.055	681.322
26.0122	342.239	684.478
26.018	343.031	687.648
26.0238	342.832	685.269
26.0296	341.252	681.322
26.0354	339.286	678.965
26.0412	337.917	676.225
26.047	335.971	672.719
26.0528	334.036	668.844
26.0586	332.112	664.608
26.0644	331.537	663.074
26.0702	331.729	663.841
26.076	331.537	663.457
26.0818	331.537	662.691
26.0876	331.729	662.309
26.0934	331.729	662.691
26.0992	330.581	661.926
26.105	329.057	658.494
26.1108	328.108	656.595
26.1166	327.729	655.458
26.1224	326.784	653.568
26.1283	326.784	652.436
26.1341	326.784	652.436
26.1399	326.973	653.19
26.1457	326.973	653.945
26.1515	326.595	653.568
26.1573	326.03	653.19
26.1631	325.089	652.06
26.1689	324.714	649.804
26.1747	323.03	643.826
26.1805	320.244	638.64
26.1863	320.059	640.117
26.1921	318.951	637.903
26.1979	632.4	316.748
26.2037	629.121	315.835
26.2095	630.576	315.106
26.2153	626.582	312.749
26.2211	620.459	310.588
26.2269	620.818	310.051
26.2327	615.818	307.731
26.2385	611.211	305.605
26.2444	610.505	305.429
26.2502	604.54	303.494
26.256	603.493	302.444
26.2618	606.989	302.969
26.2676	604.54	302.27
26.2734	604.19	302.27
26.2792	603.842	301.921
26.285	602.1	300.876
26.2908	599.671	300.009
26.2966	598.287	299.662
26.3024	595.872	298.281
26.3082	593.811	296.905
26.314	296.22
26.3198	296.049
26.3256	296.22
26.3314	296.22
26.3372	296.049
26.343	296.22	1780.45
26.3488	296.734	1781.48
26.3546	296.734	1779.42
26.3605	296.049	1774.29
26.3663	295.537	1772.24
26.3721	296.391	1772.24
26.3779	296.391	1773.27
26.3837	292.142	1772.24
26.3895	293.326	1767.13
26.3953	295.025	1773.27
26.4011	297.077	1780.45
26.4069	296.905	1784.57
26.4127	297.592	1779.42
26.4185	297.764	1777.37
26.4243	297.077	1778.39
26.4301	295.878	1781.48
26.4359	294.855	1772.24
26.4417	297.42	1769.17
26.4475	299.489	1785.6
26.4533	305.253	1799.06
26.4591	1763.05
26.4649	1757.97
26.4707	1766.11
26.4766	1781.48
26.4824
26.4882
26.494
26.4998
26.5056
26.5114
26.5172
26.523
26.5288
26.5346
26.5404
26.5462
26.552
26.5578
26.5636
26.5694
26.5752
26.581
26.5868
26.5927
26.5985
26.6043
26.6101
26.6159
26.6217
26.6275
26.6333
26.6391	349.027
26.6449	349.43
26.6507	351.454
26.6565	351.251
26.6623	351.251
26.6681	353.082
26.6739	354.922
26.6797	354.308
26.6855	353.49
26.6913	353.694
26.6971	353.899
26.7029	353.899
26.7088	350.238
26.7146	344.42
26.7204	340.268
26.7262	337.332
26.732	334.615
26.7378	332.304
26.7436	328.677
26.7494	324.152
26.7552	327.162
26.761	316.565
26.7668	316.565
26.7726	333.265
26.7784	327.54
26.7842	328.108
26.79
26.7958	314.56
26.8016	310.23
26.8074	305.429
26.8132	299.143
26.819	295.707
26.8249	294.174
26.8307	295.537
26.8365	294.004
26.8423	294.514
26.8481	294.344
26.8539	294.174
26.8597	295.878
26.8655	297.764
26.8713	299.143
26.8771	300.182
26.8829	301.398
26.8887	302.969
26.8945	306.312
26.9003	312.207
26.9061	312.749
26.9119	309.514
26.9177	308.621
26.9235	308.443
26.9293	314.016
26.9351	312.568
26.941	312.207
26.9468	297.42
26.9526
26.9584
26.9642
26.97
26.9758
26.9816
26.9874
26.9932	353.49
26.999	330.199
27.0048	346.215	346.215
27.0106	333.073	333.073
27.0164	336.554	336.554
27.0222	334.615	334.615
27.028	335.583	334.036
27.0338	324.714	343.824
27.0396	327.351	343.031
27.0454	343.625	343.625
27.0512	341.055	342.041
27.0571	342.634	345.217
27.0629	347.217	354.308
27.0687	355.743	359.254
27.0745	352.471	351.454
27.0803	344.221	344.619
27.0861	338.895	339.09
27.0919	339.482	339.875
27.0977	335.002	335.002
27.1035	332.304	332.496
27.1093	337.332	337.137
27.1151	336.359	336.359
27.1209	336.554
27.1267	334.615
27.1325	331.92
27.1383	334.422
27.1441	336.359
27.1499	334.422
27.1557	331.92
27.1615	329.628
27.1673	327.54
27.1732	325.841
27.179	323.591
27.1848	321.355
27.1906	317.848
27.1964	313.11
27.2022	305.253	568.307
27.208	319.32	585.974
27.2138	321.727	584.96
27.2196	319.874	582.936
27.2254	318.399	582.263
27.2312	322.658	580.248
27.237	565.687	1425.44
27.2428	565.687	1417.23
27.2486	577.573	1422.15
27.2544	575.242	1454.55
27.2602	578.909	1486.83
27.266	584.96	1503.24
27.2718	598.287	1510.2
27.2776	601.058	1513.7
27.2834	578.909	1514.57
27.2893	606.638	1516.32
27.2951	619.028	1524.22
27.3009	629.121	1525.99
27.3067	628.758	1525.99
27.3125	620.818	1519.83
27.3183	612.979	1511.95
27.3241	601.752	1520.71
27.3299	599.324	1541.93
27.3357	597.251	1510.2
27.3415	606.989	1498.04
27.3473	625.859
27.3531	588.688
27.3589
27.3647
27.3705
27.3763
27.3821
27.3879
27.3937
27.3995
27.4054
27.4112
27.417
27.4228
27.4286
27.4344
27.4402
27.446
27.4518
27.4576	652.06
27.4634	660.398
27.4692	660.398
27.475	657.354
27.4808	666.915
27.4866	672.719
27.4924	675.835
27.4982	671.166
27.504	663.074	332.304
27.5098	658.114	329.247
27.5156	655.08	325.465
27.5215	651.307	323.03
27.5273	645.315	321.355
27.5331	635.696	318.767
27.5389	630.576	317.114
27.5447	633.863	317.298
27.5505	642.34	320.244
27.5563	647.93	324.902
27.5621	652.436	328.108
27.5679	657.354	330.009
27.5737	658.874	329.628
27.5795	653.19	326.973
27.5853	643.454	323.03
27.5911	629.484	317.664
27.5969	618.67	320.799
27.6027	622.613	319.689
27.6085	639.379	325.465
27.6143	640.487	329.818
27.6201	639.009	333.458
27.6259	649.804	332.496
27.6317	657.734
27.6376
27.6434
27.6492
27.655
27.6608
27.6666
27.6724
27.6782
27.684	318.399
27.6898	304.372
27.6956	300.182
27.7014	297.764
27.7072	297.077
27.713	296.22
27.7188	295.707
27.7246	294.855
27.7304	293.834
27.7362	293.495
27.742	292.48
27.7478	295.195
27.7537	303.845
27.7595	302.794
27.7653	302.794
27.7711	310.051
27.7769	305.605
27.7827	305.605
27.7885
27.7943
27.8001
27.8059
27.8117
27.8175
27.8233
27.8291
27.8349
27.8407
27.8465
27.8523
27.8581
27.8639
27.8698	529.943
27.8756	542.016
27.8814	556.933
27.8872	560.807
27.893	566.014
27.8988	572.921
27.9046	570.939
27.9104	571.599
27.9162	573.583
27.922	579.578
27.9278	582.599
27.9336	585.298
27.9394	588.008
27.9452	593.125	295.537
27.951	600.711	298.453
27.9568	607.691	302.969
27.9626	615.462	308.799
27.9684	622.973	312.207
27.9742	632.765	314.56
27.98	639.748	319.136
27.9858	643.082	322.099
27.9917	647.93	326.03
27.9975	652.06	327.918
28.0033	655.837	328.867
28.0091	658.494	328.108
28.0149	659.636	329.437
28.0207	657.734	329.057
28.0265	654.323	328.487
28.0323	653.945	328.108
28.0381	655.837	327.918
28.0439	658.874	328.487
28.0497	660.78	326.973	1314.71
28.0555	660.017	328.108	1319.27
28.0613	657.734	329.247	1317.75
28.0671	656.974	329.247	1313.95
28.0729	658.494	331.154	1316.23
28.0787	663.457	332.496	1324.62
28.0845	665.761	332.88	1329.22
28.0903	664.224	332.112	1327.68
28.0961	664.608	332.496	1328.45
28.1019	667.301	334.229	1333.06
28.1078	669.617	335.583	1340.78
28.1136	671.554	336.165	1345.44
28.1194	673.107	336.554	1351.67
28.1252	675.444	336.554	1350.89
28.131	676.225	337.137	1349.33
28.1368	678.181	337.527	1352.45
28.1426	677.789	336.748	1355.58
28.1484	673.496	335.002	1350.89
28.1542	667.301	331.92	1326.15
28.16	658.874	329.818	1320.8
28.1658	661.544	330.009	1348.55
28.1716	653.19	327.918	1338.46
28.1774	643.454	325.465	1338.46
28.1832	625.136	315.288	1380.87
28.189	621.535	324.152	1381.67
28.1948	606.638	324.152	1374.5
28.2006	613.687	307.731	1361.86
28.2064	605.938	302.444	1368.16
28.2122	615.462	305.605	1354.8
28.2181	616.174	304.548	1339.23
28.2239	610.153	309.335
28.2297	614.752
28.2355	621.895
28.2413	631.305
28.2471	635.329
28.2529	661.926
28.2587
28.2645
28.2703
28.2761
28.2819
28.2877
28.2935
28.2993
28.3051
28.3109
28.3167
28.3225
28.3283
28.3341
28.34
28.3458
28.3516
28.3574
28.3632
28.369
28.3748
28.3806
28.3864
28.3922
28.398
28.4038
28.4096
28.4154
28.4212
28.427
28.4328
28.4386
28.4444
28.4502
28.4561
28.4619	929.639
28.4677	920.555
28.4735	886.121
28.4793	922.684
28.4851	927.493
28.4909	967.997
28.4967	933.945
28.5025	945.888
28.5083	955.222
28.5141	969.676
28.5199	952.468
28.5257	945.342
28.5315	931.789
28.5373	945.888	342.634
28.5431	960.756	348.02
28.5489	945.888	353.694
28.5547	945.888	357.804
28.5605	959.647	360.293
28.5663	956.879	361.962
28.5722	978.115	364.69
28.578	973.043	367.014
28.5838	960.201	368.927
28.5896	960.201	370.85
28.5954	960.201	373.861
28.6012	994.063	376.244
28.607	377.987
28.6128	382.158
28.6186	386.375
28.6244	387.717
28.6302	389.513
28.636	392.675
28.6418	395.635
28.6476	400.695
28.6534	403.715
28.6592	408.878
28.665	413.629
28.6708	413.39
28.6766	408.17	609.096
28.6824	405.351	593.811
28.6883	398.157	584.622
28.6941	395.178	583.273
28.6999	393.584	581.255
28.7057	391.769	573.252
28.7115	393.356	603.144
28.7173	402.318	596.217
28.7231	409.351	592.44
28.7289	388.165	589.709
28.7347	384.594	586.99
28.7405	377.769	578.575
28.7463	371.279	585.636
28.7521	376.897	586.99
28.7579	367.014	588.008
28.7637	363.638	586.651
28.7695	382.379	584.96
28.7753	382.158	591.073
28.7811	376.897	574.91
28.7869	372.353	592.783
28.7927	372.568	578.241
28.7985	364.69	561.131
28.8044	353.286	562.429
28.8102	346.616	547.681
28.816	351.86
28.8218	359.877
28.8276	366.379
28.8334	375.81
28.8392	373.861
28.845	365.111
28.8508	366.167
28.8566	363.218
28.8624	343.229
28.8682	339.875
28.874	334.809
28.8798	339.286
28.8856	336.554
28.8914	342.041
28.8972	342.832
28.903	335.196
28.9088	331.537
28.9146	332.688
28.9205	332.88
28.9263	336.748
28.9321	336.165
28.9379	334.615
28.9437	337.332
28.9495	336.359
28.9553	337.722
28.9611	326.973
28.9669	329.818	332.688
28.9727	329.057	336.359
28.9785	340.268	339.286
28.9843	341.646	339.482
28.9901	335.389	338.308
28.9959	339.09	333.65
29.0017	335.583	332.688
29.0075	341.646	330.39
29.0133	330.009	326.973
29.0191	333.843	323.217	323.404
29.0249	317.481
29.0307	311.847
29.0366	307.198
29.0424	310.588
29.0482	313.11
29.054	314.742
29.0598	316.748
29.0656	320.244
29.0714	325.089
29.0772	328.867
29.083	329.057
29.0888	332.688
29.0946	335.971
29.1004	335.583
29.1062	334.422
29.112	332.112
29.1178	330.581
29.1236	328.487
29.1294	326.407
29.1352	324.714
29.141	323.03
29.1468	321.355
29.1527	320.059
29.1585	319.505
29.1643	320.799
29.1701	323.965
29.1759	326.407
29.1817	330.963
29.1875	333.458
29.1933	336.748
29.1991	339.09
29.2049	342.041
29.2107	342.832
29.2165	342.041
29.2223	341.646
29.2281	342.041
29.2339	342.041
29.2397	342.832
29.2455	344.42
29.2513	343.031
29.2571	339.875
29.2629	336.554
29.2688	335.002
29.2746	331.92
29.2804	328.867
29.2862	325.653
29.292	322.844
29.2978	320.799
29.3036	317.481
29.3094	316.2
29.3152	312.568
29.321	312.568
29.3268	312.749
29.3326	312.749
29.3384	311.847
29.3442	310.768
29.35	310.947	594.154
29.3558	310.947	623.693
29.3616	311.307	625.859
29.3674	312.749	628.394
29.3732	315.47	633.131
29.379	298.971	642.34
29.3849	295.025	646.434
29.3907	316.565	649.804
29.3965	328.867	660.017
29.4023	670.391
29.4081	670.779
29.4139	674.664
29.4197	680.535
29.4255	689.637
29.4313	690.833	363.428
29.4371	696.442	351.048
29.4429	708.616	351.657
29.4487	704.534	351.454
29.4545	708.207	354.717
29.4603	716.849	358.425
29.4661	722.253	359.254
29.4719	724.342	361.335
29.4777	727.276	360.709
29.4835	728.538	361.962
29.4893	729.38	363.848
29.4951	736.152	369.354
29.501	742.987	371.708
29.5068	748.155	373.43
29.5126	751.62	374.51
29.5184	757.285	378.643
29.5242	754.665	377.987
29.53	759.037	379.299
29.5358	760.353	380.836
29.5416	760.793	380.616
29.5474	773.197	387.717
29.5532	786.713	391.995
29.559	787.167	391.995
29.5648	788.077	392.902
29.5706	792.185	392.902
29.5764	794.476	382.379
29.5822	790.357	388.614
29.588	788.532
29.5938	788.988
29.5996	783.538
29.6054	795.854
29.6112	771.859
29.6171	769.188
29.6229	759.037
29.6287	743.416
29.6345	711.487
29.6403	709.025
29.6461	692.431
29.6519	667.686
29.6577	692.031
29.6635	711.487
29.6693	683.293
29.6751	652.06
29.6809	656.216
29.6867	666.53
29.6925	677.789
29.6983	716.436
29.7041	741.701
29.7099
29.7157
29.7215
29.7273
29.7332
29.739
29.7448
29.7506
29.7564
29.7622
29.768
29.7738
29.7796
29.7854
29.7912
29.797
29.8028
29.8086
29.8144
29.8202
29.826
29.8318
29.8376
29.8434
29.8493
29.8551
29.8609
29.8667
29.8725
29.8783
29.8841
29.8899
29.8957
29.9015
29.9073
29.9131
29.9189
29.9247
29.9305
29.9363
29.9421
29.9479
29.9537
29.9595
29.9654
29.9712
29.977
29.9828
29.9886
29.9944
30.0002
30.006
30.0118
30.0176
30.0234
30.0292
30.035
30.0408
30.0466
