0
0.00580499
0.01161
0.017415
0.02322
0.0290249
0.0348299
0.0406349
0.0464399
0.0522449
0.0580499
0.0638549
0.0696599
0.0754649
0.0812698
0.0870748
0.0928798
0.0986848
0.10449
0.110295
0.1161
0.121905
0.12771
0.133515
0.13932
0.145125
0.15093
0.156735
0.16254
0.168345
0.17415
0.179955
0.18576
0.191565
0.19737
0.203175
0.20898
0.214785
0.22059
0.226395
0.2322
0.238005
0.24381
0.249615
0.255419
0.261224
0.267029
0.272834
0.278639
0.284444
0.290249
0.296054
0.301859
0.307664
0.313469
0.319274
0.325079
0.330884
0.336689
0.342494
0.348299
0.354104
0.359909
0.365714
0.371519
0.377324
0.383129
0.388934
0.394739
0.400544
0.406349
0.412154
0.417959
0.423764
0.429569
0.435374
0.441179
0.446984
0.452789
0.458594
0.464399
0.470204
0.476009
0.481814
0.487619
0.493424
0.499229
0.505034
0.510839
0.516644
0.522449
0.528254	223.071
0.534059	223.329
0.539864	222.685
0.545669	221.53
0.551474	220.891
0.557279	219.619
0.563084	218.859
0.568889	218.228
0.574694	217.976
0.580499	218.102
0.586304	218.228
0.592109	218.228
0.597914	218.102
0.603719	217.85
0.609524	217.85
0.615329	218.354
0.621134	218.986
0.626939	219.619
0.632744	220
0.638549	221.402
0.644354	222.556
0.650159	223.329
0.655964	223.716
0.661769	226.446
0.667574	228.813
0.673379	231.739
0.679184	233.756
0.684989	236.199
0.690794	238.806
0.696599	241.441
0.702404	244.246
0.708209	246.372
0.714014	248.085
0.719819	249.234
0.725624	249.955
0.731429	250.533
0.737234	250.389
0.743039	249.955
0.748844	248.803
0.754649	248.229
0.760454	246.942
0.766258	246.514
0.772063	245.094
0.777868	244.811
0.783673	244.67
0.789478	244.246
0.795283	243.683
0.801088	243.964
0.806893	244.246
0.812698	243.964
0.818503	243.964
0.824308	244.105
0.830113	243.964
0.835918	244.105
0.841723	245.378
0.847528	246.372
0.853333	246.657
0.859138	247.227
0.864943	247.513
0.870748	248.085
0.876553	248.372
0.882358	247.799
0.888163	247.37
0.893968	246.942
0.899773	246.229
0.905578	245.519
0.911383	244.387
0.917188	241.023
0.922993	242.84
0.928798	239.082
0.934603	236.336
0.940408	232.678
0.946213	233.621
0.952018	233.351
0.957823	238.944
0.963628	239.773
0.969433	240.606
0.975238	237.019
0.981043	238.53
0.986848	236.745
0.992653	238.806
0.998458	236.063
1.00426	236.336
1.01007	235.926
1.01587	237.705
1.02168	246.087
1.02748	244.246
1.03329	240.745
1.03909	238.944
1.0449	244.811
1.0507	244.67
1.05651	243.542
1.06231	243.542
1.06812	242.699
1.07392	241.72
1.07973	241.023
1.08553	244.246
1.09134	234.568
1.09714	235.654
1.10295	235.246
1.10875	237.842
1.11456	237.567
1.12036	237.293
1.12617	233.756
1.13197	231.739
1.13778	233.756
1.14358	451.065	230.405
1.14939	447.433	224.104
1.15519	443.573	221.786
1.161	441.528	220.764
1.1668	440	219.112
1.17261	437.466	217.724
1.17841	436.456	217.473
1.18422	436.708	217.724
1.19002	437.719	218.102
1.19583	436.961	219.746
1.20163	438.731	220.382
1.20744	441.018	222.556
1.21324	442.293	223.458
1.21905	443.573	223.329
1.22485	445.627	223.458
1.23066	447.174	223.716
1.23646	447.691	223.975
1.24227	444.856	223.071
1.24807	441.018	221.914
1.25388	438.985	219.873
1.25968	437.213	218.228
1.26549	432.691	216.846
1.27129	430.945	216.096
1.2771	428.958	215.722
1.2829	422.32	215.846
1.28871	431.942	216.221
1.29451	433.191	216.47
1.30032	433.692	216.596
1.30612	433.441	217.097
1.31193	435.197	216.971
1.31773	437.719	217.85
1.32354	443.316	216.596
1.32934	442.805	218.859	238.392
1.33515	435.449	217.85	238.117
1.34095	438.731	218.48	230.139
1.34676	447.174	221.53	228.681
1.35256	447.174	220.254	227.233
1.35837	437.213	223.975	225.012
1.36417	452.109	225.142	226.577
1.36998	442.549	226.185	226.839
1.37578	449.765	226.446	226.316
1.38159	450.805	225.403	226.054
1.38739	450.805	225.533	225.793
1.3932	451.587	225.663	225.533
1.399	453.416	226.316	225.533
1.40481	451.848	225.533	225.142
1.41061	452.893	225.012	224.882
1.41642	451.848	224.363
1.42222	450.545	223.846
1.42803	448.209	223.458
1.43383	446.916	223.329
1.43964	445.885	223.329
1.44544	445.885	223.2
1.45125	445.113	222.685
1.45705	444.342	222.299
1.46286	445.113	222.556
1.46866	446.4	222.556
1.47447	445.37	222.556
1.48027	446.916	222.685
1.48608	222.685
1.49188	222.814
1.49769	223.071
1.50349	223.458
1.5093	223.716
1.5151	223.846
1.52091	223.975
1.52671	223.975
1.53252	224.104
1.53832	224.104
1.54413	223.846
1.54993	223.587
1.55574	223.2
1.56154	222.299
1.56735	221.274
1.57315	220.127
1.57896	221.53
1.58476	222.556
1.59057	222.942
1.59637	223.329
1.60218	223.2
1.60798	224.623
1.61379	222.685	218.986
1.61959	220.891	219.492
1.6254	215.971	224.882
1.6312	212.875
1.63701	220.382
1.64281	223.846
1.64862	222.942
1.65442	222.428
1.66023	220.891
1.66603	220.509
1.67184	219.239
1.67764	219.873
1.68345	222.171
1.68925	222.428
1.69506	217.85
1.70086	222.428
1.70667	222.299
1.71247	221.402
1.71828	222.942
1.72408	220.127
1.72989	223.071
1.73569	222.685
1.7415	221.019
1.7473	223.329
1.75311	223.587
1.75891	222.685
1.76472	223.329
1.77052	224.234
1.77633	225.403
1.78213	225.533
1.78794	223.587
1.79374	224.104
1.79955	223.071
1.80535	222.685
1.81116	221.786	201.043
1.81696	222.556	202.208
1.82277	224.882	201.974
1.82857	224.104	200
1.83438	223.2	197.019
1.84018	226.054	195.207
1.84599	224.493	193.411
1.85179	223.846	192.186
1.8576	223.329	192.075
1.8634	222.814	191.632
1.86921	224.623	191.079
1.87501	222.814	189.869
1.88082	221.147	190.418
1.88662	191.3	381.497
1.89243	192.853	385.484
1.89823	193.97	386.599
1.90404	194.419	389.288
1.90984	194.981	390.639
1.91565	195.885	392.449
1.92145	196.678	393.811
1.92726	197.703	395.178
1.93306	198.275	397.697
1.93887	198.963	398.387
1.94467	199.424	400.695
1.95048	199.885	400.232
1.95628	199.77	400.001
1.96209	200.116	400.232
1.96789	200.347	400.926
1.9737	200.347	401.39
1.9795	200.232	401.158
1.98531	199.77	400.001
1.99111	199.539	398.157
1.99692	198.619	397.009
2.00272	198.046	396.55
2.00853	197.361	395.407
2.01433	196.906	394.266
2.02014	195.885	393.356
2.02594	195.545	391.769
2.03175	194.644	391.543
2.03755	193.858	390.188
2.04336	193.523	389.063
2.04916	193.746	388.389
2.05497	193.523	387.269
2.06077	193.523	387.717
2.06658	193.858	389.288
2.07238	192.742	389.063
2.07819	193.523	388.165
2.08399	195.545	391.543
2.0898	396.321	198.619
2.0956	402.086	202.91
2.10141	406.523	206.576
2.10721	416.506	211.526
2.11302	424.521	213.367
2.11882	428.958	215.472
2.12463	434.193	217.473
2.13043	438.985	219.619
2.13624	443.06	221.53
2.14204	446.4	223.071
2.14785	447.95	223.587
2.15365	223.716	448.986
2.15946	223.716	448.727
2.16526	223.458	447.95
2.17107	222.942	446.658
2.17687	222.556	445.627
2.18268	221.914	443.316
2.18848	221.019	441.528
2.19429	220	440.509
2.20009	219.619	438.985
2.2059	220.254	437.971
2.2117	219.746	438.224
2.21751	219.112	437.971
2.22331	218.859	437.719
2.22912	219.366	438.985
2.23492	219.619	439.492
2.24073	219.366	439.492
2.24653	219.366	439.238
2.25234	220.127	438.224
2.25814	220.764	439.492
2.26395	220.764	440.763
2.26975	220.764	442.038
2.27556	221.402	443.829
2.28136	222.043	444.342
2.28717	222.299	443.573
2.29297	222.043	442.805
2.29878	221.658	443.316
2.30458	221.658	443.316
2.31039	221.658	443.316
2.31619	221.658	443.829
2.322	221.658	443.829
2.3278	221.914	443.829
2.33361	221.914	443.573
2.33941	222.171	444.856
2.34522	222.299	444.085
2.35102	222.171	444.085
2.35683	221.914	444.342
2.36263	221.53	444.085
2.36844	221.402	443.06
2.37424	221.274	442.549
2.38005	220.509	440
2.38585	220.254	438.478
2.39166	221.019	441.273
2.39746	219.873	442.038
2.40327	214.355	430.447
2.40907	212.875	436.456
2.41488	212.629	431.692
2.42068	213.367	437.466
2.42649	221.402	444.856	202.558
2.43229	222.428	199.654
2.4381	198.504
2.4439	197.589	445.113
2.44971	196.338	438.731
2.45551	194.869	440.763
2.46132	194.307	442.293
2.46712	192.742	442.038
2.47293	192.631	440
2.47873	193.299	438.731
2.48454	194.195	443.06
2.49034	194.083	442.549
2.49615	194.307	441.018
2.50195	194.083	431.942
2.50776	194.195	434.946
2.51356	194.644	435.701
2.51937	195.432	443.06	393.584
2.52517	197.019	433.692	394.266
2.53098	198.275	441.018	395.864
2.53678	199.424	440.763	397.927
2.54258	200.347	443.06	399.77
2.54839	201.624	439.746	402.551
2.55419	201.275	442.549	401.854
2.56	201.275	445.37	400.695
2.5658	201.392	437.466	401.158
2.57161	201.275	437.466	401.39
2.57741	200.927	432.441	400.695
2.58322	199.539	451.065	398.157
2.58902	198.734	438.224	395.635
2.59483	198.275	438.224	395.178
2.60063	197.703	442.549	395.407
2.60644	196.906	443.829	394.266
2.61224	196.565	395.178
2.61805	196.451	393.584
2.62385	195.432	391.769
2.62966	194.644	390.188
2.63546	194.083	388.389
2.64127	193.97	388.389
2.64707	193.858	389.063
2.65288	193.858	389.963
2.65868	194.419	390.639
2.66449	195.32	391.091
2.67029	196.224	392.902
2.6761	196.906	394.039
2.6819	197.818	395.864
2.68771	198.39	396.55
2.69351	198.275	397.009
2.69932	199.193	397.927
2.70512	199.77	398.387
2.71093	200.232	399.078
2.71673	200.695	400.001
2.72254	200.811	400.695
2.72834	200.811	400.695
2.73415	200.695	400.695
2.73995	200.232	399.77
2.74576	199.539	399.078
2.75156	198.963	397.697
2.75737	198.504	396.092
2.76317	197.703	394.722
2.76898	196.678	390.188
2.77478	196.565	390.865
2.78059	196.224	388.614
2.78639	195.885	389.513
2.7922	195.998	389.963
2.798	196.678	393.129
2.80381	196.338	392.675
2.80961	196.451	392.675
2.81542	196.678	393.811
2.82122	196.111	393.356
2.82703	194.981	390.865
2.83283	193.858	387.493
2.83864	192.631	383.928
2.84444	191.632	379.738
2.85025	193.635	386.822
2.85605	193.97	405.351
2.86186	193.746	390.865	201.624
2.86766	195.432	394.039	194.756
2.87347	195.885	397.697	194.419
2.87927	195.432	396.55	193.97
2.88508	194.644	393.356	194.195
2.89088	195.658	371.493	194.644
2.89669	196.451	369.994	194.195
2.90249	194.981	393.584	193.97
2.9083	195.545	397.238	194.195
2.9141	195.545	402.318	191.742
2.91991	195.207	194.869
2.92571	194.419	194.531
2.93152	193.411	193.523
2.93732	192.186	192.075
2.94313	189.979	189.54
2.94893	189.759	189.54
2.95474	189.65	189.54
2.96054	190.418	190.528
2.96635	191.411	191.521
2.97215	192.853
2.97796	195.207
2.98376	194.531
2.98957	196.338
2.99537	196.906
3.00118	198.161
3.00698	198.619
3.01279	198.504
3.01859	197.932
3.0244	197.133	198.161
3.0302	196.338	197.247
3.03601	196.451	197.247
3.04181	196.678	197.818
3.04762	196.565	197.589
3.05342	196.224	197.475
3.05923	195.998	195.998
3.06503	195.771	195.658
3.07084	195.771	195.432
3.07664	195.658	195.432
3.08245	195.32	195.207
3.08825	195.094	194.981
3.09406	194.981	195.094
3.09986	194.644	194.981
3.10567	194.307	194.419
3.11147	194.195	194.083
3.11728	194.195
3.12308	194.531
3.12889	194.531
3.13469	194.644
3.1405	194.531
3.1463	194.981
3.15211	195.658
3.15791	196.338
3.16372	197.247
3.16952	198.275
3.17533	200
3.18113	201.392
3.18694	203.849
3.19274	206.695
3.19855	207.772
3.20435	211.282
3.21016	213.861
3.21596	215.971
3.22177	217.976
3.22757	219.873
3.23338	220.636
3.23918	221.658
3.24499	221.658
3.25079	221.53
3.2566	221.147
3.2624	220.509
3.26821	219.746
3.27401	219.239
3.27982	219.112
3.28562	218.733
3.29143	217.599
3.29723	216.721
3.30304	216.47
3.30884	216.345
3.31465	216.47
3.32045	217.097
3.32626	217.473
3.33206	217.724
3.33787	218.102
3.34367	218.228
3.34948	218.102
3.35528	218.102
3.36109	218.354
3.36689	218.607
3.3727	219.112
3.3785	219.239
3.38431	219.112
3.39011	218.859
3.39592	218.859
3.40172	218.607
3.40753	218.228
3.41333	218.102
3.41914	218.228
3.42494	218.102
3.43075	218.228
3.43655	218.48
3.44236	218.48
3.44816	218.607
3.45397	218.986
3.45977	219.112
3.46558	219.492
3.47138	219.873
3.47719	220.254
3.48299	220.382
3.4888	220.254
3.4946	220.254
3.50041	220.127
3.50621	220
3.51202	219.619
3.51782	218.986
3.52363	218.228
3.52943	217.85
3.53524	217.222
3.54104	216.596
3.54685	218.354
3.55265	218.228
3.55846	218.228
3.56426	218.354
3.57007	217.599
3.57587	216.596
3.58168	215.971
3.58748	217.599
3.59329	218.733
3.59909	218.354
3.6049	220
3.6107	219.492
3.61651	220.254
3.62231	219.366
3.62812	218.859
3.63392	240.05
3.63973	218.733	244.811
3.64553	218.48	246.799
3.65134	217.976	247.084
3.65714	217.724	247.799
3.66295	217.097	248.803
3.66875	216.971	250.244
3.67456	217.724	251.403
3.68036	217.222	252.568
3.68617	218.48	252.276
3.69197	218.48	252.276
3.69778	218.228	252.276
3.70358	219.112	251.839
3.70939	221.402	250.968
3.71519	220.127	249.955
3.721	219.239	250.1
3.7268	219.239	249.234
3.73261	218.733	248.372
3.73841	218.102	248.085
3.74422	218.48	247.513
3.75002	219.873	247.37
3.75583	219.112	246.657
3.76163	218.228	246.087
3.76744	219.492	246.229
3.77324	220.127	245.945
3.77905	218.986	245.803
3.78485	219.746	245.378
3.79066	219.366	245.094
3.79646	219.746	244.811
3.80227	219.112	243.542
3.80807	219.112	243.964
3.81388	219.239	240.05
3.81968	218.354	245.094
3.82549	218.48	241.999
3.83129	219.619	249.09
3.8371	218.859	246.514
3.8429	219.619	242.84
3.84871	219.619
3.85451	219.746
3.86032	219.112
3.86612	218.859
3.87193	218.733
3.87773	218.48
3.88354	218.733
3.88934	218.102
3.89515	219.366
3.90095
3.90676
3.91256
3.91837
3.92417
3.92998
3.93578
3.94159
3.94739
3.9532
3.959
3.96481	188.34
3.97061	189.65
3.97642	190.308
3.98222	189.979
3.98803	189.65
3.99383	188.994
3.99964	188.994
4.00544	188.666
4.01125	188.666
4.01705	190.969
4.02286	192.631
4.02866	193.188
4.03447	193.299
4.04027	193.746
4.04608	194.531
4.05188	194.644
4.05769	195.094
4.06349	195.207
4.0693	194.756
4.0751	194.644
4.08091	194.869
4.08671	194.869
4.09252	194.756
4.09832	194.756
4.10413	194.869
4.10993	194.644
4.11574	194.307
4.12154	193.858
4.12735	193.523
4.13315	193.299
4.13896	192.631
4.14476	192.853
4.15057	193.523
4.15637	193.188
4.16218	193.411
4.16798	193.635
4.17379	193.858
4.17959	194.083
4.1854	194.307
4.1912	194.644
4.19701	195.207
4.20281	195.545
4.20862	195.658
4.21442	195.658
4.22023	195.885
4.22603	196.111
4.23184	196.111
4.23764	195.998
4.24345	195.998
4.24925	195.885
4.25506	195.432
4.26086	194.869
4.26667	194.195
4.27247	192.965
4.27828	191.964
4.28408	191.742
4.28989	191.521
4.29569	192.075
4.3015	192.075
4.3073	192.631
4.31311	193.299
4.31891	193.746
4.32472	194.419
4.33052	195.771
4.33633	196.111
4.34213	195.885
4.34794	197.019
4.35374	199.193
4.35955	199.654
4.36535	200.116
4.37116	200.232
4.37696	200
4.38277	199.885
4.38857	198.849
4.39438	197.019
4.40018	195.658
4.40599	194.419
4.41179	193.299
4.4176	192.297
4.4234	191.964
4.42921	191.964
4.43501	191.853
4.44082	192.297
4.44662	193.635
4.45243	194.644
4.45823	195.545
4.46404	195.998
4.46984	196.678
4.47565	197.247
4.48145	198.046
4.48726	197.475
4.49306	198.504
4.49887	198.849
4.50467	198.504
4.51048	198.734
4.51628	198.39
4.52209	200.463
4.52789	202.208
4.5337	202.324
4.5395	201.508
4.54531	199.539
4.55111	196.565
4.55692	196.678
4.56272	195.998
4.56853	195.771
4.57433	195.094
4.58014	195.885
4.58594	195.998
4.59175	195.32
4.59755	194.419
4.60336	194.419
4.60916	195.32
4.61497	196.678
4.62077	199.539
4.62658	201.159
4.63238	201.741
4.63819	200.232
4.64399	199.539
4.6498	198.963
4.6556	199.193
4.66141	198.963
4.66721	196.224
4.67302	198.619
4.67882	198.39
4.68463	198.161
4.69043	197.818
4.69624	197.932
4.70204	198.734
4.70785	198.275
4.71365	196.906
4.71946	198.275
4.72526	196.565
4.73107	195.658
4.73687	197.361
4.74268	199.77
4.74848
4.75429
4.76009
4.7659
4.7717
4.77751
4.78331
4.78912
4.79492
4.80073
4.80653
4.81234
4.81814
4.82395
4.82975
4.83556
4.84136
4.84717
4.85297
4.85878
4.86458
4.87039
4.87619
4.882
4.8878
4.89361
4.89941
4.90522
4.91102
4.91683
4.92263
4.92844
4.93424
4.94005
4.94585
4.95166
4.95746
4.96327
4.96907
4.97487
4.98068
4.98649
4.99229
4.9981
5.0039
5.00971
5.01551
5.02132
5.02712
5.03293
5.03873
5.04454
5.05034
5.05615
5.06195
5.06776
5.07356
5.07936
5.08517
5.09097
5.09678
5.10258
5.10839
5.11419
5.12
5.1258	152.803
5.13161	159.2
5.13741	155.923
5.14322	155.474
5.14902	155.833
5.15483	154.846
5.16063	154.221
5.16644	154.489
5.17225	154.578
5.17805	153.954
5.18385	155.294
5.18966	154.757
5.19546	155.384
5.20127	156.827
5.20707	156.104
5.21288	161.329
5.21868	162.545
5.22449	164.909
5.23029	165.96
5.2361	168.18
5.2419	169.937	170.331
5.24771	171.416	171.912
5.25351	173.91	173.208
5.25932	176.032	176.949
5.26512	178.592	182.872
5.27093	178.18	179.316
5.27673	179.212	176.745
5.28254	181.085	181.085
5.28834	184.464	185.532
5.29415	187.688	186.931
5.29995	191.3	190.969
5.30576	194.195	195.094
5.31156	199.885	200.811
5.31737	204.557	205.03
5.32317	211.893	210.187
5.32898	216.345	215.099
5.33478	222.942
5.34059	228.022
5.34639	233.082
5.3522	236.882
5.358	241.023
5.36381	244.67
5.36961	247.37
5.37542	248.947
5.38122	249.234
5.38703	249.234
5.39283	249.09
5.39864	247.942
5.40444	246.942
5.41025	246.372
5.41605	245.803
5.42186	243.823
5.42766	242.84
5.43347	242.84
5.43927	243.261
5.44508	243.964
5.45088	244.387
5.45669	245.236
5.46249	245.661
5.4683	246.229
5.4741	247.084
5.47991	246.087
5.48571	244.246
5.49152	244.387
5.49732	247.656
5.50313	250.244
5.50893	251.549
5.51474	253.445
5.52054	254.031
5.52635	256.538
5.53215	257.875
5.53796	259.518
5.54376	261.626
5.54957
5.55537	264.207
5.56118	267.432
5.56698	266.045
5.57279	265.891
5.57859	263.75
5.5844	262.382
5.5902	261.928
5.59601	262.382
5.60181	262.837
5.60762	262.231
5.61342	262.382
5.61923	262.231
5.62503	261.474
5.63084	261.022
5.63664	260.72
5.64245	260.269
5.64825	259.668
5.65406	260.119
5.65986	260.72
5.66567	261.323
5.67147	260.72
5.67728	260.72
5.68308	261.173
5.68889	261.323
5.69469	261.022
5.7005	261.626
5.7063	261.928
5.71211	261.474
5.71791	261.626
5.72372	261.626
5.72952	261.323
5.73533	261.777
5.74113	261.626
5.74694	261.022
5.75274	260.119
5.75855	258.471
5.76435	256.982
5.77016	258.024
5.77596	258.024
5.78177	258.024
5.78757	253.006
5.79338
5.79918	261.474
5.80499	254.471
5.81079	260.269
5.8166	261.777
5.8224	262.837
5.82821	263.293
5.83401	263.293	260.57
5.83982	271.165	275.905
5.84562	266.506	280.565
5.85143	263.902	287.787
5.85723	261.777	294.344
5.86304	262.686	297.077
5.86884	266.353	299.316
5.87465	264.207	300.182
5.88045	257.428	300.182
5.88626	257.428	299.662
5.89206	245.945	298.971
5.89787	243.261	297.936
5.90367	247.227	296.563
5.90948	295.366
5.91528	293.834
5.92109	293.156
5.92689	292.818
5.9327	293.834
5.9385	294.684
5.94431	295.195
5.95011	295.707
5.95592	297.077
5.96172	296.734
5.96753	297.592
5.97333	297.249
5.97914	295.878
5.98494	292.48
5.99075	289.789
5.99655	282.843
6.00236	279.918
6.00816	285.965
6.01397	285.965
6.01977	285.965
6.02558	283.989
6.03138
6.03719
6.04299
6.0488
6.0546
6.06041
6.06621
6.07202
6.07782
6.08363
6.08943
6.09524
6.10104
6.10685
6.11265
6.11846
6.12426
6.13007
6.13587
6.14168
6.14748
6.15329
6.15909
6.1649	517.241
6.1707	506.596
6.17651	511.891
6.18231	522.345
6.18812	518.737
6.19392	517.241
6.19973	533.629
6.20553	517.54
6.21134	513.965
6.21714	525.675	262.837
6.22295	521.742	261.474
6.22875	516.644	262.231
6.23456	498.757	262.837
6.24036	508.062	259.818
6.24617	510.415	262.079
6.25197	518.138	261.928
6.25778	516.942	261.474
6.26358	516.644	259.969
6.26939	514.856	258.173
6.27519	511.891	256.834
6.281	510.415	255.946
6.2868	509.531	254.913
6.29261	508.649	254.324
6.29841	508.943	254.324
6.30422	510.12	254.913
6.31002	510.415	255.207
6.31583	510.415	255.355
6.32163	510.415	255.502
6.32744	511.3	255.798
6.33324	512.779	256.834
6.33905	513.668	257.131
6.34485	514.856	257.577
6.35066	516.346	258.173
6.35646	516.942	258.77
6.36227	517.241	259.069
6.36807	518.138	259.668
6.37388	519.637	259.818
6.37968	521.14	259.668
6.38549	519.937	259.818
6.39129	522.044	260.72
6.3971	520.538	261.173
6.4029	519.337	259.969
6.40871	519.937	259.818
6.41451	519.637	260.72
6.42032	519.337	259.518
6.42612	519.937	259.069
6.43193	516.644	258.471
6.43773	515.452	257.875
6.44354	515.452	257.428
6.44934	514.559	257.28
6.45515	513.075	256.834
6.46095	512.187	255.946
6.46676	510.415	255.06
6.47256	506.596	253.298
6.47837	505.427	252.13
6.48417	503.97	251.403
6.48998	500.199	250.1
6.49578	498.757	248.947
6.50159	496.744	248.659
6.50739	495.026	247.37
6.5132	495.312	248.085
6.519	496.171	248.516
6.52481	496.457	248.947
6.53061	496.171	248.803
6.53642	495.598	248.947
6.54222	495.598	248.516
6.54803	496.457	248.659
6.55383	496.171	248.659
6.55964	499.911	249.378
6.56544	500.778	249.523
6.57125	502.516	250.823
6.57705	501.936	250.968
6.58286	501.936	250.968
6.58866	503.097	250.968
6.59447	502.807	251.113
6.60027	501.357	250.533
6.60608	500.199	249.667
6.61188	499.333	249.09
6.61769	498.469	249.09
6.62349	497.893	248.372
6.6293	496.171	247.942
6.6351	495.312	247.513
6.64091	493.313	246.372
6.64671	492.175	245.945
6.65252	490.189	244.953
6.65832	489.34	244.387
6.66413	487.647	243.542
6.66993	488.775	243.401
6.67574	487.365	243.683
6.68154	487.365	243.823
6.68735	486.803	243.261
6.69315	485.96	242.699
6.69896	485.96	242.279
6.70476	487.365	242.98
6.71057	488.211	243.12
6.71637	486.521	242.98
6.72218	485.96	243.261
6.72798	488.211	243.683
6.73379	488.775	243.683
6.73959	486.803	243.823
6.7454	488.211	244.529
6.7512	487.929	245.094
6.75701	490.189	245.661
6.76281	491.039	245.803
6.76862	491.89	245.803
6.77442	492.175	246.229
6.78023	493.028	246.514
6.78603	493.313	246.229
6.79184	491.606	245.519
6.79764	491.322	245.519
6.80345	491.039	245.519
6.80925	486.241	243.823
6.81506	484.278	242.139
6.82086	482.324	241.58
6.82667	481.489	239.22
6.83247	489.34	241.58
6.83828	495.026	242.419
6.84408	495.884	246.229
6.84989	495.884	246.514
6.85569	489.34	245.094
6.8615	491.606	246.942
6.8673	494.74	246.942
6.87311	495.312	246.799
6.87891	497.031	247.513
6.88472	495.884	247.227
6.89052	495.026	246.372
6.89633	496.457	246.372
6.90213	494.74	246.087
6.90794	493.313	245.945
6.91374	495.598	245.519
6.91955	497.031	246.657
6.92535
6.93116	716.022
6.93696	722.67
6.94277	732.758
6.94857	734.453
6.95438	735.727
6.96018	731.912
6.96599	729.38
6.97179	729.38
6.9776	725.598
6.9834	732.335
6.98921	738.281
6.99501	733.605
7.00082	715.608	224.104
7.00662	743.846	223.458
7.01243	739.989	223.2
7.01823	728.959	222.942
7.02404	734.029	221.786
7.02984	734.029	221.53
7.03565	719.754	221.019
7.04145	762.993	221.274
7.04726	221.019
7.05306	221.019
7.05887	220.891
7.06467	220.509
7.07048	220.509
7.07628	220.891
7.08209	220.636
7.08789	219.873
7.0937	219.873
7.0995	219.746
7.10531	220
7.11111	219.492
7.11692	219.873
7.12272	219.873
7.12853	219.746
7.13433	219.746
7.14014	219.239
7.14594	218.733	436.961
7.15175	218.102	435.197
7.15755	217.473	433.942
7.16336	217.599	434.193
7.16916	217.976	434.946
7.17497	218.48	435.952
7.18077	218.354	435.701
7.18658	218.733	436.708
7.19238	219.619	437.466
7.19819	218.733	435.449
7.20399	218.859	434.946
7.2098	218.228	433.942
7.2156	216.47	433.441
7.22141	217.724	434.444
7.22721	218.48	435.449
7.23302	220.254	437.971
7.23882	221.658	441.273
7.24463	220.636	444.856
7.25043	221.53	446.4
7.25624	221.402	444.599
7.26204	219.366	436.204
7.26785	219.492	436.708
7.27365	220.636	441.528
7.27946	219.492	441.528
7.28526	218.607	445.113
7.29107	448.986
7.29687	446.658
7.30268	436.708
7.30848	435.449
7.31429	440.509
7.32009	442.805
7.3259	440.763
7.3317	436.708
7.33751	438.731
7.34331	426.734	373.861
7.34912	434.444	372.783
7.35492	439.238	371.708
7.36073	442.805	380.396
7.36653	437.466	402.783
7.37234	428.463	393.129	194.644
7.37814	437.971	392.675	196.451
7.38395	444.856	395.407	197.589
7.38975	421.102	393.129	197.475
7.39556	440.509	390.865	196.451
7.40136	389.738	196.111
7.40717	388.614	195.545
7.41297	394.039	196.224
7.41878	393.129	196.565
7.42458	393.811	196.565
7.43039	395.407	196.906
7.43619	396.321	197.019
7.442	396.092	197.019
7.4478	395.864	196.906
7.45361	395.864	196.565
7.45941	396.55	196.678
7.46522	397.467	196.565
7.47102	397.927	196.338
7.47683	397.467	196.111
7.48263	396.779	195.545
7.48844	396.55	195.094
7.49424	394.266	194.195
7.50005	392.675	193.299
7.50585	392.222	192.742
7.51166	391.995	192.853
7.51746	390.188	193.299
7.52327	388.838	193.746
7.52907	390.188	193.858
7.53487	389.738	194.307
7.54068	387.493	194.307
7.54648	385.707	194.531
7.55229	388.165	194.531
7.55809	389.963	195.885
7.5639	387.269	196.338
7.56971	393.356	196.906	589.369
7.57551	392.902	197.133	593.468
7.58132	392.222	197.475	594.497
7.58712	197.703	595.872
7.59293	197.818	595.184
7.59873	197.589	593.811
7.60454	197.475	592.44
7.61034	197.133	590.05
7.61615	196.224	588.008
7.62195	195.32	582.599
7.62776	194.419	582.936
7.63356	192.965	580.248
7.63936	192.742	576.906
7.64517	192.965	578.909
7.65097	193.411	579.244
7.65678	193.635	578.241
7.66258	193.411	577.24
7.66839	193.299	578.575
7.67419	192.853	579.244
7.68	192.853	576.24
7.6858	192.965	573.583
7.69161	193.635	582.936
7.69741	194.981	588.008
7.70322	196.224	588.008
7.70902	197.932	586.313
7.71483	198.504	592.783
7.72063	197.703	594.841
7.72644	197.703	595.184
7.73224	197.361	588.348
7.73805	197.247	595.872
7.74385	197.475	593.125
7.74966	197.247	588.688
7.75546	196.338	585.636
7.76127	194.756	582.599
7.76707	193.299	578.241
7.77288	191.853	575.907
7.77868	190.969	573.583
7.78449	189.869	568.964
7.79029	189.759	567.651
7.7961	189.869	568.635
7.8019	190.528	571.599
7.80771	191.632	573.915
7.81351	193.635	578.575
7.81932	194.756	583.273
7.82512	195.658	585.298
7.83093	196.451	588.688
7.83673	196.906	591.415
7.84254	197.019	590.732
7.84834	197.019	582.599
7.85415	197.589	580.583
7.85995	197.589	588.688
7.86576	197.361	590.05
7.87156	196.451	589.028
7.87737	195.658	587.669
7.88317	194.981	584.622
7.88898	195.432	584.622
7.89478	195.658	582.599
7.90059	194.981	580.583
7.90639	193.97	580.919
7.9122	193.523	579.913
7.918	193.97	581.255
7.92381	194.307	581.255
7.92961	194.981	580.919
7.93542	195.432	584.96
7.94122	195.545	593.468
7.94703	192.631	588.348
7.95283	191.411	580.919
7.95864	192.408	583.273
7.96444	194.756	579.578
7.97025	194.195	589.709
7.97605	194.531	587.669
7.98186	194.307	591.756
7.98766	192.631	590.05
7.99347	192.519	591.073
7.99927	193.746	589.369
8.00508	194.307	587.33
8.01088	195.432	583.61
8.01669	197.133	577.907
8.02249	200.463	572.59
8.0283	199.309	569.293
8.0341	195.207	566.995
8.03991	192.853	575.907
8.04571	191.632	577.573
8.05152	190.308	582.263
8.05732	194.981
8.06313	182.978
8.06893	188.666
8.07474
8.08054
8.08635
8.09215
8.09796	183.295
8.10376	185.854
8.10957	194.195
8.11537	196.906
8.12118	199.77
8.12698	199.424
8.13279	200.347
8.13859	201.508
8.1444	201.741
8.1502	206.934
8.15601	209.338
8.16181	212.261
8.16762	213.49
8.17342	214.479
8.17923	213.49
8.18503	213.367
8.19084	213.244
8.19664	213.984
8.20245	213.737
8.20825	213.367
8.21406	212.875
8.21986	212.875
8.22567	212.138
8.23147	212.875
8.23728	214.603
8.24308	216.221
8.24889	216.971
8.25469	218.102
8.2605	218.354
8.2663	219.746
8.27211	220.891
8.27791	222.299
8.28372	223.975
8.28952	224.882
8.29533	226.839
8.30113	229.475
8.30694	231.739
8.31274	233.756
8.31855	235.518
8.32435	237.705
8.33016	238.668
8.33596	240.05
8.34177	241.441
8.34757	243.683
8.35338	245.236
8.35918	245.236
8.36499	244.67
8.37079	245.661
8.3766	246.657
8.3824	749.02	249.523
8.38821	749.452	250.1
8.39401	749.452	250.533
8.39982	749.02	250.823
8.40562	748.587	250.823
8.41143	745.997	250.533
8.41723	746.859	250.1
8.42304	743.416	249.378
8.42884	741.272	248.516
8.43465	741.272	247.799
8.44045	743.846	248.229
8.44626	743.846	247.942
8.45206	738.708	247.37
8.45787	739.134	247.227
8.46367	740.416	247.227
8.46948	741.272	247.084
8.47528	734.877	246.657
8.48109	742.129	246.514
8.48689	739.989	246.229
8.4927	740.416	246.087
8.4985	742.558	246.087
8.50431	738.708	245.661
8.51011	738.708	245.945
8.51592	741.701	246.799
8.52172	741.701	246.942
8.52753	742.558	247.37
8.53333	742.987	247.656
8.53914	742.129	247.799
8.54494	740.844	247.227
8.55075	742.558	246.657
8.55655	740.844	246.229
8.56236	741.701	245.803
8.56816	739.989	245.236
8.57397	737.429	244.953
8.57977	735.302	244.67
8.58558	731.067	243.823
8.59138	726.856	242.419
8.59719	721.419	240.328
8.60299	713.545	238.117
8.6088	706.98	235.926
8.6146	233.621
8.62041	230.139
8.62621	227.758
8.63202	223.846
8.63782	221.786
8.64363	220.509
8.64943	219.746
8.65524	219.366
8.66104	219.366
8.66685	219.366
8.67265	218.859
8.67846	218.607
8.68426	218.48
8.69007	218.859
8.69587	218.859
8.70168	217.976
8.70748	217.097
8.71329	215.971
8.71909	213.984
8.7249	211.893
8.7307	207.652
8.73651	203.967
8.74231	199.193
8.74812	194.419
8.75392	361.962	190.198
8.75973	372.138	186.069
8.76553	371.279	185.639
8.77134	370.85	185.961
8.77714	369.354	185.747
8.78295	371.279	186.069
8.78875	374.726	186.931
8.79456	377.987	187.58
8.80036	381.497	189.54
8.80617	384.372	191.632
8.81197	388.165	193.97
8.81778	391.091	196.338
8.82358	394.494	198.161
8.82939	399.77	199.654
8.83519	400.695	199.539
8.841	399.77	199.539
8.8468	400.001	200
8.85261	400.463	200.695
8.85841	399.77	200.695
8.86422	400.001	200.232
8.87002	399.078	199.078
8.87583	397.467	197.932
8.88163	395.864	197.247
8.88744	394.95	197.361
8.89324	391.769	196.906
8.89905	387.717	196.224
8.90485	384.594	195.207
8.91066	383.264	193.411
8.91646	383.485	191.853
8.92227	384.15	190.198
8.92807	377.333	188.666
8.93388	368.927	191.19
8.93968	377.551	190.748
8.94549	398.157	192.408
8.95129	395.864	194.869	371.708
8.9571	193.635	384.372
8.9629	194.195	384.594
8.96871	194.981	385.484
8.97451	196.338	387.269
8.98032	202.324	372.999
8.98612	203.496	370.85
8.99193	204.321	372.138
8.99773	203.732	375.81
9.00354	200.579	388.165
9.00934	196.678	396.092
9.01515	191.411	373.43
9.02095	188.666	369.354
9.02676	187.363	367.863
9.03256	186.823	369.141
9.03837	188.122	371.708
9.04417	188.884	369.994
9.04998	193.299	372.138
9.05578	192.408	378.861
9.06159	193.635	383.485
9.06739	194.981	388.838
9.0732	196.792	393.584
9.079	198.275	394.722
9.08481	197.589	394.494
9.09061	196.338	392.902
9.09642	195.207	392.675
9.10222	194.644	391.995
9.10803	194.531	391.091
9.11383	194.644	389.288
9.11964	194.869	389.063
9.12544	194.981	386.599
9.13125	194.195	384.372
9.13705	192.075	379.299
9.14286	190.969	377.769
9.14866	189.979	378.861
9.15447	189.212	381.056
9.16027	188.775	387.046
9.16608	188.666	387.941
9.17188	189.321	402.783
9.17769	189.979	400.695
9.18349	190.969	398.387
9.1893	191.411
9.1951	193.076
9.20091	193.97
9.20671	194.419
9.21252	195.094
9.21832	196.338
9.22413	197.361
9.22993	198.963
9.23574	200
9.24154	200
9.24735	199.193
9.25315	198.504
9.25896	197.932
9.26476	197.818
9.27057	197.589
9.27637	197.475
9.28218	197.361
9.28798	196.906
9.29379	196.565
9.29959	196.224
9.3054	195.885
9.3112	195.771
9.31701	195.771
9.32281	195.432
9.32862	194.756
9.33442	194.419
9.34023	193.746
9.34603	192.186
9.35184	192.186
9.35764	191.853
9.36345	191.742
9.36925	191.521
9.37506	192.186
9.38086	193.97
9.38667	195.658
9.39247	196.906
9.39828	198.963
9.40408	198.963
9.40989	199.77
9.41569	200.463
9.4215	200.463
9.4273	200.232
9.43311	198.161
9.43891	196.906
9.44472	195.998
9.45052	195.32
9.45633	193.523
9.46213	192.297
9.46794	191.742
9.47374	191.19
9.47955	190.528
9.48535	191.411
9.49116	193.411
9.49696	194.756
9.50277	195.998
9.50857	196.565
9.51438	197.475
9.52018	197.932
9.52599	198.046
9.53179	197.818
9.5376	196.678
9.5434	196.338
9.54921	196.224
9.55501	195.771
9.56082	195.32
9.56662	194.869
9.57243	193.97
9.57823	192.186
9.58404	190.308
9.58984	189.212
9.59565	188.122
9.60145	188.34
9.60726	188.448
9.61306	189.65
9.61887	190.308
9.62467	191.521
9.63048	191.521
9.63628	191.742
9.64209	192.408
9.64789	193.523
9.6537	195.094
9.6595	199.424
9.66531	200.232
9.67111	200.811
9.67692	199.77
9.68272	195.545
9.68853	193.858
9.69433	193.188
9.70014	192.853
9.70594	192.631
9.71175	192.742
9.71755	193.188
9.72336	193.635
9.72916	195.771
9.73497	196.565
9.74077	197.475
9.74658	197.133
9.75238	198.161
9.75819	199.309
9.76399	197.818
9.7698	196.338
9.7756	194.981
9.78141	194.083
9.78721	192.965
9.79302	193.635
9.79882	194.419
9.80463	195.432
9.81043	195.658
9.81624	196.111
9.82204	195.658
9.82785	194.756
9.83365	193.746
9.83946	192.853
9.84526	193.076
9.85107	193.411
9.85687	192.297
9.86268	191.742
9.86848	191.853
9.87429	193.411
9.88009	193.746
9.8859
9.8917
9.89751
9.90331
9.90912
9.91492
9.92073
9.92653
9.93234
9.93814
9.94394
9.94975
9.95555
9.96136
9.96716
9.97297
9.97878
9.98458
9.99039
9.99619
10.002
10.0078
10.0136
10.0194
10.0252
10.031
10.0368
10.0426
10.0484
10.0542
10.06
10.0659
10.0717
10.0775
10.0833
10.0891
10.0949
10.1007
10.1065
10.1123
10.1181
10.1239
10.1297
10.1355
10.1413
10.1471
10.1529
10.1587
10.1645
10.1703
10.1761
10.1819
10.1878
10.1936
10.1994
10.2052
10.211
10.2168
10.2226
10.2284
10.2342
10.24
10.2458
10.2516
10.2574
10.2632
10.269
10.2748
10.2806
10.2864
10.2922
10.298
10.3039
10.3097
10.3155
10.3213
10.3271
10.3329
10.3387
10.3445
10.3503
10.3561
10.3619
10.3677
10.3735
10.3793
10.3851
10.3909
10.3967
10.4025
10.4083
10.4141
10.42
10.4258
10.4316
10.4374
10.4432
10.449
10.4548
10.4606
10.4664
10.4722
10.478
10.4838
10.4896
10.4954
10.5012
10.507
10.5128
10.5186
10.5244
10.5302
10.5361
10.5419
10.5477
10.5535
10.5593
10.5651
10.5709
10.5767
10.5825
10.5883
10.5941
10.5999
10.6057
10.6115
10.6173
10.6231
10.6289
10.6347
10.6405
10.6463
10.6522
10.658
10.6638
10.6696
10.6754
10.6812
10.687
10.6928
10.6986
10.7044
10.7102
10.716
10.7218
10.7276
10.7334
10.7392
10.745
10.7508
10.7566
10.7624
10.7683
10.7741
10.7799
10.7857
10.7915
10.7973
10.8031
10.8089
10.8147
10.8205
10.8263
10.8321
10.8379
10.8437
10.8495
10.8553
10.8611
10.8669
10.8727
10.8785
10.8844
10.8902
10.896
10.9018
10.9076
10.9134
10.9192
10.925
10.9308
10.9366
10.9424
10.9482
10.954
10.9598
10.9656
10.9714
10.9772
10.983
10.9888
10.9946
11.0005
11.0063
11.0121
11.0179
11.0237
11.0295
11.0353
11.0411
11.0469
11.0527
11.0585
11.0643
11.0701
11.0759
11.0817
11.0875
11.0933
11.0991
11.1049
11.1107
11.1166
11.1224
11.1282
11.134
11.1398
11.1456
11.1514
11.1572
11.163
11.1688
11.1746
11.1804
11.1862
11.192
11.1978
11.2036
11.2094
11.2152
11.221
11.2268
11.2327
11.2385
11.2443
11.2501
11.2559
11.2617
11.2675
11.2733
11.2791
11.2849
11.2907
11.2965
11.3023
11.3081
11.3139
11.3197
11.3255
11.3313
11.3371
11.3429
11.3488
11.3546
11.3604
11.3662
11.372
11.3778
11.3836
11.3894
11.3952
11.401
11.4068
11.4126
11.4184
11.4242
11.43
11.4358
11.4416
11.4474
11.4532
11.459
11.4649
11.4707
11.4765
11.4823
11.4881
11.4939
11.4997
11.5055
11.5113
11.5171
11.5229
11.5287
11.5345
11.5403
11.5461
11.5519
11.5577
11.5635
11.5693
11.5751
11.581
11.5868
11.5926
11.5984
11.6042
11.61
11.6158
11.6216
11.6274
11.6332
11.639
11.6448
11.6506
11.6564
11.6622
11.668
11.6738
11.6796
11.6854
11.6912
11.6971
11.7029
11.7087
11.7145
11.7203
11.7261
11.7319
11.7377
11.7435
11.7493
11.7551
11.7609
11.7667
11.7725
11.7783
11.7841
11.7899
11.7957
11.8015
11.8073
11.8132
11.819
11.8248
11.8306
11.8364
11.8422
11.848
11.8538
11.8596
11.8654
11.8712
11.877
11.8828
11.8886
11.8944
11.9002
11.906
11.9118
11.9176
11.9234
11.9293
11.9351
11.9409
11.9467
11.9525
11.9583
11.9641
11.9699
11.9757
11.9815
11.9873
11.9931
11.9989
12.0047
12.0105
12.0163
12.0221
12.0279
12.0337
12.0395
12.0454
12.0512
12.057
12.0628
12.0686
12.0744
12.0802
12.086
12.0918
12.0976
12.1034
12.1092
12.115
12.1208
12.1266
12.1324
12.1382
12.144
12.1498
12.1556
12.1615
12.1673
12.1731
12.1789
12.1847
12.1905
12.1963
12.2021
12.2079
12.2137
12.2195
12.2253
12.2311
12.2369
12.2427
12.2485
12.2543
12.2601
12.2659
12.2717
12.2776
12.2834
12.2892
12.295
12.3008
12.3066
12.3124
12.3182
12.324
12.3298
12.3356
12.3414
12.3472
12.353
12.3588
12.3646
12.3704
12.3762
12.382
12.3878
12.3937
12.3995
12.4053
12.4111
12.4169
12.4227
12.4285
12.4343
12.4401
12.4459
12.4517
12.4575
12.4633
12.4691
12.4749
12.4807
12.4865
12.4923
12.4981
12.5039
12.5098
12.5156
12.5214
12.5272
12.533
12.5388
12.5446
12.5504
12.5562
12.562
12.5678
12.5736
12.5794
12.5852
12.591
12.5968
12.6026
12.6084
12.6142
12.62
12.6258
12.6317
12.6375
12.6433
12.6491
12.6549
12.6607
12.6665
12.6723
12.6781
12.6839
12.6897
12.6955
12.7013
12.7071
12.7129
12.7187
12.7245
12.7303
12.7361
12.742
12.7478
12.7536
12.7594
12.7652
12.771
12.7768
12.7826
12.7884
12.7942
12.8
12.8058
12.8116
12.8174
12.8232
12.829
12.8348
12.8406
12.8464
12.8522
12.858
12.8639
12.8697
12.8755
12.8813
12.8871
12.8929
12.8987
12.9045
12.9103
12.9161
12.9219
12.9277
12.9335
12.9393
12.9451
12.9509
12.9567
12.9625
12.9683
12.9741
12.98
12.9858
12.9916
12.9974
13.0032
13.009
13.0148
13.0206
13.0264
13.0322
13.038
13.0438
13.0496
13.0554
13.0612
13.067
13.0728
13.0786
13.0844
13.0902
13.0961
13.1019
13.1077
13.1135
13.1193
13.1251
13.1309
13.1367
13.1425
13.1483
13.1541
13.1599
13.1657
13.1715
13.1773
13.1831
13.1889
13.1947
13.2005
13.2063
13.2122
13.218
13.2238
13.2296
13.2354
13.2412
13.247
13.2528
13.2586
13.2644
13.2702
13.276
13.2818
13.2876
13.2934
13.2992
13.305
13.3108
13.3166
13.3224
13.3283
13.3341
13.3399	172.011
13.3457	178.696
13.3515	185.425
13.3573	188.775
13.3631	192.408
13.3689	196.451
13.3747	199.309
13.3805	201.857
13.3863	205.03
13.3921	209.217
13.3979	212.875
13.4037	215.846
13.4095	220.127
13.4153	223.587
13.4211	228.153
13.4269	232.544
13.4327	235.926
13.4385	238.392
13.4444	240.606
13.4502	242.84
13.456	245.378
13.4618	247.084
13.4676	248.803
13.4734	249.378
13.4792	250.823
13.485	252.422
13.4908	253.298
13.4966	254.618
13.5024	254.618
13.5082	253.591
13.514	252.276
13.5198	251.403
13.5256	248.947
13.5314	248.085
13.5372	248.229
13.543	247.227
13.5488	248.803
13.5546	249.378
13.5605	252.422
13.5663	250.823
13.5721	251.839
13.5779	252.568
13.5837	251.113
13.5895	252.422
13.5953	253.006
13.6011	251.549
13.6069	251.694
13.6127	250.389
13.6185	250.678
13.6243	251.694
13.6301	251.694
13.6359	252.276
13.6417	253.152
13.6475	253.445
13.6533	253.006
13.6591	252.13
13.6649	252.276
13.6707	251.985
13.6766	251.403
13.6824	250.244
13.6882	250.244
13.694	249.811
13.6998	249.523
13.7056	250.389
13.7114	251.113
13.7172	251.839
13.723	251.985
13.7288	252.13
13.7346	251.839
13.7404	251.839
13.7462	250.968
13.752	250.533
13.7578	249.811
13.7636	249.378
13.7694	248.659
13.7752	248.659
13.781	249.811
13.7868	249.955
13.7927	250.968
13.7985	251.694
13.8043	251.403
13.8101	251.113
13.8159	250.678
13.8217	250.533
13.8275	249.955
13.8333	250.244
13.8391	249.523
13.8449	248.947
13.8507	248.947
13.8565	248.659
13.8623	248.372
13.8681	248.372
13.8739	248.659
13.8797	248.659
13.8855	248.947
13.8913	248.659
13.8971	248.372
13.9029	247.942
13.9088	247.656
13.9146	246.087
13.9204	244.811
13.9262	243.261
13.932	242.279
13.9378	240.189
13.9436	237.43
13.9494	235.246
13.9552	234.839
13.961	233.756
13.9668	230.938
13.9726	229.608
13.9784	224.493
13.9842	219.619
13.99	215.472
13.9958	211.893
14.0016	207.652
14.0074	204.557
14.0132	202.558
14.019	200.116
14.0249	197.247
14.0307	195.32
14.0365	193.97
14.0423	191.853
14.0481	187.255
14.0539	186.607
14.0597	186.392
14.0655	188.994
14.0713	190.198
14.0771	189.979
14.0829	187.797
14.0887	185.747
14.0945
14.1003
14.1061
14.1119
14.1177
14.1235
14.1293
14.1351
14.141
14.1468
14.1526
14.1584
14.1642
14.17
14.1758
14.1816
14.1874
14.1932
14.199
14.2048
14.2106
14.2164
14.2222
14.228
14.2338
14.2396
14.2454
14.2512
14.2571
14.2629
14.2687
14.2745
14.2803
14.2861
14.2919
14.2977
14.3035
14.3093
14.3151
14.3209
14.3267
14.3325
14.3383
14.3441
14.3499
14.3557
14.3615
14.3673
14.3732
14.379
14.3848
14.3906
14.3964
14.4022
14.408
14.4138
14.4196
14.4254
14.4312
14.437
14.4428
14.4486
14.4544
14.4602
14.466
14.4718	168.374
14.4776	172.708
14.4834	174.715
14.4893	173.308
14.4951	170.429
14.5009	170.527
14.5067	171.515
14.5125	172.609
14.5183	173.809
14.5241	175.524
14.5299	179.109
14.5357	181.714
14.5415	183.613
14.5473	185.747
14.5531	189.321
14.5589	189.869
14.5647	193.635
14.5705	194.644
14.5763	195.32	393.811
14.5821	196.565	394.494
14.5879	197.247	396.321
14.5937	197.818	397.238
14.5995	197.247	396.321	197.818
14.6054	196.338	395.178	197.133
14.6112	195.545	393.129	195.885
14.617	194.981	391.091	194.644
14.6228	194.083	388.389	187.255
14.6286	192.965	384.15	187.797
14.6344	192.186	381.938	183.613
14.6402	190.198	368.289	184.784
14.646	193.523	373.645	181.609
14.6518	193.523	370.85	179.523
14.6576	193.523	355.538	178.18
14.6634	193.523	350.441	175.22
14.6692	196.906	347.819	174.111
14.675	201.741	344.023	172.908
14.6808	200.232	346.016	172.409
14.6866	347.618	173.108	398.847
14.6924	350.846	174.413	394.95
14.6982	353.899	177.461	395.407
14.704	365.322	181.399	405.117
14.7098	367.014	185.104	420.373
14.7156	371.708	186.607	418.193
14.7215	383.485	190.418	416.265
14.7273	389.288	194.869	415.545	207.652
14.7331	388.614	206.695	423.053	211.16
14.7389	394.494	211.526	427.968	213.614
14.7447	411.484	215.348	444.342	217.348
14.7505	407.934	216.47	444.856	222.171
14.7563	217.976	447.174	223.587
14.7621	219.873	450.805	224.882
14.7679	223.716	452.631	225.533
14.7737	226.577	451.848	226.316
14.7795	226.577	453.941	227.101
14.7853	228.549	461.609	228.549
14.7911	231.205	458.42	231.071
14.7969	233.486	465.088	232.813
14.8027	235.518	469.135	234.839
14.8085	237.43	472.671	236.336
14.8143	238.53	474.312	237.567
14.8201	477.06	239.082
14.8259	483.161	241.441
14.8317	487.084	242.98
14.8376	491.039	244.811
14.8434	495.884	247.656
14.8492	500.488	250.244
14.855	506.304	253.152
14.8608	513.668	256.686
14.8666	518.737	258.471
14.8724	521.441	260.119
14.8782	522.044	260.72
14.884	524.159	261.777
14.8898	524.159	261.928
14.8956	523.553	261.777
14.9014	523.553	261.323
14.9072	520.237	260.871
14.913	521.14	260.57
14.9188	520.839	260.72
14.9246	520.237	260.419
14.9304	521.14	260.119
14.9362	518.438	259.369
14.942	518.138	259.219
14.9478	517.839	258.919
14.9537	517.241	258.322
14.9595	515.154	257.428
14.9653	514.559	256.982
14.9711	515.749	257.726
14.9769	515.452	258.471
14.9827	517.54	259.219
14.9885	519.937	260.269
14.9943	522.345	261.022
15.0001	525.068	262.231
15.0059	527.5	263.598
15.0117	528.414	264.055
15.0175	528.414	264.207
15.0233	527.805	263.902
15.0291	526.282	263.598
15.0349	525.068	262.837
15.0407	521.742	261.474
15.0465	515.154	257.726
15.0523	507.475	251.549
15.0581	505.427	247.942
15.0639	522.647	246.372
15.0697	519.337	250.389
15.0756	528.109	249.955
15.0814	247.942
15.0872	249.09
15.093	249.09
15.0988	248.947
15.1046	248.229
15.1104	249.811
15.1162	253.298
15.122	258.173	231.071
15.1278	260.419	245.094
15.1336	244.387
15.1394	259.818
15.1452	260.119
15.151	262.989
15.1568	250.1
15.1626	258.919
15.1684	265.584
15.1742	268.67
15.18	269.292
15.1859	259.219
15.1917	257.726	466.433
15.1975	261.777	497.606
15.2033	258.919	497.893
15.2091	260.119	497.893
15.2149	260.57	500.488
15.2207	260.871	500.778
15.2265	261.777	499.333
15.2323	261.928	497.319
15.2381	262.382	498.181
15.2439	263.598	515.749
15.2497	261.626	514.856
15.2555	261.474	494.454
15.2613	262.382	518.438
15.2671	262.382	512.779
15.2729	261.626	506.596
15.2787	262.079	508.649
15.2845	261.777	519.637
15.2903	261.474	519.337
15.2961	261.626	510.71
15.3019	261.777	508.062
15.3078	263.445	504.844
15.3136	259.818	507.768
15.3194	259.369	508.649
15.3252	258.621	508.062
15.331	259.369	503.097
15.3368	259.668	503.97
15.3426	259.818	503.97
15.3484	260.119	501.357
15.3542	259.069	483.999
15.36	258.471	480.378
15.3658	256.686	473.218
15.3716	256.093	487.929
15.3774	257.577	499.045
15.3832	258.322	496.171
15.389	257.577	496.171
15.3948	258.024	493.028
15.4006	257.577
15.4064	256.686
15.4122	255.06
15.418
15.4239
15.4297
15.4355
15.4413
15.4471
15.4529
15.4587
15.4645
15.4703
15.4761
15.4819
15.4877
15.4935
15.4993
15.5051
15.5109
15.5167
15.5225
15.5283
15.5341
15.54
15.5458
15.5516
15.5574
15.5632
15.569
15.5748
15.5806
15.5864
15.5922
15.598
15.6038
15.6096
15.6154
15.6212
15.627
15.6328
15.6386
15.6444
15.6502
15.6561
15.6619
15.6677
15.6735
15.6793
15.6851
15.6909
15.6967
15.7025
15.7083
15.7141
15.7199
15.7257
15.7315
15.7373
15.7431
15.7489
15.7547
15.7605
15.7663
15.7722
15.778
15.7838
15.7896
15.7954
15.8012
15.807
15.8128
15.8186
15.8244
15.8302
15.836
15.8418
15.8476
15.8534
15.8592
15.865
15.8708
15.8766
15.8824
15.8883
15.8941
15.8999
15.9057
15.9115
15.9173
15.9231	171.912
15.9289	175.423
15.9347	175.322
15.9405	171.416
15.9463	170.626
15.9521	171.714
15.9579	173.208
15.9637	175.524
15.9695	178.799
15.9753	184.144	388.838
15.9811	188.122	386.822
15.9869	193.076	382.821
15.9927	195.32	386.822
15.9985	197.932	392.222
16.0044	200.232	398.157
16.0102	200.579	398.387
16.016	202.558	400.463
16.0218	205.149	414.346
16.0276	204.439	419.161
16.0334	207.053	419.645	1030.31
16.0392	211.893	421.833	1058.66
16.045	214.355	423.786	1058.66
16.0508	215.722	427.968	1059.27
16.0566	215.099	427.474	1061.11
16.0624	214.355	428.463	1062.34
16.0682	213.244	426.241	1061.72
16.074	212.506	425.258	1064.79
16.0798	212.261	423.786	1062.95
16.0856	211.893	422.564	1055
16.0914	211.282	422.564	1051.35
16.0972	210.673	421.833	1052.56
16.103	210.551	422.564	1053.78
16.1088	211.771	424.521	1056.83
16.1146	212.016	424.276	1055.61
16.1205	212.629	425.012	1059.89
16.1263	212.629	426.487	1067.26
16.1321	211.893	424.767	1055
16.1379	212.261	426.241	1056.83
16.1437	213.984	428.463	1069.11
16.1495	215.099	427.968	1093.47
16.1553	216.221	431.443
16.1611	216.596	432.191
16.1669	215.722	432.441
16.1727	216.096	432.441
16.1785	216.221	432.191
16.1843	215.472	430.945
16.1901	213.737	426.981
16.1959	212.752	425.012
16.2017	212.138	425.995
16.2075	217.976	424.276
16.2133	431.443
16.2191	415.785
16.2249	437.466
16.2307	438.731
16.2366	437.971
16.2424	443.06
16.2482	446.658
16.254	449.245
16.2598	440.509
16.2656	424.521
16.2714	410.535
16.2772
16.283
16.2888
16.2946
16.3004
16.3062
16.312	211.771
16.3178	208.012
16.3236	210.551
16.3294	211.893
16.3352	210.187
16.341	197.932
16.3468	195.998
16.3527	197.475	404.883
16.3585	198.734	406.523
16.3643	200.116	403.249
16.3701	200.695	404.182
16.3759	201.974	405.819
16.3817	203.027	407.934
16.3875	203.732	409.351
16.3933	204.912	410.535
16.3991	206.099	411.484
16.4049	207.053	413.868
16.4107	208.494	417.469
16.4165	209.217	418.435
16.4223	209.58	418.193
16.4281	209.944	419.161
16.4339	210.916	420.373
16.4397	212.016	424.276
16.4455	212.629	425.012
16.4513	213.614	426.487
16.4571	214.479	427.474
16.4629	214.727	427.968
16.4688	214.479	427.968
16.4746	214.231	427.227
16.4804	214.479	426.981
16.4862	214.727	427.474
16.492	215.224	430.447
16.4978	216.721	434.193
16.5036	218.48	435.449
16.5094	219.746	436.708
16.5152	222.171	442.038
16.521	224.234	447.691
16.5268	226.708	452.893
16.5326	230.671	459.746
16.5384	234.974	468.864
16.5442	236.745	472.944
16.55	239.358	476.234
16.5558	243.401	480.378
16.5616	243.542	487.647
16.5674	245.378	489.057
16.5732	247.084	490.755
16.579	247.084	493.028
16.5849	247.799	493.598
16.5907	247.799	495.026
16.5965	247.227	494.454
16.6023	246.514	491.322
16.6081	244.811	488.775
16.6139	242.84	485.399
16.6197	241.58	483.44
16.6255	240.884	479.823
16.6313	239.496	477.06
16.6371	238.392	477.336
16.6429	237.156	474.86
16.6487	235.382	470.22
16.6545	232.813	468.864
16.6603	233.756	466.164
16.6661	234.297	463.211
16.6719	234.161	462.676
16.6777	233.486	464.283
16.6835	235.518	469.135
16.6893	238.806	472.398
16.6951	237.567	475.409
16.701	237.979	481.489
16.7068	239.496	481.489
16.7126	241.302
16.7184	242.139
16.7242	243.261
16.73	243.401
16.7358	242.98
16.7416	241.86
16.7474	243.12	1227.37
16.7532	241.162	1215.38
16.759	240.189	1217.49
16.7648	240.05	1222.42
16.7706	239.496	1225.25
16.7764	238.668	1223.13
16.7822	237.979	1195.19
16.788	237.705	1176.7
16.7938	235.246	1203.51
16.7996	235.518	1200.03
16.8054	232.41	1169.92
16.8112	228.549	1137.93
16.8171	227.233	1088.43
16.8229	218.354	1053.17
16.8287	217.348	1048.92
16.8345	214.851	1009.1
16.8403	986.626
16.8461	975.857
16.8519	955.222
16.8577	970.797	230.139
16.8635	230.006
16.8693	242.419
16.8751	244.529
16.8809	239.082
16.8867	241.302
16.8925	245.378
16.8983	234.161
16.9041	232.544
16.9099	236.336
16.9157	240.05
16.9215	241.58
16.9273	240.606
16.9332	236.336
16.939	230.405
16.9448	237.43
16.9506	241.72
16.9564	241.58
16.9622	239.635	263.293
16.968	243.401	260.419
16.9738	247.799	259.069
16.9796	253.006	258.621
16.9854	246.514	256.834
16.9912	252.714	256.389
16.997	245.378	255.355
17.0028	247.37	254.618
17.0086	249.234	253.445
17.0144	257.131	253.006
17.0202	253.591	252.568
17.026	252.13
17.0318	251.403
17.0376	250.678
17.0434	249.811
17.0493	248.947
17.0551	248.085
17.0609	247.227
17.0667	247.227
17.0725	247.37
17.0783	247.799	988.908
17.0841	248.229	988.337
17.0899	248.516	988.337
17.0957	248.947	992.915
17.1015	249.234	996.938
17.1073	249.523	996.362
17.1131	249.523	994.637
17.1189	249.378	993.489
17.1247	249.234	993.489
17.1305	248.659	993.489
17.1363	248.085	988.337
17.1421	247.656	989.48
17.1479	247.084	988.908
17.1537	246.372	984.349
17.1595	246.087	985.487
17.1654	245.803	983.213
17.1712	245.519	983.213
17.177	245.519	982.077
17.1828	245.519	981.51
17.1886	245.945	979.811
17.1944	246.514	983.213
17.2002	247.656	992.915
17.206	248.372	996.362
17.2118	249.234	996.362
17.2176	250.244	999.821
17.2234	250.968	1004.45
17.2292	251.694	1002.13
17.235	251.985	1007.36
17.2408	252.276	1007.94
17.2466	252.86	1012.61
17.2524	253.884	1014.36
17.2582	254.324	1019.06
17.264	254.618	1023.78
17.2698	255.06	1024.97
17.2756	255.207	1020.24
17.2815	255.207	1016.71
17.2873	255.502	1017.89
17.2931	255.502	1026.15
17.2989	254.618	1027.93
17.3047	252.714	1016.71
17.3105	250.823	1000.4
17.3163	249.667	993.489
17.3221	249.09	992.341
17.3279	248.229	988.337
17.3337	247.513	988.908
17.3395	247.37	993.489
17.3453	246.942	990.052
17.3511	246.799	989.48
17.3569	247.084	991.769
17.3627	248.229	999.244
17.3685	249.523	1000.4
17.3743	250.678
17.3801	252.276
17.3859	253.884
17.3917	255.798
17.3976	257.428
17.4034	258.471
17.4092	259.668
17.415	260.119
17.4208	258.77
17.4266	257.577
17.4324	256.834
17.4382	255.946
17.444	255.207	1273.6
17.4498	254.031	1271.39
17.4556	251.985	1264.8
17.4614	250.968	1256.79
17.4672	249.955	1253.89
17.473	248.947	1250.99
17.4788	248.085	1248.11
17.4846	247.37	1242.35
17.4904	247.37	1235.2
17.4962	246.942	1233.06
17.502	246.372	1229.5
17.5078	246.799	1230.21
17.5137	247.227	1227.37
17.5195	247.656	1232.35
17.5253	248.229	1234.48
17.5311	247.227	1230.92
17.5369	246.514	1230.21
17.5427	246.372	1223.13
17.5485	246.514	1220.31
17.5543	245.803	1228.08
17.5601	245.803	1278.02
17.5659	246.087	1279.5
17.5717	246.799	1268.46
17.5775	247.656	1265.53
17.5833	245.945	1264.8
17.5891	245.519	1266.26
17.5949	248.229	1244.51
17.6007	249.09	1243.07
17.6065	250.1	1248.83
17.6123	250.678	1233.77
17.6181	250.823	1228.08	239.082
17.6239	250.389	1224.54	240.05
17.6297	250.1	1250.99	240.328
17.6356	251.403	1264.07	240.328
17.6414	250.244	1267.73	240.189
17.6472	250.244	1262.61	241.162
17.653	251.985	1251.72	242.419
17.6588	250.678	1246.67	243.683
17.6646	249.523	1225.25	246.087
17.6704	249.378	1225.96	248.659
17.6762	249.811	1240.2	250.823
17.682	250.533	1253.16	251.985
17.6878	250.678	1258.97	252.568
17.6936	251.985	1282.46	254.178
17.6994	253.006	1285.42	256.686
17.7052	252.86	1263.34	253.298
17.711	253.152	1259.7	254.031
17.7168	253.445	1256.06	254.031
17.7226	253.152	1280.24	253.884
17.7284	252.86	1260.42	253.152
17.7342	252.422	1248.11	252.86
17.74	253.006	1240.92	253.152
17.7458	253.445	1243.07	252.422
17.7517	251.839	253.006
17.7575	251.403	252.276
17.7633	250.968	251.113
17.7691	250.1	250.1
17.7749	250.389	249.234
17.7807	250.1	249.667
17.7865	249.234	248.659
17.7923	248.516	247.799
17.7981	247.799
17.8039	247.37
17.8097	247.799
17.8155	248.229
17.8213	251.549
17.8271	252.422
17.8329	250.533
17.8387	250.533
17.8445	250.968
17.8503	252.714
17.8561	252.86
17.8619	252.86
17.8678	252.13
17.8736	253.445
17.8794	251.549
17.8852	251.258
17.891	252.276
17.8968	250.1
17.9026	252.714
17.9084	252.13
17.9142	251.113
17.92	249.955
17.9258	249.523
17.9316	249.09
17.9374	249.667
17.9432	249.234
17.949	249.09
17.9548	249.667
17.9606	250.533
17.9664	251.258
17.9722	250.823
17.9781	252.13
17.9839	249.378
17.9897	245.945
17.9955
18.0013
18.0071
18.0129
18.0187
18.0245
18.0303
18.0361
18.0419
18.0477
18.0535
18.0593
18.0651
18.0709
18.0767
18.0825
18.0883
18.0941
18.1
18.1058
18.1116
18.1174
18.1232
18.129
18.1348
18.1406
18.1464
18.1522
18.158
18.1638
18.1696
18.1754
18.1812
18.187
18.1928
18.1986
18.2044
18.2102
18.2161
18.2219
18.2277
18.2335
18.2393
18.2451
18.2509
18.2567
18.2625
18.2683
18.2741
18.2799
18.2857
18.2915
18.2973
18.3031
18.3089
18.3147
18.3205
18.3263
18.3322
18.338
18.3438
18.3496	116.608
18.3554	116.878
18.3612	117.081
18.367	117.759
18.3728	118.715
18.3786	120.233
18.3844	121.841
18.3902	122.76
18.396	125.557
18.4018	126.649
18.4076	127.383
18.4134	127.677
18.4192	127.089
18.425	127.383
18.4308	128.047
18.4366	128.863
18.4424	130.059
18.4483	131.647
18.4541	133.639
18.4599	135.739
18.4657	137.396
18.4715	139.072
18.4773	141.34
18.4831	142.817
18.4889	145.987
18.4947	148.025
18.5005	149.572
18.5063	151.135
18.5121	153.866
18.5179	155.563
18.5237	156.736
18.5295	157.553
18.5353	158.374
18.5411	160.771
18.5469	162.545
18.5527	164.909	166.922
18.5585	168.277	168.666
18.5644	170.527	170.626
18.5702	175.22	174.111
18.576	177.461	180.772
18.5818	180.459	180.251
18.5876	181.19	181.714
18.5934	182.45	183.613
18.5992	184.89	184.784
18.605	186.823	186.823
18.6108	189.431	188.775
18.6166	190.969	190.969
18.6224	192.853	192.965
18.6282	195.094	195.094
18.634	196.792	197.133
18.6398	197.818	198.161
18.6456	199.654
18.6514	201.043
18.6572	202.208
18.663	203.379
18.6688	203.849
18.6746	204.321
18.6805	204.794
18.6863	204.912
18.6921	204.675
18.6979	204.439
18.7037	203.614
18.7095	202.558
18.7153	201.508
18.7211	200.695
18.7269	200.116
18.7327	199.885
18.7385	199.539
18.7443	199.078
18.7501	198.734
18.7559	198.39
18.7617	198.161
18.7675	198.161
18.7733	198.619
18.7791	199.309
18.7849	199.654
18.7907	200.232
18.7966	200.579
18.8024	200.463
18.8082	200.463
18.814	200.347
18.8198	200
18.8256	200.116
18.8314	199.539
18.8372	199.078
18.843	198.963
18.8488	198.39
18.8546	197.703
18.8604	197.703
18.8662	197.019
18.872	196.224
18.8778	196.111
18.8836	196.451
18.8894	196.906
18.8952	196.906
18.901	196.565
18.9068	197.361
18.9127	197.818
18.9185	198.161
18.9243	197.703
18.9301	197.361
18.9359	196.451
18.9417	196.678
18.9475	197.247
18.9533	197.703
18.9591	197.019
18.9649	197.475
18.9707	198.39
18.9765	197.818
18.9823	197.247
18.9881	196.792
18.9939	196.678
18.9997	196.678
19.0055	196.565
19.0113	196.792
19.0171	200.695
19.0229	198.734
19.0288	196.792
19.0346	194.531
19.0404	197.818
19.0462
19.052	195.207
19.0578	199.193
19.0636	199.77
19.0694	200.579
19.0752	199.885
19.081	200
19.0868	198.504
19.0926	197.932
19.0984	199.424
19.1042	200.116
19.11	195.545
19.1158	198.39
19.1216	195.094
19.1274	197.019
19.1332	197.019
19.139	198.39
19.1449	198.849
19.1507	199.539
19.1565	202.558
19.1623	201.974
19.1681	201.159
19.1739	200.579
19.1797	202.324
19.1855	203.732
19.1913	202.441
19.1971	201.392
19.2029	201.508
19.2087	207.413
19.2145	196.792
19.2203	191.632	230.538
19.2261	188.994	230.938
19.2319	198.161	228.945
19.2377	203.379	228.022
19.2435	228.549
19.2493	227.627
19.2551	226.839
19.261	226.054
19.2668	225.533
19.2726	225.142
19.2784	224.623
19.2842	224.104
19.29	223.587
19.2958	223.2
19.3016	222.685
19.3074	222.299
19.3132	221.658
19.319	221.53
19.3248	221.53
19.3306	221.402
19.3364	221.53
19.3422	221.53
19.348	221.658
19.3538	221.786	442.805
19.3596	221.402	442.805
19.3654	221.274	442.038
19.3712	221.274	442.293
19.3771	221.147	442.038
19.3829	220.764	441.018
19.3887	220.764	441.273
19.3945	220.764	441.018
19.4003	220.509	440.763
19.4061	220.127	441.018
19.4119	220	440.509
19.4177	220.382	441.018
19.4235	220.509	440.509
19.4293	220.636	440.763
19.4351	220.636	441.018
19.4409	220.636	441.018
19.4467	220.891	441.783
19.4525	221.274	442.805
19.4583	221.53	443.316
19.4641	221.53	443.316
19.4699	221.658	443.573
19.4757	222.043	443.573
19.4815	222.428	444.085
19.4873	222.942	444.856
19.4932	223.329	446.658
19.499	223.2	445.37
19.5048	222.942	446.142
19.5106	223.071	446.4
19.5164	223.329	446.4
19.5222	223.2	446.658
19.528	223.2	447.174
19.5338	222.556	445.37
19.5396	219.619	444.599
19.5454	219.239
19.5512	221.914
19.557	222.299
19.5628	223.975
19.5686	220
19.5744	220.636
19.5802	221.658
19.586	222.556
19.5918	221.914
19.5976	221.914
19.6034	221.914
19.6093	222.043
19.6151	221.786
19.6209	221.786
19.6267	221.019
19.6325	220.891
19.6383
19.6441
19.6499
19.6557
19.6615
19.6673
19.6731
19.6789
19.6847
19.6905
19.6963	196.565
19.7021	195.885
19.7079	194.981
19.7137	196.678
19.7195	196.678
19.7254	197.475
19.7312	196.906
19.737	196.224
19.7428	196.565
19.7486	196.678
19.7544	198.046
19.7602	198.619
19.766	199.424
19.7718	200.232
19.7776	200.927
19.7834	201.275
19.7892	201.741
19.795	200.927
19.8008	201.275
19.8066	202.091
19.8124	201.624
19.8182	200.579
19.824	200.232
19.8298	198.275
19.8356	197.818
19.8415	197.475
19.8473	197.247
19.8531	197.133
19.8589	196.906
19.8647	197.133
19.8705	197.818
19.8763	198.046
19.8821	198.161
19.8879	198.504
19.8937	198.963
19.8995	200.463
19.9053	201.392
19.9111	201.857
19.9169	201.741
19.9227	201.043
19.9285	200.463
19.9343	199.654
19.9401	198.849
19.9459	198.161
19.9517	196.565
19.9576	195.885
19.9634	195.32
19.9692	194.981
19.975	195.207
19.9808	195.207
19.9866	195.658
19.9924	196.338
19.9982	197.133
20.004	197.818
20.0098	198.619
20.0156	199.654
20.0214	200.579
20.0272	201.508	404.182
20.033	201.974	399.77
20.0388	201.857	396.092
20.0446	201.857	396.092
20.0504	201.043	397.009
20.0562	200.347	396.55
20.062	199.77	396.55
20.0678	198.619	396.55
20.0737	197.247	394.494
20.0795	196.111	392.222
20.0853	194.981	390.414
20.0911	193.858	388.389
20.0969	193.411	386.822
20.1027	192.965	386.152
20.1085	192.965	385.039
20.1143	192.853	384.15
20.1201	193.076	384.816
20.1259	193.635	385.929
20.1317	194.419	389.063
20.1375	195.32	391.769
20.1433	195.998	392.902
20.1491	196.565	393.129
20.1549	197.247	392.902
20.1607	198.504	394.266
20.1665	199.77	397.467
20.1723	201.159	400.695
20.1781	201.974	403.948
20.1839	201.624	403.715
20.1898	201.275	403.948
20.1956	201.159	402.551
20.2014	200.463	399.77
20.2072	198.849	396.321
20.213	198.046	394.039
20.2188	196.678	392.222
20.2246	196.111	391.317
20.2304	195.658	391.091
20.2362	196.224	391.769
20.242	194.869	391.543
20.2478	194.981	391.317
20.2536	195.207	391.091
20.2594	195.32	390.188
20.2652	195.094	389.063
20.271	194.756	389.738
20.2768	194.756	390.414
20.2826	194.869	391.091
20.2884	194.869	391.543
20.2942	195.432	391.543
20.3	196.338	391.769
20.3058	196.906	392.449
20.3117	197.019	393.584
20.3175	197.589	394.494
20.3233	198.39	395.407
20.3291	198.275	396.55
20.3349	198.504	396.779
20.3407	198.734	397.238
20.3465	198.275	397.009
20.3523	197.361	395.407
20.3581	196.338	393.356
20.3639	195.885	392.222
20.3697	195.545	392.449
20.3755	195.432	391.769
20.3813	195.432	391.995
20.3871	195.32	391.317
20.3929	195.207	390.639
20.3987	194.756	390.414
20.4045	194.531	390.188
20.4103	194.531	389.738
20.4161	194.981	389.963
20.4219	195.998	391.317
20.4278	197.019	392.449
20.4336	197.133	392.675
20.4394	197.475	393.811
20.4452	198.161	396.092
20.451	198.504	396.779
20.4568	198.734	397.697
20.4626	198.849	397.238
20.4684	198.619	396.779
20.4742	197.818	394.95
20.48	196.792	393.584
20.4858	195.771	391.769
20.4916	194.644	389.963
20.4974	194.195	389.513
20.5032	195.207	390.188
20.509	196.678	393.129
20.5148	196.678	396.092
20.5206	197.133	397.927
20.5264	195.885	392.449
20.5322	195.771	392.449
20.538	197.133	394.494
20.5439	197.475	399.539
20.5497	194.307	398.617
20.5555	192.965	396.321
20.5613	395.178
20.5671	394.722
20.5729	395.407
20.5787	397.238
20.5845	397.697
20.5903	401.39
20.5961	397.009
20.6019
20.6077
20.6135	223.2	428.71
20.6193	221.402	445.627
20.6251	220.254	449.245
20.6309	219.619	450.024
20.6367	218.733	445.885
20.6425	218.102	444.342
20.6483	219.746	444.856
20.6542	220.891	444.342
20.66	221.019	444.599
20.6658	221.147	444.856
20.6716	220.764	444.599
20.6774	220.891	444.599
20.6832	221.914	445.37
20.689	221.914	445.627
20.6948	222.556	445.113
20.7006	223.071	445.113
20.7064	223.587	446.142
20.7122	223.975	446.658
20.718	223.587	446.916
20.7238	223.458	447.174
20.7296	224.104	448.727
20.7354	224.363	449.505
20.7412	225.533	451.326
20.747	226.708	453.678
20.7528	227.89	456.307
20.7586	229.21	458.155
20.7644	230.405	460.012
20.7702	232.275	464.283
20.7761	234.297	468.594
20.7819	235.654	472.671
20.7877	239.082	477.06
20.7935	241.023	479.823
20.7993	243.964	487.084
20.8051	820.121	245.661	491.606
20.8109	823.444	246.657	494.454
20.8167	826.303	248.229	497.031
20.8225	831.569	250.389	500.778
20.8283	835.904	251.113	502.807
20.8341	837.837	252.13	504.261
20.8399	839.775	252.714	505.427
20.8457	845.128	253.152	506.889
20.8515	845.128	252.86	506.011
20.8573	832.05	252.714	505.427
20.8631	837.354	251.549	504.552
20.8689	828.693	250.823	502.807
20.8747	842.691	250.678	501.646
20.8805	839.29	250.533	500.488
20.8863	839.29	249.811	501.357
20.8922	827.736	249.811	500.488
20.898	827.736	249.09	498.757
20.9038	829.171	248.947	497.606
20.9096	831.569	248.372	497.606
20.9154	825.825	247.799	495.312
20.9212	823.92	246.657	494.169
20.927	818.701	247.513	495.598
20.9328	823.444	246.942	496.457
20.9386	823.444	248.229	496.457
20.9444	822.493	248.803	497.319
20.9502	832.531	249.378	499.333
20.956	832.531	249.667	498.757
20.9618	849.043	249.955	499.333
20.9676	836.87	250.968	501.357
20.9734	839.775	251.549	503.388
20.9792	834.457	252.714	504.844
20.985	842.204	252.86	505.719
20.9908	847.573	253.445	507.475
20.9966	848.552	254.031	508.355
21.0024	849.043	254.031	508.649
21.0083	850.024	253.445	508.062
21.0141	253.006	506.889
21.0199	252.568	505.427
21.0257	252.13	503.97
21.0315	251.839	502.807
21.0373	250.968	501.936
21.0431	249.523	499.622
21.0489	247.37	496.457
21.0547	246.372	489.34	451.848
21.0605	243.401	488.493	444.599
21.0663	244.811	486.803	445.113
21.0721	247.513	495.026	450.545
21.0779	250.1	499.045	452.37
21.0837	253.738	501.067	451.587
21.0895	255.65	500.778	447.433
21.0953	253.445	500.488	444.599
21.1011	252.86	499.045	441.528
21.1069	252.422	501.646	442.805
21.1127	252.13	502.516	443.573
21.1185	250.823	500.488	444.599
21.1244	250.389	500.488	445.885
21.1302	250.1	495.884	446.658
21.136	249.378	494.74	444.085
21.1418	249.811	498.181	437.971
21.1476	250.389	499.045	444.856
21.1534	495.884	448.209
21.1592	495.598	454.203
21.165	494.454	461.609
21.1708	493.313	476.509
21.1766	494.454	447.95
21.1824	497.893	444.085
21.1882	497.606	441.273
21.194	496.744	442.038
21.1998	495.598
21.2056	490.472
21.2114	487.647
21.2172	490.472
21.223	499.333
21.2288	501.646
21.2346	505.427
21.2405	504.552
21.2463	504.552
21.2521
21.2579
21.2637
21.2695
21.2753
21.2811
21.2869
21.2927
21.2985
21.3043
21.3101	509.237
21.3159	511.891
21.3217	505.719
21.3275	504.261
21.3333	497.606
21.3391	500.778
21.3449	500.199
21.3507	510.71
21.3566	505.427
21.3624	506.011
21.3682	508.649
21.374	507.182
21.3798	510.71
21.3856	505.719
21.3914	503.679
21.3972	501.357
21.403	505.427	197.361
21.4088	502.516	197.247
21.4146	510.415	195.207
21.4204	511.891	192.742
21.4262	512.187	191.632
21.432	502.807	193.188
21.4378	499.622	195.658
21.4436	495.026	199.539
21.4494	497.893	203.614
21.4552	501.646	203.144
21.461	508.062	203.849
21.4668	510.415	202.792
21.4727	507.182	201.974
21.4785	505.719	201.974
21.4843	507.475	202.208
21.4901	509.237	201.392
21.4959	504.844	200.347
21.5017	496.457	200.116
21.5075	502.226	199.654
21.5133	500.778	199.539
21.5191	501.357	199.193
21.5249	505.719	199.309
21.5307	503.97	198.849
21.5365	503.97	198.619	999.821
21.5423	505.719	198.734	998.667
21.5481	498.757	198.734	996.362
21.5539	500.199	198.849	995.212
21.5597	498.757	198.849	995.212
21.5655	509.531	198.963	995.212
21.5713	511.891	199.078	995.212
21.5771	502.516	199.193	995.787
21.5829	502.807	199.078	995.787
21.5888	502.807	198.619	994.637
21.5946	198.275	994.637
21.6004	198.046	992.915
21.6062	198.161	991.769
21.612	198.39	992.341
21.6178	198.504	991.196
21.6236	198.619	991.196
21.6294	198.849	991.196
21.6352	199.193	995.787
21.641	199.77	999.244
21.6468	200.232	1001.56
21.6526	200.695	1003.29
21.6584	201.275	1004.45
21.6642	203.027	1007.94
21.67	203.614	1009.69
21.6758	202.675	1010.27
21.6816	203.849	1010.85
21.6874	202.91	1012.02
21.6932	202.324	1012.61
21.699	201.974	1012.61
21.7049	201.275	1011.44
21.7107	201.159	1009.69
21.7165	202.091	1007.94
21.7223	200.695	1002.71
21.7281	199.77	1005.61
21.7339	200.347	995.787
21.7397	198.39	990.052
21.7455	196.906	978.115
21.7513	196.678
21.7571	196.338
21.7629	196.338
21.7687	197.932
21.7745	197.932
21.7803	198.275
21.7861	198.275
21.7919	197.818
21.7977	197.703
21.8035	197.703
21.8093	197.703
21.8151
21.821	197.818
21.8268	198.619
21.8326	198.734
21.8384	198.849
21.8442	198.619
21.85	198.504
21.8558	198.046
21.8616	197.361
21.8674	197.361
21.8732	197.133
21.879	197.703
21.8848	197.818
21.8906	196.111
21.8964	196.792
21.9022	196.451
21.908	194.644
21.9138	195.771
21.9196	193.97
21.9254	194.195
21.9312	198.619
21.9371	191.19
21.9429	199.885
21.9487	200
21.9545	200.232
21.9603	198.619
21.9661	195.885
21.9719	195.432
21.9777	195.771
21.9835	194.644
21.9893	196.111
21.9951	197.133
22.0009	197.361
22.0067	197.247
22.0125	197.019
22.0183	197.475
22.0241	196.338
22.0299
22.0357
22.0415
22.0473
22.0532
22.059
22.0648
22.0706
22.0764
22.0822
22.088
22.0938
22.0996
22.1054
22.1112
22.117
22.1228
22.1286
22.1344
22.1402
22.146
22.1518
22.1576
22.1634
22.1693
22.1751
22.1809
22.1867
22.1925
22.1983
22.2041
22.2099
22.2157
22.2215
22.2273
22.2331
22.2389
22.2447
22.2505
22.2563
22.2621
22.2679
22.2737
22.2795
22.2854
22.2912
22.297
22.3028
22.3086
22.3144
22.3202
22.326
22.3318
22.3376
22.3434
22.3492
22.355
22.3608
22.3666
22.3724
22.3782
22.384
22.3898
22.3956
22.4015
22.4073
22.4131
22.4189
22.4247
22.4305
22.4363
22.4421
22.4479
22.4537
22.4595
22.4653
22.4711
22.4769
22.4827
22.4885
22.4943
22.5001
22.5059
22.5117
22.5176
22.5234
22.5292
22.535
22.5408
22.5466
22.5524
22.5582
22.564	313.11
22.5698	298.625
22.5756	308.087
22.5814	313.291
22.5872	314.016
22.593	312.027
22.5988	312.207
22.6046	310.051
22.6104	308.799
22.6162	309.872
22.622	314.197
22.6278	316.748
22.6336	319.136
22.6395	322.099
22.6453	325.653
22.6511	327.54
22.6569	327.918
22.6627	327.162
22.6685	326.595
22.6743	333.073
22.6801	308.087
22.6859	303.144
22.6917	300.182
22.6975	298.625
22.7033	298.108	299.143
22.7091	294.514	320.244
22.7149	294.174	326.218
22.7207	296.905	331.346
22.7265	297.764	323.217
22.7323	301.921	302.619
22.7381	308.087	305.959
22.7439	305.605	305.959
22.7498	304.372	305.782
22.7556	303.845	304.021
22.7614	303.494	302.794
22.7672	302.969	302.444
22.773	302.444	302.619
22.7788	302.969	303.144
22.7846	305.429	301.746
22.7904	304.724	304.021
22.7962	295.195
22.802	292.818
22.8078	290.627
22.8136	290.124
22.8194	290.963
22.8252	291.3
22.831	292.311
22.8368	292.818
22.8426	293.495
22.8484	294.174
22.8542	296.049
22.86	296.391
22.8659	296.22
22.8717	295.878
22.8775	295.707
22.8833	295.195
22.8891	294.344
22.8949	292.987
22.9007	291.973
22.9065	291.468
22.9123	291.3
22.9181	291.3
22.9239	291.3
22.9297	290.627
22.9355	291.131
22.9413	290.459	582.263
22.9471	291.468	583.273
22.9529	292.987	584.284
22.9587	293.495	585.974	292.987
22.9645	295.195	586.651	293.326
22.9703	293.834	592.098	295.537
22.9761	291.3	595.184	303.144
22.9819	290.627	591.756	296.734
22.9878	293.665	591.415	297.42
22.9936	296.905	590.05	297.764
22.9994	299.662	591.415	298.281
23.0052	300.009	592.44	297.42
23.011	300.876	592.098	297.249
23.0168	299.489	593.468	297.936
23.0226	300.182	594.841	297.936
23.0284	297.936	594.154	297.764
23.0342	298.108	593.468	297.936
23.04	298.281	594.497	298.625
23.0458	296.391	596.217	297.764
23.0516	598.287	299.835
23.0574	594.497	298.971
23.0632	594.497	299.143	792.642
23.069	593.125	296.734	791.727
23.0748	589.709	295.707	792.642
23.0806	590.391	294.344	793.1
23.0864	590.05	295.537	791.727
23.0922	591.415	296.049	788.988
23.098	590.05	296.049	787.622
23.1039	588.348	296.563	780.376
23.1097	589.369	296.563	780.376
23.1155	592.098	296.391	773.197
23.1213	592.783	296.734	770.968
23.1271	591.756	296.391	771.859
23.1329	588.688	294.855	776.779
23.1387	588.008	295.707	782.634
23.1445	587.669	297.077	779.025
23.1503	584.96	296.563	766.527
23.1561	585.974	294.855	771.413
23.1619	585.974	295.707	752.054
23.1677	582.263	294.684	759.475
23.1735	587.669	788.532
23.1793	589.369	787.167	305.076
23.1851	589.369	766.084	301.224
23.1909	583.273	748.155	301.398	248.803
23.1967	586.99	298.108	249.234
23.2025	589.028	295.707	248.516
23.2083	294.174	254.031
23.2141	298.108	254.913
23.22	295.366	260.57
23.2258	297.42	260.119
23.2316	293.326	257.726
23.2374	296.734	256.093
23.2432	288.453	255.06
23.249	292.987	254.471
23.2548	292.311	254.766
23.2606	294.514	255.06
23.2664	291.973	255.06
23.2722	293.834	254.766
23.278	291.131	254.618
23.2838	284.318	254.766
23.2896	291.973	254.178
23.2954	296.391	253.591
23.3012	284.482	253.298
23.307	252.568
23.3128	252.13
23.3186	251.694
23.3244	251.113
23.3302	251.258
23.3361	251.258
23.3419	251.258
23.3477	251.258
23.3535	251.258
23.3593	250.823
23.3651	250.389
23.3709	249.955
23.3767	249.667
23.3825	249.234
23.3883	248.085
23.3941	248.229
23.3999	248.516
23.4057	248.372
23.4115	247.513
23.4173	246.229
23.4231	244.67
23.4289	241.58
23.4347	237.979
23.4405	247.227
23.4463	244.529
23.4522	248.659
23.458	249.378
23.4638	246.657
23.4696	246.657
23.4754
23.4812	244.953
23.487	245.094
23.4928	244.529
23.4986	245.945
23.5044	244.387
23.5102	243.683
23.516	244.529
23.5218	244.387
23.5276	244.246
23.5334	243.823
23.5392	244.387
23.545	244.529
23.5508	242.699
23.5566	241.162
23.5624	241.72
23.5683	241.999
23.5741	244.387
23.5799	246.229
23.5857	247.227
23.5915	247.513
23.5973	247.084
23.6031	245.803
23.6089	245.945
23.6147	246.657
23.6205	246.942	493.598
23.6263	247.513	494.454
23.6321	247.942	495.312
23.6379	248.229	496.457
23.6437	248.085	497.031
23.6495	248.372	496.744
23.6553	247.656	495.598
23.6611	247.227	494.169
23.6669	246.657	493.313
23.6727	245.094	489.623
23.6785	245.094	489.057
23.6844	245.519	489.057
23.6902	245.803	490.472
23.696	246.799	492.175
23.7018	246.514	491.039
23.7076	249.09	493.313
23.7134	251.113	500.488
23.7192	251.549	503.097
23.725	249.234	501.357
23.7308	249.378	499.911
23.7366	249.234	498.757
23.7424	248.372	499.045
23.7482	251.258	500.199
23.754	250.389	499.622
23.7598	249.811	499.045
23.7656	253.884	499.622
23.7714	499.333
23.7772	508.943
23.783	491.606
23.7888	492.743
23.7946	515.154
23.8005	502.226
23.8063	499.622
23.8121	496.744
23.8179	496.171
23.8237	491.606
23.8295	486.521
23.8353	496.171
23.8411	498.757
23.8469	498.757
23.8527	494.74
23.8585	515.452	224.363
23.8643	517.54	240.189
23.8701	512.483	226.97
23.8759	521.14	225.012
23.8817	524.159	223.975
23.8875	508.062	223.846
23.8933	503.388	223.975
23.8991	525.371	223.458
23.9049	542.957	224.104
23.9107	551.491	223.587
23.9166	547.365	223.458
23.9224	223.2
23.9282	222.299
23.934	222.428
23.9398	221.274
23.9456	221.402
23.9514	218.986
23.9572	220.382
23.963	221.53
23.9688	220.636
23.9746	220.636
23.9804	226.577
23.9862	229.342
23.992
23.9978
24.0036
24.0094
24.0152
24.021
24.0268
24.0327
24.0385
24.0443
24.0501
24.0559
24.0617
24.0675
24.0733
24.0791
24.0849
24.0907
24.0965
24.1023
24.1081
24.1139
24.1197
24.1255
24.1313
24.1371
24.1429
24.1488
24.1546
24.1604
24.1662
24.172
24.1778
24.1836
24.1894
24.1952
24.201
24.2068
24.2126
24.2184
24.2242
24.23
24.2358	236.472
24.2416	231.071
24.2474	232.141
24.2532	229.608
24.259	228.945
24.2649	227.758	456.57
24.2707	225.924	454.728
24.2765	225.663	454.728
24.2823	225.142	453.155
24.2881	224.104	451.326
24.2939	224.104	449.505
24.2997	223.2	447.433
24.3055	222.814	446.4
24.3113	222.942	444.856
24.3171	222.814	445.113
24.3229	223.071	444.342
24.3287	222.814	448.727
24.3345	222.556	446.142
24.3403	221.914	446.916
24.3461	221.914	445.885
24.3519	221.914	446.142
24.3577	221.658	441.273
24.3635	221.914	444.342
24.3693	222.171	445.627
24.3751	222.171	445.113
24.381	222.171	444.342
24.3868	221.786	443.829
24.3926	221.019	443.829
24.3984	220.764	444.085
24.4042	220.891	442.549
24.41	221.274	443.573
24.4158	221.658	443.573
24.4216	222.299	443.573
24.4274	222.299	443.573
24.4332	221.786	444.342
24.439	220.509	440.763
24.4448	219.492	437.213
24.4506	217.097	437.719
24.4564	215.846	431.942
24.4622	212.261	429.95
24.468	208.012	420.373
24.4738	203.261	426.734
24.4796	200.811	435.952
24.4854	199.654	434.444
24.4912	199.309
24.4971	201.043
24.5029	201.275
24.5087	199.193
24.5145
24.5203	185.961
24.5261	183.719
24.5319	191.742
24.5377	197.361
24.5435	197.703
24.5493	197.703
24.5551	198.161
24.5609	198.963
24.5667	200.232
24.5725	201.159
24.5783	201.857
24.5841	201.974
24.5899	201.974
24.5957	202.208
24.6015	202.792
24.6073	203.496	407.699
24.6132	203.967	405.585
24.619	202.792	403.249
24.6248	202.558	401.622
24.6306	201.508	401.622
24.6364	200.347	401.622
24.6422	199.424	400.926
24.648	198.734	399.539
24.6538	198.275	397.238
24.6596	198.161	395.635
24.6654	198.39	394.039
24.6712	197.818	392.222
24.677	196.451	390.414
24.6828	195.094	389.063
24.6886	193.97	388.389
24.6944	193.299	1577.06	387.717
24.7002	193.411	1584.37	387.493
24.706	193.97	1551.76	387.493
24.7118	194.756	1579.8	391.317
24.7176	195.432	390.414
24.7234	195.432	389.063
24.7293	194.419	394.95
24.7351	192.853	392.449
24.7409	190.088	401.854
24.7467	180.981	405.117
24.7525	177.872	405.117
24.7583	173.508	410.061
24.7641	189.869	394.039
24.7699	390.414
24.7757	403.715
24.7815	397.927
24.7873	391.317
24.7931	368.927
24.7989
24.8047
24.8105
24.8163
24.8221
24.8279
24.8337
24.8395
24.8454
24.8512
24.857
24.8628
24.8686
24.8744
24.8802
24.886
24.8918
24.8976
24.9034
24.9092
24.915	228.285
24.9208	233.351
24.9266	217.85
24.9324	219.492
24.9382	206.695
24.944	218.986
24.9498	218.48
24.9556	218.228
24.9615	217.976
24.9673	217.222
24.9731	216.721
24.9789	215.846
24.9847	214.108
24.9905	212.752
24.9963	203.732
25.0021	206.218
25.0079	199.078
25.0137	198.849
25.0195	202.208
25.0253	205.386
25.0311
25.0369	220.254
25.0427	229.342
25.0485	228.681
25.0543	228.417
25.0601	227.364
25.0659	227.233
25.0717	225.272
25.0776	225.272
25.0834	224.493
25.0892	223.975
25.095	223.846
25.1008	223.587
25.1066	223.587
25.1124	223.071
25.1182	221.914
25.124	221.274
25.1298	220.891
25.1356	220.127
25.1414	220.127
25.1472	220.509	221.147
25.153	221.402	222.171
25.1588	221.53	220.764
25.1646	221.019	220.764
25.1704	221.274	221.658
25.1762	221.786	222.043
25.182	221.914	222.299
25.1878	221.914	222.171
25.1937	221.402	222.043
25.1995	221.658	222.171
25.2053	222.171	222.299
25.2111	222.428	222.942
25.2169	222.814	223.071
25.2227	222.942	222.685
25.2285	222.814	222.171
25.2343	222.043	222.428
25.2401	222.556
25.2459	222.043
25.2517	221.402
25.2575	221.147
25.2633	220.891
25.2691	220.891
25.2749	220.764
25.2807	220.764
25.2865	221.019
25.2923	220.764
25.2981	220.254
25.3039	220
25.3097	219.873
25.3156	219.873
25.3214	220
25.3272	220.127
25.333	219.873
25.3388	219.492
25.3446	219.873
25.3504	220.254
25.3562	219.873
25.362	219.112
25.3678	218.48
25.3736	217.599
25.3794	215.971
25.3852	214.479
25.391	212.138
25.3968	208.735	1245.95
25.4026	204.439	1229.5
25.4084	200.811	1204.9
25.4142	196.111	1188.99
25.42	194.083	1164.53
25.4258	192.408	1155.15
25.4317	190.859	1143.86
25.4375	189.321	1130.07
25.4433	189.212	1128.11
25.4491	189.869	1133.34
25.4549	190.198	1137.27
25.4607	190.308	1137.93
25.4665	190.418	1138.58
25.4723	190.308	1144.52
25.4781	191.3	1160.5
25.4839	192.075	1170.6
25.4897	192.186	1167.22
25.4955	193.299	1130.07
25.5013	196.792	1108.73
25.5071	200.579	1110.01
25.5129	201.974	1115.15
25.5187	194.981	1126.16
25.5245	1123.56
25.5303	1111.3
25.5361	1112.58
25.542	1104.26	205.505
25.5478	1110.01	200
25.5536	1113.87	195.885
25.5594	1104.26	194.083
25.5652	1102.98	193.858
25.571	1089.05	193.97
25.5768	1117.73	194.195
25.5826	1127.46	194.869
25.5884	1148.49	196.111
25.5942	1133.99	193.188
25.6	1138.58	193.746
25.6058	1130.72	193.523
25.6116	1108.73	193.858
25.6174	1129.41	193.97
25.6232	1130.72	193.746
25.629	1106.81	192.519
25.6348	1099.17	193.746
25.6406	1069.11	193.523
25.6464	1102.34	193.411
25.6522	1097.9	193.635
25.658	1098.53	193.858
25.6639	1088.43	193.746
25.6697	1115.15	193.746
25.6755	1104.89	192.965
25.6813	1109.37	192.297
25.6871	1107.45	190.418
25.6929	1122.26	190.308
25.6987	1124.86	188.994
25.7045	1124.21	188.448
25.7103	1106.81	189.65
25.7161	1095.36	190.198
25.7219	1094.1	191.742
25.7277	1084.66	192.519
25.7335	1076.55	190.748
25.7393	1094.73	189.321
25.7451	1101.07	188.448
25.7509	1083.41	186.715
25.7567	1088.43	187.255
25.7625	1097.9
25.7683	1097.26
25.7741	1111.94
25.78	1061.72
25.7858	1072.2
25.7916	1089.05
25.7974	1113.87
25.8032	1119.67
25.809	1115.15
25.8148	1134.65
25.8206	1135.96
25.8264	1138.58
25.8322	1159.16
25.838	1141.88
25.8438	1120.97
25.8496	1130.07
25.8554	1123.56
25.8612	1108.73
25.867	1098.53
25.8728	1111.3
25.8786	1110.01
25.8844	1087.17
25.8902	1084.03
25.8961	1075.3
25.9019	1094.1	456.57
25.9077	1098.53	432.191
25.9135	1080.91	433.191
25.9193	1076.55	434.193	216.596
25.9251	1077.79	436.204	218.607
25.9309	1077.79	436.961	218.102
25.9367	437.971	217.976
25.9425	437.719	216.721
25.9483	435.197	217.222
25.9541	433.692	216.721
25.9599	431.942	216.221
25.9657	430.696	215.846
25.9715	430.199	215.846
25.9773	430.199	215.722
25.9831	429.206	215.348
25.9889	428.463	214.603
25.9947	428.71	214.603
26.0005	430.199	216.096
26.0063	432.441	217.348
26.0122	435.197	218.102
26.018	437.466	218.607
26.0238	440	219.619
26.0296	441.273	220.764
26.0354	443.316	221.402
26.0412	445.627	222.428
26.047	447.95	223.587
26.0528	449.245	224.363
26.0586	451.587	225.272
26.0644	452.631	225.924
26.0702	454.203	227.101
26.076	454.203	228.022
26.0818	456.834	228.022
26.0876	457.098	228.813
26.0934	457.891	495.026	228.945
26.0992	464.283	505.719	232.275
26.105	466.164	508.943	233.756
26.1108	466.433	506.596	233.351
26.1166	469.677	503.388	234.568
26.1224	501.646	236.336
26.1283	491.606	237.293
26.1341	491.89	241.441
26.1399	492.459	242.98
26.1457	493.598	244.811
26.1515	494.74	246.514
26.1573	495.598	247.799
26.1631	497.606	248.516
26.1689	499.333	248.516
26.1747	501.646	250.244
26.1805	501.936	250.389
26.1863	499.333	249.667
26.1921	497.893	249.378
26.1979	497.606	249.811
26.2037	499.333	250.244
26.2095	497.031	248.947
26.2153	495.598	248.803
26.2211	495.312	248.229
26.2269	494.74	247.656
26.2327	493.883	247.084
26.2385	493.028	246.942
26.2444	493.313	246.799	1234.48
26.2502	493.598	246.942	1232.35
26.256	494.454	246.942	1234.48
26.2618	495.026	247.084	1234.48
26.2676	495.598	247.513	1233.06
26.2734	496.171	247.37	1232.35
26.2792	495.312	247.227	1237.34
26.285	495.884	247.799	1248.11
26.2908	496.171	248.085	1253.16
26.2966	496.457	248.372	1244.51
26.3024	496.457	248.372	1240.92
26.3082	495.884	248.372	1240.2
26.314	495.884	248.085	1243.79
26.3198	495.312	247.942	1249.55
26.3256	494.74	247.513	1239.49
26.3314	494.169	247.227	1238.77
26.3372	493.598	246.657	1233.77
26.343	493.313	246.229	1234.48
26.3488	493.313	245.945	1234.48
26.3546	493.313	246.229	1233.06
26.3605	246.229	1232.35
26.3663	246.229	1229.5
26.3721	245.945	1228.79
26.3779	245.803	1227.37
26.3837	245.661	1223.83
26.3895	245.378	1223.83
26.3953	244.67	1219.6
26.4011	244.67	1220.31
26.4069	244.811	1228.79
26.4127	245.378	1230.92
26.4185	246.229	1233.06
26.4243	246.799	1235.91
26.4301	247.656	1235.2
26.4359	248.516	1240.2
26.4417	248.659	1252.44
26.4475	247.799	1251.72
26.4533	247.656	1235.2
26.4591	247.513	1240.92
26.4649	245.803	1235.91	508.062
26.4707	245.378	1232.35	511.595
26.4766	245.378	1230.21	511.891
26.4824	244.811	1218.19	508.355
26.4882	245.519	1224.54	495.598
26.494	244.811	1219.6	494.169
26.4998	244.387	1212.58	490.189
26.5056	244.105	1211.18	488.775
26.5114	243.542	1209.08	487.929
26.5172	243.261	1211.88	486.803
26.523	242.699	1211.88	486.241
26.5288	242.139	1220.31	486.521
26.5346	241.86	1223.13	484.838
26.5404	242.279	1213.28	483.719
26.5462	243.12	1223.13	485.399
26.552	244.105	1237.34	486.803
26.5578	244.529	1226.67	489.057
26.5636	244.811	1233.06	488.775
26.5694	245.236	1256.06	490.472
26.5752	246.229	1227.37	493.028
26.581	246.514	1223.83	493.028
26.5868	247.942	1209.08	494.169
26.5927	249.955	1197.96	500.488
26.5985	252.13	504.552
26.6043	254.031	506.596
26.6101	256.241	511.3
26.6159	255.207	508.943
26.6217	254.471	510.71
26.6275	253.884	509.531
26.6333	252.276	505.135
26.6391	250.823	500.199
26.6449	249.523	497.606
26.6507	248.085	495.598
26.6565	246.514	492.175
26.6623	245.094	488.775
26.6681	244.246	487.084
26.6739	243.823	486.241
26.6797	243.261	485.96
26.6855	243.12	485.96
26.6913	243.542	487.084
26.6971	243.823	488.211
26.7029	244.105	489.057
26.7088	244.67	489.34
26.7146	245.236	490.189
26.7204	245.803	491.89
26.7262	245.519	493.883
26.732	246.657	497.893
26.7378	249.09	498.757
26.7436	251.403	503.97
26.7494	252.276	502.226
26.7552	251.694	501.936
26.761	251.113	499.622
26.7668	250.389	498.181
26.7726	249.523	495.026
26.7784	248.229	491.039
26.7842	247.227	489.623
26.79	245.945	486.521
26.7958	245.519	483.719
26.8016	241.162	481.767
26.8074	241.72	480.933
26.8132	241.023	479.823
26.819	240.884	478.163
26.8249	241.58	480.656
26.8307	241.441	480.101
26.8365	240.745	480.933
26.8423	240.606	485.96
26.8481	242.98	489.057
26.8539	247.227	493.883
26.8597	246.514	493.313
26.8655	244.953	491.606
26.8713	244.529	488.775
26.8771	243.542	482.882
26.8829	243.823	482.882
26.8887	243.12	483.161
26.8945	243.683	485.118
26.9003	243.401	485.399
26.9061	242.84	486.241
26.9119	243.542	486.521
26.9177	244.529	488.211
26.9235	244.953	487.929
26.9293	245.519	482.603
26.9351	243.12	481.211
26.941	241.023	480.378
26.9468	240.189	481.489
26.9526	242.699	483.719
26.9584	244.953	487.084
26.9642	245.803	491.039
26.97	247.084	493.313
26.9758	247.37	493.313
26.9816	247.084	493.313
26.9874	247.084	491.606
26.9932	248.516	492.743
26.999	248.659	493.313
27.0048	245.094	489.34
27.0106	246.087	487.929
27.0164	243.683	484.558
27.0222	475.959
27.028	477.887
27.0338	475.959
27.0396	500.199
27.0454
27.0512
27.0571
27.0629
27.0687
27.0745
27.0803
27.0861
27.0919
27.0977
27.1035
27.1093
27.1151
27.1209
27.1267
27.1325
27.1383
27.1441
27.1499
27.1557
27.1615
27.1673
27.1732
27.179
27.1848
27.1906
27.1964
27.2022
27.208
27.2138
27.2196
27.2254
27.2312
27.237
27.2428
27.2486
27.2544
27.2602
27.266
27.2718
27.2776
27.2834
27.2893
27.2951
27.3009
27.3067	178.18
27.3125	176.235
27.3183	170.232
27.3241	166.825
27.3299	165.29	333.65
27.3357	163.77	319.689
27.3415	163.675	322.099
27.3473	164.149	326.595
27.3531	165.195	327.351
27.3589	165.673	333.458
27.3647	166.152	334.615
27.3705	166.056	333.073
27.3763	165.1	331.92
27.3821	162.639	331.729
27.3879	161.982	327.918
27.3937	161.702	331.154
27.3995	162.17	326.407
27.4054	168.861	311.667
27.4112	172.509	305.076
27.417	175.524	291.805
27.4228	182.661	291.805
27.4286	182.134	280.565
27.4344	187.147	271.165
27.4402	270.539
27.446	254.471
27.4518	251.839
27.4576	249.955
27.4634	244.105
27.4692	245.519
27.475
27.4808
27.4866
27.4924
27.4982
27.504
27.5098
27.5156
27.5215
27.5273
27.5331	243.683
27.5389	245.519
27.5447	238.806
27.5505	235.654
27.5563	234.703
27.5621	235.654
27.5679	238.255
27.5737	242.139
27.5795	242.419
27.5853	243.542
27.5911	244.67
27.5969	245.378
27.6027	246.657
27.6085	247.084
27.6143	247.37
27.6201	247.799
27.6259	247.799
27.6317	247.656
27.6376	247.227
27.6434	247.084
27.6492	246.514
27.655	246.372
27.6608	245.519
27.6666	245.236
27.6724	244.811
27.6782	244.811
27.684	245.236
27.6898	245.803
27.6956	246.799
27.7014	247.37
27.7072	247.513
27.713	248.229
27.7188	248.372
27.7246	248.516
27.7304	248.659
27.7362	248.803
27.742	248.947
27.7478	249.234
27.7537	249.234
27.7595	249.378
27.7653	250.1
27.7711	249.955
27.7769	249.523
27.7827	249.09
27.7885	248.803
27.7943	247.656
27.8001	246.514
27.8059	245.945
27.8117	245.378
27.8175	245.661
27.8233	245.094
27.8291	245.945
27.8349	245.519
27.8407	246.799
27.8465	246.942
27.8523	246.799
27.8581	246.657
27.8639	248.085
27.8698	248.516
27.8756	249.667
27.8814	249.955	500.199
27.8872	249.378	499.045
27.893	249.09	501.067
27.8988	249.523	499.911
27.9046	247.799	497.893
27.9104	247.513	495.598
27.9162	249.09	496.171
27.922	250.1	494.169
27.9278	247.227	497.031
27.9336	248.803	496.744
27.9394	247.942	495.884
27.9452	246.799	493.028
27.951	248.085	497.606
27.9568	247.656	496.457
27.9626	247.37	496.744
27.9684	247.227	491.89
27.9742	246.229	493.883
27.98	247.799	494.454
27.9858	249.09	497.319
27.9917	249.523	495.026
27.9975	248.803	498.181
28.0033	247.799	492.175
28.0091	247.799	495.884
28.0149	248.372	496.171
28.0207	248.803	495.598
28.0265	248.372	495.884
28.0323	248.229	494.454
28.0381	247.799	491.606
28.0439	246.799	492.175
28.0497	247.513	489.623
28.0555	247.37	493.883
28.0613	249.378	494.454
28.0671	248.803	499.622
28.0729	247.656	496.744
28.0787	246.942	495.026
28.0845	246.514	495.884
28.0903	246.657	493.598
28.0961	247.37	491.89
28.1019	249.667	508.062
28.1078	252.276	510.71
28.1136	247.942	507.768
28.1194	248.372
28.1252	247.799
28.131	248.659
28.1368	250.533
28.1426	251.694
28.1484	251.113
28.1542	251.258	276.703
28.16	251.694	275.268
28.1658	250.823	272.736
28.1716	249.811	269.915
28.1774	249.811	267.586
28.1832	246.514	266.814
28.189	248.372	266.66
28.1948	249.234	266.506
28.2006	247.656	266.353
28.2064	249.378	266.66
28.2122	251.258	266.506
28.2181	259.219	266.814
28.2239	256.538	266.506
28.2297	265.431	266.199
28.2355	266.814	266.199
28.2413	268.981	266.353
28.2471	268.515	266.506
28.2529	266.66	266.969
28.2587	267.432	266.969
28.2645	266.66	266.814
28.2703	266.199	266.814
28.2761	260.269	266.814
28.2819	257.577	267.277
28.2877	258.173	266.969
28.2935	268.205	267.432
28.2993	267.741
28.3051	268.05
28.3109	267.277
28.3167	265.738	499.045
28.3225	264.665	496.744
28.3283	263.75	524.159
28.3341	260.57	514.262
28.34	258.471	503.097
28.3458	253.884	503.388
28.3516	252.714	499.911
28.3574	250.823	500.488
28.3632	248.085	501.067
28.369	247.084	498.469
28.3748	248.085	497.606
28.3806	249.234	498.469
28.3864	251.694	499.045	270.852
28.3922	254.913	503.679	268.05
28.398	504.844	261.928
28.4038	504.844	254.766
28.4096	507.475	257.875
28.4154	509.826	255.798
28.4212	508.062	254.031
28.427	507.475	253.738
28.4328	507.182	252.276
28.4386	506.596	251.839
28.4444	506.011	251.694
28.4502	505.719	251.839
28.4561	508.943	253.006
28.4619	511.3	253.884
28.4677	513.965	254.913
28.4735	513.075	255.65
28.4793	506.011	255.502
28.4851	506.596	254.766
28.4909	506.011	252.714
28.4967	504.261	252.422
28.5025	506.011	254.031
28.5083	504.552	253.591
28.5141	504.261	252.568
28.5199	503.679	251.839
28.5257	504.844	252.13
28.5315	506.011	251.694
28.5373	505.719	251.839
28.5431	507.182	251.694
28.5489	516.942	250.1
28.5547	529.637	249.378
28.5605	528.414	247.227
28.5663	525.068	246.229
28.5722	531.476	247.084
28.578	528.414	245.378
28.5838	526.586	245.661
28.5896	525.371	247.799
28.5954	515.452	251.113
28.6012	525.978	250.678
28.607	520.237	251.403
28.6128	521.742	245.236
28.6186	525.978	243.542
28.6244	524.159	242.559
28.6302	519.937	238.944
28.636	517.54	251.403
28.6418	504.844	247.799	262.989
28.6476	505.427	251.258	253.006
28.6534	516.644	256.093	250.1
28.6592	494.74	262.534	252.568
28.665	498.181	264.665	251.694
28.6708	497.031	268.515	250.1
28.6766	502.226	263.902	249.234
28.6824	493.883	258.024	247.656
28.6883	252.13	247.084
28.6941	246.514
28.6999	246.087
28.7057	246.372
28.7115	246.229
28.7173	245.803
28.7231	245.661
28.7289	245.945
28.7347	246.229
28.7405	246.514
28.7463	247.227
28.7521	247.799
28.7579	247.799
28.7637	248.229
28.7695	248.803
28.7753	249.378
28.7811	249.955
28.7869	250.389
28.7927	250.678
28.7985	250.533
28.8044	250.389
28.8102	249.811
28.816	249.378
28.8218	248.229
28.8276	247.799
28.8334	247.37
28.8392	246.942
28.845	246.514
28.8508	246.372
28.8566	246.372
28.8624	245.236
28.8682	243.823
28.874	243.12
28.8798	243.401
28.8856	243.542
28.8914	244.387
28.8972	245.803
28.903	246.372
28.9088	246.942
28.9146	247.227
28.9205	247.799
28.9263	247.942
28.9321	247.513
28.9379	247.799
28.9437	248.229
28.9495	248.229
28.9553	248.085
28.9611	247.799
28.9669	247.084
28.9727	247.37	244.953
28.9785	246.372	244.387
28.9843	246.229	244.529
28.9901	246.514	244.387
28.9959	247.942	244.953
29.0017	243.964	245.236
29.0075	244.246	244.953
29.0133	243.964	244.67
29.0191	240.467	243.683
29.0249	249.234	244.105
29.0307	249.955	244.246
29.0366	250.823	245.519
29.0424	248.085	245.945
29.0482	248.659	247.084
29.054	248.229	247.513
29.0598	248.229	248.085
29.0656	248.516	249.09
29.0714	249.378	250.244
29.0772	250.389	250.968
29.083	251.403	251.403
29.0888	251.839	251.839
29.0946	251.694
29.1004	250.968
29.1062	249.955
29.112	248.659
29.1178	247.084
29.1236	245.378
29.1294	243.964
29.1352	242.279
29.141	241.58	480.656
29.1468	241.441	482.882
29.1527	240.328	498.757
29.1585	240.467	487.084
29.1643	241.162	481.489
29.1701	241.86	482.324
29.1759	243.542	484.838
29.1817	244.67	488.775
29.1875	246.087	491.039
29.1933	246.799	494.74
29.1991	247.656	494.169
29.2049	248.085	496.171
29.2107	248.229	496.744
29.2165	248.803	497.031
29.2223	248.803	497.893
29.2281	249.234	499.045
29.2339	249.09	498.469
29.2397	248.947	498.181
29.2455	248.372	497.606
29.2513	247.513	496.171
29.2571	246.229	492.459
29.2629	245.236	491.606
29.2688	244.387	488.493
29.2746	243.683	487.084
29.2804	243.261	486.521
29.2862	242.84	485.399
29.292	241.999	482.324
29.2978	240.884	479.546
29.3036	240.328	479.823
29.3094	243.261	484.838
29.3152	244.387	484.558
29.321	231.205	489.623
29.3268	229.74	490.472
29.3326	229.873	466.972	246.229
29.3384	223.2	472.398	247.656
29.3442	225.793	489.905	244.387
29.35	225.012	491.039	243.542
29.3558	218.859	488.493	245.945
29.3616	490.755	250.244	211.648
29.3674	499.622	252.422	209.097
29.3732	248.372	207.652
29.379	246.372	205.861
29.3849	243.683	209.459
29.3907	242.559	203.027
29.3965	243.401	201.508
29.4023	242.699	199.078
29.4081	246.514	199.654
29.4139	247.227	199.885
29.4197	246.087	201.508	434.193
29.4255	238.806	201.624	428.71
29.4313	247.37	205.386	409.824
29.4371	248.659	204.912	407.934
29.4429	248.085	205.505	409.351
29.4487	247.656	207.293	412.674
29.4545	246.799	208.735	414.586
29.4603	247.799	210.065	416.987	1040.47
29.4661	245.803	211.404	418.677	1045.9
29.4719	242.279	212.383	420.859	1050.74
29.4777	242.98	213.614	420.616	1059.27
29.4835	243.683	214.355	424.031	1066.03
29.4893	246.799	213.984	426.734	1069.11
29.4951	249.378	214.479	429.206	1070.96
29.501	246.942	213.984	430.447	1072.82
29.5068	244.811	215.472	433.942	1075.92
29.5126	216.47	435.701	1078.41
29.5184	217.222	435.952	1079.66
29.5242	217.599	435.449	1080.91
29.53	217.976	436.204	1082.78
29.5358	218.48	437.971	1084.03
29.5416	218.354	438.224	1084.66
29.5474	219.239	438.985	1088.43
29.5532	220.891	442.805	1095.36
29.559	223.458	448.209	1109.37
29.5648	225.924	453.416	1120.32
29.5706	228.022	455.517	1147.17
29.5764	230.405	458.685	1164.53
29.5822	231.606	462.142	1164.53
29.588	233.082	466.972	1149.82
29.5938	235.926	470.764	1122.91
29.5996	238.944	474.312	1091.57	725.598
29.6054	241.023	479.546	1153.81	728.117
29.6112	241.58	484.558	1153.81	731.489
29.6171	242.559	486.803	735.727
29.6229	242.419	488.493	735.302
29.6287	243.261	490.189	734.029
29.6345	243.964	490.472	740.844
29.6403	244.246	490.189	734.877
29.6461	245.661	491.322	733.181
29.6519	246.514	493.028	732.758
29.6577	246.942	492.459	738.281
29.6635	247.799	497.031	747.291
29.6693	246.372	494.454	739.134
29.6751	245.803	493.028	737.003
29.6809	246.087	492.743	736.152
29.6867	246.514	492.743	738.708
29.6925	245.945	491.322	739.134
29.6983	245.945	491.89	742.129
29.7041	246.372	494.169	742.558
29.7099	245.803	493.028	738.708
29.7157	245.945	492.175	739.562
29.7215	246.087	491.606	736.152
29.7273	246.514	490.755	738.708
29.7332	247.084	489.905	745.997
29.739	246.942	490.755	737.855
29.7448	246.087	740.844
29.7506	246.372	744.706
29.7564	245.945	746.859
29.7622	244.953	747.291
29.768	246.087	745.997
29.7738	245.378	745.566
29.7796	245.803	741.701
29.7854	244.387	736.577
29.7912	245.661	744.276
29.797	239.496	740.844
29.8028	246.942
29.8086	234.432
29.8144
29.8202
29.826
29.8318
29.8376
29.8434
29.8493
29.8551
29.8609
29.8667
29.8725
29.8783
29.8841
29.8899
29.8957
29.9015
29.9073
29.9131
29.9189
29.9247
29.9305
29.9363
29.9421
29.9479
29.9537
29.9595
29.9654
29.9712
29.977
29.9828
29.9886
29.9944
30.0002
30.006
30.0118
30.0176
30.0234
30.0292
30.035
30.0408
30.0466
