1.03329	1.26549	792.185	156.702
1.31193	1.67184	935.024	357.092
1.63701	1.92145	1104.26	460.757
1.92145	2.25234	1248.83	431.277
1.93306	2.27556	3759.59	216.894
2.322	2.64707	1190.37	149.311
2.40327	2.95474	4538.58	78.4428
2.64707	2.87927	1130.07	155.832
2.85025	3.51782	1077.17	79.7623
5.10839	5.32317	850.024	176.705
5.22449	5.79918	980.377	441.588
5.90367	6.21714	1081.53	275.749
6.01977	6.281	3303.3	140.63
6.03719	6.1707	2200.87	107.748
6.23456	7.05306	1298.86	511.273
6.52481	6.83828	2680.02	126.336
6.83828	7.08789	2567.88	144.118
7.05306	7.25043	1372.12	511.273
7.25043	7.47102	1095.36	199.26
7.35492	7.53487	4447.75	64.963
7.47102	7.61034	1248.11	207.449
7.51746	7.81351	1238.77	407.168
7.84254	8.05732	1151.15	291.767
7.92961	8.03991	7811.37	46.378
8.05732	8.30113	1212.58	127.632
8.51011	8.73651	762.112	70.0907
8.64363	9.21252	824.872	358.54
8.87002	9.11383	4106.97	105.192
9.21252	9.52599	956.327	364.598
9.36925	9.64209	3779.19	78.4039
9.49696	9.74077	1097.9	335.003
9.75238	10.0484	1231.64	204.665
9.81043	10.0136	3733.62	95.2557
10.1355	10.4141	1069.73	248.011
10.4141	10.5767	1173.98	224.515
10.5244	10.6638	1003.29	144.853
10.5767	10.7915	1094.1	213.02
10.7915	11.0469	1212.58	163.813
11.0469	11.3952	1010.85	130.862
13.1773	13.6766	965.764	166.961
13.1947	13.6707	1925.96	181.528
13.305	13.6417	2905.75	182.393
13.305	13.6417	2905.75	182.393
13.7868	14.0423	1099.8	441.458
14.1584	14.9246	1298.86	670.92
14.2977	14.9188	2599.21	179.023
15.122	15.4645	1264.8	903.222
15.4645	15.7605	1262.61	52.6361
15.6909	15.9463	1147.83	518.265
15.9463	16.1321	1234.48	518.265
15.9579	16.1321	3665.24	102.735
16.0914	16.3817	1134.65	263.399
16.3701	16.701	1094.1	395.148
16.5036	16.7242	2212.34	102.373
16.7938	17.0493	842.691	214.87
17.0551	17.4092	951.918	559.367
17.1595	17.4034	1878.71	329.27
17.415	17.6065	1074.68	160.791
17.6065	17.9955	1236.63	218.444
17.6646	17.9432	3701.41	65.8834
17.8155	18.0129	2987.44	59.0041
17.9839	18.3902	1256.79	418.234
18.3902	18.6805	1113.22	414.388
18.576	18.7559	2337.14	146.022
18.6805	18.8546	1020.83	285.653
18.7269	18.9707	4358.73	50.485
18.8546	19.139	1085.29	153.742
19.139	19.4815	1099.17	73.466
21.9835	22.5988	1283.2	1244.38
22.0938	22.622	2584.24	521.171
22.6046	22.9645	1109.37	432.042
22.7149	22.9529	4351.19	289.289
22.9819	23.5508	1226.67	358.946
23.3186	23.4928	3677.97	72.4382
23.6437	24.0327	1246.67	557.986
23.8237	24.0675	2412.58	195.317
24.0327	24.1778	1067.26	345.417
24.1778	24.6596	1083.41	377.165
24.648	24.9615	817.284	214.019
24.9789	25.2343	954.671	405.962
25.2343	25.5826	1079.04	269.119
25.5826	25.8902	1236.63	287.118
25.78	25.9425	2459.01	90.4844
25.8902	26.285	1092.83	224.53
25.9657	26.2502	3214.83	148.345
26.0005	26.1689	4266.57	99.6718
26.2385	26.6333	1087.8	219.755
26.2734	27.0396	2285.08	278.149
26.5927	27.0745	3455.53	164.881
26.6333	26.8423	1235.91	180.004
26.8423	27.1964	884.587	180.004
27.0396	27.1964	6564.76	45.5976
27.1964	27.5273	819.174	112.846
28.34	28.5547	2269.29	80.3352
28.5489	28.8334	841.718	272.353
28.903	29.5242	955.775	482.149
29.5416	29.8376	1079.66	281.163
29.8376	30.0234	1253.89	77.1162
