0.0348299	0.760454	2832.83	64.267
0.975238	1.14358	1967.56	104.544
1.2771	1.59057	2599.21	121.816
1.38739	1.49769	6706.57	58.3059
1.48027	2.27556	2429.36	397.405
3.88354	4.12735	3411.9	818.695
4.09252	4.34213	2948.01	423.178
4.34213	4.55111	2632.46	208.399
4.48145	4.6556	2889.01	446.239
4.66721	4.89361	2725.29	254.732
4.86458	4.9981	2504.88	313.547
5.10258	5.57859	2609.74	88.6549
5.50313	5.83401	3921.51	64.5825
5.57859	5.91528	1993.88	180.786
5.91528	6.08363	1898.34	62.5733
7.94122	8.28372	1873.29	240.158
8.19664	8.41143	2461.85	95.1173
8.32435	8.54494	2467.54	237.558
8.44626	8.57977	2312.96	243.324
8.6146	8.88744	2894.02	734.709
8.74812	9.14286	3593.96	119.672
8.88744	9.29959	2693.99	734.709
9.28218	9.52018	2204.69	69.5187
9.72336	10.0484	2687.77	765.078
10.0775	10.3677	2723.71	366.821
10.3329	10.478	10112.6	49.3389
10.3561	10.8611	2368.39	345.731
12.1847	12.4343	3589.81	569.467
12.5504	12.7071	3020.41	660.049
12.6258	12.8464	2850.88	708.931
12.7826	13.2238	2839.38	924.665
13.2296	13.6649	2627.9	406.984
13.4269	13.8797	2686.22	373.335
13.8449	14.0655	1885.23	104.396
14.1758	14.4951	2012.39	266.892
24.9673	25.1704	1907.14	107.111
25.1356	25.2807	10882.3	75.1129
25.1762	25.3156	1965.29	80.4969
25.2401	25.5768	2474.68	90.0308
25.2517	25.5013	5100.28	58.1262
25.6116	26.0528	2915.83	719.028
25.8206	26.0354	3932.85	152.466
26.0354	26.2037	2684.67	402.462
26.6217	26.7668	2034.6	414.889
26.8423	27.1383	2630.93	190.83
27.1964	27.8001	2339.84	276.503
27.3705	27.6027	9594.73	55.2645
29.1701	29.3268	3608.52	259.76
29.1875	29.3732	1773.27	239.711
