0.238005	0.516644	1991.57	132.153
0.684989	0.905578	2561.95	346.058
0.905578	1.03909	2516.48	324.752
2.28717	2.4381	1336.92	247.232
2.46712	2.76898	2683.11	687.338
2.90249	3.16372	1582.54	763.799
2.93152	3.11147	2173.08	376.426
3.07084	3.27401	2490.45	149.73
3.21596	3.36689	1988.13	781.822
3.33787	3.55265	1607.41	280.873
3.45977	4.00544	1492.86	763.958
3.52943	3.89515	2464.69	774.276
3.80227	3.96481	2503.43	899.944
4.47565	4.6556	1781.48	388.366
4.66721	4.78912	1840.05	647.27
4.79492	5.49732	1941.59	391.802
4.95746	5.57859	1264.8	225.937
5.26512	5.43347	2909.1	137.364
5.27673	5.49732	4092.76	191.137
5.33478	5.4683	3376.61	172.865
5.38703	5.51474	2170.57	323.623
5.46249	5.55537	9150.87	118.252
5.60181	5.80499	2951.42	154.227
5.65406	6.03138	2457.59	538.14
5.67728	6.0546	1636.46	988.824
6.03719	6.35646	2471.82	193.861
6.06041	6.42032	1983.54	636.239
6.35646	6.43773	2575.3	161.99
6.35646	6.66413	2499.1	965.31
6.42032	6.60608	1676.64	580.119
7.41297	7.63356	3062.57	229.614
7.48263	7.85415	3941.95	498.017
7.58712	7.80771	1996.18	807.088
7.72644	7.99927	1982.39	926.675
7.74966	7.99927	2902.39	1195.2
8.88744	9.16027	1120.97	324.721
8.88744	9.16027	1120.97	324.721
8.95129	9.12544	2703.34	1067.47
9.08481	9.34023	3227.85	120.806
9.29959	9.62467	1009.69	625.262
9.34023	9.60145	2545.72	631.414
10.3677	10.5941	1027.93	217.384
10.4025	10.9018	2526.68	973.868
10.5941	10.8727	4935.09	387.211
10.6289	10.8669	4008.54	126.123
10.7915	10.9308	954.12	113.839
13.1599	13.3631	1080.28	94.3873
13.543	13.7404	1225.25	744.337
13.6069	13.7404	1838.98	385.569
13.7404	14.1003	3015.18	157.572
13.7694	13.9958	3759.59	94.1988
13.8681	14.0307	1518.07	671.84
13.9146	14.0423	2460.43	131.245
14.0829	14.2454	1588.95	1191.97
14.228	14.4428	2432.17	540.049
14.2454	14.379	1669.88	1177.93
14.4486	14.6808	2020.54	994.546
14.5647	14.675	2506.33	227.229
14.7621	14.9537	1579.8	523.604
14.8143	14.9769	2579.77	749.038
15.0988	15.2381	2095.42	361.075
15.1104	15.4471	2432.17	788.032
15.1336	15.3716	1520.71	909.72
15.2381	15.389	3044.93	422.028
16.2888	16.4804	1314.71	140.47
16.4049	16.5616	1619.53	505.669
16.4804	16.7126	1301.11	699.431
16.6603	16.7822	2646.18	334.981
16.7126	17.177	1493.72	782.26
16.73	16.8693	2433.57	841.526
16.73	16.8693	2433.57	841.526
17.0899	17.3337	2457.59	1219.98
17.1595	17.3163	1659.3	707.069
17.3685	17.5775	1991.57	911.941
17.3801	17.5601	3967.07	423.913
17.6472	18.1232	2506.33	930.592
17.7052	18.0361	1672.77	766.683
18.8546	19.081	1010.27	109.26
19.2029	19.4351	1157.15	484.358
19.29	19.4235	2422.35	387.697
19.348	19.5744	1974.39	236.621
19.4351	19.8705	2922.58	214.248
19.4409	19.5686	3923.77	127.132
19.5396	19.9285	1458.76	605.265
19.7834	20.0969	2443.43	1130.59
19.9227	20.1781	1644.04	1325.45
20.271	20.4161	1978.96	537.992
20.4626	20.7644	2507.78	1274.36
20.5148	20.7354	1654.52	987.606
20.8283	21.1534	1163.85	612.58
20.8922	21.1069	2467.54	792.865
21.6932	21.8906	1986.98	157.991
21.7745	21.9022	1003.87	113.839
22.0125	22.2912	1170.6	416.922
22.0648	22.2854	1833.68	692.533
22.297	22.5814	2942.91	210.602
22.4421	22.6511	2970.23	473.071
22.4943	22.6685	1489.41	633.471
22.5059	22.7149	2481.84	819.058
22.7672	22.9587	1648.79	675.923
22.8542	23.1039	2401.45	389.663
22.9239	23.696	3108.91	772.562
22.9239	23.696	3108.91	772.562
22.9587	23.3999	1502.37	989.208
22.9936	23.6902	2437.79	927.287
23.3999	23.696	1669.88	989.208
24.3229	24.5029	1887.41	1125.92
24.439	25.2111	2290.36	1346.56
24.5551	25.3272	2929.34	1042.89
25.2111	25.4665	1984.68	1052
25.5768	25.8032	2015.88	965.776
25.6348	25.7683	2526.68	910.554
25.7741	25.9019	1900.54	854.104
25.8322	26.018	2507.78	208.864
25.9773	26.105	1753.91	331.23
26.1166	26.4243	1986.98	1242.55
26.1805	26.4301	2517.94	1043.66
26.494	26.8597	1205.59	912.369
26.581	26.7842	2190.73	792.84
26.7784	26.9293	2032.25	93.8424
27.3647	27.7072	1960.75	211.801
27.4112	27.6666	969.676	221.217
27.7885	27.9336	2034.6	560.563
27.8698	28.0207	1221.72	120.743
28.0787	28.4909	2963.38	332.878
28.1658	28.5896	2481.84	222.924
28.1716	28.4561	1489.41	402.524
28.4328	28.7231	4978.03	253.492
28.4561	28.6534	1674.71	499.459
28.4967	29.1352	2466.12	643.307
28.6534	29.1527	1486.83	499.459
28.7695	29.0772	2983.99	234.576
29.0424	29.3384	2629.42	430.034
29.0598	29.501	1973.25	490.238
29.3384	29.5068	2470.4	350.09
