0
0.00580499
0.01161
0.017415
0.02322
0.0290249
0.0348299
0.0406349
0.0464399
0.0522449
0.0580499
0.0638549
0.0696599
0.0754649
0.0812698
0.0870748
0.0928798
0.0986848
0.10449
0.110295
0.1161
0.121905
0.12771
0.133515
0.13932
0.145125
0.15093
0.156735
0.16254
0.168345
0.17415
0.179955
0.18576
0.191565
0.19737
0.203175
0.20898
0.214785
0.22059
0.226395
0.2322
0.238005
0.24381
0.249615
0.255419
0.261224
0.267029
0.272834
0.278639
0.284444
0.290249
0.296054
0.301859
0.307664
0.313469
0.319274
0.325079
0.330884
0.336689
0.342494
0.348299
0.354104
0.359909
0.365714
0.371519
0.377324
0.383129
0.388934
0.394739
0.400544
0.406349
0.412154
0.417959
0.423764
0.429569
0.435374
0.441179
0.446984
0.452789
0.458594
0.464399
0.470204
0.476009
0.481814
0.487619
0.493424
0.499229
0.505034
0.510839
0.516644
0.522449
0.528254
0.534059
0.539864
0.545669
0.551474
0.557279
0.563084
0.568889
0.574694
0.580499
0.586304
0.592109
0.597914
0.603719
0.609524	316.931
0.615329	313.653
0.621134	312.388
0.626939	312.388
0.632744	318.032
0.638549	316.748
0.644354	318.767
0.650159	307.909
0.655964	309.693
0.661769	308.799
0.667574	325.277
0.673379	312.568
0.679184	309.693
0.684989	311.307
0.690794	305.782
0.696599	313.472
0.702404	313.472
0.708209	310.23
0.714014	303.319
0.719819	287.289
0.725624	269.447
0.731429	267.741
0.737234	259.668
0.743039	282.517
0.748844	295.025
0.754649	294.174
0.760454	299.143
0.766258	287.787
0.772063	288.453
0.777868	276.863
0.783673	276.224
0.789478	287.289
0.795283	289.957
0.801088	277.023
0.806893	287.289
0.812698	276.224
0.818503	290.292
0.824308	284.153
0.830113	290.963
0.835918	277.023
0.841723
0.847528
0.853333
0.859138
0.864943
0.870748
0.876553
0.882358
0.888163
0.893968
0.899773
0.905578
0.911383
0.917188
0.922993
0.928798
0.934603
0.940408
0.946213
0.952018
0.957823
0.963628
0.969433
0.975238
0.981043
0.986848
0.992653
0.998458
1.00426
1.01007
1.01587
1.02168
1.02748
1.03329
1.03909
1.0449
1.0507
1.05651
1.06231
1.06812
1.07392
1.07973
1.08553
1.09134
1.09714
1.10295
1.10875
1.11456
1.12036
1.12617
1.13197
1.13778
1.14358
1.14939
1.15519
1.161
1.1668
1.17261
1.17841
1.18422	551.809
1.19002	584.96
1.19583	589.369
1.20163	584.622
1.20744	563.404
1.21324	586.651
1.21905	565.034
1.22485	566.995
1.23066	565.687
1.23646	569.951
1.24227	573.252
1.24807	573.915	1719.8
1.25388	578.909	1725.77
1.25968	577.907	1719.8
1.26549	580.248	1722.78
1.27129	581.59	1739.78
1.2771	586.99	1745.82
1.2829	588.348	1749.86
1.28871	591.073	1757.97
1.29451	594.154	1776.34
1.30032	592.098	1772.24
1.30612	596.906	1788.7
1.31193	600.017	1795.94
1.31773	600.711	1793.87
1.32354	603.493	1801.14
1.32934	603.144	1809.48
1.33515	605.588	1819.96
1.34095	610.505	1831.56
1.34676	610.505	1906.04
1.35256	618.313	1884.14
1.35837	616.886	1847.5
1.36417	620.818	1872.21
1.36998	626.22	1897.25
1.37578	632.035	1907.14
1.38159	624.414	1892.87
1.38739	626.944	1895.06
1.3932	629.848	1897.25
1.399	630.94	1893.96
1.40481	633.863	1897.25
1.41061	634.595	1897.25
1.41642	635.696	1900.54
1.42222	633.497	1900.54
1.42803	637.903	1906.04
1.43383	636.431	1817.86
1.43964	641.598	1850.71
1.44544	658.494	1850.71
1.45125	657.354	1879.79
1.45705	673.886	1864.66
1.46286	700.881
1.46866	658.874
1.47447	664.992
1.48027	694.033
1.48608	698.053
1.49188	686.061
1.49769	691.232
1.50349	685.269
1.5093	691.232
1.5151	702.908
1.52091	668.458
1.52671	654.701
1.53252	648.304
1.53832	651.683
1.54413
1.54993
1.55574
1.56154
1.56735	703.315
1.57315	700.881
1.57896	706.164
1.58476	706.572
1.59057	708.616
1.59637	712.309
1.60218	719.338
1.60798	719.338
1.61379	719.754
1.61959	722.253
1.6254	723.505
1.6312	725.598
1.63701	729.801
1.64281	733.181
1.64862	730.645
1.65442	732.335
1.66023	721.002
1.66603	713.133
1.67184	732.758
1.67764	716.436
1.68345	715.608
1.68925	715.608
1.69506	712.721
1.70086	710.665
1.70667	693.632
1.71247	706.572
1.71828	697.247
1.72408	697.247
1.72989	710.255
1.73569	699.264
1.7415	713.545
1.7473	710.255
1.75311	711.076
1.75891	725.598
1.76472	711.487	328.677
1.77052	705.349	340.464
1.77633	699.668	355.333
1.78213	712.309	350.643
1.78794	737.003	350.846
1.79374	350.441
1.79955	354.717
1.80535	352.878
1.81116	348.825
1.81696	343.625
1.82277	354.922
1.82857	352.674
1.83438	361.544
1.84018	357.185
1.84599	363.638
1.85179	363.009
1.8576	365.322
1.8634	360.085
1.86921	363.638
1.87501	379.957
1.88082	373.861
1.88662	364.901
1.89243	359.461
1.89823	360.709
1.90404	360.293
1.90984	359.877
1.91565	349.632
1.92145
1.92726
1.93306	1439.51
1.93887	1447.85
1.94467	1456.23
1.95048	1459.6
1.95628	1459.6
1.96209	1461.29
1.96789	1466.36
1.9737	1472.3
1.9795	1479.98
1.98531	1485.12
1.99111	1487.69
1.99692	1501.5
2.00272	1498.9
2.00853	1506.72
2.01433	1491.99
2.02014	1535.71
2.02594	1529.52
2.03175	1545.5
2.03755	1548.18
2.04336	1551.76
2.04916	1555.35
2.05497	1561.65
2.06077	1566.17
2.06658	1572.52
2.07238	1582.54
2.07819	1580.71
2.08399	1590.79
2.0898	1600.93
2.0956	1596.31
2.10141	1608.34
2.10721	1616.73
2.11302	1619.53
2.11882	1615.79
2.12463	1588.03
2.13043	1587.12
2.13624	1586.2
2.14204	1598.16
2.14785	1591.71
2.15365	1629.85
2.15946	1629.85
2.16526	1656.43
2.17107
2.17687
2.18268
2.18848	581.927
2.19429	588.008
2.20009	589.028
2.2059	590.05
2.2117	594.841
2.21751	593.468
2.22331	592.783
2.22912	598.632
2.23492	600.711
2.24073	600.711
2.24653	600.364
2.25234	602.1	354.922
2.25814	600.364	354.922
2.26395	605.588	358.839
2.26975	605.238	358.425
2.27556	609.096	370.422
2.28136	614.752	367.439
2.28717	620.459	366.167
2.29297	613.333	365.322
2.29878	611.211	366.803
2.30458	621.177	370.422
2.31039	607.691	365.533
2.31619	626.944	371.708
2.322	632.4	373.645
2.3278	633.863	371.493
2.33361	633.863	376.679
2.33941	636.431	376.897
2.34522	634.595	380.616
2.35102	639.009	381.056
2.35683	644.57	383.042
2.36263	644.57	382.379
2.36844	622.973	382.379
2.37424	645.688	382.6
2.38005	641.969	382.6
2.38585	621.177	382.6
2.39166
2.39746
2.40327
2.40907
2.41488
2.42068
2.42649
2.43229
2.4381
2.4439
2.44971
2.45551
2.46132
2.46712	414.346
2.47293	420.373
2.47873	403.249
2.48454	413.39
2.49034	410.297
2.49615	416.265
2.50195	419.403
2.50776	423.542
2.51356	427.474
2.51937	422.564
2.52517	432.441
2.53098	432.941
2.53678	434.193
2.54258	437.466	744.276
2.54839	440	745.566
2.55419	442.293	750.752
2.56	442.805	752.489
2.5658	444.856	755.974
2.57161	445.885	759.914
2.57741	448.209	761.232
2.58322	449.245	764.758
2.58902	450.024	764.317
2.59483	440.509	769.633	1827.34
2.60063	444.342	773.644	1822.07
2.60644	446.4	773.197	1785.6
2.61224	441.018	770.077	1766.11
2.61805	433.441	743.846	1767.13
2.62385	453.678	743.846	1766.11
2.62966	440	743.846	1756.95
2.63546	448.986	732.758	1753.91
2.64127	762.553	1755.94
2.64707	1752.9
2.65288	1747.84
2.65868	1770.2
2.66449	1785.6
2.67029	1746.83
2.6761	1748.85
2.6819	1764.07
2.68771	1860.35
2.69351	1901.64
2.69932	1893.96
2.70512	1913.76
2.71093	1899.44
2.71673	1941.59
2.72254	1939.35
2.72834	1946.09
2.73415	1955.1
2.73995	1961.89
2.74576	1956.23
2.75156	1957.36
2.75737	1969.84
2.76317	1883.06
2.76898	1931.53
2.77478	1891.78
2.78059	1881.97
2.78639	1889.59
2.7922	1892.87
2.798	1957.36
2.80381	1957.36
2.80961	1957.36
2.81542
2.82122
2.82703
2.83283
2.83864
2.84444
2.85025
2.85605
2.86186
2.86766
2.87347
2.87927
2.88508
2.89088
2.89669
2.90249
2.9083
2.9141
2.91991
2.92571
2.93152
2.93732
2.94313
2.94893
2.95474
2.96054
2.96635
2.97215
2.97796
2.98376
2.98957
2.99537
3.00118
3.00698
3.01279
3.01859
3.0244
3.0302
3.03601
3.04181
3.04762
3.05342
3.05923
3.06503
3.07084
3.07664
3.08245
3.08825
3.09406
3.09986
3.10567
3.11147
3.11728
3.12308
3.12889
3.13469
3.1405
3.1463
3.15211
3.15791
3.16372
3.16952
3.17533
3.18113
3.18694
3.19274
3.19855
3.20435
3.21016
3.21596
3.22177
3.22757
3.23338
3.23918
3.24499
3.25079
3.2566
3.2624
3.26821
3.27401
3.27982	1239.49
3.28562	1164.53
3.29143	1186.25
3.29723	1182.15
3.30304	1246.67
3.30884	1240.92
3.31465	1235.91
3.32045	1175.34
3.32626	1180.1
3.33206	1195.19
3.33787	1166.55
3.34367	1200.73
3.34948	1171.27
3.35528	1213.28
3.36109	1169.24
3.36689	1221.72
3.3727	1231.64
3.3785	1202.81
3.38431	1193.12
3.39011	1217.49	1334.6
3.39592	1250.99	1338.46
3.40172	1350.11
3.40753	1360.29
3.41333	1366.59
3.41914	1370.54	597.941
3.42494	1368.16	597.596
3.43075	1373.71	600.017
3.43655	1376.89	603.493
3.44236	1388.07	602.448
3.44816	1397.72	605.238
3.45397	1400.14	605.938
3.45977	1399.34	606.989
3.46558	1403.38	608.393
3.47138	1388.87	609.8
3.47719	1392.88	610.153
3.48299	1402.57	612.271
3.4888	1381.67	616.174
3.4946	1374.5	618.313
3.50041	1380.07	624.054
3.50621	1405.82	622.254
3.51202	1414.78	627.306
3.51782	1411.51	628.758
3.52363	1380.87	629.848
3.52943	1376.09	632.035
3.53524	1368.16	632.035
3.54104	1379.27	631.67
3.54685	1378.48	633.497
3.55265	1377.68	637.903
3.55846	1382.46	644.198
3.56426	1387.26	661.544
3.57007	1385.66
3.57587	1375.3
3.58168	1376.09
3.58748	1373.71
3.59329	1373.71
3.59909
3.6049
3.6107
3.61651
3.62231
3.62812
3.63392	1192.43
3.63973	1187.62
3.64553	1193.81
3.65134	1198.65
3.65714	1200.03
3.66295	1197.26
3.66875	1193.81
3.67456	1197.26
3.68036	1193.81
3.68617	1205.59
3.69197	1196.57
3.69778	1193.12
3.70358	1201.42
3.70939	1206.99
3.71519	1211.88
3.721	1217.49
3.7268	1222.42
3.73261	1228.79
3.73841	1236.63
3.74422	1235.2
3.75002	1249.55
3.75583	1245.23
3.76163	1250.27
3.76744	1250.99
3.77324	1243.79
3.77905	1225.96
3.78485
3.79066
3.79646
3.80227
3.80807
3.81388
3.81968
3.82549
3.83129
3.8371
3.8429
3.84871
3.85451
3.86032
3.86612
3.87193
3.87773
3.88354
3.88934
3.89515
3.90095
3.90676
3.91256
3.91837
3.92417
3.92998
3.93578
3.94159
3.94739
3.9532
3.959
3.96481
3.97061
3.97642
3.98222
3.98803
3.99383
3.99964
4.00544
4.01125
4.01705
4.02286
4.02866
4.03447
4.04027
4.04608
4.05188
4.05769
4.06349
4.0693
4.0751
4.08091
4.08671
4.09252
4.09832
4.10413
4.10993
4.11574
4.12154
4.12735
4.13315
4.13896
4.14476
4.15057
4.15637
4.16218
4.16798
4.17379
4.17959
4.1854
4.1912
4.19701
4.20281
4.20862
4.21442
4.22023
4.22603
4.23184
4.23764
4.24345
4.24925	1143.2
4.25506	1178.06
4.26086	1139.9
4.26667	1131.37
4.27247	1160.5
4.27828	1161.84
4.28408	1155.81
4.28989	1162.51
4.29569	1205.59
4.3015	1199.34
4.3073	1152.48
4.31311	1129.41
4.31891	1205.59
4.32472	1134.65
4.33052	1146.5
4.33633	1121.61
4.34213	1128.11
4.34794	1132.68
4.35374	1120.97
4.35955	1141.22
4.36535
4.37116
4.37696
4.38277
4.38857
4.39438
4.40018
4.40599
4.41179
4.4176
4.4234
4.42921
4.43501
4.44082
4.44662
4.45243	1200.73
4.45823	1201.42
4.46404	1201.42
4.46984	1200.73
4.47565	1204.2
4.48145	1207.68
4.48726	1208.38
4.49306	1211.88
4.49887	1221.01
4.50467	1208.38
4.51048	1231.64
4.51628	1238.05
4.52209	1244.51
4.52789	1251.72
4.5337	1266.26
4.5395	1263.34
4.54531	1273.6
4.55111	1271.39
4.55692	1276.54
4.56272	1283.94
4.56853	1296.61
4.57433	1301.11
4.58014	1304.12
4.58594	1313.19
4.59175	1313.95
4.59755	1326.91
4.60336	1307.89
4.60916	1320.8
4.61497	1320.8
4.62077	1298.86
4.62658	1318.51
4.63238	1291.38
4.63819	1291.38
4.64399	1256.79
4.6498
4.6556
4.66141
4.66721
4.67302
4.67882
4.68463
4.69043
4.69624
4.70204
4.70785
4.71365
4.71946
4.72526
4.73107
4.73687
4.74268
4.74848
4.75429
4.76009
4.7659
4.7717
4.77751
4.78331
4.78912
4.79492
4.80073
4.80653
4.81234
4.81814
4.82395
4.82975
4.83556
4.84136
4.84717
4.85297	924.819
4.85878	930.713
4.86458	937.187
4.87039	940.441
4.87619	944.251
4.882	940.984
4.8878	950.819
4.89361	953.018
4.89941	957.432
4.90522	957.432
4.91102	959.093
4.91683	959.093
4.92263	967.439
4.92844	969.117
4.93424	959.647
4.94005	961.867
4.94585	953.018
4.95166	977.55
4.95746	990.052
4.96327	964.649
4.96907	949.721
4.97487	949.721
4.98068
4.98649
4.99229
4.9981
5.0039
5.00971
5.01551
5.02132
5.02712
5.03293
5.03873	320.059
5.04454	341.449
5.05034	343.427
5.05615	320.614
5.06195	327.351
5.06776	328.677
5.07356	322.471
5.07936	317.481
5.08517	318.583
5.09097	329.818
5.09678	314.197
5.10258	324.714
5.10839	319.689
5.11419	333.843
5.12	343.229
5.1258
5.13161
5.13741
5.14322
5.14902
5.15483
5.16063
5.16644
5.17225
5.17805
5.18385
5.18966
5.19546
5.20127
5.20707
5.21288
5.21868
5.22449
5.23029
5.2361
5.2419
5.24771
5.25351
5.25932
5.26512
5.27093
5.27673
5.28254
5.28834
5.29415
5.29995
5.30576
5.31156
5.31737
5.32317
5.32898
5.33478
5.34059
5.34639
5.3522
5.358
5.36381
5.36961
5.37542
5.38122
5.38703
5.39283
5.39864
5.40444
5.41025
5.41605
5.42186
5.42766
5.43347
5.43927
5.44508
5.45088
5.45669	1219.6
5.46249	1212.58
5.4683	1213.98
5.4741	1215.38
5.47991	1185.57
5.48571	1195.19
5.49152	1203.51
5.49732	1192.43
5.50313	1193.81
5.50893	1205.59
5.51474	1223.83
5.52054	1214.68
5.52635	1243.79
5.53215	1249.55
5.53796	1257.51
5.54376	1258.24
5.54957	1261.15
5.55537	1262.61
5.56118	1264.07
5.56698	1269.19
5.57279	1269.92
5.57859	1273.6
5.5844	1314.71
5.5902	1323.09
5.59601	1314.71
5.60181	1326.91
5.60762	1333.06
5.61342	1335.37
5.61923	1342.33
5.62503	1350.89
5.63084	1376.09
5.63664	1380.07
5.64245	1378.48
5.64825	1420.51
5.65406	1429.56
5.65986	1465.52
5.66567	1451.2
5.67147	1376.09
5.67728	1384.86
5.68308	1369.75
5.68889	1354.8
5.69469
5.7005
5.7063
5.71211
5.71791
5.72372
5.72952
5.73533
5.74113
5.74694
5.75274	1682.46
5.75855	1676.64
5.76435	1696.12
5.77016	1675.67
5.77596	1684.41
5.78177	1689.28
5.78757	1684.41
5.79338	1681.49
5.79918	1679.55
5.80499	1679.55
5.81079	1676.64
5.8166	1668.91
5.8224	1665.06
5.82821	1662.18
5.83401	1659.3
5.83982	1658.34	1525.11
5.84562	1657.39	1530.4
5.85143	1645.94	1536.6
5.85723	1645.94	1539.27
5.86304	1563.46	1562.56
5.86884	1565.27	1543.72
5.87465	1549.97	1549.97
5.88045	1551.76	1559.85
5.88626	1555.35	1558.05
5.89206	1558.05	1559.85
5.89787	1554.45	1556.25
5.90367	1641.19	1550.87
5.90948	1595.39	1587.12
5.91528	1644.04	1644.04
5.92109	1634.57	1634.57
5.92689	1642.14	1642.14
5.9327	1645.94	1645.94	1396.11
5.9385	1648.79	1648.79	1388.07
5.94431	1648.79	1648.79	1409.88
5.95011	1643.09	1643.09	1397.72
5.95592	1642.14	1642.14	1393.69
5.96172	1642.14	1446.17
5.96753	1649.74	1442.84
5.97333	1649.74	1384.06
5.97914	1641.19	1386.46
5.98494	1555.35	1392.08
5.99075	1521.59	1392.08
5.99655	1570.7	1394.49
6.00236	1529.52	1403.38
6.00816	1577.06	1404.19
6.01397	1373.71
6.01977	1326.15
6.02558	1310.16
6.03138	1300.36
6.03719	1295.11
6.04299	1304.87
6.0488	1304.87
6.0546	1274.33
6.06041	1250.27
6.06621	1245.95
6.07202	1249.55
6.07782	1247.39
6.08363	1240.92
6.08943	1238.05
6.09524	1233.77
6.10104	1227.37
6.10685	1219.6
6.11265	1213.28
6.11846	1221.72
6.12426	1243.07
6.13007	1253.16
6.13587	1253.16
6.14168	1253.16
6.14748	1253.16
6.15329
6.15909
6.1649
6.1707
6.17651
6.18231
6.18812
6.19392
6.19973
6.20553
6.21134
6.21714
6.22295
6.22875
6.23456
6.24036
6.24617
6.25197
6.25778
6.26358
6.26939
6.27519
6.281
6.2868
6.29261
6.29841
6.30422
6.31002
6.31583
6.32163
6.32744
6.33324
6.33905
6.34485
6.35066
6.35646
6.36227
6.36807
6.37388
6.37968
6.38549
6.39129
6.3971
6.4029
6.40871
6.41451
6.42032
6.42612
6.43193
6.43773
6.44354
6.44934
6.45515
6.46095
6.46676
6.47256
6.47837
6.48417
6.48998
6.49578
6.50159
6.50739
6.5132
6.519
6.52481
6.53061
6.53642
6.54222
6.54803
6.55383
6.55964
6.56544
6.57125
6.57705
6.58286
6.58866
6.59447
6.60027
6.60608
6.61188
6.61769
6.62349
6.6293
6.6351
6.64091
6.64671
6.65252
6.65832
6.66413
6.66993
6.67574
6.68154
6.68735
6.69315
6.69896
6.70476
6.71057	1757.97
6.71637	1754.92
6.72218	1640.24
6.72798	1657.39
6.73379	1657.39
6.73959	1652.61
6.7454	1648.79
6.7512	1649.74
6.75701	1627.97
6.76281	1612.06
6.76862	1592.63
6.77442	1577.98
6.78023	1581.63
6.78603	1577.06
6.79184	1564.36
6.79764	1569.79
6.80345	1559.85
6.80925	1553.56
6.81506	1554.45
6.82086	1550.87
6.82667	1535.71
6.83247	1518.95
6.83828	1499.77
6.84408	1518.07
6.84989	1515.45
6.85569	1504.11	1606.49
6.8615	1529.52	1583.45
6.8673	1523.34	1585.29
6.87311	1511.95	1592.63
6.87891	1490.27	1627.97
6.88472	1558.05	1627.97
6.89052	1572.52	1626.09
6.89633	1568.89	1642.14
6.90213	1552.66	1604.63
6.90794	1550.87	1604.63	1468.91
6.91374	1550.87	1604.63	1453.71
6.91955	1553.56	1604.63	1445.34
6.92535	1599.08	1622.34	1440.34
6.93116	1599.08	1622.34	1432.04
6.93696	1686.36	1406.63
6.94277	1687.33	1433.7
6.94857	1668.91	1422.97
6.95438	1410.7
6.96018	1392.88
6.96599	1385.66
6.97179	1384.06
6.9776	1368.96
6.9834	1379.27
6.98921	1363.43
6.99501	1361.07
7.00082	1364.22
7.00662	1348.55
7.01243	1321.56
7.01823	1313.95
7.02404	1314.71
7.02984	1307.89
7.03565	1301.86
7.04145	1308.65
7.04726	1359.5
7.05306	1365.01
7.05887	1361.07
7.06467	1384.06
7.07048	1384.06
7.07628	1437.02
7.08209	1400.14
7.08789
7.0937
7.0995
7.10531
7.11111
7.11692
7.12272
7.12853
7.13433
7.14014	438.985
7.14594	438.985
7.15175	439.492
7.15755	442.038
7.16336	436.456
7.16916	451.326
7.17497	448.209
7.18077	449.505
7.18658	452.631
7.19238	462.676	634.962
7.19819	443.573	624.414
7.20399	450.545	626.22
7.2098	444.599	628.394
7.2156	439.492	630.212
7.22141	422.808	634.229
7.22721	424.276	636.431
7.23302	427.474	637.903
7.23882	427.474	637.903
7.24463	425.012	635.696
7.25043	430.199	636.431
7.25624	428.71	636.798
7.26204	427.721	633.497
7.26785	427.227	629.484
7.27365	425.012	628.031
7.27946	421.345	628.394
7.28526	419.403	628.031
7.29107	418.435	627.669
7.29687	415.545	621.895
7.30268	412.198	621.895
7.30848	430.447	623.333	1244.51
7.31429	448.727	617.242	1247.39
7.32009	458.42	622.973	1247.39
7.3259	458.685	628.394	1245.95
7.3317	460.543	624.414	1251.72
7.33751	456.57	625.497	1258.97
7.34331	460.277	622.254	1243.07
7.34912	466.433	609.096	1260.42
7.35492	468.052	632.765	1270.66
7.36073	461.076	628.758	1261.88
7.36653	469.406	632.765	1266.26
7.37234	624.414	1256.79
7.37814	633.863	1261.88
7.38395	630.94	1260.42
7.38975	630.94	1264.8
7.39556	635.329	1269.92
7.40136	637.535	1274.33
7.40717	641.969	1272.86
7.41297	636.798	1265.53
7.41878	636.798	1265.53
7.42458	638.64	1279.5
7.43039	636.431	1297.36
7.43619	642.34	1288.4
7.442	636.798	1275.07
7.4478	629.121	1266.26
7.45361	630.212	1266.26
7.45941	633.131	1282.46
7.46522	638.271	1302.61
7.47102	639.748	1272.86
7.47683	629.121	1266.26
7.48263	626.944	1261.15
7.48844	625.136	1257.51
7.49424	627.306	1253.89
7.50005	626.944	1249.55
7.50585	624.414	1249.55
7.51166	638.64	1282.46
7.51746	614.397	1227.37
7.52327	611.564	1235.2
7.52907	617.956	1233.77
7.53487	615.462	1233.77
7.54068	615.462	1236.63
7.54648	614.042	1224.54
7.55229	610.858	1228.79
7.55809	618.313	1241.64
7.5639	608.042	1252.44
7.56971	638.271	1278.76
7.57551	632.4	1268.46
7.58132	633.863	1273.6
7.58712	631.67	1267.73
7.59293	633.131	1269.19
7.59873	644.57	1288.4
7.60454	640.857	1292.12
7.61034	637.903	1281.71
7.61615	634.595	1265.53
7.62195	632.035	1266.26
7.62776	629.121	1249.55
7.63356	632.765	1271.39
7.63936	626.582	1251.72
7.64517	621.535	1240.2
7.65097	619.028	1225.25
7.65678	613.333	1224.54
7.66258	617.956	1235.2
7.66839	625.859	1250.99
7.67419	624.414	1250.27
7.68	635.696	1283.2
7.6858	616.174	1224.54
7.69161	626.22	1267.73
7.69741	626.22	1259.7
7.70322	624.775	1254.61
7.70902	617.242	1230.21
7.71483	621.535	1227.37
7.72063	620.101	1247.39
7.72644	616.174	1240.92
7.73224	617.599	1253.89
7.73805	600.711	1252.44
7.74385	604.19	1228.79
7.74966	606.288	1217.49
7.75546	618.67	1238.77
7.76127	602.796	1233.77
7.76707	603.493	1193.81
7.77288	584.622	1219.6
7.77868	580.583	1160.5
7.78449	572.921	1139.9
7.79029	562.429	1121.61
7.7961	556.611	1114.51
7.8019	549.9	1092.2
7.80771	537.962	1074.06
7.81351	534.863	1065.41
7.81932	530.862	1055
7.82512	526.891	1050.74
7.83093	526.891	1053.78
7.83673	525.068	1050.74
7.84254	526.891	1053.78
7.84834	527.805	1066.03
7.85415	528.109	1059.89
7.85995	527.5	1058.66
7.86576	528.414	1058.66
7.87156	529.637	1061.72
7.87737	529.943	1058.05
7.88317	527.5	1053.78
7.88898	522.647	1048.32
7.89478	519.937	1039.87
7.90059	516.047
7.90639	512.779
7.9122	507.768
7.918	499.911
7.92381	494.454
7.92961	483.719	318.767
7.93542	478.44	322.099
7.94122	479.546	320.614
7.94703	476.509	318.032
7.95283	476.784	315.652
7.95864	485.399	320.059
7.96444	485.96	320.984
7.97025	489.057	324.339
7.97605	488.211	327.729
7.98186	502.807	334.229
7.98766	506.304	338.699
7.99347	509.826	342.239
7.99927	513.965	338.895
8.00508	519.637	345.816
8.01088	525.978	346.816
8.01669	520.538	341.646
8.02249	525.068	344.818
8.0283	528.414	353.082
8.0341	535.791	357.391
8.03991	540.141	360.501
8.04571	541.391	355.333
8.05152	537.341	358.632
8.05732	530.555	362.589
8.06313	527.195	361.126
8.06893	532.09	353.49
8.07474	534.246	357.598
8.08054	533.937	355.333
8.08635	537.03	360.709
8.09215	542.33
8.09796	546.733
8.10376	554.045
8.10957	552.128
8.11537	548.948
8.12118	558.544
8.12698	554.686
8.13279	554.045
8.13859	549.265
8.1444	543.898
8.1502	540.141
8.15601	535.791	1264.8
8.16181	522.044	1270.66
8.16762	522.949	1269.19
8.17342	511.891	1272.13
8.17923	518.737	1270.66
8.18503	505.427	1268.46
8.19084	519.937	1257.51
8.19664	531.783	1275.07
8.20245	539.518	1280.97
8.20825	544.842	1260.42
8.21406	1261.15
8.21986	1256.79
8.22567	1264.07
8.23147	1257.51
8.23728	1243.07
8.24308	1240.2
8.24889	1239.49
8.25469	1239.49
8.2605	1242.35
8.2663	1240.92	619.028
8.27211	1235.2	622.973
8.27791	1234.48	615.107
8.28372	1233.06	614.752
8.28952	1236.63	618.313
8.29533	1250.99	624.775
8.30113	1267.73	630.94
8.30694	1270.66	631.67
8.31274	1264.07	629.484
8.31855	1253.16	629.121
8.32435	1248.11	625.859
8.33016	1245.23	624.054
8.33596	1243.07	620.818
8.34177	1243.07	625.859
8.34757	1254.61	623.333
8.35338	1258.97	626.944
8.35918	1234.48	629.484
8.36499	1218.19	622.973
8.37079	1201.42	630.212
8.3766	1269.19	630.94
8.3824	1266.99	634.229
8.38821	1250.99	637.166
8.39401	1279.5	636.431
8.39982	1269.19	635.329
8.40562	1270.66	635.696
8.41143	1291.38	643.826
8.41723	1302.61	641.598
8.42304	1290.63	639.748
8.42884	1274.33	633.131
8.43465	1240.92	633.863
8.44045	1228.79	617.956
8.44626	1243.07	627.669
8.45206	1221.01	623.693
8.45787	1218.9	617.956
8.46367	1224.54	620.101
8.46948	1211.88	606.288
8.47528	1230.21	616.886
8.48109	1226.67	615.107
8.48689	1230.92	617.599
8.4927	1242.35	621.535
8.4985	1250.99	624.414
8.50431	1262.61	632.035
8.51011	1264.07	629.484
8.51592	1266.99	633.497
8.52172	1284.68	639.748
8.52753	1304.12	647.555
8.53333	1292.12	644.198
8.53914	1290.63	641.228
8.54494	1283.2	641.228
8.55075	1278.76	637.166
8.55655	1272.86	636.431
8.56236	1269.92	633.131
8.56816	1232.35	631.305
8.57397	1266.26	633.131
8.57977	1259.7	629.121
8.58558	1230.21	621.895
8.59138	1229.5	616.886
8.59719	1240.2	621.535
8.60299	1233.06	613.687
8.6088	1233.77	614.042
8.6146	1261.15	625.859
8.62041	1249.55	621.535
8.62621	1256.06	611.564
8.63202	1230.21	612.271
8.63782	1241.64	617.599
8.64363	1243.79	622.254
8.64943	1252.44	624.054
8.65524	1261.88	624.775
8.66104	1255.34	624.775
8.66685	1252.44	623.693
8.67265	1235.91	617.242
8.67846	1198.65	598.632
8.68426	1212.58	607.691
8.69007	1216.79	609.096
8.69587	1246.67	622.973
8.70168	1239.49	618.67
8.70748	1236.63	615.818
8.71329	1233.77	617.242
8.71909	1240.92	622.254
8.7249	1256.79	618.313
8.7307	1261.88	626.22
8.73651	1263.34	635.696
8.74231	1264.8	620.459	713.133
8.74812	1251.72	619.028	712.309
8.75392	1258.24	624.054	692.031
8.75973	1233.77	617.956	684.873
8.76553	1250.99	620.818	685.665
8.77134	1247.39	619.743	688.443
8.77714	1268.46	634.229	693.231
8.78295	1241.64	637.166	703.721
8.78875	1228.08	663.457	691.631
8.79456	1249.55	681.322	695.638
8.80036	1250.99	651.307	690.035
8.80617	695.236
8.81197	697.247
8.81778	702.097
8.82358	702.908
8.82939	707.389
8.83519	707.389
8.841	709.435
8.8468	711.076
8.85261	714.369
8.85841	709.025
8.86422	726.017
8.87002	728.959	1458.76
8.87583	732.335	1461.29
8.88163	735.302	1469.75
8.88744	739.134	1476.56
8.89324	739.989	1479.98
8.89905	742.987	1483.4
8.90485	743.416	1487.69
8.91066	741.272	1489.41
8.91646	740.844	1492.86
8.92227	747.291	1497.17
8.92807	752.054	1502.37
8.93388	754.665	1507.59
8.93968	753.794	1515.45
8.94549	755.538	1513.7
8.95129	759.475	1517.2
8.9571	758.161	1517.2
8.9629	769.633	1550.87
8.96871	760.793	1494.58
8.97451	758.161	1527.75
8.98032	758.599	1533.94
8.98612	763.434	1534.83
8.99193	763.434	1537.49
8.99773	758.161	1533.94
9.00354	766.084	1546.4
9.00934	748.155	1537.49
9.01515	1540.15
9.02095	1553.56
9.02676	1551.76
9.03256	1549.97
9.03837	1558.95
9.04417	1557.15
9.04998	1522.46
9.05578	1520.71
9.06159	1567.98
9.06739	1567.98
9.0732	1549.08
9.079	1549.08
9.08481	1552.66
9.09061	1525.99
9.09642	1554.45
9.10222	1561.65
9.10803	1556.25
9.11383	1549.08
9.11964	1527.75
9.12544	1540.15
9.13125	1553.56
9.13705	1557.15
9.14286	1557.15
9.14866	1552.66
9.15447	1537.49	770.968
9.16027	1525.99	770.968
9.16608	1529.52	763.434
9.17188	1542.83	765.642
9.17769	1536.6	769.633
9.18349	1533.05	766.527
9.1893	1529.52	764.758
9.1951	1528.63	761.232
9.20091	1524.22	760.353
9.20671	1519.83	759.475
9.21252	1519.83	758.599
9.21832	1518.95	758.599
9.22413	1513.7	757.723
9.22993	1509.33	755.974
9.23574	1508.46	752.924
9.24154	1504.98	752.489
9.24735	1496.31	751.186
9.25315	1485.97	747.723
9.25896	1494.58	745.997
9.26476	1514.57	745.997
9.27057	1467.21	738.281
9.27637	1460.45	731.489
9.28218	1453.71	725.598
9.28798	1456.23	726.437
9.29379	1448.68	724.342
9.29959	1453.71	717.678
9.3054	1422.97	705.756
9.3112	1400.95	698.86
9.31701	1387.26	691.631
9.32281	1393.69	694.033
9.32862	1337.69	674.275	1437.02
9.33442	1333.83	672.719	1528.63
9.34023	1331.52	672.719	1499.77
9.34603	1315.47	666.53	1522.46
9.35184	1307.14	652.813	1525.11
9.35764	1295.86	646.434	1461.29
9.36345	1277.28	638.271	1476.56
9.36925	1248.83	626.582	1498.9
9.37506	1235.91	620.818	1523.34
9.38086	1233.06	615.462	1506.72
9.38667	1226.67	611.211	1495.45
9.39247	1197.96	598.632	1519.83
9.39828	1185.57	594.497	1517.2
9.40408	1181.46	589.709	1501.5
9.40989	1163.85	582.599	1499.77
9.41569	1141.88	574.91	1493.72
9.4215	1128.76	568.964	1504.98
9.4273	1122.26	566.014	1516.32
9.43311	1120.97	560.807	1536.6
9.43891	1112.58	562.429	1512.82
9.44472	1119.67	565.034	1498.9
9.45052	1113.87	583.61	1487.69
9.45633	1108.09	583.947	1474.86
9.46213	1094.1	557.899	1481.69
9.46794	1093.47	557.577	1511.95
9.47374	1088.43	1527.75
9.47955	1105.53	1514.57
9.48535	1079.66	1516.32
9.49116	1069.73	1509.33
9.49696	1529.52
9.50277	1532.17
9.50857	1539.27
9.51438	1461.29
9.52018	1525.99
9.52599	1531.28
9.53179	1527.75
9.5376	1522.46
9.5434	1518.07
9.54921	1508.46
9.55501	1522.46
9.56082	1529.52
9.56662	1537.49
9.57243	1508.46
9.57823	1501.5
9.58404	1497.17
9.58984	1511.08
9.59565	1528.63
9.60145	1536.6
9.60726	1531.28
9.61306	1544.61
9.61887	1543.72
9.62467	1535.71
9.63048	1513.7
9.63628	1508.46
9.64209	1519.83
9.64789	1525.11
9.6537	1514.57
9.6595	1544.61
9.66531	1532.17
9.67111	1472.3
9.67692	1537.49
9.68272	1534.83
9.68853	1531.28
9.69433	1533.05
9.70014
9.70594
9.71175
9.71755
9.72336
9.72916
9.73497
9.74077
9.74658
9.75238
9.75819
9.76399
9.7698
9.7756
9.78141
9.78721
9.79302
9.79882
9.80463
9.81043
9.81624
9.82204
9.82785
9.83365
9.83946
9.84526
9.85107
9.85687
9.86268
9.86848
9.87429
9.88009
9.8859
9.8917
9.89751
9.90331
9.90912
9.91492
9.92073
9.92653
9.93234
9.93814
9.94394
9.94975
9.95555
9.96136
9.96716
9.97297
9.97878
9.98458
9.99039
9.99619
10.002
10.0078
10.0136
10.0194
10.0252
10.031
10.0368
10.0426
10.0484
10.0542
10.06
10.0659
10.0717
10.0775
10.0833
10.0891
10.0949
10.1007
10.1065
10.1123
10.1181
10.1239
10.1297
10.1355
10.1413
10.1471
10.1529
10.1587
10.1645
10.1703
10.1761
10.1819
10.1878
10.1936
10.1994
10.2052
10.211
10.2168
10.2226
10.2284
10.2342
10.24
10.2458
10.2516
10.2574
10.2632
10.269
10.2748
10.2806
10.2864
10.2922
10.298
10.3039
10.3097
10.3155
10.3213
10.3271
10.3329
10.3387
10.3445
10.3503
10.3561
10.3619
10.3677
10.3735
10.3793
10.3851
10.3909
10.3967
10.4025
10.4083
10.4141
10.42
10.4258
10.4316
10.4374
10.4432
10.449
10.4548
10.4606
10.4664
10.4722
10.478
10.4838
10.4896
10.4954
10.5012
10.507
10.5128
10.5186
10.5244
10.5302
10.5361
10.5419
10.5477
10.5535
10.5593
10.5651
10.5709
10.5767
10.5825
10.5883
10.5941
10.5999
10.6057
10.6115
10.6173
10.6231
10.6289
10.6347
10.6405
10.6463
10.6522
10.658
10.6638
10.6696
10.6754
10.6812
10.687
10.6928
10.6986
10.7044
10.7102
10.716
10.7218
10.7276
10.7334
10.7392
10.745
10.7508
10.7566
10.7624
10.7683
10.7741
10.7799
10.7857
10.7915
10.7973
10.8031
10.8089
10.8147
10.8205
10.8263
10.8321
10.8379
10.8437
10.8495
10.8553
10.8611
10.8669
10.8727
10.8785	575.242
10.8844	583.947
10.8902	584.622
10.896	589.369
10.9018	595.872
10.9076	593.811
10.9134	597.596
10.9192	598.978
10.925	599.671
10.9308	600.364
10.9366	603.144
10.9424	594.154
10.9482	599.324
10.954	604.19
10.9598	607.691
10.9656	606.989
10.9714	625.136
10.9772	630.94
10.983	628.031	1256.79
10.9888	630.576	1262.61
10.9946	633.131	1266.26
11.0005	635.696	1268.46
11.0063	634.962	1271.39
11.0121	636.063	1272.13
11.0179	636.798	1273.6
11.0237	637.166	1275.07
11.0295	638.64	1275.07
11.0353	634.962	1272.86
11.0411	636.431	1269.92
11.0469	635.696	1268.46
11.0527	630.576	1266.26
11.0585	630.94	1263.34
11.0643	629.484	1274.33
11.0701	628.031	1273.6
11.0759	642.34	1265.53
11.0817	625.136	1261.88
11.0875	622.613	1249.55
11.0933	619.028	1248.83
11.0991	620.818	1248.11
11.1049	623.333	1247.39
11.1107	617.956	1236.63
11.1166	615.818	1225.25
11.1224	613.333	1230.21
11.1282	619.028	1242.35
11.134	1230.21	1274.33
11.1398	1282.46
11.1456	1270.66
11.1514	1272.86
11.1572	1272.13
11.163	1271.39
11.1688	1272.86
11.1746	1274.33
11.1804	1274.33
11.1862	1276.54
11.192	1275.81
11.1978	1278.02	1915.97
11.2036	1280.24	1923.73
11.2094	1283.94	1922.62
11.2152	1285.42	1934.88
11.221	1285.42	1920.4
11.2268	1284.68	1922.62
11.2327	1284.68	1920.4
11.2385	1280.97	1922.62
11.2443	1280.24	1921.51
11.2501	1276.54	1928.18
11.2559	1274.33	1928.18
11.2617	1269.92	1913.76
11.2675	1259.7	1899.44
11.2733	1248.83	1898.34
11.2791	1238.77	1872.21
11.2849	1221.01	1861.43
11.2907	1214.68	1913.76
11.2965	1225.96	1893.96
11.3023	1227.37	1893.96
11.3081	1228.08	1893.96
11.3139	1226.67	1893.96
11.3197	1223.13
11.3255	1218.19
11.3313	1228.79
11.3371	1238.05
11.3429	1221.72
11.3488	1209.08
11.3546	1261.88
11.3604	1272.86
11.3662	1278.76
11.372	1276.54
11.3778	1283.2
11.3836	1287.65
11.3894	1287.65
11.3952	1268.46	1273.6
11.401	1263.34	1266.99
11.4068	1260.42	1264.8
11.4126	1261.15	1261.15
11.4184	1252.44	1263.34
11.4242	1235.2	1247.39
11.43	1229.5	1229.5
11.4358	1232.35	1231.64
11.4416	1239.49	1239.49
11.4474	1247.39	1243.79
11.4532	1248.11	1246.67
11.459	1254.61	1234.48
11.4649	1288.4	1275.07
11.4707	1265.53	1264.8
11.4765	1255.34	1255.34
11.4823	1248.11	1248.11
11.4881	1243.07	1242.35
11.4939	1247.39	1246.67
11.4997	1250.27
11.5055	1250.27
11.5113	1245.95
11.5171	1248.11	598.287
11.5229	1238.05	594.497
11.5287	1235.2	589.369
11.5345	1236.63	608.393
11.5403	1248.83	605.588
11.5461	1229.5	596.217
11.5519	1250.27	588.008
11.5577	1190.37	583.61
11.5635	1173.98	572.26
11.5693	1128.11	572.59
11.5751	562.429
11.581	568.635
11.5868	575.907
11.5926	579.913
11.5984	588.688	1740.79
11.6042	581.255	1737.78
11.61	579.244	1736.77
11.6158	577.907	1740.79
11.6216	585.636	1749.86
11.6274	583.273	1760
11.6332	591.073	1771.22
11.639	588.008	1775.32
11.6448	591.415	1771.22
11.6506	592.783	1771.22
11.6564	593.125	1771.22
11.6622	598.632	1782.51
11.668	603.493	1800.1
11.6738	590.05	1800.1
11.6796	568.964	1788.7
11.6854	582.936	1825.23
11.6912	605.238	1780.45
11.6971	603.842
11.7029	603.144
11.7087	596.561
11.7145	599.671
11.7203	584.96
11.7261	569.951
11.7319
11.7377	328.297
11.7435	324.339
11.7493	326.595
11.7551	325.089
11.7609	317.664
11.7667	323.404
11.7725	320.429
11.7783	330.009
11.7841	327.54
11.7899	320.059
11.7957	321.727
11.8015	321.17
11.8073	326.03
11.8132	318.767
11.819	326.03
11.8248	320.429
11.8306	310.23
11.8364	304.548
11.8422	298.453
11.848	308.087
11.8538	324.902
11.8596	318.767
11.8654	325.653
11.8712	320.799
11.877
11.8828
11.8886
11.8944
11.9002
11.906
11.9118
11.9176
11.9234
11.9293
11.9351
11.9409
11.9467
11.9525
11.9583
11.9641
11.9699
11.9757
11.9815
11.9873
11.9931
11.9989
12.0047
12.0105
12.0163
12.0221
12.0279
12.0337
12.0395
12.0454
12.0512
12.057
12.0628
12.0686
12.0744
12.0802
12.086
12.0918
12.0976
12.1034
12.1092
12.115
12.1208
12.1266
12.1324
12.1382
12.144
12.1498
12.1556
12.1615
12.1673
12.1731
12.1789
12.1847
12.1905
12.1963
12.2021
12.2079
12.2137
12.2195
12.2253
12.2311
12.2369
12.2427
12.2485
12.2543
12.2601
12.2659
12.2717
12.2776
12.2834
12.2892
12.295
12.3008
12.3066
12.3124
12.3182
12.324
12.3298
12.3356
12.3414
12.3472
12.353
12.3588
12.3646
12.3704
12.3762
12.382
12.3878
12.3937
12.3995
12.4053
12.4111
12.4169
12.4227
12.4285
12.4343
12.4401
12.4459
12.4517
12.4575
12.4633
12.4691
12.4749	577.907
12.4807	576.573
12.4865	604.54
12.4923	587.33
12.4981	594.841
12.5039	607.34
12.5098	608.393
12.5156	605.938
12.5214	633.131
12.5272	603.144
12.533	608.744
12.5388	598.287
12.5446	612.979
12.5504	598.632
12.5562	608.744
12.562	616.886
12.5678	654.323
12.5736	624.054
12.5794	614.042
12.5852	613.333
12.591	618.313
12.5968	615.462
12.6026	617.242
12.6084	616.174
12.6142	616.53
12.62	616.886
12.6258	611.211
12.6317	615.818	716.849
12.6375	615.818	720.17
12.6433	615.818	719.754
12.6491	601.405	728.538
12.6549	601.405	732.335
12.6607	576.573	734.877
12.6665	739.134
12.6723	742.558
12.6781	727.697
12.6839	730.223
12.6897	744.706
12.6955	733.605
12.7013	746.428
12.7071	747.723
12.7129	754.665
12.7187	753.359
12.7245	759.475
12.7303	755.974
12.7361	752.489
12.742	758.599
12.7478	764.317
12.7536	760.793
12.7594	744.706
12.7652	772.305
12.771	768.3
12.7768	767.413
12.7826	765.2
12.7884	774.091
12.7942	770.968
12.8	774.538
12.8058	747.291
12.8116	761.672
12.8174	772.305
12.8232	761.672
12.829	774.538
12.8348	774.986
12.8406	772.751
12.8464	770.522
12.8522	773.197
12.858	782.634
12.8639	786.713
12.8697	783.538	772.305
12.8755	768.744	770.968
12.8813	773.197	773.644
12.8871	773.197	772.305
12.8929	784.897	769.633
12.8987	784.897	773.197
12.9045	772.751	775.434
12.9103	772.305	769.633
12.9161	753.794	774.986
12.9219	776.33	778.575
12.9277	769.633	775.434
12.9335	759.475	772.751
12.9393	770.077	772.751
12.9451	770.522
12.9509	768.744
12.9567	768.744
12.9625	767.413
12.9683	767.857
12.9741	765.2
12.98	764.758
12.9858	761.232
12.9916	758.599
12.9974	758.161
13.0032	754.665
13.009	752.054
13.0148	755.974
13.0206	751.186
13.0264	743.416
13.0322	741.701
13.038	744.706
13.0438	742.129
13.0496	738.281
13.0554	751.186
13.0612	726.856
13.067	752.924
13.0728	749.452
13.0786	738.281
13.0844	698.86
13.0902	723.505
13.0961	693.632
13.1019	682.11
13.1077	675.444
13.1135	685.269
13.1193	667.686
13.1251	667.686
13.1309	657.354
13.1367	643.454
13.1425	644.57
13.1483	646.061
13.1541	641.228
13.1599	622.254
13.1657	637.903
13.1715	629.848
13.1773	605.588
13.1831	605.588
13.1889	616.886
13.1947	614.752
13.2005	616.886
13.2063	619.743
13.2122	619.743
13.218	613.333
13.2238	595.184
13.2296
13.2354
13.2412
13.247
13.2528
13.2586
13.2644
13.2702
13.276
13.2818
13.2876
13.2934
13.2992
13.305
13.3108
13.3166
13.3224
13.3283
13.3341
13.3399
13.3457
13.3515
13.3573
13.3631
13.3689
13.3747
13.3805
13.3863
13.3921
13.3979
13.4037
13.4095
13.4153
13.4211
13.4269
13.4327
13.4385
13.4444
13.4502
13.456
13.4618
13.4676
13.4734
13.4792
13.485
13.4908
13.4966
13.5024
13.5082
13.514
13.5198
13.5256
13.5314
13.5372
13.543
13.5488
13.5546
13.5605
13.5663
13.5721
13.5779
13.5837
13.5895
13.5953
13.6011
13.6069
13.6127
13.6185
13.6243
13.6301
13.6359
13.6417
13.6475
13.6533
13.6591
13.6649
13.6707
13.6766
13.6824
13.6882
13.694
13.6998
13.7056
13.7114
13.7172
13.723
13.7288
13.7346
13.7404
13.7462
13.752
13.7578
13.7636
13.7694
13.7752
13.781
13.7868
13.7927
13.7985
13.8043
13.8101
13.8159
13.8217
13.8275	771.413
13.8333	770.522
13.8391	770.077
13.8449	770.077
13.8507	770.522
13.8565	770.968
13.8623	775.434
13.8681	774.091
13.8739	769.188
13.8797	778.126
13.8855	774.986
13.8913	776.33
13.8971	764.317
13.9029	773.644
13.9088	762.112
13.9146	760.793
13.9204	759.037
13.9262	723.505
13.932	759.914
13.9378	758.599
13.9436	725.598
13.9494	758.599
13.9552	757.723
13.961	757.723
13.9668
13.9726
13.9784
13.9842
13.99
13.9958
14.0016
14.0074
14.0132
14.019
14.0249
14.0307
14.0365
14.0423
14.0481
14.0539
14.0597
14.0655
14.0713
14.0771
14.0829
14.0887
14.0945
14.1003
14.1061
14.1119
14.1177
14.1235
14.1293
14.1351
14.141
14.1468
14.1526
14.1584
14.1642
14.17
14.1758
14.1816
14.1874
14.1932
14.199
14.2048
14.2106
14.2164
14.2222
14.228
14.2338
14.2396
14.2454
14.2512
14.2571
14.2629
14.2687
14.2745
14.2803
14.2861
14.2919
14.2977
14.3035
14.3093
14.3151
14.3209
14.3267
14.3325
14.3383
14.3441
14.3499
14.3557
14.3615
14.3673
14.3732
14.379
14.3848
14.3906
14.3964
14.4022
14.408
14.4138
14.4196
14.4254
14.4312
14.437
14.4428
14.4486
14.4544
14.4602
14.466
14.4718
14.4776
14.4834
14.4893
14.4951
14.5009
14.5067
14.5125
14.5183
14.5241
14.5299
14.5357
14.5415
14.5473
14.5531
14.5589
14.5647
14.5705
14.5763
14.5821
14.5879
14.5937
14.5995
14.6054
14.6112
14.617
14.6228
14.6286
14.6344
14.6402
14.646
14.6518
14.6576
14.6634
14.6692	452.631
14.675	453.678
14.6808	447.174
14.6866	445.885
14.6924	444.856
14.6982	443.06
14.704	434.193
14.7098	428.958
14.7156	425.258
14.7215	417.469
14.7273	410.772
14.7331	409.114
14.7389	392.675
14.7447	392.222
14.7505	392.222
14.7563	392.222
14.7621	383.928
14.7679	373.214
14.7737	356.566
14.7795	355.333
14.7853	356.566
14.7911	352.674
14.7969	343.625
14.8027	343.824
14.8085	336.943
14.8143	329.057
14.8201	328.677
14.8259	323.03
14.8317	316.931
14.8376	315.835
14.8434	313.653
14.8492	310.409
14.855	317.848
14.8608	314.924
14.8666	323.965
14.8724	309.872
14.8782	300.355
14.884	310.409
14.8898	310.051
14.8956
14.9014
14.9072
14.913
14.9188	263.293
14.9246	261.474
14.9304	259.518
14.9362	259.668
14.942	259.369
14.9478	259.818
14.9537	259.969
14.9595	259.219
14.9653	255.798
14.9711	258.471
14.9769	259.069
14.9827	260.57
14.9885	261.323
14.9943	261.626
15.0001	262.231
15.0059	262.079
15.0117	261.173
15.0175	262.231
15.0233	264.055
15.0291	264.36
15.0349	266.66
15.0407	266.045
15.0465	267.432
15.0523	269.292
15.0581	271.008
15.0639	275.745
15.0697	279.111
15.0756	273.841
15.0814	269.292
15.0872	262.686
15.093	259.369
15.0988	260.119
15.1046	265.278
15.1104	268.36
15.1162	266.353
15.122	255.207
15.1278	249.811
15.1336
15.1394
15.1452
15.151
15.1568
15.1626
15.1684
15.1742
15.18
15.1859
15.1917
15.1975
15.2033
15.2091
15.2149
15.2207	747.291
15.2265	770.077
15.2323	770.968
15.2381	770.968
15.2439	764.317
15.2497	760.353
15.2555	768.3
15.2613	782.634
15.2671	799.078
15.2729	797.695
15.2787	789.9
15.2845	776.33
15.2903	796.774
15.2961	807.896
15.3019	822.968
15.3078	854.454
15.3136	839.29
15.3194	843.178	262.989
15.3252	281.377
15.331	281.865
15.3368	283.007
15.3426	283.17
15.3484	283.825
15.3542	285.305
15.36	283.989
15.3658	283.825
15.3716	282.843
15.3774	281.214
15.3832	280.727
15.389	279.433
15.3948	277.824
15.4006	281.539
15.4064	277.824
15.4122	274.474
15.418	273.367
15.4239	280.08
15.4297	285.47
15.4355	282.191
15.4413	282.517
15.4471	282.68
15.4529	283.498
15.4587	281.214
15.4645	284.646
15.4703	283.825
15.4761	283.989
15.4819	287.954
15.4877	291.973
15.4935	286.792
15.4993	291.636
15.5051	283.989
15.5109	288.453
15.5167	288.287
15.5225	298.798
15.5283	304.021
15.5341	309.693
15.54	325.465
15.5458	320.429	316.748
15.5516	305.782	311.127
15.5574	322.285	296.905
15.5632	324.902	300.702
15.569	326.784	301.746
15.5748	328.487	318.032
15.5806	320.614	324.902
15.5864	326.03	326.03
15.5922	326.784	326.407
15.598	325.089	324.714
15.6038	323.591	322.285
15.6096	321.355
15.6154	321.727
15.6212	320.244
15.627	318.399
15.6328	317.114
15.6386	316.2
15.6444	315.835
15.6502	315.106
15.6561	314.379
15.6619	313.653
15.6677	313.472
15.6735	312.749
15.6793	313.472
15.6851	313.11
15.6909	314.379
15.6967	313.653
15.7025	314.016
15.7083	314.56
15.7141	314.197
15.7199	313.472
15.7257	312.929
15.7315	310.768
15.7373	309.156
15.7431	308.443
15.7489	306.666
15.7547	305.782
15.7605	304.548
15.7663	305.076
15.7722	304.372
15.778	304.548
15.7838	305.782
15.7896	305.605
15.7954	306.666	305.782
15.8012	308.621	306.312
15.807	309.514	308.621
15.8128	311.847	310.051
15.8186	314.016	312.027
15.8244	314.924	313.653
15.8302	314.379	314.742
15.836	317.664	317.298
15.8418	315.106	316.748
15.8476	315.652	315.652
15.8534	316.748	317.114
15.8592	316.2	316.565
15.865	316.748	316.931
15.8708	315.652
15.8766	315.835
15.8824	315.47
15.8883	315.835
15.8941	317.848
15.8999	322.099
15.9057	327.729
15.9115	333.073
15.9173	338.895
15.9231	344.619
15.9289	348.624
15.9347	351.86
15.9405	355.538
15.9463	354.308
15.9521	354.717
15.9579	355.127
15.9637	356.155
15.9695	355.743
15.9753	354.922
15.9811	354.103
15.9869	352.064
15.9927	350.846
15.9985	349.632
16.0044	349.228
16.0102	350.238
16.016	350.441
16.0218	350.643
16.0276	351.657
16.0334	352.674
16.0392	354.103
16.045	354.513
16.0508	355.743
16.0566	356.36
16.0624	355.949
16.0682	353.899
16.074	353.286
16.0798	353.49
16.0856	353.49
16.0914	352.267
16.0972	349.834
16.103	348.221
16.1088	345.816
16.1146	341.646
16.1205	321.727
16.1263	319.136
16.1321	320.244
16.1379	313.472
16.1437	298.281
16.1495	284.975
16.1553	280.89
16.1611	276.064
16.1669	276.703
16.1727	265.584
16.1785	259.219
16.1843	258.919
16.1901	260.57
16.1959	259.668
16.2017	258.919
16.2075	258.471
16.2133	258.77
16.2191	259.818
16.2249	259.518
16.2307	261.474
16.2366	263.141
16.2424	261.626
16.2482	259.969
16.254	263.141
16.2598	266.045
16.2656	274.474
16.2714	274.316	274.633
16.2772	278.145	277.023
16.283	280.403	282.517
16.2888	283.498	285.965
16.2946	286.13	287.787
16.3004	290.963	290.292
16.3062	290.124	290.459
16.312	290.292	290.459
16.3178	285.965	288.453
16.3236	283.007	286.461
16.3294	281.865	285.14
16.3352	281.865	284.153
16.341	283.825
16.3468	283.007
16.3527	281.214
16.3585	280.565
16.3643	280.241
16.3701	280.727
16.3759	280.565
16.3817	279.918
16.3875	279.272
16.3933	277.663
16.3991	275.427
16.4049	273.051
16.4107	272.893
16.4165	272.263
16.4223	271.949
16.4281	275.586
16.4339	275.745
16.4397	275.427
16.4455	275.109
16.4513	274.157
16.4571	274.474
16.4629	273.367
16.4688	273.051
16.4746	272.578
16.4804	270.852
16.4862	269.136
16.492	267.586
16.4978	267.123
16.5036	266.353
16.5094	265.431
16.5152	265.125
16.521	265.738
16.5268	266.814
16.5326	267.895
16.5384	268.36
16.5442	268.67
16.55	268.67
16.5558	269.447
16.5616	268.826
16.5674	268.36
16.5732	267.123
16.579	266.506
16.5849	265.738
16.5907	264.665
16.5965	264.36
16.6023	263.598
16.6081	262.989
16.6139	261.777
16.6197	261.323
16.6255	260.871
16.6313	260.72
16.6371	261.022
16.6429	260.72
16.6487	260.419
16.6545	260.72
16.6603	260.119
16.6661	259.818
16.6719	259.818
16.6777	259.818
16.6835	260.269	310.588
16.6893	261.022	307.731
16.6951	261.474	307.376
16.701	261.173	298.108
16.7068	259.969	297.077
16.7126	258.621	305.076
16.7184	257.131	308.621
16.7242	256.093	305.076
16.73	256.686	297.936
16.7358	258.471	305.429
16.7416	259.818	306.135
16.7474	261.474	308.799
16.7532	262.534	308.087
16.759	262.989	310.947
16.7648	263.293	312.749
16.7706	263.293	312.749
16.7764	263.293	312.749
16.7822	263.445	305.959
16.788	263.75	305.959
16.7938	264.207
16.7996	263.75
16.8054	263.293
16.8112	263.141
16.8171	262.686
16.8229	263.141
16.8287	264.055
16.8345	263.293
16.8403	263.293
16.8461	263.902
16.8519	264.971
16.8577	263.75
16.8635	263.293
16.8693	265.278
16.8751	267.432
16.8809	268.981
16.8867	271.635	351.454
16.8925	274.157	355.743
16.8983	280.08	355.538
16.9041	289.455	355.949
16.9099	291.805	354.922
16.9157	294.344	356.36
16.9215	299.835	356.155
16.9273	304.724	354.513
16.9332	312.568	352.674
16.939	314.197	352.267
16.9448	318.399	349.834
16.9506	319.874	349.027
16.9564	320.429	350.238
16.9622	323.217	349.834
16.968	327.54	349.632
16.9738	327.918	352.064
16.9796	328.108	354.922
16.9854	325.465	361.962
16.9912	324.152	352.267
16.997	325.089	365.956
17.0028	327.162	385.707
17.0086	324.339
17.0144	324.339
17.0202	318.951
17.026
17.0318
17.0376
17.0434
17.0493
17.0551
17.0609
17.0667
17.0725
17.0783
17.0841
17.0899
17.0957
17.1015
17.1073
17.1131
17.1189
17.1247
17.1305
17.1363
17.1421
17.1479
17.1537
17.1595
17.1654
17.1712
17.177
17.1828
17.1886
17.1944
17.2002
17.206
17.2118
17.2176
17.2234
17.2292
17.235
17.2408
17.2466
17.2524
17.2582
17.264
17.2698
17.2756
17.2815
17.2873
17.2931
17.2989
17.3047
17.3105
17.3163
17.3221
17.3279
17.3337
17.3395
17.3453
17.3511
17.3569
17.3627
17.3685
17.3743
17.3801
17.3859
17.3917
17.3976
17.4034
17.4092
17.415
17.4208
17.4266
17.4324
17.4382
17.444
17.4498
17.4556
17.4614
17.4672
17.473
17.4788
17.4846
17.4904
17.4962
17.502
17.5078
17.5137
17.5195
17.5253
17.5311
17.5369
17.5427
17.5485
17.5543
17.5601
17.5659
17.5717
17.5775
17.5833
17.5891
17.5949
17.6007
17.6065	313.653
17.6123	314.56
17.6181	312.929
17.6239	311.307
17.6297	312.207
17.6356	323.03
17.6414	337.137
17.6472	341.252
17.653	337.527
17.6588	332.688
17.6646	321.355
17.6704	336.943
17.6762	329.247
17.682	329.057
17.6878	312.568
17.6936	333.073
17.6994	336.554
17.7052	322.471
17.711	321.727
17.7168	323.778
17.7226	336.943
17.7284	346.415
17.7342	345.816
17.74	345.816
17.7458
17.7517
17.7575
17.7633
17.7691
17.7749
17.7807
17.7865
17.7923
17.7981
17.8039
17.8097
17.8155
17.8213
17.8271
17.8329
17.8387	897.453
17.8445	906.309
17.8503	920.555
17.8561	909.456
17.8619	903.696
17.8678	911.559
17.8736	899.01
17.8794	904.74
17.8852	899.529
17.891	898.491
17.8968	901.089
17.9026	903.696
17.9084	921.619
17.9142	935.024
17.92	948.624
17.9258	908.931
17.9316	908.931
17.9374	906.309
17.9432	887.658
17.949	882.036
17.9548	884.587
17.9606	880
17.9664	915.253
17.9722	870.395
17.9781	860.895
17.9839	923.751
17.9897
17.9955
18.0013
18.0071
18.0129
18.0187
18.0245
18.0303
18.0361
18.0419
18.0477
18.0535
18.0593
18.0651
18.0709
18.0767
18.0825
18.0883
18.0941
18.1
18.1058
18.1116
18.1174
18.1232
18.129
18.1348
18.1406
18.1464
18.1522
18.158
18.1638
18.1696
18.1754
18.1812
18.187
18.1928
18.1986
18.2044
18.2102
18.2161
18.2219
18.2277
18.2335
18.2393
18.2451
18.2509
18.2567
18.2625
18.2683
18.2741
18.2799
18.2857
18.2915
18.2973
18.3031
18.3089
18.3147
18.3205
18.3263
18.3322
18.338
18.3438
18.3496
18.3554
18.3612
18.367
18.3728
18.3786
18.3844
18.3902
18.396
18.4018
18.4076
18.4134
18.4192
18.425
18.4308
18.4366
18.4424
18.4483
18.4541
18.4599
18.4657
18.4715
18.4773
18.4831
18.4889
18.4947
18.5005
18.5063
18.5121
18.5179
18.5237
18.5295
18.5353
18.5411
18.5469
18.5527
18.5585
18.5644
18.5702
18.576
18.5818
18.5876
18.5934
18.5992
18.605
18.6108
18.6166
18.6224
18.6282
18.634
18.6398
18.6456
18.6514
18.6572
18.663
18.6688
18.6746
18.6805
18.6863
18.6921
18.6979
18.7037
18.7095
18.7153
18.7211
18.7269
18.7327
18.7385
18.7443
18.7501
18.7559
18.7617	241.162
18.7675	254.913
18.7733	255.06
18.7791	247.799
18.7849	251.985
18.7907	260.269
18.7966	257.28
18.8024	257.28
18.8082	257.131
18.814	256.834
18.8198	257.28
18.8256	257.577
18.8314	258.919
18.8372	260.57
18.843	260.871
18.8488	261.474
18.8546	261.928
18.8604	262.686
18.8662	262.534
18.872	261.474
18.8778	261.777
18.8836	269.292
18.8894	262.837
18.8952	265.125
18.901	264.055
18.9068	266.506
18.9127	264.818
18.9185	264.818
18.9243	263.902
18.9301	262.837
18.9359
18.9417
18.9475
18.9533
18.9591
18.9649
18.9707
18.9765
18.9823
18.9881
18.9939
18.9997
19.0055
19.0113
19.0171
19.0229
19.0288
19.0346
19.0404
19.0462	280.403
19.052	281.539
19.0578	278.949
19.0636	275.745
19.0694	277.343
19.0752	279.918
19.081	278.788
19.0868	279.918
19.0926	281.377
19.0984	271.792
19.1042	270.383
19.11	264.513
19.1158	262.686
19.1216	264.207
19.1274	267.277	551.491
19.1332	264.207	532.09
19.139	265.278	526.586
19.1449	266.199	524.461
19.1507	278.627	512.483	253.006
19.1565	282.68	515.749	257.726
19.1623	292.818	515.749	260.72
19.1681	286.957	517.54	258.77
19.1739	289.287	512.483	256.538
19.1797	509.237	250.968
19.1855	506.596	252.13
19.1913	514.559	254.618
19.1971	520.237	261.928
19.2029	501.936	256.389
19.2087	494.74	251.113
19.2145	491.606	243.683
19.2203	499.622	245.236
19.2261	507.768	245.519
19.2319	515.452	254.178
19.2377	504.844	255.207
19.2435	487.365	250.968
19.2493	508.355	258.024
19.2551	501.357	262.837
19.261	519.937	251.549
19.2668	531.169	248.659
19.2726	520.839
19.2784	516.346
19.2842	521.742
19.29	527.5
19.2958	530.862
19.3016	519.937
19.3074	525.675
19.3132	520.538
19.319	521.742
19.3248	524.461
19.3306	515.154
19.3364	529.331
19.3422	511.891	309.872
19.348	514.856	305.959
19.3538	497.031	307.731
19.3596	489.623	306.666
19.3654	501.936	307.909
19.3712	501.357	306.844
19.3771	491.89	307.198
19.3829	510.12	305.429
19.3887	521.441	305.429
19.3945	301.572
19.4003	297.249
19.4061	292.142
19.4119	289.455
19.4177	287.621
19.4235	285.634
19.4293	285.305
19.4351	286.295
19.4409	287.621
19.4467	290.292
19.4525	292.311
19.4583	294.344
19.4641	295.025
19.4699	297.936
19.4757	299.835
19.4815	300.355
19.4873	302.095
19.4932	302.794
19.499	303.845
19.5048	304.021
19.5106	302.969
19.5164	301.224
19.5222	299.316
19.528	296.734
19.5338	294.855
19.5396	293.665
19.5454	293.834
19.5512	294.174
19.557	297.592
19.5628	296.563
19.5686	293.834
19.5744	295.195
19.5802	298.281
19.586	295.707
19.5918	294.344	284.975
19.5976	291.468	283.825
19.6034	283.17
19.6093	283.825
19.6151	287.954
19.6209	293.834
19.6267	292.142
19.6325	293.156
19.6383	304.9	653.568
19.6441	314.197	647.181
19.6499	317.848	642.711
19.6557	318.032	638.271
19.6615	316.748	633.863
19.6673	314.924	632.035
19.6731	311.847	628.394
19.6789	310.23	625.136
19.6847	310.051	622.613
19.6905	310.409	621.895
19.6963	310.051	621.535
19.7021	310.051	622.973
19.7079	311.307	623.333
19.7137	312.568	626.582
19.7195	314.379	628.758
19.7254	315.106	630.212
19.7312	315.835	631.305
19.737	316.565	632.4
19.7428	316.748	633.131
19.7486	317.114	633.497
19.7544	317.114	633.863
19.7602	317.481	634.962
19.766	317.481	634.962
19.7718	317.298	634.962
19.7776	317.481	635.329
19.7834	317.114	634.595
19.7892	316.748	633.131
19.795	316.383	632.035
19.8008	315.652	631.305
19.8066	314.924	630.212
19.8124	314.924	629.121
19.8182	315.106	628.031
19.824	314.924	628.394
19.8298	315.106	629.484
19.8356	315.652	629.484
19.8415	316.017	628.758
19.8473	316.748	630.212
19.8531	316.2	633.863
19.8589	316.383	634.229
19.8647	315.652	628.394
19.8705	314.197	625.497	489.905
19.8763	318.951	618.67	488.775
19.8821	612.625	489.905
19.8879	609.8	492.459
19.8937	493.883
19.8995	494.169
19.9053	493.028
19.9111	491.606
19.9169	488.493
19.9227	486.521
19.9285	484.838
19.9343	482.603
19.9401	477.611
19.9459	474.86
19.9517	471.308
19.9576	464.819
19.9634	457.362
19.9692	451.848
19.975	442.293
19.9808	432.941
19.9866	426.981
19.9924	416.265
19.9982	408.878	370.208
20.004	410.061	344.818
20.0098	425.749	347.618
20.0156	431.194	349.632
20.0214	423.786	348.624
20.0272	438.478	349.632
20.033	431.942	349.027
20.0388	418.435	349.027
20.0446	349.43
20.0504	341.055
20.0562	328.487
20.062	338.699	280.241
20.0678	350.036	271.165
20.0737	351.454	269.136
20.0795	360.709	266.506
20.0853	350.036	263.445
20.0911	350.036	262.231
20.0969	262.534
20.1027	261.777
20.1085	261.928
20.1143	262.382
20.1201	262.686
20.1259	262.837
20.1317	262.989	525.068
20.1375	262.837	524.461
20.1433	262.231	524.159
20.1491	261.777	523.553
20.1549	261.626	522.647
20.1607	260.72	521.742
20.1665	259.969	520.237
20.1723	259.518	519.037
20.1781	258.77	516.942
20.1839	257.875	515.452
20.1898	256.686	512.779
20.1956	255.06	509.531
20.2014	506.889	253.445
20.2072	504.261	252.568
20.213	503.388	251.403
20.2188	500.778	250.1
20.2246	497.893	249.09
20.2304	495.312	247.656
20.2362	493.598	246.514
20.242	490.755	245.236
20.2478	488.493	244.105
20.2536	487.084	242.98
20.2594	484.278	242.559
20.2652	483.161	241.999
20.271	481.767	240.884
20.2768	481.211	240.467
20.2826	480.933	240.467
20.2884	480.378	240.189
20.2942	480.656	240.328
20.3	480.656	240.467
20.3058	481.211	241.162
20.3117	483.44	241.86
20.3175	482.324	242.139
20.3233	478.716	242.419
20.3291	477.336	242.699
20.3349	476.784	244.387
20.3407	477.887	252.86
20.3465	471.853	249.811
20.3523	472.125	251.549
20.3581	471.853	267.586
20.3639	471.036	265.125
20.3697	474.312
20.3755	475.135
20.3813	471.58
20.3871	463.479
20.3929
20.3987
20.4045
20.4103
20.4161
20.4219
20.4278
20.4336	303.845
20.4394	303.67
20.4452	302.619
20.451	303.144
20.4568	303.144
20.4626	300.876
20.4684	299.662
20.4742	297.592
20.48	298.798
20.4858	302.794
20.4916	302.095
20.4974	302.095
20.5032	305.782
20.509	301.572
20.5148	300.182
20.5206	300.355
20.5264	304.548
20.5322	301.572
20.538	304.021
20.5439	305.959
20.5497	304.372
20.5555	312.749
20.5613	315.288
20.5671	310.409
20.5729	310.588
20.5787	311.307
20.5845	309.335
20.5903	312.749
20.5961	310.051	239.635
20.6019	313.653	239.635
20.6077	327.351	253.006
20.6135	330.581	241.999
20.6193	344.42	240.884
20.6251	344.42	238.392
20.6309	353.899	237.156
20.6367	352.064	236.336
20.6425	235.79
20.6483	235.654
20.6542	235.79
20.66	235.246
20.6658	235.518
20.6716	235.246
20.6774	234.297
20.6832	233.891
20.689	232.41
20.6948	231.472
20.7006	229.873
20.7064	229.608
20.7122	232.275
20.718	234.161
20.7238	238.53
20.7296	243.683
20.7354	246.087
20.7412	249.811
20.747	251.985
20.7528	248.659
20.7586	251.839
20.7644
20.7702	253.298
20.7761	254.913
20.7819	256.093
20.7877	256.389
20.7935	255.946
20.7993	245.803
20.8051	235.654
20.8109	233.621
20.8167	231.071
20.8225	225.403
20.8283	225.403
20.8341	231.472
20.8399	229.21
20.8457	230.671
20.8515	230.139
20.8573	230.538
20.8631	229.475
20.8689	232.007
20.8747	234.161
20.8805	235.654
20.8863	236.063
20.8922	236.609
20.898	236.063
20.9038	236.336
20.9096	237.019
20.9154	238.53
20.9212	240.328
20.927	240.606	242.279
20.9328	239.912	240.606
20.9386	239.22	240.745
20.9444	238.255	239.358
20.9502	237.156	237.705
20.956	237.293	237.567
20.9618	236.609	237.842
20.9676	236.199	236.609
20.9734	235.654	235.926
20.9792	235.654	235.654
20.985	236.336	235.382
20.9908	237.842	237.156
20.9966	238.53
21.0024	238.668
21.0083	239.635
21.0141	239.082
21.0199	238.255
21.0257	240.884
21.0315	242.279	526.586
21.0373	254.178	525.978
21.0431	258.919	523.856
21.0489	264.207	533.321
21.0547	266.969	531.476
21.0605	265.891	530.249
21.0663	262.534	530.555
21.0721	259.518	526.586
21.0779	258.024	514.559
21.0837	254.913	510.415
21.0895	254.178	506.889
21.0953	252.13	501.357
21.1011	250.678	499.911
21.1069	251.258	505.135
21.1127	254.471	510.415
21.1185	256.834	511.891
21.1244	259.668	522.044
21.1302	262.534	525.675
21.136	264.36	527.195
21.1418	266.045	533.013
21.1476	266.814	533.321
21.1534	267.432	534.863
21.1592	268.05	537.341
21.165	268.205	537.03
21.1708	268.205	536.72
21.1766	267.741	536.101
21.1824	266.353	534.554
21.1882	263.75	528.72
21.194	262.534	525.371
21.1998	260.269	520.839
21.2056	258.621	518.438
21.2114	256.241	511.005
21.2172	256.686	514.559
21.223	256.834	509.531
21.2288	257.577	514.559
21.2346	258.919	519.337
21.2405	261.474	521.742
21.2463	265.431	529.943
21.2521	268.205	541.704
21.2579	271.478	541.704
21.2637	270.071
21.2695	275.268
21.2753	276.543
21.2811	277.984
21.2869	275.268
21.2927	274.95
21.2985	273.525
21.3043
21.3101
21.3159
21.3217
21.3275
21.3333
21.3391
21.3449
21.3507
21.3566
21.3624	294.855
21.3682	291.3
21.374	279.595
21.3798	278.627
21.3856	281.539
21.3914	283.825
21.3972	284.975
21.403	287.123
21.4088	288.453
21.4146	289.12
21.4204	289.622
21.4262	290.627
21.432	291.973
21.4378	292.649
21.4436	293.156
21.4494	294.514
21.4552	296.563
21.461	302.619
21.4668	311.487
21.4727	314.379	627.669
21.4785	316.565	630.94
21.4843	316.931	630.94
21.4901	312.568	629.121
21.4959	310.947	627.306
21.5017	314.924	624.775
21.5075	310.051	621.895
21.5133	309.335	621.895
21.5191	310.23	624.775
21.5249	310.588	623.333
21.5307	312.388	622.973
21.5365	313.653	625.497
21.5423	313.653	628.031
21.5481	314.016	626.22
21.5539	316.931	629.121
21.5597	315.47	626.22
21.5655	316.748	627.306
21.5713	314.924	627.669
21.5771	313.834	626.582
21.5829	314.924	626.22
21.5888	314.197	627.306
21.5946	313.11	627.669
21.6004	313.472	626.582
21.6062	312.749	627.306
21.612	313.834	626.582
21.6178	310.588	625.136
21.6236	314.379	627.669
21.6294	312.929	625.859
21.6352	312.207	626.22
21.641	312.749	627.306
21.6468	312.027	625.136
21.6526	313.291	626.582
21.6584	313.11	625.497
21.6642	313.653	627.669
21.67	311.667	621.895
21.6758	308.087	623.693
21.6816	312.568	625.136
21.6874	310.409	623.333
21.6932	311.127	623.333
21.699	310.409	623.693
21.7049	311.127	623.333
21.7107	310.588	621.895
21.7165	312.027	622.613
21.7223	311.307	622.254
21.7281	311.847	622.613
21.7339	317.481	621.177
21.7397	309.693	620.459
21.7455	310.768	621.895	620.459
21.7513	310.588	620.459	620.459
21.7571	308.621	619.743	620.818
21.7629	619.743	620.818
21.7687	620.101	620.101
21.7745	618.313
21.7803	616.886
21.7861	616.174
21.7919	614.752
21.7977	610.505
21.8035	607.34
21.8093	605.238
21.8151	601.058
21.821	600.017
21.8268	597.941
21.8326	596.561
21.8384	595.872	297.764
21.8442	594.154	295.537
21.85	590.05	295.537
21.8558	586.99	292.987
21.8616	582.936	289.622
21.8674	580.919	287.455
21.8732	574.578	285.634
21.879	571.929	285.965
21.8848	569.951	294.684
21.8906	566.995	301.746
21.8964	565.034	296.22
21.9022	558.866	293.156
21.908	579.578	281.865
21.9138	570.28	288.953
21.9196	586.651	283.661
21.9254	585.636	289.455
21.9312	583.947	281.539
21.9371	576.24
21.9429	579.913
21.9487
21.9545
21.9603
21.9661
21.9719
21.9777
21.9835
21.9893
21.9951
22.0009
22.0067
22.0125
22.0183
22.0241
22.0299
22.0357
22.0415
22.0473
22.0532
22.059
22.0648
22.0706
22.0764
22.0822
22.088
22.0938
22.0996
22.1054
22.1112
22.117
22.1228
22.1286
22.1344
22.1402
22.146
22.1518
22.1576
22.1634
22.1693
22.1751
22.1809
22.1867
22.1925
22.1983
22.2041
22.2099
22.2157
22.2215
22.2273
22.2331
22.2389
22.2447
22.2505
22.2563
22.2621
22.2679
22.2737
22.2795
22.2854
22.2912
22.297
22.3028
22.3086
22.3144
22.3202
22.326
22.3318
22.3376
22.3434
22.3492
22.355
22.3608
22.3666
22.3724
22.3782
22.384
22.3898
22.3956
22.4015
22.4073
22.4131
22.4189
22.4247
22.4305
22.4363
22.4421
22.4479	279.433
22.4537	283.17
22.4595	289.789
22.4653	292.311
22.4711	288.12
22.4769	277.824
22.4827	275.109
22.4885	272.263
22.4943	267.123
22.5001	259.518
22.5059	267.277
22.5117	272.893
22.5176	279.111
22.5234	285.965
22.5292	293.834
22.535	309.156
22.5408	313.834
22.5466	312.749
22.5524	312.207
22.5582	311.307
22.564	311.307
22.5698	314.742
22.5756	314.379
22.5814	311.847
22.5872	314.016
22.593	313.11
22.5988	320.614
22.6046	310.588
22.6104	317.298
22.6162	313.472
22.622	313.291
22.6278	313.11
22.6336	313.11
22.6395	316.565
22.6453	314.742	501.646
22.6511	308.621	499.911
22.6569	311.847	497.031
22.6627	317.114	502.807
22.6685	314.924	516.047
22.6743	315.835	518.138
22.6801	519.037
22.6859	516.942
22.6917	520.237
22.6975	542.33
22.7033	532.397
22.7091	528.109
22.7149	529.331
22.7207	524.159
22.7265	526.282
22.7323	507.475
22.7381	506.889
22.7439	508.943
22.7498	511.3
22.7556	511.595
22.7614	492.743
22.7672	488.775
22.773	472.398
22.7788	474.586
22.7846	496.171
22.7904	509.237
22.7962	515.452
22.802
22.8078
22.8136
22.8194
22.8252
22.831
22.8368
22.8426
22.8484
22.8542
22.86
22.8659
22.8717	258.322
22.8775	257.428
22.8833	257.131
22.8891	261.022
22.8949	263.141
22.9007	263.141
22.9065	267.277
22.9123	269.136
22.9181	271.008
22.9239	270.852
22.9297	270.852
22.9355	271.008
22.9413	271.322
22.9471	271.949
22.9529	272.421
22.9587	273.209
22.9645	274.474
22.9703	274.95
22.9761	274.95
22.9819	272.263
22.9878	272.263
22.9936	261.323
22.9994	255.207
23.0052	271.792
23.011	267.123
23.0168	265.891
23.0226	258.621
23.0284	243.261
23.0342	255.946
23.04
23.0458
23.0516
23.0574
23.0632
23.069
23.0748
23.0806
23.0864
23.0922
23.098
23.1039
23.1097
23.1155
23.1213
23.1271
23.1329
23.1387
23.1445
23.1503	300.702
23.1561	302.444
23.1619	305.605
23.1677	307.731
23.1735	313.11
23.1793	311.667
23.1851	313.834
23.1909	316.748
23.1967	318.032
23.2025	319.32
23.2083	320.244
23.2141	321.17
23.22	321.913
23.2258	321.541
23.2316	321.541
23.2374	320.984
23.2432	319.874
23.249	318.583
23.2548	316.565
23.2606	313.653
23.2664	309.335
23.2722	319.32
23.278	312.207
23.2838	318.032
23.2896	319.689
23.2954	316.2
23.3012	321.541
23.307	322.658
23.3128	324.527
23.3186	322.658
23.3244
23.3302
23.3361
23.3419
23.3477
23.3535
23.3593
23.3651
23.3709
23.3767
23.3825
23.3883
23.3941
23.3999
23.4057
23.4115	305.605
23.4173	310.23
23.4231	329.437
23.4289	329.437
23.4347	333.65
23.4405	337.722
23.4463	337.332
23.4522	340.071
23.458	339.875
23.4638	339.286
23.4696	343.031
23.4754	343.824
23.4812	346.215
23.487	348.422
23.4928	350.643
23.4986	352.064	167.695
23.5044	353.694	176.847
23.5102	355.949	178.283
23.516	357.598	179.731
23.5218	357.598	179.731
23.5276	357.391	179.731
23.5334	356.772	179.523
23.5392	356.36	179.212
23.545	355.127	179.005
23.5508	354.513	178.283
23.5566	352.878	176.643
23.5624	350.643	178.386
23.5683	350.846	178.799
23.5741	349.834	176.745
23.5799	348.422	175.626
23.5857	347.618	175.119
23.5915	347.417	174.01
23.5973	348.221	174.715
23.6031	349.228	180.459
23.6089	349.834	181.085
23.6147	350.643	175.22
23.6205	351.657	175.626
23.6263	352.674	177.052
23.6321	354.103	184.89	1062.34
23.6379	355.333	184.57	1062.34
23.6437	355.127	185.318	1059.89
23.6495	355.333	1059.89
23.6553	355.333	1064.79
23.6611	354.103	1062.95
23.6669	352.878	1059.27	186.069
23.6727	350.036	1045.9	181.714
23.6785	348.624	1043.48	180.146
23.6844	348.02	1050.14	178.489
23.6902	346.016	1051.35	176.847
23.696	343.824	1050.74	175.727
23.7018	340.464	1023.78	175.423
23.7076	338.503	1010.27	175.93
23.7134	338.308	1024.37	176.235
23.7192	337.332	1016.12	172.808
23.725	332.688	1002.71	173.91
23.7308	328.487	996.362	174.816
23.7366	322.658	963.535	171.119
23.7424	318.951	958.539	172.609
23.7482	315.835	961.311	177.461
23.754	312.929	944.796	174.513
23.7598	306.844	920.555	173.108
23.7656	303.144	917.37	175.22
23.7714	298.798	903.696	170.626
23.7772	293.326	875.437	169.447
23.783	290.292	862.388	168.569
23.7888	288.12	864.882	164.719
23.7946	284.811	858.412	172.708
23.8005	282.028	849.533
23.8063	278.949	844.64
23.8121	276.543	822.968
23.8179	274.95	819.174
23.8237	280.241	822.018
23.8295	282.191	832.531	290.292
23.8353	283.661	851.006	288.787
23.8411	287.621	827.258	285.8
23.8469	287.621	833.493	286.461
23.8527	286.461	285.14
23.8585	284.318	284.646
23.8643	283.334	283.498
23.8701	283.007	283.007	718.923
23.8759	281.052	281.052	709.845
23.8817	279.756	280.08	707.798
23.8875	279.595	279.918	709.025
23.8933	279.918	280.403	723.087
23.8991	279.756	724.76
23.9049	278.627	717.678
23.9107	278.145	722.253
23.9166	277.663	715.195
23.9224	276.064	704.942
23.9282	274.316	711.076
23.934	273.841	699.668
23.9398	273.209	704.942
23.9456	272.578	711.898
23.9514	272.263	704.534
23.9572	271.792	704.534
23.963	271.635	698.86
23.9688	271.478	702.097
23.9746	271.008	688.045
23.9804	269.759	684.873
23.9862	268.205	694.835
23.992	267.895	694.434
23.9978	268.205	682.504
24.0036	267.741	692.031
24.0094	268.05	698.456
24.0152	268.67	689.637
24.021	268.205	682.11
24.0268	268.67	667.301
24.0327	268.515	669.617
24.0385	268.981	683.687
24.0443	268.205	682.504
24.0501	267.432	672.719
24.0559	266.506	682.11
24.0617	265.891	666.145
24.0675	265.431	675.835
24.0733	264.513	678.181
24.0791	263.598	656.974
24.0849	262.989
24.0907	263.293
24.0965	263.598
24.1023	263.445
24.1081	263.75
24.1139	263.445
24.1197	263.445
24.1255	262.686
24.1313	262.231
24.1371	262.231
24.1429	261.626
24.1488	260.871
24.1546	260.57
24.1604	260.57
24.1662	261.022
24.172	262.231
24.1778	261.474
24.1836	261.626
24.1894	261.777
24.1952	262.231
24.201	263.445
24.2068	263.445
24.2126	263.75
24.2184	263.598
24.2242	263.293
24.23	262.989
24.2358	263.445
24.2416	263.445
24.2474	264.36
24.2532	264.971
24.259	264.971	794.476
24.2649	264.36	794.017
24.2707	264.665	797.695
24.2765	264.818	804.172
24.2823	263.598	797.695
24.2881	266.045	794.476
24.2939	263.293	795.394
24.2997	262.989	793.1
24.3055	262.382	788.988
24.3113	261.323	786.258
24.3171	259.969	791.27
24.3229	262.534	784.897
24.3287	256.982	806.498
24.3345	259.668	800.927
24.3403	262.079	788.988
24.3461	264.055	791.27
24.3519	264.207	786.258
24.3577	264.36	781.73
24.3635	264.207	791.727
24.3693	263.902	795.394
24.3751	263.598	792.185
24.381	264.971	774.986
24.3868	264.818	777.228
24.3926	264.513	783.538
24.3984	263.141	779.475
24.4042	265.278	809.297
24.41	264.055	785.804
24.4158	265.278	770.522
24.4216	265.584	775.882
24.4274	264.513	761.232
24.4332	261.626	724.342
24.439	261.928	677.398
24.4448
24.4506
24.4564
24.4622
24.468
24.4738
24.4796
24.4854
24.4912
24.4971
24.5029
24.5087
24.5145
24.5203
24.5261
24.5319
24.5377
24.5435
24.5493
24.5551
24.5609
24.5667
24.5725
24.5783
24.5841
24.5899
24.5957
24.6015
24.6073
24.6132
24.619
24.6248
24.6306
24.6364
24.6422
24.648
24.6538
24.6596
24.6654
24.6712
24.677
24.6828
24.6886
24.6944
24.7002
24.706
24.7118
24.7176
24.7234
24.7293
24.7351
24.7409
24.7467
24.7525
24.7583
24.7641
24.7699
24.7757
24.7815
24.7873
24.7931
24.7989
24.8047
24.8105
24.8163
24.8221
24.8279
24.8337
24.8395
24.8454
24.8512
24.857
24.8628
24.8686
24.8744
24.8802
24.886
24.8918
24.8976
24.9034
24.9092
24.915
24.9208
24.9266
24.9324
24.9382
24.944
24.9498
24.9556
24.9615
24.9673
24.9731
24.9789
24.9847
24.9905
24.9963
25.0021
25.0079
25.0137
25.0195
25.0253
25.0311
25.0369
25.0427
25.0485
25.0543
25.0601
25.0659
25.0717
25.0776
25.0834
25.0892
25.095
25.1008
25.1066
25.1124
25.1182
25.124
25.1298	703.721
25.1356	700.477
25.1414	704.128
25.1472	703.315
25.153	704.534
25.1588	700.881
25.1646	704.128
25.1704	731.912
25.1762	693.231
25.182	701.692
25.1878	703.721
25.1937	716.022
25.1995	736.152
25.2053	720.586
25.2111	723.505
25.2169	689.239
25.2227	713.957
25.2285	737.003
25.2343	753.359
25.2401	753.359
25.2459	743.846
25.2517	766.527
25.2575	761.672
25.2633
25.2691
25.2749
25.2807
25.2865
25.2923
25.2981
25.3039
25.3097
25.3156
25.3214
25.3272
25.333
25.3388
25.3446
25.3504
25.3562
25.362
25.3678
25.3736
25.3794
25.3852
25.391
25.3968
25.4026
25.4084
25.4142
25.42
25.4258
25.4317
25.4375
25.4433
25.4491
25.4549
25.4607
25.4665
25.4723
25.4781
25.4839
25.4897
25.4955
25.5013
25.5071
25.5129
25.5187
25.5245
25.5303
25.5361
25.542
25.5478
25.5536
25.5594
25.5652
25.571
25.5768
25.5826
25.5884
25.5942
25.6
25.6058
25.6116
25.6174
25.6232
25.629
25.6348
25.6406
25.6464
25.6522
25.658
25.6639
25.6697
25.6755
25.6813
25.6871
25.6929
25.6987
25.7045
25.7103
25.7161
25.7219
25.7277
25.7335
25.7393
25.7451
25.7509
25.7567
25.7625
25.7683
25.7741
25.78
25.7858
25.7916
25.7974
25.8032
25.809
25.8148
25.8206
25.8264
25.8322
25.838
25.8438
25.8496
25.8554
25.8612
25.867
25.8728
25.8786
25.8844
25.8902
25.8961
25.9019
25.9077
25.9135
25.9193
25.9251
25.9309
25.9367
25.9425
25.9483
25.9541
25.9599
25.9657
25.9715
25.9773
25.9831
25.9889
25.9947
26.0005
26.0063
26.0122
26.018
26.0238
26.0296
26.0354
26.0412
26.047
26.0528
26.0586
26.0644
26.0702
26.076
26.0818
26.0876
26.0934
26.0992
26.105
26.1108
26.1166
26.1224
26.1283
26.1341
26.1399
26.1457
26.1515
26.1573
26.1631
26.1689
26.1747
26.1805
26.1863
26.1921
26.1979
26.2037
26.2095
26.2153
26.2211
26.2269
26.2327
26.2385
26.2444
26.2502
26.256
26.2618
26.2676
26.2734
26.2792
26.285
26.2908
26.2966
26.3024
26.3082
26.314
26.3198
26.3256
26.3314
26.3372
26.343
26.3488
26.3546
26.3605
26.3663
26.3721
26.3779
26.3837
26.3895
26.3953
26.4011
26.4069
26.4127
26.4185
26.4243
26.4301
26.4359
26.4417
26.4475
26.4533
26.4591
26.4649
26.4707
26.4766
26.4824
26.4882	289.287
26.494	291.3
26.4998	290.963
26.5056	283.334
26.5114	289.622
26.5172	290.627
26.523	291.805
26.5288	294.684
26.5346	295.195
26.5404	297.077
26.5462	297.764
26.552	298.281
26.5578	298.798
26.5636	299.662
26.5694	300.702
26.5752	301.224
26.581	301.921
26.5868	301.921
26.5927	301.746
26.5985	300.529
26.6043	297.764
26.6101	295.195
26.6159	292.818
26.6217	284.153
26.6275	278.466
26.6333	268.36
26.6391	269.915
26.6449	293.156
26.6507	298.798
26.6565	309.335
26.6623	305.605
26.6681	297.249
26.6739	297.249
26.6797
26.6855
26.6913
26.6971
26.7029
26.7088
26.7146
26.7204
26.7262	271.165
26.732	270.227
26.7378	271.322
26.7436	270.227
26.7494	271.478
26.7552	271.635
26.761	271.008
26.7668	270.071
26.7726	268.05
26.7784	264.971
26.7842	278.145
26.79	273.525
26.7958	273.841
26.8016	277.824
26.8074	275.905
26.8132	274.633
26.819	282.191
26.8249	280.727
26.8307	266.66
26.8365	260.119
26.8423	259.969
26.8481	262.231
26.8539	262.079
26.8597	273.841
26.8655	272.263
26.8713	275.268
26.8771	281.052
26.8829	262.837
26.8887	261.323
26.8945	268.515
26.9003	274.95
26.9061	280.403
26.9119	262.989
26.9177	264.055
26.9235	264.513
26.9293	271.949
26.9351	258.322
26.941	262.079	283.661
26.9468	284.646
26.9526	286.626
26.9584	288.787
26.9642	288.62
26.97	288.953
26.9758	288.287
26.9816	288.287
26.9874	290.124
26.9932	290.963
26.999	293.834
27.0048	294.855
27.0106	296.563
27.0164	297.936
27.0222	299.143
27.028	299.835
27.0338	300.009
27.0396	299.489
27.0454	299.316
27.0512	299.662
27.0571	299.316
27.0629	300.182
27.0687	297.764
27.0745	292.142
27.0803	291.468
27.0861	287.954
27.0919	286.295
27.0977	284.646
27.1035	282.354
27.1093	280.89
27.1151	279.756
27.1209	279.111
27.1267	274.95
27.1325	275.268
27.1383	273.841
27.1441	271.792
27.1499	271.478
27.1557	272.106	305.605
27.1615	301.572
27.1673	298.281
27.1732	302.969
27.179	300.009
27.1848	299.662
27.1906	303.845
27.1964	304.196	620.818
27.2022	302.794	627.306
27.208	305.253	616.886
27.2138	305.429	614.752
27.2196	304.372	610.505
27.2254	304.021	611.564
27.2312	304.548	610.858
27.237	305.959	611.917
27.2428	306.135	612.979
27.2486	306.135	612.271
27.2544	306.135	612.271
27.2602	305.605	612.271
27.266	305.429	611.917
27.2718	305.429	611.917
27.2776	305.605	611.564
27.2834	305.782	611.211
27.2893	305.605	612.271
27.2951	305.429	612.271
27.3009	305.782	612.625
27.3067	306.135	614.042
27.3125	307.553	615.107
27.3183	308.621	617.956
27.3241	309.693	620.101
27.3299	310.23	621.535
27.3357	311.127	622.973
27.3415	312.749	625.859
27.3473	313.834	628.031
27.3531	314.197	630.212
27.3589	316.2	632.4
27.3647	317.114	634.962
27.3705	316.748	634.595
27.3763	318.399	633.497
27.3821	318.215	632.4
27.3879	317.298	630.576
27.3937	316.383	629.484
27.3995	315.106	628.394
27.4054	315.106	636.431
27.4112	315.835	622.973
27.417	314.56	614.042
27.4228	315.106	609.448
27.4286	314.56	628.394
27.4344	313.472	627.669
27.4402	310.051	619.028
27.446	309.693
27.4518	307.553
27.4576
27.4634
27.4692
27.475
27.4808
27.4866
27.4924
27.4982
27.504
27.5098
27.5156
27.5215	300.876
27.5273	301.746
27.5331	303.144
27.5389	303.319
27.5447	301.746
27.5505	305.253
27.5563	311.487
27.5621	299.835
27.5679	307.376
27.5737	297.077
27.5795	294.004
27.5853	291.468
27.5911	291.973
27.5969	307.376
27.6027	301.572
27.6085	301.572
27.6143	311.487
27.6201	307.553	557.899
27.6259	302.794	551.172
27.6317	299.662	541.391	257.726
27.6376	307.553	540.141	264.818
27.6434	310.409	536.101	267.277
27.6492	315.288	535.791	263.902
27.655	313.11	533.013	264.36
27.6608	296.905	527.805	261.474
27.6666	284.646	525.068	261.928
27.6724	523.251	261.928
27.6782	519.337	260.419
27.684	516.346	259.818
27.6898	517.241	259.518
27.6956	517.54	259.818
27.7014	518.737	259.969
27.7072	516.644	259.818
27.713	517.241	258.919
27.7188	516.047	257.875
27.7246	513.668	256.538
27.7304	511.005	255.798
27.7362	511.3	255.502
27.742	508.943	254.031
27.7478	506.596	253.591
27.7537	505.719	252.568
27.7595	503.97	252.568
27.7653	502.226	251.694
27.7711	501.357	250.678
27.7769	499.333	249.523
27.7827	500.199	249.234
27.7885	497.606	248.085
27.7943	496.171	247.513
27.8001	494.454	246.372
27.8059	492.743	246.087
27.8117	490.755	245.236
27.8175	487.084	243.542
27.8233	484.558	242.139
27.8291	483.44	241.302
27.8349	480.378	240.05
27.8407	480.378	240.05
27.8465	478.993	240.05
27.8523	480.378	240.05
27.8581	480.101	239.635
27.8639	481.211	240.189
27.8698	481.211	240.189
27.8756	481.211	240.05
27.8814	479.823	239.773
27.8872	478.163	239.773
27.893	478.993	240.05
27.8988	480.378	241.58
27.9046	482.046	242.139
27.9104	482.603	243.964
27.9162	491.606	243.261
27.922	489.057	242.98
27.9278	490.755	243.823
27.9336	489.623	246.799
27.9394	490.189	250.968	294.855
27.9452	479.546	293.326
27.951	467.782	295.537
27.9568	295.878
27.9626	297.592
27.9684	298.453
27.9742	299.316
27.98	299.316
27.9858	299.662
27.9917	299.143
27.9975	299.489
28.0033	298.971
28.0091	298.281
28.0149	299.143
28.0207	295.878
28.0265	308.443
28.0323	305.076
28.0381	301.746
28.0439	298.108
28.0497	303.319
28.0555	301.921
28.0613	307.376
28.0671	314.197
28.0729	319.32
28.0787	310.947
28.0845	304.372
28.0903	296.049	249.234
28.0961	297.592	255.502
28.1019	284.318	243.12
28.1078	292.818	241.162
28.1136	284.153	238.255
28.1194	278.466	238.668
28.1252	268.826	240.05
28.131	258.471	241.999
28.1368	258.471	242.559
28.1426	258.471	244.67
28.1484	242.84
28.1542	241.86
28.16	241.72
28.1658	239.773
28.1716	236.336
28.1774	234.297
28.1832	231.071
28.189	228.285
28.1948	226.316
28.2006	225.924
28.2064	225.403
28.2122	227.627
28.2181	230.405
28.2239	234.297
28.2297	236.745
28.2355	238.53
28.2413	241.162
28.2471	243.261
28.2529	243.823
28.2587	244.387
28.2645	244.387
28.2703	243.964
28.2761	243.683
28.2819	243.683
28.2877	242.98
28.2935	241.72
28.2993	240.745
28.3051	239.082
28.3109	236.609
28.3167	235.654
28.3225	233.621
28.3283	232.007
28.3341	232.141
28.34	234.568
28.3458	234.161
28.3516	235.926
28.3574	235.518
28.3632	236.745
28.369	237.293
28.3748	238.255
28.3806	237.842
28.3864	237.979
28.3922	239.22
28.398	238.255
28.4038
28.4096
28.4154
28.4212
28.427
28.4328
28.4386
28.4444
28.4502
28.4561
28.4619
28.4677
28.4735
28.4793
28.4851
28.4909
28.4967
28.5025
28.5083
28.5141
28.5199	363.638
28.5257	380.836
28.5315	363.848
28.5373	379.738
28.5431	384.15
28.5489	379.518
28.5547	383.485
28.5605	395.178
28.5663	401.158
28.5722	401.39
28.578	404.415
28.5838	398.157
28.5896	389.063
28.5954	399.308
28.6012	392.902	476.234
28.607	398.387	487.365
28.6128	394.039	492.743	247.942
28.6186	389.738	494.169	247.084
28.6244	397.009	495.598	247.656
28.6302	414.107	496.171	244.811
28.636	416.265	492.459	243.261
28.6418	488.493	243.12
28.6476	487.929	242.419
28.6534	490.189	245.378
28.6592	491.89	247.656
28.665	496.744	249.378
28.6708	503.388	251.549
28.6766	505.719	253.152
28.6824	508.355	255.06
28.6883	513.075	256.093
28.6941	513.965	256.686
28.6999	515.749	258.024
28.7057	518.438	259.219
28.7115	522.044	260.871
28.7173	524.765	262.231
28.7231	525.068	262.382
28.7289	526.586	263.293
28.7347	526.282	263.902
28.7405	529.943	265.125
28.7463	529.331	264.513
28.7521	529.943	264.818
28.7579	527.195	264.207
28.7637	525.371	263.445
28.7695	526.586	263.445
28.7753	527.805	263.75
28.7811	527.5	263.75
28.7869	527.195	263.445
28.7927	525.068	262.989
28.7985	521.742	261.022
28.8044	517.54	257.28
28.8102	505.135	256.389
28.816	506.889	255.502
28.8218	522.044	264.207
28.8276	520.839
28.8334
28.8392
28.845
28.8508
28.8566
28.8624
28.8682
28.874
28.8798
28.8856
28.8914
28.8972
28.903
28.9088
28.9146
28.9205
28.9263
28.9321
28.9379
28.9437
28.9495
28.9553
28.9611
28.9669
28.9727
28.9785	261.323
28.9843	268.826
28.9901	270.383
28.9959	282.68
29.0017	277.984
29.0075	283.825
29.0133	292.48
29.0191	296.563
29.0249	301.398
29.0307	306.489
29.0366	310.947
29.0424	313.472
29.0482	320.059
29.054	323.217
29.0598	323.965
29.0656	323.217
29.0714	320.799
29.0772	318.767
29.083	316.931
29.0888	313.834
29.0946	312.749
29.1004	311.127
29.1062	311.667
29.112	313.472
29.1178	315.835
29.1236	317.664
29.1294	317.848
29.1352	319.689
29.141	321.541
29.1468	320.614
29.1527	320.614
29.1585	320.244
29.1643	318.767
29.1701	316.931
29.1759	314.56
29.1817	310.947
29.1875	308.799
29.1933	307.198
29.1991	304.372
29.2049	304.9
29.2107	304.021
29.2165	304.372
29.2223	306.489
29.2281	308.978
29.2339	309.693
29.2397	313.11
29.2455	315.288
29.2513	317.298
29.2571	318.215
29.2629	318.767
29.2688	318.399
29.2746	318.032
29.2804	317.298
29.2862	314.924
29.292	315.47
29.2978	315.288
29.3036	314.197
29.3094	311.307
29.3152	311.127
29.321	314.197
29.3268	310.768
29.3326	308.799
29.3384	307.731
29.3442	307.909
29.35	308.978
29.3558	307.909
29.3616
29.3674	312.027
29.3732	314.016
29.379	315.288
29.3849	317.848
29.3907	319.505
29.3965	320.984
29.4023	322.844
29.4081	323.591
29.4139	323.591
29.4197	321.727
29.4255	320.984
29.4313	310.588
29.4371	305.429
29.4429	293.156
29.4487	306.135
29.4545	297.764
29.4603	311.127
29.4661	308.265
29.4719	312.929
29.4777	316.383
29.4835	317.114
29.4893	319.136
29.4951	317.664
29.501	316.017
29.5068	319.874
29.5126
29.5184
29.5242
29.53
29.5358
29.5416
29.5474
29.5532
29.559
29.5648
29.5706
29.5764
29.5822
29.588
29.5938
29.5996
29.6054
29.6112
29.6171
29.6229
29.6287
29.6345
29.6403
29.6461
29.6519
29.6577
29.6635
29.6693
29.6751
29.6809
29.6867
29.6925
29.6983
29.7041
29.7099
29.7157
29.7215
29.7273
29.7332
29.739
29.7448
29.7506
29.7564
29.7622
29.768
29.7738
29.7796
29.7854
29.7912
29.797
29.8028
29.8086
29.8144
29.8202
29.826
29.8318
29.8376
29.8434
29.8493
29.8551
29.8609
29.8667
