0.301859	1.03329	1834.74	317.282
1.53832	1.73569	1995.03	875.679
1.73569	1.99692	2227.73	645.348
1.91565	2.24653	2217.46	723.631
2.06658	3.41333	1935.99	1141.21
5.95592	6.43773	1265.53	1779.77
6.43193	6.58286	1278.76	461.066
7.74385	8.04571	1613.93	892.327
8.03991	8.40562	1602.78	1272.32
8.33596	9.05578	1938.23	1319.18
9.72336	9.86268	1880.88	1009.66
9.86268	10.1761	2176.85	1009.66
10.1123	10.4896	2084.56	802.356
10.507	11.877	1736.77	970.32
11.3604	11.9293	2166.81	152.219
12.9858	13.247	1708.91	1875.04
13.3341	13.5488	1542.83	791.536
13.9958	14.2919	1740.79	667.292
14.2396	14.408	3055.5	226.925
14.3615	14.5705	1956.23	941.663
14.466	14.6692	10337	503.627
14.5705	15.0059	2171.83	1135.03
14.6286	14.7621	2200.87	662.376
14.6692	14.7911	10769.7	503.627
15.8999	16.254	2203.42	1606.62
16.283	16.4455	1943.84	1497.04
16.4455	16.8054	2168.07	1330.82
16.5152	16.8809	3834.16	585.774
16.8809	17.3105	4020.13	720.248
16.9796	19.4932	1951.71	1773.48
17.5078	17.9258	3912.46	843.753
18.1754	19.1216	3926.04	794.707
21.3856	22.1576	1275.81	1165.92
21.4494	22.3376	2561.95	788.813
22.2389	22.8659	1547.29	1003.8
22.5988	22.8833	3240.93	278.726
23.7366	24.0733	1910.44	1683.9
24.0791	24.5435	2204.69	1666.41
24.5435	25.6406	2437.79	1731.22
25.7045	25.8844	2810.01	1359.1
25.7625	25.8844	5610.29	903.047
25.8844	26.1224	4909.5	903.047
25.8844	26.1573	2437.79	1491.02
26.1224	26.2792	2189.46	1764.01
26.2792	26.5752	2394.53	1216.56
26.5752	26.8829	1917.08	1512.15
26.8829	27.8581	2141.93	1639.14
27.1906	27.8581	4291.28	761.222
28.9146	29.054	1907.14	669.133
29.0598	29.292	2136.98	276.851
29.6577	29.8144	1990.42	150.449
