0.563084	0.922993	1427.91	267.899
0.917188	1.11456	1372.92	384.148
0.969433	1.17841	4229.76	178.696
1.161	1.31773	1211.18	565.112
1.21324	1.3932	2329.05	318.343
1.34095	1.52091	1447.85	518.192
1.71247	1.90984	2570.84	90.2667
1.72989	2.00272	4499.43	67.2656
2.24073	2.68771	1389.67	986.874
2.35683	2.63546	2637.02	923.87
2.36844	2.6761	3987.75	521.673
2.64707	2.93152	2831.19	447.605
2.7922	2.95474	1307.89	939.876
3.07084	3.32045	1485.97	665.154
3.17533	3.40172	4509.84	325.882
3.2566	3.3727	5372.43	198.108
3.32626	3.55265	2166.81	180.251
3.52943	3.74422	1418.05	620.141
3.98222	4.13315	1696.12	1258.71
4.16218	4.52789	2199.6	96.32
4.45243	4.66141	1477.42	901.802
4.66141	4.85297	2506.33	132.966
4.75429	5.20127	3520	435.687
5.0039	5.29995	7023.75	205.521
5.21288	5.52635	1335.37	514.545
5.76435	6.0546	3435.63	208.027
5.79918	6.00816	1707.92	110.009
5.95592	6.08943	2733.17	97.3382
6.00816	6.19392	3475.55	175.569
6.06621	6.25197	1726.77	559.407
6.30422	6.48417	2311.63	192.309
6.43193	6.65252	2909.1	891.534
6.49578	6.69896	1350.89	1167.81
6.65832	6.88472	2831.19	274.358
6.75701	6.9776	6026.87	250.187
6.93116	7.18658	1413.14	466.124
7.40136	7.71483	2956.54	532.22
7.81932	8.10957	1946.09	301.945
8.12698	8.27791	1314.71	449.409
8.24308	8.62621	2189.46	341.053
8.53333	8.7249	5444.28	217.768
8.75392	8.9629	1245.95	810.87
8.89905	9.21252	1856.06	928.027
9.16608	9.38086	1201.42	571.383
9.28798	9.48535	2114.88	233.581
9.6537	9.78141	2985.71	252.218
9.79302	9.93814	1368.96	855.308
9.97297	10.1065	3176.07	236.917
10.0252	10.3619	2119.77	130.304
10.1819	10.2922	10945.3	183.045
10.4083	10.745	3546.53	495.909
10.8611	11.0643	2572.33	359.408
11.2907	11.4068	2339.84	187.799
11.2907	11.4474	3614.78	76.3464
11.6622	11.9815	2977.1	211.248
11.8132	11.9409	1666.99	117.437
12.1556	12.3762	1418.05	449.537
12.4053	12.5852	1743.81	204.244
12.5852	12.742	2405.62	80.8255
12.591	13.0844	1764.07	147.739
12.8697	13.0612	2382.11	317.258
13.0148	13.1657	1170.6	189.162
13.0786	13.2586	2144.4	595.644
13.5024	13.8507	2769.72	232.465
13.8101	14.0307	1483.4	555.097
14.4138	14.7679	1384.06	376.972
14.5821	14.7911	2174.34	501.125
14.8317	15.0872	2827.92	777.167
14.9943	15.2033	2566.39	181.515
15.0639	15.3368	1065.41	178.663
15.122	15.4064	2083.36	190.85
15.4761	15.6561	1549.97	436.95
15.7315	15.9811	3114.3	235.583
15.9927	16.2075	2094.21	317.316
16.103	16.2714	1333.83	473.497
16.4571	16.5732	3006.48	177.656
16.55	16.7474	1254.61	188.468
16.55	16.997	2143.16	264.555
16.7822	16.9622	3200.01	144.093
16.7938	16.9506	1069.11	106.874
17.0434	17.235	3471.54	177.142
17.177	17.5601	1117.73	609.218
17.4846	17.6936	5409.8	121.438
17.6181	17.8736	1179.42	367.102
17.7168	17.9258	2145.64	349.731
17.8271	18.0709	2205.96	422.496
18.1638	18.2973	4789.06	122.269
18.3496	18.5295	4728.59	97.1087
18.4308	18.6224	1194.5	270.575
18.4483	18.663	2327.71	117.207
18.5934	18.7907	2736.33	530.566
18.6688	18.7849	1301.11	302.192
19.1042	19.3132	3684.35	346.001
19.3074	19.4351	1104.89	262.2
19.3074	19.4351	1104.89	262.2
19.3771	19.7312	1754.92	196.469
19.5106	19.7137	3235.32	125.105
19.737	19.8821	1430.39	425.049
19.8124	19.9343	2742.66	129.684
19.9227	20.0446	3192.62	136.263
20.0098	20.1839	1447.85	122.314
20.1317	20.3581	1472.3	147.161
20.1781	20.3	1321.56	89.2087
20.3407	20.5671	3200.01	279.059
20.5555	20.6774	1537.49	660.698
20.6135	20.7935	1141.22	345.318
20.8457	21.0663	3600.2	197.372
21.0141	21.2927	1089.05	352.253
21.2346	21.5191	1279.5	808.554
21.4378	21.5771	2314.3	282.729
21.6294	21.7455	1333.83	373.722
21.7339	21.8616	2258.83	230.006
21.7977	22.0996	1105.53	275.602
21.879	22.2447	2132.05	249.991
22.2389	22.4421	2637.02	374.967
22.2563	22.5814	1121.61	364.268
22.5814	22.7091	2207.24	228.615
22.6569	22.9587	1171.27	439.936
22.7033	22.9878	2072.55	250.407
22.9994	23.2083	3604.36	540.987
23.278	23.4522	2744.24	635.849
23.3244	23.4696	1253.89	462.247
23.5566	23.7714	2159.32	205.415
23.9107	24.1894	1282.46	959.037
24.0965	24.259	2578.28	578.56
24.1952	24.381	2646.18	278.803
24.2532	24.857	2133.28	523.961
24.648	24.8337	2561.95	172.126
24.9092	25.0427	2053.49	133.193
24.9731	25.2227	1367.37	292.547
25.0485	25.2575	2638.54	228.279
25.2749	25.5884	1770.2	230.143
25.9483	26.1979	2875.69	470.776
26.0702	26.2269	1382.46	681.345
26.1457	26.4882	1649.74	456.388
26.2792	26.4766	4316.14	225.895
26.4766	26.7494	2647.7	404.004
26.732	26.9468	1457.92	150.788
26.9119	27.0164	2890.68	719.533
26.9235	27.0803	1441.17	294.434
27.0977	27.3531	3522.03	144.774
27.5969	27.8001	1645.94	372.696
27.7362	27.9046	1404.19	450.642
27.8407	28.0787	2185.67	537.534
28.1832	28.3922	2290.36	95.4713
28.4735	28.6128	3639.92	206.487
28.4909	28.6999	2548.67	335.613
28.6824	28.8508	2134.52	171.679
28.9437	29.0424	4470.93	69.6367
