8.30113	8.38821	3092.79	4.87563
11.906	12.2485	3347.48	7.6191
12.1556	12.3472	3427.7	12.0057
12.2543	12.4691	3405.99	11.6543
12.3704	12.5736	3485.6	16.6683
12.4807	12.8697	3618.96	8.72377
12.7768	12.9858	2579.77	23.9285
12.9858	13.7056	2709.59	31.3547
13.6011	13.8681	2614.27	12.35
13.7578	13.8855	2859.13	4.35334
13.8739	14.019	2597.71	9.15043
14.0249	14.2745	2603.72	5.10045
17.0957	17.2002	4615.25	82.6578
17.2176	17.3917	4658.1	85.1766
21.3275	21.4552	8128.99	9.75593
21.3624	21.5307	8166.64	19.8254
21.4552	21.6584	8119.6	19.0355
25.2691	25.3968	11522.7	15.1783
25.3039	25.4781	11536	10.7895
25.5361	25.8264	6500.61	2.90086
26.3024	26.5462	4663.49	6.52374
