0
0.00580499
0.01161
0.017415
0.02322
0.0290249
0.0348299
0.0406349
0.0464399
0.0522449
0.0580499
0.0638549
0.0696599
0.0754649
0.0812698
0.0870748
0.0928798
0.0986848
0.10449
0.110295
0.1161
0.121905
0.12771
0.133515
0.13932
0.145125
0.15093
0.156735
0.16254
0.168345
0.17415
0.179955
0.18576
0.191565	353.694
0.19737	354.308
0.203175	356.36
0.20898	356.36
0.214785	355.949
0.22059	356.978
0.226395	359.254
0.2322	360.709
0.238005	361.544	720.17
0.24381	362.38	724.76
0.249615	363.009	728.959
0.255419	363.848	729.38
0.261224	364.269	723.923
0.267029	364.269	720.17
0.272834	365.745	720.586
0.278639	366.167	720.586
0.284444	362.589	723.505
0.290249	357.804	719.338
0.296054	355.949	715.608
0.301859	357.185	711.487
0.307664	358.425	709.025
0.313469	357.391	708.207
0.319274	356.566	706.572
0.325079	356.36	705.349
0.330884	356.978	708.616
0.336689	356.772	709.845
0.342494	356.566	711.076
0.348299	355.127	712.721
0.354104	355.333	714.369
0.359909	355.949	716.022
0.365714	356.978	722.253
0.371519	356.978	722.67
0.377324	353.899	710.665
0.383129	351.454	702.908
0.388934	349.834	696.04
0.394739	349.834	695.236
0.400544	351.657	708.616
0.406349	357.598	716.436
0.412154	361.962	728.538
0.417959	368.289	742.987
0.423764	379.957	780.376
0.429569	372.138	800.002
0.435374	370.636	800.002	182.134
0.441179	367.651	800.002	181.399
0.446984	361.753	800.002	179.42
0.452789	355.949	178.386
0.458594	179.523
0.464399	179.316
0.470204	178.799
0.476009	179.109
0.481814	179.316	717.678
0.487619	178.902	716.849
0.493424	178.799	716.436
0.499229	179.42	713.545
0.505034	179.731	713.545
0.510839	178.592	716.022	360.709
0.516644	178.902	721.836	362.38
0.522449	175.22	727.697	362.589
0.528254	175.22	725.598	361.962
0.534059	178.386	723.923	373.645
0.539864	179.109	720.586	361.126
0.545669	740.844	360.085
0.551474	744.706	360.709
0.557279	734.877	362.38
0.563084	720.586	361.126
0.568889	714.369	359.461
0.574694	717.678	359.046
0.580499	721.419	361.962
0.586304	721.836	362.589
0.592109	723.087	362.171
0.597914	722.67	363.009
0.603719	728.959	364.479
0.609524	740.416	370.636
0.615329	731.067	367.439
0.621134	727.276	366.379
0.626939	727.276	360.918
0.632744	719.338	359.669
0.638549	714.369	355.538
0.644354	712.721	355.333
0.650159	710.665	354.513
0.655964	708.207	353.286
0.661769	703.315	351.454	175.018
0.667574	700.477	350.441	174.917
0.673379	700.477	350.846	174.816
0.679184	703.315	351.454	174.715
0.684989	703.315	351.251	174.715
0.690794	699.264	349.834	174.513
0.696599	696.845	348.624	174.312
0.702404	696.845	348.221	174.614
0.708209	698.456	349.027	174.816
0.714014	700.477	348.624	175.018
0.719819	698.86	349.228	175.018
0.725624	696.845	348.02	174.211
0.731429	694.434	347.618	173.91
0.737234	693.231	347.016	173.608
0.743039	693.231	345.616	172.908
0.748844	692.031	346.215	173.709
0.754649	689.637	346.616	173.709
0.760454	687.648	344.619	172.509
0.766258	685.269	341.252	172.509
0.772063	683.293	340.858	176.439
0.777868	680.929	339.679	169.447
0.783673	681.322	343.427	161.795
0.789478	676.616	339.875
0.795283	671.942	334.229
0.801088	669.231	334.809
0.806893	665.376	334.615
0.812698	661.926	330.963	1637.4
0.818503	664.224	332.496	1639.29
0.824308	663.841	330.009	1640.24
0.830113	656.216	327.729	1638.35
0.835918	650.93	325.653	1635.51
0.841723	649.804	324.902	1637.4
0.847528	648.678	324.902	1628.91
0.853333	646.434	329.437	1612.06
0.859138	637.903	329.437	1605.56
0.864943	633.131	329.437	1596.31
0.870748	631.305	329.437	1594.47
0.876553	628.758	1593.55
0.882358	622.254	1582.54
0.888163	614.752	1572.52
0.893968	614.397	1576.15
0.899773	621.177	1568.89
0.905578	630.576	1539.27
0.911383	613.687	1507.59
0.917188	608.042	1446.17
0.922993	611.211	1467.21
0.928798	611.564	1515.45	686.854
0.934603	1603.7	649.053
0.940408	656.595
0.946213	647.555
0.952018	636.431
0.957823	632.4
0.963628	632.4
0.969433	631.67
0.975238	634.229
0.981043	658.114
0.986848	675.835
0.992653	669.617
0.998458	639.009
1.00426	636.063
1.01007	659.636
1.01587	671.554
1.02168	696.04
1.02748	678.573
1.03329	643.082
1.03909	644.57
1.0449	642.711
1.0507	658.494
1.05651	630.94
1.06231
1.06812
1.07392
1.07973
1.08553
1.09134
1.09714
1.10295
1.10875
1.11456
1.12036
1.12617
1.13197
1.13778
1.14358
1.14939
1.15519
1.161
1.1668
1.17261
1.17841
1.18422
1.19002
1.19583
1.20163
1.20744	342.832
1.21324	323.965
1.21905	316.383
1.22485	338.503
1.23066	335.971
1.23646	337.917
1.24227	337.332
1.24807	336.165
1.25388	336.165
1.25968	335.777
1.26549	331.346
1.27129	329.818
1.2771	327.162
1.2829	324.902
1.28871	324.902
1.29451	328.108
1.30032	335.002
1.30612	335.971
1.31193	341.844
1.31773	345.616
1.32354	347.819
1.32934	351.251
1.33515	355.743
1.34095	358.632
1.34676	362.171
1.35256	365.956
1.35837	369.141
1.36417	370.208
1.36998	369.781
1.37578	369.567
1.38159	379.738
1.38739	387.493
1.3932	391.769
1.399	390.414	750.752
1.40481	386.599	741.272
1.41061	370.208	736.577
1.41642	369.141	736.577
1.42222	367.651	738.281
1.42803	366.803	737.429
1.43383	367.227	735.727
1.43964	365.533	735.302
1.44544	363.638	735.727
1.45125	364.901	735.302
1.45705	365.956	735.302
1.46286	365.745	731.912
1.46866	364.901	728.959
1.47447	363.638	726.017
1.48027	364.269	726.017
1.48608	366.379	726.856
1.49188	365.745	727.697
1.49769	727.697
1.50349	721.836
1.5093	721.836
1.5151	726.017
1.52091	731.489
1.52671	730.645	362.38
1.53252	728.538	362.589
1.53832	728.117	363.009
1.54413	724.76	359.461
1.54993	726.017	354.103
1.55574	715.195	353.286
1.56154	691.631	350.643
1.56735	674.664	347.819
1.57315	681.322	345.616
1.57896	692.431	342.437
1.58476	339.875
1.59057	327.54
1.59637	320.614
1.60218	321.913
1.60798	318.583
1.61379	317.298
1.61959	314.56
1.6254	310.588
1.6312	308.799
1.63701	307.909
1.64281	303.494
1.64862	310.768
1.65442	309.693
1.66023	307.731
1.66603	316.017
1.67184	311.307
1.67764	317.481
1.68345	313.11
1.68925	316.2
1.69506	317.664
1.70086	317.481
1.70667	322.099
1.71247	322.099
1.71828	334.036
1.72408	329.247
1.72989	326.784
1.73569	337.527
1.7415	349.632
1.7473	347.417
1.75311	362.589
1.75891	365.745
1.76472	370.85
1.77052	372.783
1.77633	376.897
1.78213	379.738
1.78794	381.276
1.79374	377.987
1.79955	377.551
1.80535	373.214
1.81116	368.501
1.81696	365.533
1.82277	368.289
1.82857	369.567
1.83438	368.927
1.84018	359.254
1.84599	372.568
1.85179	370.636
1.8576
1.8634
1.86921
1.87501
1.88082
1.88662
1.89243
1.89823
1.90404
1.90984	321.913
1.91565	303.845
1.92145	304.548
1.92726	304.021
1.93306	305.782
1.93887	308.443
1.94467	314.197	1922.62
1.95048	316.748	1897.25
1.95628	318.951	1899.44
1.96209	319.136	1901.64
1.96789	317.664	1899.44
1.9737	316.748	1893.96
1.9795	315.47	1880.88
1.98531	312.388	1880.88
1.99111	315.106	1880.88
1.99692	316.565	1880.88
2.00272	316.931	1900.54
2.00853	314.379	1911.55
2.01433	312.749	1898.34
2.02014	314.742	1888.5
2.02594	306.666	1850.71
2.03175	297.077	1828.39
2.03755	297.42	1906.04
2.04336	300.355	1834.74
2.04916	310.051
2.05497
2.06077
2.06658
2.07238
2.07819
2.08399
2.0898	364.69
2.0956	364.269
2.10141	366.803
2.10721	363.218
2.11302	361.126
2.11882	353.49
2.12463	354.103
2.13043	356.36
2.13624	357.598
2.14204	362.171
2.14785	369.354
2.15365	371.708
2.15946	372.999
2.16526	367.863
2.17107	367.863
2.17687	367.651
2.18268	363.009	180.459
2.18848	357.185	178.489
2.19429	352.064	176.235
2.20009	349.228	174.614
2.2059	346.215	172.609
2.2117	341.646	170.527
2.21751	339.09	170.036
2.22331	337.917	168.569
2.22912	346.215	168.374
2.23492	354.103	168.471
2.24073	360.918	172.609
2.24653	355.743	172.908
2.25234	175.322
2.25814	180.355
2.26395	169.937
2.26975	171.912
2.27556	174.413
2.28136	176.541
2.28717	178.902
2.29297	186.069
2.29878
2.30458
2.31039
2.31619
2.322
2.3278
2.33361
2.33941
2.34522
2.35102
2.35683
2.36263
2.36844
2.37424
2.38005
2.38585
2.39166
2.39746
2.40327
2.40907
2.41488
2.42068
2.42649
2.43229
2.4381
2.4439
2.44971
2.45551
2.46132	343.229
2.46712	368.714
2.47293	372.783
2.47873	367.651
2.48454	361.962
2.49034	364.058
2.49615	365.533
2.50195	365.956
2.50776	366.167
2.51356	365.111
2.51937	363.428
2.52517	365.745
2.53098	360.085
2.53678	358.425
2.54258	353.49
2.54839	351.454
2.55419	347.016
2.56	348.221
2.5658	348.624
2.57161	349.632
2.57741	351.251
2.58322	351.657
2.58902	350.238
2.59483	349.228
2.60063	350.036	1770.2
2.60644	349.632	1773.27
2.61224	350.238	1760
2.61805	349.027	1768.15
2.62385	352.267	1789.73
2.62966	352.674	1785.6
2.63546	357.804	1776.34
2.64127	350.643	1779.42
2.64707	352.064	1860.35
2.65288	355.333	1792.83	355.949
2.65868	1793.87	354.922
2.66449	1790.76	355.949
2.67029	1777.37	353.694
2.6761	1767.13	352.267
2.6819	1762.03	351.657
2.68771	1753.91	351.454
2.69351	1734.77	350.036
2.69932	1738.78	349.834	1937.11
2.70512	1745.82	349.228	1920.4
2.71093	1753.91	349.228	1920.4
2.71673	1752.9	349.027	1921.51
2.72254	1757.97	349.228	1932.64
2.72834	1755.94	349.43	1929.3
2.73415	1778.39	351.86	1921.51
2.73995	1766.11	351.86	1932.64
2.74576	1784.57	352.878	1940.47
2.75156	1761.02	353.49	1933.76
2.75737	1794.91	354.513	1940.47
2.76317	1786.63	354.513	1949.46
2.76898	1786.63	353.49	1956.23
2.77478	1867.89	354.717	1955.1
2.78059	1867.89	355.743	1953.97
2.78639	1790.76	356.36	1942.72
2.7922	354.513	1967.56
2.798	354.103	1949.46
2.80381	353.899	1939.35
2.80961	354.308	1929.3
2.81542	353.694	1913.76
2.82122	352.674	1913.76
2.82703	351.657	1874.37
2.83283	351.454	1775.32
2.83864	351.454	1767.13
2.84444	349.834	1749.86
2.85025	350.036	1738.78
2.85605	350.036	1735.77
2.86186	348.422	1727.77
2.86766	348.624	1719.8
2.87347	349.43	1729.76	171.416
2.87927	349.834	1729.76	171.912
2.88508	342.832	1729.76	171.515
2.89088	338.895	1729.76	170.331
2.89669	343.625	1730.76	169.741
2.90249	341.055	1773.27	169.545
2.9083	336.554	1834.74	168.277
2.9141	331.154	167.404
2.91991	330.581	166.536
2.92571	331.729	165.577
2.93152	330.199	164.149
2.93732	328.677	163.392
2.94313	326.784	162.357
2.94893	324.902	161.329
2.95474	320.429	160.4
2.96054	320.614	159.568
2.96635	320.429	158.374	644.198
2.97215	318.767	158.283	641.228
2.97796	317.664	159.2	636.063
2.98376	315.652	162.451	629.484
2.98957	310.409	159.752	611.564
2.99537	305.782	161.329	606.989
3.00118	302.794	163.486	606.288
3.00698	307.553	162.733	612.271
3.01279	312.929	155.204	625.497
3.01859	313.653	632.4
3.0244	624.054
3.0302	623.333
3.03601	612.625
3.04181	612.625
3.04762	627.306
3.05342	630.94
3.05923	633.131
3.06503	633.131
3.07084	640.857
3.07664	655.458
3.08245	646.808
3.08825	646.061
3.09406	640.487
3.09986	637.903
3.10567	626.944
3.11147	650.179
3.11728	650.179
3.12308	637.535
3.12889	644.198
3.13469	645.688
3.1405	649.053
3.1463	642.34
3.15211	639.379
3.15791	644.942
3.16372	640.487
3.16952	645.688
3.17533	648.304
3.18113	645.315
3.18694
3.19274
3.19855
3.20435
3.21016
3.21596
3.22177
3.22757
3.23338
3.23918
3.24499
3.25079
3.2566
3.2624
3.26821
3.27401
3.27982
3.28562
3.29143
3.29723
3.30304
3.30884
3.31465
3.32045
3.32626
3.33206
3.33787
3.34367
3.34948
3.35528
3.36109
3.36689
3.3727
3.3785
3.38431
3.39011
3.39592
3.40172
3.40753
3.41333
3.41914
3.42494
3.43075
3.43655
3.44236
3.44816
3.45397
3.45977
3.46558
3.47138
3.47719
3.48299
3.4888
3.4946
3.50041
3.50621
3.51202
3.51782
3.52363
3.52943
3.53524
3.54104
3.54685
3.55265
3.55846
3.56426
3.57007
3.57587
3.58168
3.58748
3.59329
3.59909
3.6049
3.6107
3.61651
3.62231
3.62812
3.63392
3.63973
3.64553
3.65134
3.65714
3.66295
3.66875
3.67456
3.68036
3.68617
3.69197
3.69778
3.70358
3.70939
3.71519
3.721
3.7268
3.73261
3.73841
3.74422
3.75002
3.75583
3.76163
3.76744
3.77324
3.77905
3.78485
3.79066
3.79646
3.80227
3.80807
3.81388
3.81968
3.82549
3.83129
3.8371
3.8429
3.84871
3.85451
3.86032
3.86612
3.87193
3.87773
3.88354
3.88934
3.89515
3.90095
3.90676
3.91256
3.91837
3.92417
3.92998
3.93578
3.94159
3.94739
3.9532
3.959
3.96481
3.97061
3.97642
3.98222
3.98803
3.99383
3.99964
4.00544
4.01125
4.01705
4.02286
4.02866
4.03447
4.04027
4.04608
4.05188
4.05769
4.06349
4.0693
4.0751
4.08091
4.08671
4.09252
4.09832
4.10413
4.10993
4.11574
4.12154
4.12735
4.13315
4.13896
4.14476
4.15057
4.15637	339.09
4.16218	338.699
4.16798	338.503
4.17379	329.057
4.17959	336.359
4.1854	337.137
4.1912	339.09
4.19701	339.875
4.20281	337.917
4.20862	335.777
4.21442	336.943
4.22023	338.503
4.22603	336.359
4.23184	336.748
4.23764	337.917
4.24345	337.917
4.24925	340.858
4.25506	337.917
4.26086	334.422
4.26667	334.809
4.27247	336.748
4.27828	342.437
4.28408
4.28989
4.29569
4.3015
4.3073
4.31311
4.31891
4.32472
4.33052
4.33633	401.622
4.34213	400.695
4.34794	396.55
4.35374	399.77
4.35955	397.697
4.36535	394.95
4.37116	394.722
4.37696	399.078
4.38277	394.722
4.38857	394.266
4.39438	390.188
4.40018	390.865
4.40599	385.261
4.41179	383.042
4.4176	381.717
4.4234	380.616	188.557
4.42921	380.396	189.54
4.43501	375.81	185.532
4.44082	371.923	185.318
4.44662	373.645	186.284
4.45243	372.138	186.499
4.45823	371.923	186.823
4.46404	369.994	184.57
4.46984	368.714	185.104
4.47565	365.322	182.767
4.48145	360.709	181.504
4.48726	358.011	180.355
4.49306	361.544	180.146
4.49887	360.085	179.938
4.50467	360.085	179.523
4.51048	357.391	178.592
4.51628	353.899	177.666
4.52209	354.922	175.524
4.52789	349.43	174.816
4.5337	344.42	175.322	2089.38
4.5395	344.42	172.509	2066.58
4.54531	343.824	172.011	2070.16
4.55111	351.251	170.429	1980.1
4.55692	361.962	169.839	1963.02
4.56272	368.076	174.917	1996.18
4.56853	360.709	179.835	1943.84
4.57433	353.49	178.799	1970.97
4.58014	172.409	1965.29
4.58594	1970.97
4.59175	1969.84
4.59755	1963.02
4.60336	1911.55
4.60916	1822.07
4.61497	1795.94
4.62077	1803.22
4.62658	1773.27
4.63238	1892.87
4.63819	1964.15
4.64399	1964.15
4.6498
4.6556
4.66141	345.018
4.66721	349.228
4.67302	349.43
4.67882	349.228
4.68463	357.804
4.69043	361.544
4.69624	362.171
4.70204	358.632
4.70785	363.638
4.71365	363.638
4.71946	357.598
4.72526	356.772
4.73107	360.918
4.73687	358.632
4.74268	355.127
4.74848	352.878
4.75429	349.228
4.76009	348.825
4.7659	349.228
4.7717	340.464
4.77751	337.722
4.78331	340.071
4.78912	335.389
4.79492	329.247
4.80073	329.247
4.80653	329.818
4.81234	326.03
4.81814	317.481
4.82395	312.749
4.82975	311.307
4.83556	307.731
4.84136	303.319
4.84717	300.182
4.85297	296.563
4.85878	284.482
4.86458	283.989
4.87039	278.949
4.87619	273.209
4.882	274.95
4.8878	282.191
4.89361	290.124
4.89941	292.311
4.90522	282.028	417.952
4.91102	286.792	416.747
4.91683	290.963	413.39
4.92263	278.788	414.346
4.92844	283.17	416.025
4.93424	284.646	414.346
4.94005	278.949	417.952
4.94585	277.183	413.151
4.95166	275.427	411.722
4.95746	276.224	411.484
4.96327	274.633	404.883
4.96907	271.008	404.649
4.97487	274.316	413.151
4.98068	283.007	422.076
4.98649	283.007	422.32
4.99229	271.635	413.39
4.9981	283.825	422.32	387.717
5.0039	417.228	381.276
5.00971	417.228	375.159
5.01551	397.238	368.289
5.02132	407.934	365.322
5.02712	419.161	363.428
5.03293	427.227	358.425
5.03873	445.37	357.185
5.04454	369.354
5.05034	372.138
5.05615	372.568
5.06195	372.138
5.06776	379.299
5.07356	368.927
5.07936	368.289
5.08517	369.994
5.09097	371.279
5.09678	373.861
5.10258	375.376
5.10839	373.214
5.11419	374.294
5.12	370.422
5.1258	369.781
5.13161	361.753
5.13741	357.804
5.14322	355.127
5.14902	361.126
5.15483	359.046
5.16063	347.417
5.16644	363.638
5.17225
5.17805
5.18385
5.18966
5.19546
5.20127
5.20707
5.21288
5.21868
5.22449
5.23029
5.2361
5.2419
5.24771
5.25351
5.25932
5.26512
5.27093
5.27673
5.28254
5.28834
5.29415
5.29995
5.30576
5.31156
5.31737
5.32317
5.32898
5.33478
5.34059
5.34639
5.3522
5.358
5.36381
5.36961
5.37542
5.38122
5.38703	353.49
5.39283	353.286
5.39864	358.839
5.40444	361.753
5.41025	358.632
5.41605	354.103	176.541
5.42186	352.674	176.235
5.42766	348.02	175.018
5.43347	344.221	173.308
5.43927	342.437	171.912
5.44508	341.844	172.21
5.45088	342.832	170.626
5.45669	340.071	169.545
5.46249	339.09	169.056
5.4683	339.482	172.708
5.4741	325.465	176.032
5.47991	327.918	170.134
5.48571	336.748	171.317
5.49152	348.02	170.725
5.49732	329.437	171.317
5.50313	172.509
5.50893	172.609
5.51474	170.527
5.52054	170.527
5.52635	166.248
5.53215	174.816
5.53796	178.902
5.54376
5.54957
5.55537
5.56118
5.56698	303.845
5.57279	301.746
5.57859	299.662
5.5844	296.905
5.5902	295.025
5.59601	285.47
5.60181	280.89
5.60762	274.633
5.61342	271.949
5.61923	267.741
5.62503	264.36
5.63084	262.686
5.63664	261.626
5.64245	261.626
5.64825	257.131
5.65406	265.278
5.65986	254.913
5.66567	253.152
5.67147	260.57
5.67728	265.738
5.68308	268.67
5.68889	258.919
5.69469	265.584
5.7005	270.695
5.7063	254.618
5.71211	254.618
5.71791
5.72372
5.72952
5.73533
5.74113
5.74694
5.75274
5.75855
5.76435
5.77016
5.77596
5.78177
5.78757
5.79338
5.79918
5.80499
5.81079
5.8166
5.8224
5.82821	540.141
5.83401	540.141
5.83982	551.491
5.84562	551.809
5.85143	534.554
5.85723	526.891
5.86304	550.218
5.86884	558.866
5.87465	547.365
5.88045	537.651
5.88626	535.791
5.89206	538.584
5.89787	522.345
5.90367	524.461	656.216
5.90948	506.596	657.734
5.91528	514.559	664.608
5.92109	501.936	665.761
5.92689	523.856	668.072
5.9327	531.783	669.231
5.9385	531.783	665.761
5.94431	663.841
5.95011	664.608
5.95592	668.072
5.96172	670.004
5.96753	671.554
5.97333	667.686
5.97914	661.162
5.98494	658.494
5.99075	662.691
5.99655	667.686
6.00236	670.779
6.00816	660.017
6.01397	661.544
6.01977	664.608
6.02558	667.686
6.03138	671.942
6.03719	675.444
6.04299
6.0488	645.315
6.0546	663.457
6.06041	665.376	329.247
6.06621	666.53	331.92
6.07202	665.376	331.92
6.07782	660.78	329.437
6.08363	659.255	326.784
6.08943	655.458	327.918
6.09524	650.93	338.503
6.10104	662.309	335.583
6.10685	664.992	340.071
6.11265	675.835	340.071
6.11846	675.444	329.818
6.12426	665.761	328.867
6.13007	671.554	331.537
6.13587	666.915	327.918
6.14168	663.841	327.918
6.14748	666.53	330.581
6.15329	669.231	334.229
6.15909	672.719	335.971
6.1649	676.616	337.917
6.1707	679.75	339.875
6.17651	680.535	340.071
6.18231	680.929	340.661
6.18812	680.535	340.858
6.19392	677.789	340.858
6.19973	681.322	340.464
6.20553	682.504	337.917
6.21134	677.789	337.137
6.21714	672.33	336.359
6.22295	675.835	338.308
6.22875	681.322	341.055
6.23456	680.929	339.679
6.24036	672.719	337.527
6.24617	668.844	340.661
6.25197	670.779
6.25778	673.107
6.26358	677.007
6.26939	677.398
6.27519	681.322
6.281	675.054
6.2868	679.357
6.29261	681.322
6.29841
6.30422
6.31002
6.31583	1752.9
6.32163	1741.8
6.32744	1744.82
6.33324	1731.76
6.33905	1740.79
6.34485	1740.79
6.35066	1719.8
6.35646	1694.17	171.317
6.36227	1687.33	168.861
6.36807	1687.33	167.598
6.37388	1664.1	167.115
6.37968	1655.47	166.729	332.112
6.38549	1663.14	166.536	332.112
6.39129	1659.3	166.729	332.496
6.3971	1657.39	165.96	333.265
6.4029	1652.61	165.195	332.304
6.40871	1642.14	163.959	328.108
6.41451	1634.57	163.015	326.407
6.42032	1625.15	163.015	326.03
6.42612	1614.86	161.609	323.778
6.43193	1607.41	161.049	321.913
6.43773	1595.39	160.029	319.689
6.44354	1599.08	155.743	317.298
6.44934	1576.15	152.098	314.56
6.45515	1568.89	154.132	312.207
6.46095	1558.95	155.563	311.307
6.46676	1563.46	156.465	312.388
6.47256	1565.27	156.465	311.847
6.47837	1558.95	154.132	310.23
6.48417	1558.95	153.688	308.621
6.48998	1558.95	152.891	307.021
6.49578	1558.95	151.048	306.844
6.50159	1558.95	152.803	305.076
6.50739	152.803	302.619
6.5132	302.969
6.519	301.05
6.52481	306.844
6.53061	307.376
6.53642	305.429
6.54222	304.372
6.54803	302.969
6.55383	301.398
6.55964	302.619
6.56544	304.196
6.57125	301.05
6.57705
6.58286
6.58866
6.59447
6.60027
6.60608
6.61188
6.61769
6.62349
6.6293
6.6351
6.64091
6.64671
6.65252
6.65832
6.66413	307.731
6.66993	307.198
6.67574	313.291
6.68154	316.931
6.68735	308.621
6.69315	304.372
6.69896	305.076
6.70476	304.372
6.71057	302.969
6.71637	302.794
6.72218	302.27
6.72798	302.794
6.73379	301.921
6.73959	301.921
6.7454	305.253
6.7512	311.307
6.75701	310.409
6.76281	310.588
6.76862	306.312
6.77442	311.127
6.78023	306.312
6.78603	306.312
6.79184	306.312
6.79764
6.80345
6.80925
6.81506
6.82086
6.82667
6.83247
6.83828
6.84408
6.84989
6.85569
6.8615
6.8673
6.87311
6.87891	366.591
6.88472	366.379
6.89052	357.185
6.89633	358.839
6.90213	365.322
6.90794	367.439
6.91374	370.636
6.91955	370.636
6.92535	365.745
6.93116	365.745
6.93696	370.636
6.94277	371.923
6.94857	373.645
6.95438	374.51
6.96018	374.077
6.96599	370.636
6.97179	371.493
6.9776	371.279
6.9834	369.567
6.98921	360.085
6.99501
7.00082
7.00662
7.01243
7.01823
7.02404
7.02984
7.03565
7.04145	285.47
7.04726	288.953
7.05306	293.156
7.05887	296.049
7.06467	300.182
7.07048	302.27
7.07628	303.845
7.08209	304.724
7.08789	305.429
7.0937	316.2
7.0995	316.2
7.10531	306.489
7.11111	306.489
7.11692	306.489	313.834
7.12272	306.489	325.277
7.12853	307.553	307.553
7.13433	309.514	306.844
7.14014	308.265	307.909
7.14594	312.388	312.568
7.15175	315.652	315.835
7.15755	318.215	318.399
7.16336	320.244	318.583
7.16916	319.505	319.505
7.17497	315.835	316.017
7.18077	316.565	315.288
7.18658	322.099	322.285
7.19238	327.729	327.729
7.19819	335.777	335.583
7.20399	336.165
7.2098	340.661
7.2156	349.228
7.22141	354.513
7.22721	361.962
7.23302	365.322
7.23882	370.422
7.24463	364.058
7.25043	361.544
7.25624	363.428
7.26204	359.669
7.26785	354.922
7.27365	352.878
7.27946	355.127
7.28526	356.36
7.29107	356.36
7.29687	355.127
7.30268	353.694
7.30848	355.538
7.31429	365.533
7.32009	371.279
7.3259	358.632
7.3317	353.082
7.33751	349.228
7.34331	347.016
7.34912	348.825
7.35492	352.674
7.36073
7.36653
7.37234
7.37814
7.38395
7.38975
7.39556
7.40136
7.40717
7.41297
7.41878
7.42458
7.43039
7.43619
7.442
7.4478
7.45361
7.45941
7.46522	322.285
7.47102	322.285
7.47683	322.658
7.48263	323.591
7.48844	325.653
7.49424	327.351
7.50005	326.595
7.50585	325.465
7.51166	325.089
7.51746	328.487
7.52327	330.199
7.52907	329.818
7.53487	329.628
7.54068	329.818
7.54648	328.677
7.55229	328.297
7.55809	326.407
7.5639	327.162
7.56971	326.218
7.57551	335.002
7.58132	337.722
7.58712	325.841
7.59293	319.689
7.59873	316.748
7.60454	309.872
7.61034	308.443
7.61615	304.548
7.62195	303.845
7.62776	303.494
7.63356	316.383
7.63936	319.874
7.64517	322.099
7.65097	334.036
7.65678	325.089
7.66258
7.66839
7.67419
7.68
7.6858
7.69161
7.69741
7.70322
7.70902
7.71483
7.72063
7.72644
7.73224	343.031
7.73805	359.461
7.74385	339.09
7.74966	347.417
7.75546	362.38
7.76127	361.962
7.76707	355.743
7.77288	359.669
7.77868	360.293
7.78449	360.293
7.79029	359.669
7.7961	360.085
7.8019	361.544	1447.85
7.80771	363.848	1450.36
7.81351	364.269	1453.71
7.81932	363.428	1453.71
7.82512	363.428	1452.03
7.83093	363.009	1447.01
7.83673	361.962	1443.67
7.84254	361.335	1438.68
7.84834	360.709	1434.53
7.85415	359.461	1434.53
7.85995	358.632	1429.56
7.86576	358.011	1429.56
7.87156	356.978	1427.09
7.87737	355.538	1420.51
7.88317	354.513	1420.51	1062.34
7.88898	353.49	1419.69	1061.11
7.89478	353.082	1413.96	1058.66
7.90059	352.674	1421.33	1055
7.90639	352.064	1436.19	1053.17
7.9122	350.846	1438.68	1051.96
7.918	349.43	1398.53	1048.32
7.92381	348.624	1468.91	1044.69
7.92961	348.221	1462.13	1041.68
7.93542	347.618	1446.17	1037.47
7.94122	346.616	1030.9
7.94703	346.016	1026.15
7.95283	345.416	1024.97
7.95864	345.816	1032.09
7.96444	345.416	1039.87
7.97025	344.023	1032.69
7.97605	341.844	1027.34
7.98186	339.482	1015.54
7.98766	336.359	1024.97
7.99347	332.112	1045.29
7.99927	332.304	1047.11
8.00508	323.217	1013.78
8.01088	319.505
8.01669	314.379
8.02249	309.156
8.0283	304.548
8.0341	302.619
8.03991	300.702
8.04571	298.453	317.298
8.05152	294.174	324.902
8.05732	295.195	327.351
8.06313	294.004	330.963
8.06893	325.465
8.07474	329.628
8.08054	332.88
8.08635	336.359
8.09215	345.416
8.09796	344.619
8.10376	345.217
8.10957	346.415
8.11537	343.031
8.12118	342.041
8.12698	342.041
8.13279	344.818
8.13859	345.416
8.1444	347.819
8.1502	349.834
8.15601	350.643
8.16181	353.286
8.16762	351.251	1771.22
8.17342	359.046	1806.35
8.17923	346.016	1808.44
8.18503	353.899	1779.42
8.19084	348.825	1748.85
8.19664	347.819	1747.84
8.20245	343.229	1741.8
8.20825	348.422	1763.05	327.351
8.21406	351.251	1805.3	333.265
8.21986	350.846	1785.6	326.407
8.22567	1787.66	325.465
8.23147	1785.6	349.43
8.23728	1793.87	331.346
8.24308	1791.8	353.082
8.24889	1766.11	342.634
8.25469	1746.83	342.634
8.2605	1741.8	341.055
8.2663	1722.78	347.819
8.27211	1738.78	352.471
8.27791	1747.84	357.598
8.28372	360.501
8.28952	356.978
8.29533	355.333
8.30113	355.538
8.30694	353.899
8.31274	353.286
8.31855	351.454
8.32435	348.825
8.33016	348.221
8.33596	350.238
8.34177	349.228
8.34757	347.819
8.35338	345.616
8.35918	344.221
8.36499	346.415
8.37079	354.308
8.3766	351.86	700.072
8.3824	356.155	698.86
8.38821	353.082	702.908
8.39401	708.207	332.112
8.39982	706.98	354.513
8.40562	709.435	358.839
8.41143	713.957	357.598
8.41723	709.025	357.598
8.42304	702.503	359.461
8.42884	698.86	359.669
8.43465	708.207	361.753
8.44045	719.754	361.335
8.44626	717.678	362.799
8.45206	741.701	364.269
8.45787	740.844	367.014
8.46367	736.152	367.651
8.46948	737.003	368.927
8.47528	739.989	370.422
8.48109	741.701	371.065
8.48689	742.987	371.923
8.4927	743.846	372.353
8.4985	739.134	372.138
8.50431	736.577	370.422
8.51011	737.429	369.141
8.51592	731.489	374.943
8.52172	727.276	368.076
8.52753	733.605	373.645
8.53333	745.997	368.289
8.53914	702.908
8.54494
8.55075
8.55655
8.56236
8.56816
8.57397
8.57977
8.58558	368.501
8.59138	366.591
8.59719	387.941
8.60299	365.533
8.6088	362.38
8.6146	367.439
8.62041	361.962
8.62621	356.155
8.63202	358.632
8.63782	365.745
8.64363	366.167
8.64943	364.479
8.65524	363.009
8.66104	362.589
8.66685	361.544
8.67265	356.772	175.423
8.67846	353.899	174.917
8.68426	349.228	174.211
8.69007	343.824	173.008
8.69587	342.634	171.714
8.70168	344.023	171.515
8.70748	346.816	171.912
8.71329	346.616	172.509
8.71909	347.016	173.008
8.7249	346.616	173.809
8.7307	349.834	175.626
8.73651	349.834	176.134
8.74231	345.816	172.409
8.74812	344.221	171.912
8.75392	352.471	176.847
8.75973	358.632	182.45
8.76553	359.669	180.876
8.77134	360.501	182.134
8.77714	178.386
8.78295	173.308
8.78875
8.79456	987.766
8.80036	1046.5
8.80617	986.056
8.81197	985.487
8.81778	984.918
8.82358	984.349
8.82939	985.487
8.83519	984.918
8.841	984.349
8.8468	983.781
8.85261	980.944
8.85841	983.781
8.86422	987.766	670.391
8.87002	992.341	670.391
8.87583	995.212	675.835
8.88163	998.09	672.719
8.88744	991.769	668.458
8.89324	991.196	666.53
8.89905	994.637	665.761
8.90485	994.637	664.224
8.91066	995.212	662.691
8.91646	994.063	661.926
8.92227	988.337	661.544
8.92807	985.487	658.494
8.93388	981.51	655.08
8.93968	978.115	649.804
8.94549	974.168	647.93
8.95129	973.605	649.428
8.9571	965.764	644.57
8.9629	960.201	641.969
8.96871	966.322	644.942
8.97451	959.093	618.67
8.98032	954.12	638.271	318.583
8.98612	956.327	638.271	319.136
8.99193	967.439	646.061	319.505
8.99773	956.327	643.454	319.136
9.00354	954.671	320.614
9.00934	953.569	318.215
9.01515	944.796	315.652
9.02095	944.251	314.924
9.02676	940.441	317.114
9.03256	939.897	315.106	158.009
9.03837	936.646	311.667	156.284
9.04417	928.565	308.443	155.115
9.04998	926.958	307.731	154.489
9.05578	931.251	308.443	154.132
9.06159	931.251	308.265	153.954
9.06739	931.789	308.087	153.51
9.0732	925.887	307.553	154.221
9.079	937.187	307.376	153.777
9.08481	922.151	306.312	155.384
9.09061	971.92	305.429	152.979
9.09642	947.529	305.782	155.025
9.10222	311.667	159.108
9.10803	297.077	152.891
9.11383	308.087	150.96
9.11964	149.831
9.12544	157.644
9.13125	163.392
9.13705
9.14286
9.14866
9.15447	325.653
9.16027	330.581
9.16608	331.346
9.17188	330.581
9.17769	334.036
9.18349	330.39
9.1893	329.628
9.1951	330.772
9.20091	333.073
9.20671	333.843
9.21252	342.041
9.21832	338.308
9.22413	323.404
9.22993	315.835
9.23574	316.748
9.24154	316.748
9.24735	314.924
9.25315	313.653
9.25896	313.11
9.26476	312.027
9.27057	310.588
9.27637	309.872
9.28218	309.156
9.28798	308.978
9.29379	308.799
9.29959	307.909
9.3054	307.376
9.3112	307.198
9.31701	306.312
9.32281	304.9
9.32862	303.144
9.33442	301.398
9.34023	300.009
9.34603	298.453
9.35184	296.563
9.35764	294.344
9.36345	292.48
9.36925	291.3	875.943
9.37506	289.455	867.384
9.38086	289.957	866.883
9.38667	291.131	872.912
9.39247	289.789	866.883
9.39828	289.12	863.884
9.40408	289.12	865.382
9.40989	287.455	857.421
9.41569	285.965	851.498
9.4215	284.482	846.105
9.4273	280.727	837.354
9.43311	277.183	831.569
9.43891	272.421	818.701
9.44472	268.826	804.172
9.45052	268.515	807.43
9.45633	267.432	805.566
9.46213	267.277	807.43	516.942
9.46794	268.36	817.284	522.647
9.47374	279.756	837.837	521.14
9.47955	259.518	855.442	516.644
9.48535	259.668	855.442	513.965
9.49116	258.024	855.442	502.516
9.49696	258.77	855.936	497.606
9.50277	271.322	821.543	494.74
9.50857	267.741	493.028
9.51438	266.814	489.057
9.52018	289.287	489.34
9.52599	492.175
9.53179	495.598
9.5376	498.469
9.5434	501.357
9.54921	513.075
9.55501	513.965
9.56082	513.965
9.56662	515.452
9.57243	519.337
9.57823
9.58404
9.58984
9.59565
9.60145
9.60726
9.61306
9.61887
9.62467
9.63048
9.63628
9.64209
9.64789
9.6537
9.6595
9.66531
9.67111
9.67692
9.68272
9.68853
9.69433
9.70014
9.70594
9.71175
9.71755
9.72336
9.72916
9.73497
9.74077
9.74658
9.75238
9.75819
9.76399
9.7698
9.7756
9.78141
9.78721
9.79302
9.79882
9.80463
9.81043
9.81624
9.82204
9.82785
9.83365
9.83946
9.84526
9.85107
9.85687
9.86268
9.86848
9.87429
9.88009
9.8859
9.8917
9.89751
9.90331
9.90912
9.91492
9.92073
9.92653
9.93234
9.93814
9.94394
9.94975
9.95555
9.96136
9.96716
9.97297
9.97878
9.98458
9.99039
9.99619
10.002
10.0078
10.0136
10.0194
10.0252
10.031
10.0368
10.0426
10.0484
10.0542
10.06
10.0659
10.0717
10.0775
10.0833
10.0891
10.0949
10.1007
10.1065
10.1123
10.1181
10.1239
10.1297
10.1355
10.1413
10.1471
10.1529
10.1587
10.1645
10.1703
10.1761
10.1819
10.1878
10.1936
10.1994
10.2052
10.211
10.2168
10.2226
10.2284
10.2342
10.24
10.2458
10.2516
10.2574
10.2632
10.269
10.2748
10.2806
10.2864
10.2922
10.298
10.3039
10.3097
10.3155
10.3213
10.3271
10.3329
10.3387
10.3445
10.3503
10.3561
10.3619
10.3677
10.3735
10.3793
10.3851
10.3909
10.3967
10.4025
10.4083
10.4141
10.42
10.4258
10.4316
10.4374
10.4432
10.449
10.4548
10.4606
10.4664
10.4722
10.478
10.4838
10.4896
10.4954
10.5012
10.507
10.5128
10.5186
10.5244
10.5302
10.5361
10.5419
10.5477
10.5535
10.5593
10.5651
10.5709
10.5767
10.5825
10.5883
10.5941
10.5999
10.6057
10.6115
10.6173
10.6231
10.6289
10.6347
10.6405
10.6463
10.6522
10.658
10.6638
10.6696
10.6754
10.6812
10.687
10.6928
10.6986
10.7044
10.7102
10.716
10.7218
10.7276
10.7334
10.7392
10.745
10.7508
10.7566
10.7624
10.7683
10.7741
10.7799
10.7857
10.7915
10.7973
10.8031
10.8089
10.8147
10.8205
10.8263
10.8321
10.8379
10.8437
10.8495
10.8553
10.8611
10.8669
10.8727
10.8785
10.8844
10.8902
10.896
10.9018
10.9076
10.9134
10.9192
10.925
10.9308
10.9366
10.9424
10.9482
10.954
10.9598
10.9656
10.9714
10.9772
10.983
10.9888
10.9946
11.0005
11.0063
11.0121
11.0179
11.0237
11.0295
11.0353
11.0411
11.0469
11.0527
11.0585
11.0643
11.0701
11.0759
11.0817
11.0875
11.0933
11.0991
11.1049
11.1107
11.1166
11.1224
11.1282
11.134
11.1398
11.1456
11.1514
11.1572
11.163
11.1688
11.1746
11.1804
11.1862
11.192
11.1978
11.2036
11.2094
11.2152
11.221
11.2268
11.2327
11.2385
11.2443
11.2501
11.2559
11.2617
11.2675
11.2733
11.2791
11.2849
11.2907
11.2965
11.3023
11.3081
11.3139
11.3197
11.3255
11.3313
11.3371
11.3429
11.3488
11.3546
11.3604
11.3662
11.372
11.3778
11.3836
11.3894
11.3952
11.401
11.4068
11.4126
11.4184
11.4242
11.43
11.4358
11.4416
11.4474
11.4532
11.459
11.4649
11.4707
11.4765
11.4823
11.4881
11.4939
11.4997
11.5055
11.5113
11.5171
11.5229
11.5287
11.5345
11.5403
11.5461
11.5519
11.5577
11.5635
11.5693
11.5751
11.581
11.5868
11.5926
11.5984
11.6042
11.61
11.6158
11.6216
11.6274
11.6332
11.639
11.6448
11.6506
11.6564
11.6622
11.668
11.6738
11.6796
11.6854
11.6912
11.6971
11.7029
11.7087
11.7145
11.7203
11.7261
11.7319
11.7377
11.7435
11.7493
11.7551
11.7609
11.7667
11.7725
11.7783
11.7841
11.7899
11.7957
11.8015
11.8073
11.8132
11.819
11.8248
11.8306
11.8364
11.8422
11.848
11.8538
11.8596
11.8654
11.8712
11.877
11.8828
11.8886
11.8944
11.9002
11.906
11.9118
11.9176
11.9234
11.9293
11.9351
11.9409
11.9467
11.9525
11.9583
11.9641
11.9699
11.9757
11.9815
11.9873
11.9931
11.9989
12.0047
12.0105
12.0163
12.0221
12.0279
12.0337
12.0395
12.0454
12.0512
12.057
12.0628
12.0686
12.0744
12.0802
12.086
12.0918
12.0976
12.1034
12.1092
12.115
12.1208
12.1266
12.1324
12.1382
12.144
12.1498
12.1556
12.1615
12.1673
12.1731
12.1789
12.1847
12.1905
12.1963
12.2021
12.2079
12.2137
12.2195
12.2253
12.2311
12.2369
12.2427
12.2485
12.2543
12.2601
12.2659
12.2717
12.2776
12.2834
12.2892
12.295
12.3008
12.3066
12.3124
12.3182
12.324
12.3298
12.3356
12.3414
12.3472
12.353
12.3588
12.3646
12.3704
12.3762
12.382
12.3878
12.3937
12.3995
12.4053
12.4111
12.4169
12.4227
12.4285
12.4343
12.4401
12.4459
12.4517
12.4575
12.4633
12.4691
12.4749
12.4807
12.4865
12.4923
12.4981
12.5039
12.5098
12.5156
12.5214
12.5272
12.533
12.5388
12.5446
12.5504
12.5562
12.562
12.5678
12.5736
12.5794
12.5852
12.591
12.5968
12.6026
12.6084
12.6142
12.62
12.6258
12.6317
12.6375
12.6433
12.6491
12.6549
12.6607
12.6665
12.6723
12.6781
12.6839
12.6897
12.6955
12.7013
12.7071
12.7129
12.7187
12.7245
12.7303
12.7361
12.742
12.7478
12.7536
12.7594
12.7652
12.771
12.7768
12.7826
12.7884
12.7942
12.8
12.8058
12.8116
12.8174
12.8232
12.829
12.8348
12.8406
12.8464
12.8522
12.858
12.8639
12.8697
12.8755
12.8813
12.8871
12.8929
12.8987
12.9045
12.9103
12.9161
12.9219
12.9277
12.9335
12.9393
12.9451
12.9509
12.9567
12.9625
12.9683
12.9741
12.98
12.9858
12.9916
12.9974
13.0032
13.009
13.0148
13.0206
13.0264
13.0322
13.038
13.0438
13.0496
13.0554
13.0612
13.067
13.0728
13.0786
13.0844
13.0902
13.0961
13.1019
13.1077
13.1135
13.1193
13.1251
13.1309
13.1367
13.1425
13.1483
13.1541
13.1599
13.1657
13.1715
13.1773
13.1831
13.1889
13.1947
13.2005
13.2063
13.2122
13.218
13.2238
13.2296
13.2354
13.2412
13.247
13.2528
13.2586
13.2644
13.2702
13.276
13.2818
13.2876
13.2934
13.2992
13.305
13.3108
13.3166
13.3224
13.3283
13.3341
13.3399
13.3457
13.3515
13.3573
13.3631
13.3689
13.3747
13.3805
13.3863
13.3921
13.3979
13.4037
13.4095
13.4153
13.4211
13.4269
13.4327
13.4385
13.4444
13.4502
13.456
13.4618
13.4676
13.4734
13.4792
13.485
13.4908
13.4966
13.5024
13.5082
13.514
13.5198
13.5256
13.5314
13.5372
13.543
13.5488
13.5546
13.5605
13.5663
13.5721
13.5779
13.5837
13.5895
13.5953
13.6011
13.6069
13.6127
13.6185
13.6243
13.6301
13.6359
13.6417
13.6475
13.6533
13.6591
13.6649
13.6707
13.6766
13.6824
13.6882
13.694
13.6998
13.7056
13.7114
13.7172
13.723
13.7288
13.7346
13.7404
13.7462
13.752
13.7578
13.7636
13.7694
13.7752
13.781
13.7868
13.7927
13.7985
13.8043
13.8101
13.8159
13.8217
13.8275
13.8333
13.8391
13.8449
13.8507
13.8565
13.8623
13.8681
13.8739
13.8797
13.8855
13.8913
13.8971
13.9029
13.9088
13.9146
13.9204
13.9262
13.932
13.9378
13.9436
13.9494
13.9552
13.961
13.9668
13.9726
13.9784
13.9842
13.99
13.9958
14.0016
14.0074
14.0132
14.019
14.0249
14.0307
14.0365
14.0423
14.0481
14.0539
14.0597
14.0655
14.0713
14.0771
14.0829
14.0887
14.0945
14.1003
14.1061
14.1119
14.1177
14.1235
14.1293
14.1351
14.141
14.1468
14.1526
14.1584
14.1642
14.17
14.1758
14.1816
14.1874
14.1932
14.199
14.2048
14.2106
14.2164
14.2222
14.228
14.2338
14.2396
14.2454
14.2512
14.2571
14.2629
14.2687
14.2745
14.2803
14.2861
14.2919
14.2977
14.3035
14.3093
14.3151
14.3209
14.3267
14.3325
14.3383
14.3441
14.3499
14.3557
14.3615
14.3673
14.3732
14.379
14.3848
14.3906
14.3964
14.4022
14.408
14.4138
14.4196
14.4254
14.4312
14.437
14.4428
14.4486
14.4544
14.4602
14.466
14.4718
14.4776
14.4834
14.4893
14.4951
14.5009
14.5067
14.5125
14.5183
14.5241
14.5299
14.5357
14.5415
14.5473
14.5531
14.5589
14.5647
14.5705
14.5763
14.5821
14.5879
14.5937
14.5995
14.6054
14.6112
14.617
14.6228
14.6286
14.6344
14.6402
14.646
14.6518
14.6576
14.6634
14.6692
14.675
14.6808
14.6866
14.6924
14.6982
14.704
14.7098
14.7156
14.7215
14.7273
14.7331
14.7389
14.7447
14.7505
14.7563
14.7621
14.7679
14.7737
14.7795
14.7853
14.7911
14.7969
14.8027
14.8085
14.8143
14.8201
14.8259
14.8317
14.8376
14.8434
14.8492
14.855
14.8608
14.8666
14.8724
14.8782
14.884
14.8898
14.8956
14.9014
14.9072
14.913
14.9188
14.9246
14.9304
14.9362
14.942
14.9478
14.9537
14.9595
14.9653
14.9711
14.9769
14.9827
14.9885
14.9943
15.0001
15.0059
15.0117
15.0175
15.0233
15.0291
15.0349
15.0407
15.0465
15.0523
15.0581
15.0639
15.0697
15.0756
15.0814
15.0872
15.093
15.0988
15.1046
15.1104
15.1162
15.122
15.1278
15.1336
15.1394
15.1452
15.151
15.1568
15.1626
15.1684
15.1742
15.18
15.1859
15.1917
15.1975
15.2033
15.2091
15.2149
15.2207
15.2265
15.2323
15.2381
15.2439
15.2497	382.158
15.2555	368.927
15.2613	383.707
15.2671	382.379
15.2729	383.042
15.2787	379.299
15.2845	380.836
15.2903	365.533
15.2961	367.651
15.3019	361.335
15.3078	356.978
15.3136	343.229
15.3194	365.111
15.3252	366.803
15.331	364.479
15.3368	361.544
15.3426	364.269
15.3484	362.38	402.783
15.3542	361.544	405.117
15.36	363.009	408.642
15.3658	364.058	414.586
15.3716	365.322	413.868
15.3774	364.69	401.854
15.3832	369.354	405.351
15.389	377.333	404.415
15.3948	368.501	405.117
15.4006	385.707	400.926
15.4064	386.152	387.046
15.4122	373.645	389.513
15.418	389.513	389.513
15.4239	399.77	388.838
15.4297	407.228	387.941
15.4355	414.107	386.375
15.4413	416.987	385.929
15.4471	419.161	384.594
15.4529	417.228	382.158
15.4587	410.535	381.056
15.4645	397.467	380.396
15.4703	399.77	379.957
15.4761	391.091	382.379	188.014
15.4819	390.188	386.375	189.979
15.4877	390.414	388.165	191.853
15.4935	399.308	388.838	190.088
15.4993	386.822	383.485	189.65
15.5051	388.614	191.632
15.5109	388.838	192.965
15.5167	390.865	192.297
15.5225	393.356	195.207
15.5283	392.675	194.869
15.5341	382.821	195.432
15.54	388.165	195.998
15.5458	388.165	196.338
15.5516	387.046	195.998
15.5574	386.599	196.111
15.5632	382.821	195.432
15.569	381.717	191.853
15.5748	379.957	190.638
15.5806	374.726	186.823
15.5864	373.43	184.997
15.5922	371.065	185.211
15.598	372.568	184.89
15.6038	369.994	185.532
15.6096	379.299	186.715
15.6154	376.027	188.122
15.6212	376.462	188.557
15.627	381.938	189.54
15.6328	384.816	189.979
15.6386	374.726	191.079
15.6444	382.6	191.3
15.6502	373.43	186.931
15.6561	371.708	190.308
15.6619	374.943	188.666
15.6677	374.726	190.748	203.496
15.6735	374.294	186.607	197.133
15.6793	372.783	187.58	193.858
15.6851	377.115	188.666	193.076
15.6909	385.039	188.666	188.775
15.6967	388.838	189.759
15.7025	393.584	190.638
15.7083	383.485	192.075
15.7141	390.188	190.638
15.7199	382.158	187.688
15.7257	371.708	187.255
15.7315	368.714	185.961
15.7373	369.141	184.997
15.7431	373.214	184.038
15.7489	365.111	180.876
15.7547	355.743	178.386
15.7605	176.439
15.7663	176.337
15.7722	177.872
15.778	178.489
15.7838	177.256
15.7896	176.032
15.7954	178.283
15.8012	179.316
15.807	179.005
15.8128	178.696
15.8186	178.386
15.8244	178.077
15.8302	177.872
15.836	178.077
15.8418	178.077
15.8476	178.696
15.8534	180.981
15.8592	179.316
15.865	179.938
15.8708	180.981
15.8766	179.109
15.8824	182.556
15.8883	176.541
15.8941	179.005
15.8999	178.799
15.9057	177.461
15.9115	178.489
15.9173	178.799
15.9231	178.283	379.08
15.9289	182.134	354.717
15.9347	179.005	354.922
15.9405	348.221
15.9463	360.501
15.9521	343.625
15.9579	341.252
15.9637	344.42
15.9695	344.023
15.9753	344.818
15.9811	355.949
15.9869	359.461
15.9927	359.461
15.9985	360.293
16.0044	361.335
16.0102	361.126
16.016	355.538
16.0218	361.335
16.0276	368.714
16.0334	371.279
16.0392	370.208
16.045	368.501
16.0508	365.745
16.0566	365.745
16.0624	354.922
16.0682	356.772
16.074	362.38
16.0798	364.901
16.0856	361.335
16.0914
16.0972
16.103	359.254
16.1088	349.027
16.1146	345.816
16.1205	344.221
16.1263	344.818
16.1321	340.464
16.1379	337.137
16.1437	337.722
16.1495	339.09
16.1553	338.308
16.1611	335.196
16.1669	342.832
16.1727	353.899
16.1785	337.332
16.1843	340.268
16.1901	336.165
16.1959	332.112
16.2017	338.308
16.2075	332.304	335.583
16.2133	326.973	347.618
16.2191	339.286	348.221
16.2249	341.449	340.071
16.2307	341.055	335.389
16.2366	338.895	334.229
16.2424	339.286	337.137
16.2482	340.464	337.917
16.254	339.09	340.071
16.2598	339.286	339.679
16.2656	339.482	335.583
16.2714	333.458	332.88
16.2772	333.65	331.729
16.283	331.346	330.581
16.2888	329.057	328.297
16.2946	327.54	327.162
16.3004	323.591
16.3062	324.339
16.312	322.099
16.3178	321.355
16.3236	323.03
16.3294	322.844
16.3352	323.778
16.341	321.541
16.3468	318.399
16.3527	318.951
16.3585	321.17
16.3643	322.099
16.3701	326.784
16.3759	337.137
16.3817	338.112
16.3875	335.196
16.3933	332.688
16.3991	322.471
16.4049	316.931
16.4107	308.621
16.4165	324.152
16.4223	331.537
16.4281	323.591
16.4339	323.404
16.4397
16.4455	654.323
16.4513	658.494
16.4571	664.224
16.4629	668.844
16.4688	663.074
16.4746	650.555
16.4804	647.93
16.4862	640.857
16.492	652.06
16.4978	664.608
16.5036	656.974
16.5094	661.926
16.5152	648.304
16.521	662.309
16.5268	655.08
16.5326	666.915
16.5384	664.608
16.5442	668.844
16.55	673.107
16.5558	677.789
16.5616	685.269
16.5674	675.054
16.5732	672.719
16.579	671.554
16.5849	665.761
16.5907	662.309
16.5965	656.595
16.6023	650.93
16.6081	650.179
16.6139	644.198
16.6197	637.535
16.6255	622.973
16.6313	617.242
16.6371	609.096
16.6429	598.632
16.6487	602.1
16.6545	576.573
16.6603	577.573
16.6661	559.189
16.6719	594.154
16.6777	617.956
16.6835
16.6893
16.6951
16.701
16.7068
16.7126
16.7184
16.7242
16.73
16.7358
16.7416
16.7474
16.7532
16.759
16.7648
16.7706
16.7764
16.7822
16.788
16.7938
16.7996
16.8054
16.8112
16.8171
16.8229
16.8287
16.8345
16.8403
16.8461
16.8519
16.8577
16.8635
16.8693
16.8751
16.8809
16.8867
16.8925
16.8983
16.9041
16.9099
16.9157
16.9215
16.9273
16.9332
16.939
16.9448
16.9506
16.9564
16.9622
16.968
16.9738
16.9796
16.9854
16.9912
16.997
17.0028
17.0086
17.0144
17.0202
17.026
17.0318
17.0376
17.0434
17.0493
17.0551
17.0609
17.0667
17.0725
17.0783
17.0841
17.0899
17.0957
17.1015
17.1073
17.1131
17.1189
17.1247
17.1305
17.1363
17.1421
17.1479
17.1537
17.1595
17.1654
17.1712
17.177
17.1828
17.1886
17.1944
17.2002
17.206
17.2118
17.2176
17.2234
17.2292
17.235
17.2408
17.2466
17.2524
17.2582
17.264
17.2698
17.2756
17.2815
17.2873
17.2931
17.2989
17.3047
17.3105
17.3163
17.3221
17.3279
17.3337	341.646
17.3395	348.02
17.3453	354.513
17.3511	343.824
17.3569	335.583
17.3627	327.162
17.3685	322.285
17.3743	317.298
17.3801	315.652
17.3859	321.727
17.3917	325.841
17.3976	340.464
17.4034	342.041
17.4092	345.217
17.415	349.027
17.4208	355.333
17.4266	361.962
17.4324	370.636
17.4382	372.353
17.444	371.708
17.4498	371.493
17.4556	373.861
17.4614	376.462
17.4672	371.065
17.473	383.485
17.4788	390.188
17.4846	390.865
17.4904	398.157
17.4962	397.009
17.502	393.584
17.5078	384.372
17.5137	199.078
17.5195	198.39
17.5253	198.504
17.5311	197.361
17.5369	197.019
17.5427	194.083
17.5485	196.338
17.5543	195.998
17.5601	193.635
17.5659	192.631
17.5717	192.297
17.5775	191.742	762.993
17.5833	189.431	755.974
17.5891	190.748	752.924
17.5949	192.853	753.359
17.6007	188.994	756.411
17.6065	189.869	759.475
17.6123	190.969	762.993
17.6181	191.19	767.857
17.6239	191.411	770.522
17.6297	191.411	771.859	1767.13
17.6356	185.747	779.025	1750.87
17.6414	194.869	779.926	1744.82
17.6472	775.434	1775.32
17.653	773.644	1778.39
17.6588	769.633	1757.97
17.6646	752.054	1778.39
17.6704	750.752	1804.26
17.6762	767.413	1786.63
17.682	768.744	1804.26
17.6878	768.744	1799.06
17.6936	760.353	1880.88
17.6994	752.054	1874.37
17.7052	754.665	1738.78
17.711	765.642	1771.22
17.7168	754.665	1808.44
17.7226	758.599	1808.44
17.7284	763.875	1808.44
17.7342	774.091	1784.57
17.74	770.522	1741.8
17.7458	753.794	1741.8
17.7517	743.416	401.622
17.7575	769.633	377.333
17.7633	783.086	379.957
17.7691	774.986	385.261
17.7749	762.993	385.707
17.7807	723.505	383.485
17.7865	690.833	386.375
17.7923	386.599
17.7981	384.15
17.8039	379.08
17.8097	378.861
17.8155	379.08
17.8213	377.551
17.8271	377.987
17.8329	375.593	186.715
17.8387	376.244	187.797
17.8445	375.593	188.34
17.8503	381.938	190.969
17.8561	382.6	192.297
17.8619	382.379	191.079
17.8678	383.707	191.19
17.8736	387.046	192.519
17.8794	390.865	193.635
17.8852	391.769	193.746
17.891	391.543	193.411
17.8968	389.063	194.531
17.9026	384.816	190.418
17.9084	387.046	194.195
17.9142	389.738	194.195
17.92	391.543	191.079
17.9258	391.543	195.545
17.9316	380.396	199.193
17.9374	378.424	193.746
17.9432	379.957	194.981
17.949	390.188	193.188
17.9548
17.9606
17.9664
17.9722
17.9781
17.9839
17.9897
17.9955
18.0013
18.0071
18.0129
18.0187
18.0245
18.0303
18.0361
18.0419	383.928
18.0477	365.533
18.0535	365.111
18.0593	365.956
18.0651	367.227
18.0709	363.848
18.0767	369.354
18.0825	372.353
18.0883	374.51
18.0941	379.957
18.1	383.042
18.1058	385.929
18.1116	390.188
18.1174	389.063
18.1232	389.063
18.129	389.288
18.1348	390.188
18.1406	387.046
18.1464	384.372
18.1522	384.372
18.158	386.375
18.1638	385.707
18.1696	384.15
18.1754	383.928
18.1812	383.264	378.861
18.187	382.379	380.396
18.1928	381.056	379.957
18.1986	382.821	381.056
18.2044	382.158	381.497
18.2102	382.379	382.6
18.2161	382.158	383.042	1920.4
18.2219	382.158	383.042	1917.08
18.2277	383.707	384.15	1918.19
18.2335	385.261	385.039	1922.62
18.2393	385.929	385.261	1923.73
18.2451	384.594	384.594	1924.84
18.2509	384.372	384.816	1923.73
18.2567	383.042	382.821	1918.19
18.2625	381.717	1923.73
18.2683	377.115	1942.72
18.2741	381.056	1929.3
18.2799	385.039	1922.62
18.2857	383.042	1903.84
18.2915	382.379	1902.74
18.2973	381.497	1900.54
18.3031	382.379	1917.08
18.3089	383.042	1917.08	381.938
18.3147	385.039	1927.07	383.928
18.3205	384.816	1923.73	384.594
18.3263	385.039	1927.07	384.816
18.3322	384.816	1927.07	385.039
18.338	383.485	1921.51	383.485
18.3438	382.6	1917.08	382.6
18.3496	381.938	1913.76	382.158
18.3554	381.497	1908.24	381.056
18.3612	380.836	1903.84	380.616
18.367	379.08	1888.5	378.424	758.161
18.3728	378.205	1885.23	377.769	756.411
18.3786	378.424	1890.68	378.424	755.974
18.3844	378.861	1893.96	378.643	755.974
18.3902	377.769	1887.41	377.333	755.538
18.396	376.244	1875.46	375.81	752.924
18.4018	1881.97	375.81	752.054
18.4076	1893.96	376.897	752.054
18.4134	1889.59	376.897	752.054
18.4192	1876.54	376.679	753.359
18.425	1886.32	377.987	755.974
18.4308	1897.25	379.738	759.914
18.4366	1902.74	381.717	762.993
18.4424	1907.14	381.497	764.317
18.4483	1929.3	385.261	763.875
18.4541	1815.76	383.042	764.317
18.4599	1836.86	385.929	774.538
18.4657	1876.54	380.396	759.914
18.4715	1900.54	381.717	756.411
18.4773	381.497	756.848
18.4831
18.4889
18.4947
18.5005
18.5063
18.5121
18.5179
18.5237	379.299
18.5295	382.821
18.5353	385.707
18.5411	384.372
18.5469	376.244
18.5527	374.51
18.5585	377.333
18.5644	379.738
18.5702	375.593
18.576	373.645
18.5818	375.376
18.5876	375.81
18.5934	377.333
18.5992	375.159
18.605	379.299
18.6108	381.938
18.6166	384.372	767.413
18.6224	385.929	770.968
18.6282	386.822	774.538
18.634	386.375	774.538
18.6398	385.707	771.859
18.6456	384.594	767.857
18.6514	382.821	764.758
18.6572	382.821	765.642
18.663	385.039	770.522
18.6688	387.717	774.538
18.6746	388.389	775.882
18.6805	388.165	775.882
18.6863	387.717	774.538
18.6921	386.599	773.197
18.6979	385.039	770.077
18.7037	383.707	766.97
18.7095	382.379	763.875
18.7153	381.056	759.475
18.7211	379.738	755.101	1866.81
18.7269	752.054	1873.29
18.7327	749.02	1878.71
18.7385	745.997	1864.66
18.7443	740.416	1863.58
18.7501	734.453	1851.77
18.7559	729.38	1828.39
18.7617	715.195	1812.62
18.7675	707.798	1777.37
18.7733	690.833	1742.8
18.7791	672.719	1852.84
18.7849	657.354	1838.98
18.7907	642.711	1842.17
18.7966	625.136	1873.29
18.8024	609.8	1861.43
18.8082	606.989	1833.68
18.814	603.493	1847.5
18.8198	605.238	1858.2
18.8256	620.459	1837.92
18.8314	580.919	1842.17
18.8372	566.014	1872.21
18.843	1832.62
18.8488	1834.74
18.8546	1775.32
18.8604
18.8662
18.872
18.8778
18.8836
18.8894
18.8952
18.901
18.9068
18.9127
18.9185
18.9243
18.9301
18.9359
18.9417
18.9475
18.9533
18.9591
18.9649
18.9707
18.9765
18.9823
18.9881
18.9939
18.9997
19.0055
19.0113
19.0171
19.0229
19.0288
19.0346
19.0404
19.0462
19.052
19.0578
19.0636
19.0694
19.0752
19.081
19.0868
19.0926
19.0984
19.1042
19.11
19.1158
19.1216
19.1274
19.1332
19.139
19.1449
19.1507
19.1565
19.1623
19.1681
19.1739
19.1797
19.1855
19.1913
19.1971
19.2029
19.2087
19.2145
19.2203
19.2261
19.2319
19.2377
19.2435
19.2493
19.2551
19.261
19.2668
19.2726
19.2784
19.2842
19.29
19.2958
19.3016
19.3074
19.3132
19.319
19.3248
19.3306
19.3364
19.3422
19.348
19.3538
19.3596
19.3654
19.3712
19.3771
19.3829
19.3887
19.3945
19.4003
19.4061
19.4119
19.4177
19.4235
19.4293
19.4351
19.4409
19.4467
19.4525
19.4583
19.4641
19.4699
19.4757
19.4815
19.4873
19.4932
19.499
19.5048
19.5106
19.5164
19.5222
19.528
19.5338
19.5396
19.5454
19.5512
19.557
19.5628
19.5686
19.5744
19.5802
19.586
19.5918
19.5976
19.6034
19.6093
19.6151
19.6209
19.6267
19.6325
19.6383
19.6441
19.6499
19.6557
19.6615
19.6673
19.6731
19.6789
19.6847
19.6905
19.6963
19.7021
19.7079
19.7137
19.7195
19.7254
19.7312
19.737
19.7428
19.7486
19.7544
19.7602
19.766
19.7718
19.7776
19.7834
19.7892
19.795
19.8008
19.8066
19.8124
19.8182
19.824
19.8298
19.8356
19.8415
19.8473
19.8531
19.8589
19.8647
19.8705
19.8763
19.8821
19.8879
19.8937
19.8995
19.9053
19.9111
19.9169
19.9227
19.9285
19.9343
19.9401
19.9459
19.9517
19.9576
19.9634
19.9692
19.975
19.9808
19.9866
19.9924
19.9982
20.004
20.0098
20.0156
20.0214
20.0272
20.033
20.0388
20.0446
20.0504
20.0562
20.062
20.0678
20.0737
20.0795
20.0853
20.0911
20.0969
20.1027
20.1085
20.1143
20.1201
20.1259
20.1317
20.1375
20.1433
20.1491
20.1549
20.1607
20.1665
20.1723
20.1781
20.1839
20.1898
20.1956
20.2014
20.2072
20.213
20.2188
20.2246
20.2304
20.2362
20.242
20.2478
20.2536
20.2594
20.2652
20.271
20.2768
20.2826
20.2884
20.2942
20.3
20.3058
20.3117
20.3175
20.3233
20.3291
20.3349
20.3407
20.3465
20.3523
20.3581
20.3639
20.3697
20.3755
20.3813
20.3871
20.3929
20.3987
20.4045
20.4103
20.4161
20.4219
20.4278
20.4336
20.4394
20.4452
20.451
20.4568
20.4626
20.4684
20.4742
20.48
20.4858
20.4916
20.4974
20.5032
20.509	301.572
20.5148	305.959
20.5206	321.913
20.5264	317.481
20.5322	316.017
20.538	311.667
20.5439	316.931
20.5497	319.689
20.5555	321.17
20.5613	322.099
20.5671	323.404
20.5729	324.902
20.5787	335.196	573.252
20.5845	330.963	565.36
20.5903	335.002	560.807
20.5961	322.285	546.417
20.6019	319.689	546.417
20.6077	325.277	543.27
20.6135	329.057	534.863
20.6193	336.943	531.476
20.6251	342.041	530.249
20.6309	346.215	523.251
20.6367	350.036	520.538
20.6425	360.709	521.441
20.6483	369.141	520.538
20.6542	383.042	533.937
20.66	387.717	533.937
20.6658	390.414	533.937
20.6716	384.816	533.937	190.418
20.6774	381.276	508.649	187.147
20.6832	372.999	508.649	187.797
20.689	373.214	188.122
20.6948	373.645	187.471
20.7006	375.81	187.471
20.7064	375.376	187.255
20.7122	378.424	189.103
20.718	380.836	191.3
20.7238	380.836	191.079
20.7296	379.738	189.759
20.7354	379.299	189.212
20.7412	379.299	189.103
20.747	379.299	188.994
20.7528	380.177	189.759
20.7586	380.177	190.198
20.7644	379.738	190.198
20.7702	380.177	190.088
20.7761	380.396	189.979
20.7819	189.979
20.7877	189.759
20.7935	189.869
20.7993	190.088
20.8051	189.869	761.232
20.8109	189.869	759.475
20.8167	190.418	764.317
20.8225	190.198	760.793
20.8283	190.198	759.914
20.8341	191.853	769.633
20.8399	194.307	776.779
20.8457	194.083	776.33
20.8515	194.195	775.434
20.8573	193.076	772.751
20.8631	192.519	769.188
20.8689	191.521	760.353
20.8747	190.308	756.848
20.8805	190.638	762.112
20.8863	189.65	761.672
20.8922	188.666	755.101
20.898	187.471	751.62
20.9038	183.613	742.987	342.634
20.9096	181.399	739.562	343.625
20.9154	770.522	341.646
20.9212	770.077	336.359
20.927	759.914	330.39
20.9328	325.653
20.9386	323.03	1934.88
20.9444	320.614	1919.29
20.9502	317.481	1913.76
20.956	313.11	1925.96
20.9618	308.978	1924.84
20.9676	304.372	2051.12
20.9734	300.702	2036.95
20.9792	285.14	1993.88
20.985	277.824	1993.88
20.9908	279.918	1935.99
20.9966	274.316	1899.44
21.0024	273.841	1908.24
21.0083	272.106	1900.54
21.0141	269.136	1886.32
21.0199	267.277	1880.88
21.0257	264.513	1849.64
21.0315	264.055	1835.8
21.0373	263.141	1828.39
21.0431	264.207	1851.77	132.027
21.0489	265.125	1861.43	132.409
21.0547	264.665	1838.98	132.409
21.0605	264.818	1847.5	132.562
21.0663	265.891	1873.29	132.027
21.0721	265.738	1872.21	133.33
21.0779	266.506	1879.79	134.103
21.0837	269.915	1879.79	131.723
21.0895	272.893	1877.62	131.115
21.0953	271.949	1864.66	133.793
21.1011	265.738	1842.17	132.946
21.1069	265.584	1842.17	131.875
21.1127	266.353	1824.17	133.176
21.1185	266.353	1860.35	132.869
21.1244	269.292	1837.92	133.793
21.1302	275.905	132.256
21.136	276.064	131.343
21.1418	136.762
21.1476	131.191
21.1534
21.1592
21.165
21.1708
21.1766
21.1824
21.1882
21.194
21.1998
21.2056
21.2114	383.928
21.2172	388.614
21.223	389.288
21.2288	389.513
21.2346	388.838
21.2405	386.822
21.2463	390.639	192.853
21.2521	387.941	192.186
21.2579	384.816	191.411
21.2637	381.056	191.079
21.2695	377.769	190.969
21.2753	381.056	190.969
21.2811	381.717	191.411
21.2869	384.372	192.075
21.2927	385.261	192.408
21.2985	385.707	192.742
21.3043	384.594	192.186
21.3101	382.6	191.742
21.3159	381.056	191.853
21.3217	378.424	192.853
21.3275	377.769	191.742
21.3333	383.264	192.853
21.3391	373.43	191.964
21.3449	380.836	193.299
21.3507	373.645	193.523
21.3566	378.643	193.523
21.3624	373.43	193.523
21.3682	375.159	189.65
21.374	190.748
21.3798	1888.5
21.3856	1892.87
21.3914	1879.79
21.3972	1881.97
21.403	1890.68
21.4088	1890.68
21.4146	1891.78
21.4204	1892.87
21.4262	1890.68
21.432	1891.78
21.4378	1885.23
21.4436	1885.23
21.4494	1877.62
21.4552	1881.97
21.461	1895.06
21.4668	1889.59
21.4727	1876.54
21.4785	1871.13
21.4843	1886.32
21.4901	1883.06
21.4959	1883.06
21.5017	1884.14
21.5075	1881.97
21.5133	1897.25
21.5191	1901.64
21.5249	1901.64
21.5307	1872.21
21.5365	1863.58
21.5423	1873.29
21.5481
21.5539
21.5597
21.5655
21.5713
21.5771
21.5829
21.5888
21.5946
21.6004
21.6062
21.612
21.6178
21.6236
21.6294
21.6352
21.641
21.6468
21.6526
21.6584
21.6642
21.67
21.6758
21.6816	1922.62
21.6874	1902.74
21.6932	1845.37
21.699	1843.24
21.7049	1857.13
21.7107	1911.55
21.7165	1854.99	386.152
21.7223	1872.21	387.493
21.7281	1879.79	388.614
21.7339	1895.06	390.188
21.7397	1919.29	392.222
21.7455	1938.23	396.779
21.7513	1956.23	397.927
21.7571	1935.99	395.407
21.7629	1959.62	393.584	1810.53
21.7687	1955.1	392.222	1811.57
21.7745	1973.25	392.222	1782.51
21.7803	1955.1	391.543	1770.2
21.7861	1951.71	392.675	1763.05
21.7919	1951.71	393.129	1758.98
21.7977	1960.75	391.769	1752.9
21.8035	1956.23	391.091	1757.97
21.8093	1951.71	390.414	1778.39	194.531	582.936
21.8151	1944.96	391.091	1768.15	194.756	582.599
21.821	1939.35	389.738	1755.94	194.644	582.599
21.8268	1860.35	388.838	1738.78	194.195	580.248
21.8326	1879.79	387.717	1747.84	193.97	578.909
21.8384	1938.23	387.493	1746.83	193.858	581.59
21.8442	1930.41	385.261	1722.78	192.742	580.919
21.85	1934.88	385.261	1720.8	192.965	582.936
21.8558	1935.99	385.039	1682.46	192.186	578.575
21.8616	1927.07	383.264	1682.46	192.408	581.59
21.8674	1906.04	380.836	1602.78	190.859	574.578
21.8732	1883.06	378.643	1526.87	190.859	572.921
21.879	1925.96	378.424	190.418	569.951
21.8848	1933.76	378.205	189.869	569.621
21.8906	1921.51	379.299	191.853	572.921
21.8964	1934.88	379.518	192.519	575.907
21.9022	1917.08	379.518	190.859	573.583
21.908	378.643	190.088	570.939
21.9138	378.861	189.65	567.651
21.9196	380.177	189.759	569.293
21.9254	380.396	190.308	571.599
21.9312	380.616	190.308	573.915
21.9371	380.836	190.418	572.26
21.9429	380.616	190.088	570.939
21.9487	380.177	189.759	569.621
21.9545	380.177	189.869	570.28
21.9603	380.836	190.418	571.269
21.9661	381.056	190.748	572.26
21.9719	381.056	190.969	572.921
21.9777	381.056	191.964	574.578
21.9835	381.717	190.859	574.247
21.9893	381.717	192.186	575.242
21.9951	382.379	191.742	578.575
22.0009	382.821	190.969	573.252
22.0067	383.264	190.198	572.26
22.0125	383.264	191.079	571.929
22.0183	383.485	191.964	574.91
22.0241	383.928	191.964	575.242
22.0299	384.15	191.411	574.578
22.0357	384.594	192.519
22.0415	385.261	192.853
22.0473	385.039	192.965
22.0532	384.372	192.853
22.059	383.485	192.631
22.0648	382.6	192.075
22.0706	382.158	192.075
22.0764	381.938
22.0822	382.158
22.088	382.6
22.0938	382.821
22.0996	382.6
22.1054	382.379
22.1112	381.938
22.117	381.276
22.1228	381.497
22.1286	381.938
22.1344	381.717
22.1402	381.717
22.146	381.497
22.1518	381.497
22.1576	381.717
22.1634	381.717
22.1693	381.497
22.1751	381.276
22.1809	380.396
22.1867	379.518
22.1925	379.299	1518.07
22.1983	379.518	1518.95
22.2041	379.518	1519.83
22.2099	380.177	1519.83
22.2157	380.396	1517.2
22.2215	380.177	1515.45
22.2273	379.957	1515.45
22.2331	379.08	1517.2
22.2389	379.08	1517.2
22.2447	379.08	1516.32
22.2505	379.299	1515.45
22.2563	379.738	1515.45
22.2621	379.518	1516.32
22.2679	379.08	1517.2
22.2737	379.299	1518.95
22.2795	379.518	1521.59
22.2854	380.396	1523.34
22.2912	381.056	1522.46
22.297	381.717	1524.22
22.3028	382.379	1528.63
22.3086	382.821	1533.94
22.3144	383.485	1533.05
22.3202	383.707	1533.94
22.326	383.485	1533.05
22.3318	382.821	1529.52
22.3376	382.379	1526.87
22.3434	382.158	1527.75
22.3492	382.158	1529.52
22.355	381.717	1528.63
22.3608	381.056	1525.99
22.3666	380.616	1523.34
22.3724	380.836	1525.11
22.3782	381.056	1525.11
22.384	381.497	1526.87
22.3898	382.158	1527.75
22.3956	382.6	1528.63
22.4015	383.042	1531.28
22.4073	383.485	1532.17
22.4131	383.707	1532.17
22.4189	384.15	1530.4
22.4247	384.372	1531.28
22.4305	384.594	1536.6
22.4363	385.039	1536.6
22.4421	385.484	1539.27
22.4479	385.929	1543.72
22.4537	386.152	1545.5
22.4595	385.929	1547.29
22.4653	385.707	1544.61
22.4711	385.707	1543.72
22.4769	385.929	1544.61
22.4827	386.152	1545.5
22.4885	386.822	1547.29
22.4943	387.269	1546.4
22.5001	387.717	1550.87
22.5059	387.941	1550.87
22.5117	388.165	1551.76
22.5176	387.941	1550.87
22.5234	387.717	1549.97
22.5292	387.941	1547.29
22.535	388.389	1544.61
22.5408	389.063	1546.4
22.5466	389.513	1549.08
22.5524	389.288	1555.35
22.5582	388.614	1555.35
22.564	387.717	1551.76
22.5698	387.269	1548.18
22.5756	387.046	1547.29
22.5814	386.375	1545.5
22.5872	385.484	1543.72
22.593	385.039	1541.04
22.5988	385.039	1538.38
22.6046	385.039	1538.38
22.6104	385.039	1540.15
22.6162	385.039	1541.93
22.622	384.594	1541.93
22.6278	384.372	1540.15
22.6336	383.928	1537.49
22.6395	383.264	1533.05
22.6453	383.264	1531.28
22.6511	383.485	1530.4
22.6569	383.485	1532.17
22.6627	383.707	1534.83
22.6685	383.928	1536.6
22.6743	383.707	1536.6
22.6801	383.928	1536.6
22.6859	383.707	1536.6
22.6917	383.928	1535.71
22.6975	384.372	1536.6
22.7033	384.594	1537.49
22.7091	384.816	1537.49
22.7149	385.261	1537.49
22.7207	385.484	1539.27
22.7265	385.484	1544.61
22.7323	385.707	1544.61
22.7381	385.707	1543.72
22.7439	385.707	1542.83
22.7498	385.707	1540.15
22.7556	385.707	1537.49
22.7614	385.484	1537.49
22.7672	385.484	1540.15
22.773	385.261	1541.93
22.7788	385.261	1544.61
22.7846	385.484	1544.61
22.7904	385.929	1546.4
22.7962	386.375	1546.4
22.802	387.046	1546.4
22.8078	387.046	1545.5	192.965
22.8136	387.046	1545.5	193.188
22.8194	387.046	1545.5	193.076
22.8252	386.822	1545.5	192.853
22.831	386.599	1547.29	192.965
22.8368	386.375	1545.5	193.299
22.8426	386.375	1546.4	193.411
22.8484	386.599	1544.61	193.188
22.8542	387.046	1543.72	192.965
22.86	387.493	1542.83	193.188
22.8659	387.269	1545.5	193.411
22.8717	387.493	1549.08	193.523
22.8775	387.941	1561.65	193.858
22.8833	388.389	1554.45	194.083
22.8891	388.838	1548.18	194.307
22.8949	389.288	1549.08	194.419
22.9007	389.738	1552.66	194.419
22.9065	390.414	1553.56	194.644
22.9123	391.091	1564.36	195.32
22.9181	391.543	1584.37	195.545
22.9239	391.317	1564.36	195.658
22.9297	391.543	1562.56	195.545
22.9355	391.091	1560.75	195.432
22.9413	390.414	1556.25	195.32
22.9471	390.414	1549.08	195.432
22.9529	390.865	1547.29	195.885
22.9587	391.091	1543.72	196.224
22.9645	392.449	1530.4	195.998
22.9703	392.675	1535.71	196.338
22.9761	391.769	1544.61	195.998
22.9819	391.543	1560.75	196.338
22.9878	390.414	1555.35	195.998
22.9936	389.513	1549.97
22.9994	388.389	1542.83	257.726
23.0052	387.717	1539.27	255.798
23.011	387.269	1545.5	256.538
23.0168	387.269	1551.76	257.28
23.0226	387.717	1554.45	255.65
23.0284	388.165	1549.97	256.241
23.0342	388.389	256.389
23.04	388.165	254.766
23.0458	387.717	254.766
23.0516	386.822	253.884
23.0574	385.484	259.668
23.0632	384.372	247.942
23.069	384.372	254.324
23.0748	384.372	254.031
23.0806	383.707	252.568
23.0864	383.042	255.06
23.0922	382.6	254.178
23.098	382.158	253.738
23.1039	381.276	252.422
23.1097	380.177	253.591
23.1155	379.738	253.738
23.1213	379.518	254.031
23.1271	379.957	253.445
23.1329	380.616	253.445
23.1387	380.836	254.766
23.1445	380.396	253.591	1141.88
23.1503	380.177	253.591	1141.22
23.1561	379.957	251.258	1139.9
23.1619	380.396	251.258	1139.9
23.1677	381.276	253.884	1140.56
23.1735	381.938	251.985	1141.88
23.1793	381.717	254.766	1141.88
23.1851	381.717	254.766	1142.54
23.1909	381.497	1141.88
23.1967	381.276	1138.58
23.2025	381.056	1136.61
23.2083	382.6	1138.58
23.2141	384.816	1149.82
23.22	385.484	1155.15
23.2258	384.594	1149.82
23.2316	385.484	1153.81
23.2374	387.269	1157.82
23.2432	389.063	1182.15
23.249	388.165	1170.6
23.2548	385.707	1150.48
23.2606	383.928
23.2664	382.6
23.2722	380.836
23.278	380.396
23.2838	381.276
23.2896	383.707
23.2954	386.599
23.3012	388.389
23.307	392.222
23.3128	393.356
23.3186	395.864
23.3244	397.009
23.3302	395.407
23.3361	396.092
23.3419	394.95
23.3477	391.769
23.3535	389.063
23.3593	388.389
23.3651	388.838
23.3709	389.963
23.3767	390.865
23.3825	392.902
23.3883	393.129
23.3941	386.822
23.3999	387.493
23.4057	384.372
23.4115	385.484
23.4173	386.152
23.4231	387.269
23.4289	392.449	404.182
23.4347	392.449	405.585
23.4405	407.228
23.4463	406.523
23.4522	404.182	1629.85
23.458	404.415	1627.03
23.4638	403.482	1624.21
23.4696	402.783	1621.4
23.4754	403.482	1619.53
23.4812	403.715	1618.59
23.487	401.622	1617.66
23.4928	398.617	1619.53
23.4986	396.55	1629.85
23.5044	387.717	1632.68
23.5102	389.513	1620.47
23.516	388.389	1612.99
23.5218	378.424	1615.79
23.5276	374.943	1615.79
23.5334	385.039	1610.2
23.5392	391.091	1613.93
23.545	1613.93	384.594
23.5508	1619.53	385.929
23.5566	1644.99	385.707
23.5624	1626.09	403.948
23.5683	397.009
23.5741	379.518
23.5799	375.159
23.5857	375.376
23.5915	378.424
23.5973	381.056	760.353
23.6031	379.518	759.914
23.6089	376.897	753.794
23.6147	376.462	753.794
23.6205	376.462	753.359
23.6263	375.376	749.452
23.6321	373.645	745.997
23.6379	373.645	747.291
23.6437	374.943	750.319
23.6495	376.897	753.359
23.6553	378.861	757.285
23.6611	380.616	760.793
23.6669	380.616	762.553
23.6727	383.707	769.188
23.6785	386.152	775.882
23.6844	391.769	783.538
23.6902	394.722	789.444
23.696	395.635	791.27
23.7018	396.321	791.27
23.7076	397.238	792.185
23.7134	399.77	795.394
23.7192	397.467	789.9
23.725	396.092	783.991
23.7308	392.449	772.751
23.7366	392.222	770.968
23.7424	388.838	777.677
23.7482	391.769	771.859
23.754	385.484	760.353
23.7598	379.957	757.723	1392.88
23.7656	392.222	783.991	1400.14
23.7714	392.902	789.9	1396.91
23.7772	1385.66
23.783	1369.75
23.7888	1439.51
23.7946	1431.22
23.8005	1420.51	155.743
23.8063	1381.67	154.668
23.8121	1380.07	154.578
23.8179	1420.51	155.743
23.8237	1439.51	155.653
23.8295	1438.68	155.743
23.8353	1488.55	154.043
23.8411	152.274
23.8469	149.745
23.8527	143.894
23.8585	138.431
23.8643	136.683
23.8701	133.33
23.8759	133.639
23.8817	130.586	415.305
23.8875	130.586	208.373	413.629
23.8933	127.53	206.337	412.198
23.8991	136.683	205.505	410.297
23.9049	135.582	205.386	413.868
23.9107	140.283	205.861	417.952
23.9166	207.652	422.076
23.9224	212.383	426.734
23.9282	215.597	433.191
23.934	219.239	438.224
23.9398	220.382	439.492
23.9456	218.607	434.695
23.9514	220.254	416.987
23.9572	222.685	418.193
23.963	218.733	434.695
23.9688	218.859	438.731
23.9746	219.492	431.443
23.9804	221.658	432.941
23.9862	221.658	440
23.992	213.49	440.254
23.9978	207.772	445.885
24.0036	202.558	442.038
24.0094	207.532	443.316	205.98
24.0152	208.614	443.316	201.392
24.021	215.099	197.361
24.0268	213.861	194.756
24.0327	208.494	192.075
24.0385	208.494	189.321
24.0443	208.494	188.775
24.0501	208.494	187.797
24.0559	188.122
24.0617	188.014
24.0675	187.905
24.0733	185.961
24.0791	186.499
24.0849	184.784
24.0907	184.144
24.0965	184.57
24.1023	184.784
24.1081	185.104
24.1139	185.425
24.1197	185.211	1667.95
24.1255	185.104	1666.02
24.1313	184.997	1664.1
24.1371	185.104	1665.06
24.1429	185.532	1667.95
24.1488	185.639	1669.88
24.1546	185.854	1667.95
24.1604	186.284	1671.81
24.1662	186.931	1679.55	748.155
24.172	187.471	1688.3	751.62
24.1778	187.797	1693.19	752.489
24.1836	188.231	1697.1	752.489
24.1894	188.775	1701.03	753.794
24.1952	189.321	1703.98	756.848
24.201	189.759	1711.87	760.353
24.2068	191.19	1733.77	762.112
24.2126	193.411	1744.82	764.758
24.2184	193.97	1746.83	764.758
24.2242	195.207	1752.9	768.744
24.23	196.678	1731.76	771.413
24.2358	195.207	1751.89	787.622
24.2416	196.451	1726.77	790.357
24.2474	197.703	1727.77	781.279
24.2532	188.014	1720.8	770.077
24.259	186.607	1681.49	767.857
24.2649	186.715	1662.18	763.875
24.2707	1669.88	747.723
24.2765	741.272
24.2823
24.2881
24.2939
24.2997
24.3055
24.3113
24.3171
24.3229
24.3287
24.3345
24.3403
24.3461
24.3519
24.3577
24.3635
24.3693
24.3751
24.381
24.3868
24.3926
24.3984
24.4042
24.41
24.4158
24.4216
24.4274
24.4332
24.439
24.4448
24.4506
24.4564
24.4622
24.468
24.4738
24.4796
24.4854
24.4912
24.4971
24.5029
24.5087
24.5145
24.5203
24.5261
24.5319
24.5377
24.5435
24.5493
24.5551
24.5609
24.5667
24.5725
24.5783
24.5841
24.5899
24.5957
24.6015
24.6073
24.6132
24.619
24.6248
24.6306
24.6364
24.6422
24.648
24.6538
24.6596
24.6654
24.6712
24.677
24.6828
24.6886
24.6944
24.7002
24.706
24.7118
24.7176
24.7234
24.7293
24.7351
24.7409
24.7467
24.7525
24.7583
24.7641
24.7699
24.7757
24.7815
24.7873
24.7931
24.7989
24.8047
24.8105
24.8163
24.8221
24.8279
24.8337
24.8395
24.8454
24.8512
24.857
24.8628
24.8686
24.8744
24.8802
24.886
24.8918
24.8976
24.9034
24.9092
24.915
24.9208
24.9266
24.9324
24.9382
24.944
24.9498
24.9556
24.9615
24.9673
24.9731
24.9789
24.9847
24.9905
24.9963
25.0021
25.0079
25.0137
25.0195
25.0253
25.0311
25.0369
25.0427
25.0485
25.0543
25.0601
25.0659
25.0717
25.0776
25.0834
25.0892
25.095
25.1008
25.1066
25.1124
25.1182
25.124
25.1298
25.1356
25.1414
25.1472
25.153
25.1588
25.1646
25.1704
25.1762
25.182
25.1878
25.1937
25.1995
25.2053
25.2111
25.2169
25.2227
25.2285
25.2343
25.2401
25.2459
25.2517
25.2575
25.2633
25.2691
25.2749
25.2807
25.2865
25.2923
25.2981
25.3039
25.3097
25.3156
25.3214
25.3272
25.333
25.3388
25.3446
25.3504
25.3562
25.362
25.3678
25.3736
25.3794
25.3852
25.391
25.3968
25.4026
25.4084
25.4142
25.42
25.4258
25.4317
25.4375
25.4433
25.4491
25.4549
25.4607
25.4665
25.4723
25.4781
25.4839
25.4897
25.4955
25.5013
25.5071
25.5129
25.5187
25.5245
25.5303
25.5361
25.542
25.5478
25.5536
25.5594
25.5652
25.571
25.5768
25.5826
25.5884
25.5942
25.6
25.6058
25.6116
25.6174
25.6232
25.629
25.6348
25.6406
25.6464
25.6522
25.658
25.6639
25.6697
25.6755
25.6813
25.6871
25.6929
25.6987
25.7045
25.7103
25.7161
25.7219
25.7277
25.7335
25.7393
25.7451
25.7509
25.7567
25.7625
25.7683
25.7741
25.78
25.7858
25.7916
25.7974
25.8032
25.809
25.8148
25.8206
25.8264
25.8322
25.838
25.8438
25.8496
25.8554
25.8612
25.867
25.8728
25.8786
25.8844
25.8902
25.8961
25.9019
25.9077
25.9135
25.9193
25.9251
25.9309
25.9367
25.9425
25.9483
25.9541
25.9599
25.9657
25.9715
25.9773
25.9831
25.9889
25.9947
26.0005
26.0063	362.38
26.0122	377.551
26.018	383.042
26.0238	386.375
26.0296	387.717
26.0354	388.614
26.0412	389.963
26.047	394.95
26.0528	397.238
26.0586	397.467	199.193
26.0644	397.697	200.811
26.0702	400.232	200.579
26.076	402.783	201.624
26.0818	405.351	202.441
26.0876	409.114	205.505
26.0934	413.868	207.892
26.0992	417.228	208.614
26.105	417.228	209.097
26.1108	417.228	208.976
26.1166	417.469	208.735
26.1224	418.677	210.065
26.1283	420.616	210.065
26.1341	415.545	208.735
26.1399	418.193	208.253
26.1457	409.824	203.261	599.324
26.1515	406.758	201.624	599.324
26.1573	406.288	194.419	598.632
26.1631	406.288	183.401	592.098
26.1689	426.734	197.475	592.098
26.1747	420.13	195.545	585.974
26.1805	407.934	196.111	585.298	198.963
26.1863	400.695	585.974	197.361
26.1921	410.772	593.125	198.161
26.1979	397.467	594.497	197.932
26.2037	394.95	590.391	197.247
26.2095	391.091	587.33	195.32
26.2153	389.063	578.241	193.411
26.2211	385.484	578.575	191.742
26.2269	384.15	576.24	191.521
26.2327	383.042	574.578	191.632
26.2385	380.616	575.575	190.969	760.793
26.2444	381.276	574.578	190.088	755.974
26.2502	379.738	570.939	189.65	755.101
26.256	378.205	565.687	187.688	752.054
26.2618	378.424	562.429	187.58	747.723
26.2676	376.679	563.73	188.231	749.02
26.2734	377.333	563.079	188.231	753.359
26.2792	375.376	563.73	188.34	749.452
26.285	376.027	563.73	188.34	749.885	1424.62
26.2908	376.244	563.73	187.58	750.752	1405.82
26.2966	378.643	563.73	187.363	752.924	1428.74
26.3024	377.987	562.104	187.255	751.62	1445.34
26.3082	375.593	561.779	187.363	742.129	1446.17
26.314	374.51	560.807	187.363	751.186	1511.95
26.3198	371.493	559.189	186.499	749.02	1497.17
26.3256	370.208	565.687	187.363	746.428	1468.06
26.3314	368.714	553.725	186.715	758.161	1510.2
26.3372	377.333	570.609	189.65	764.758	1503.24
26.343	374.51	188.231	753.794	1473.15
26.3488	374.51	188.775	737.003	1461.29
26.3546	369.781	736.577	1475.71
26.3605	377.987	749.02	1502.37
26.3663	386.599	760.353	1504.98
26.3721	386.152	766.084
26.3779	775.882
26.3837	753.794
26.3895	739.989
26.3953	745.136
26.4011	754.229
26.4069	754.665
26.4127	756.411
26.4185	749.02
26.4243	758.599
26.4301	744.276
26.4359	739.562
26.4417	736.152
26.4475	731.912
26.4533	749.885
26.4591	762.993
26.4649	756.848
26.4707	758.161	350.441
26.4766	759.914	349.228
26.4824	774.538	349.43
26.4882	746.428	356.36
26.494	748.587	354.717
26.4998	723.505	367.227
26.5056	729.801	362.171
26.5114	731.489	363.848
26.5172	738.708	366.591
26.523	755.101	368.289
26.5288	740.844	366.803
26.5346	755.974	365.956
26.5404	745.997	367.439
26.5462	735.727	367.439
26.552	759.914	366.167
26.5578	365.322
26.5636	366.167
26.5694	365.111
26.5752	364.479
26.581	364.269
26.5868	363.428
26.5927	363.009
26.5985	363.009
26.6043	362.38
26.6101	362.171
26.6159	361.753
26.6217	361.335
26.6275	361.335
26.6333	360.709
26.6391	360.501
26.6449	360.293
26.6507	360.918
26.6565	362.171
26.6623	361.753
26.6681	361.753
26.6739	361.753
26.6797	362.171	1083.41
26.6855	361.962	1085.29
26.6913	361.544	1084.66
26.6971	360.709	1082.16
26.7029	359.877	1083.41
26.7088	359.046	1081.53
26.7146	359.046	1075.92
26.7204	358.839	1070.34
26.7262	358.632	1061.72
26.732	358.011	1056.22
26.7378	361.126	1050.74
26.7436	359.877	1037.47
26.7494	356.772	1042.88
26.7552	354.922	1029.12
26.761	353.082	1024.97
26.7668	352.878	1039.87
26.7726	342.634	1035.08
26.7784	358.425	996.362
26.7842	358.425	962.422
26.79	355.949	964.649
26.7958	960.756
26.8016	935.564
26.8074
26.8132
26.819
26.8249
26.8307
26.8365
26.8423
26.8481
26.8539
26.8597
26.8655
26.8713
26.8771
26.8829
26.8887
26.8945
26.9003
26.9061
26.9119
26.9177
26.9235
26.9293
26.9351
26.941
26.9468
26.9526
26.9584
26.9642
26.97
26.9758
26.9816
26.9874
26.9932
26.999
27.0048
27.0106
27.0164
27.0222
27.028
27.0338
27.0396
27.0454
27.0512
27.0571
27.0629
27.0687
27.0745
27.0803
27.0861
27.0919
27.0977
27.1035
27.1093
27.1151
27.1209
27.1267
27.1325
27.1383
27.1441
27.1499
27.1557
27.1615
27.1673
27.1732
27.179
27.1848
27.1906
27.1964
27.2022
27.208
27.2138
27.2196
27.2254
27.2312
27.237
27.2428
27.2486
27.2544
27.2602
27.266
27.2718
27.2776
27.2834
27.2893
27.2951
27.3009
27.3067
27.3125
27.3183
27.3241
27.3299
27.3357
27.3415
27.3473
27.3531
27.3589
27.3647
27.3705
27.3763
27.3821
27.3879
27.3937
27.3995	407.228
27.4054	399.078
27.4112	399.078
27.417	403.948
27.4228	405.585
27.4286	409.587
27.4344	412.436
27.4402	407.463
27.446	408.406
27.4518	406.758
27.4576	405.117
27.4634	403.016
27.4692	403.482
27.475	407.228
27.4808	406.523
27.4866	406.054
27.4924	411.246
27.4982	413.629
27.504	412.674
27.5098	406.523
27.5156	405.819
27.5215	410.297	200.232
27.5273	414.586	192.297
27.5331	422.564	193.188
27.5389	412.913	193.299
27.5447	400.926	193.299
27.5505	411.722	200.347
27.5563	419.161	200.579
27.5621	200.116
27.5679	200.463
27.5737	200.116
27.5795	200
27.5853	199.654
27.5911	199.654
27.5969	200.811
27.6027	200.347
27.6085	198.161
27.6143	200.695
27.6201	199.885
27.6259	199.654
27.6317	199.193
27.6376	200.116
27.6434	201.508
27.6492	199.654
27.655	200.116
27.6608
27.6666
27.6724
27.6782
27.684
27.6898
27.6956	201.741
27.7014	203.261
27.7072	205.861
27.713	206.576
27.7188	206.814
27.7246	208.735
27.7304	211.16
27.7362	211.526
27.742	211.893
27.7478	211.038
27.7537	209.58	1652.61
27.7595	208.133	1655.47
27.7653	208.012	1655.47
27.7711	206.934	1656.43
27.7769	207.053	1650.7
27.7827	206.337	1663.14
27.7885	205.267	1653.56
27.7943	206.814	1641.19
27.8001	205.742	1626.09
27.8059	201.508	1606.49
27.8117	200	1594.47
27.8175	198.504	1585.29
27.8233	198.275	1572.52
27.8291	198.619	1584.37
27.8349	198.275	1586.2
27.8407	197.019	1588.03
27.8465	197.818	1596.31
27.8523	198.619	1596.31
27.8581	198.275	1596.31
27.8639	197.133	1540.15
27.8698	195.545	1580.71
27.8756	194.531	1577.98
27.8814	196.338
27.8872	197.932
27.893	196.792
27.8988	195.094
27.9046	197.818
27.9104
27.9162
27.922
27.9278
27.9336
27.9394
27.9452
27.951
27.9568
27.9626
27.9684
27.9742
27.98
27.9858
27.9917
27.9975
28.0033
28.0091
28.0149
28.0207
28.0265
28.0323
28.0381
28.0439
28.0497
28.0555
28.0613
28.0671
28.0729
28.0787
28.0845
28.0903
28.0961
28.1019
28.1078
28.1136
28.1194
28.1252
28.131
28.1368
28.1426
28.1484
28.1542
28.16
28.1658
28.1716
28.1774
28.1832	387.493
28.189	390.639
28.1948	391.543
28.2006	391.317
28.2064	394.494
28.2122	396.321
28.2181	398.387
28.2239	402.086
28.2297	400.695	199.424
28.2355	401.39	202.208
28.2413	403.715	202.091
28.2471	404.649	203.496
28.2529	408.406	201.392
28.2587	406.054	197.133
28.2645	404.883	199.77
28.2703	404.182	199.654
28.2761	397.238	200
28.2819	399.308	200.695
28.2877	401.39	201.508
28.2935	402.086	201.624
28.2993	397.927	200
28.3051	396.321	197.932
28.3109	393.584	197.133
28.3167	392.222	196.338
28.3225	391.995	195.771
28.3283	391.091	195.998
28.3341	390.414	195.771
28.34	392.222	195.545
28.3458	391.769	195.432
28.3516	390.188	194.756
28.3574	388.838	194.307
28.3632	389.738	194.195
28.369	387.941	193.635
28.3748	387.493	193.858
28.3806	386.599	193.746
28.3864	386.152	193.858
28.3922	387.493	193.97
28.398	388.838	194.419
28.4038	388.838	194.644
28.4096	388.614	194.419
28.4154	388.389	194.083
28.4212	387.269	193.858
28.427	387.493	193.746
28.4328	387.493	193.299
28.4386	387.269	193.076
28.4444	387.717	193.858
28.4502	388.614	194.644
28.4561	387.269	194.195
28.4619	386.599	193.97
28.4677	387.269	193.746
28.4735	387.046	193.746
28.4793	387.046	193.299
28.4851	387.046	193.299
28.4909	385.929	193.411
28.4967	385.484	192.853
28.5025	385.261	192.519
28.5083	386.599	193.299
28.5141	385.929	193.076
28.5199	386.152	193.299
28.5257	387.046	193.523
28.5315	387.046	193.635
28.5373	386.375	193.076
28.5431	385.039	192.631
28.5489	383.707	192.075
28.5547	383.264	191.853
28.5605	383.707	192.186
28.5663	385.707	192.742
28.5722	385.484	192.742
28.578	385.929	192.742
28.5838	385.039	192.631
28.5896	383.928	192.631
28.5954	384.15	192.631
28.6012	385.484	192.631
28.607	385.039	192.408
28.6128	384.372	192.186
28.6186	382.821	191.742
28.6244	382.158	191.742
28.6302	382.6	191.742
28.636	383.707	191.964
28.6418	383.707	192.519
28.6476	383.485	191.742
28.6534	383.042	191.411
28.6592	383.264	191.742
28.665	383.042	191.742
28.6708	382.6	191.411
28.6766	381.497	190.748
28.6824	381.276	190.638
28.6883	380.836	190.198
28.6941	380.177	189.979
28.6999	379.738	189.759
28.7057	378.861	189.431
28.7115	377.551	188.994
28.7173	379.08	189.65
28.7231	383.264	191.3
28.7289	381.056	190.748
28.7347	378.643	189.212
28.7405	377.987	188.994
28.7463	377.769	189.212
28.7521	377.987	189.103
28.7579	379.08	189.431
28.7637	379.08	189.65
28.7695	378.643	189.759
28.7753	189.431
28.7811	189.54
28.7869	189.65
28.7927	189.869
28.7985	189.65
28.8044	189.212
28.8102	188.994
28.816	188.666
28.8218	188.34
28.8276	188.231
28.8334	188.014
28.8392	187.58
28.845	188.014
28.8508	189.212
28.8566	189.431
28.8624	188.884
28.8682	188.775
28.874	188.34
28.8798	188.014
28.8856	188.34
28.8914	188.122
28.8972	188.014
28.903	188.34
28.9088	188.557
28.9146	188.557
28.9205	188.34
28.9263	188.448
28.9321	188.666
28.9379	188.666
28.9437	188.775
28.9495	188.994
28.9553	189.212
28.9611	189.103
28.9669	189.212
28.9727	189.212
28.9785	189.321
28.9843	189.431
28.9901	189.321
28.9959	188.884
29.0017	188.884
29.0075	189.54
29.0133	189.431
29.0191	189.54
29.0249	189.431
29.0307	188.994
29.0366	188.884
29.0424	188.884
29.0482	188.448
29.054	188.122
29.0598	187.905
29.0656	188.122
29.0714	188.231
29.0772	187.905
29.083	187.255
29.0888	187.039
29.0946	186.931
29.1004	186.931
29.1062	187.147	373.43
29.112	187.147	373.214
29.1178	186.823	372.783
29.1236	186.392	372.999
29.1294	186.499	374.077
29.1352	186.607	374.51
29.141	185.961	372.138
29.1468	186.176	372.138
29.1527	185.961	372.138
29.1585	185.747	371.923
29.1643	185.425	371.065
29.1701	185.425	370.85
29.1759	185.639	371.065
29.1817	185.532	370.85
29.1875	185.318	370.208
29.1933	185.104	370.422
29.1991	184.997	369.994
29.2049	184.89	369.567
29.2107	184.677	369.781
29.2165	184.464	369.141
29.2223	184.357	369.141
29.2281	184.357	369.141
29.2339	184.357	368.289
29.2397	184.038	367.863
29.2455	183.825	368.289
29.2513	183.825	368.714
29.2571	183.613	367.863
29.2629	183.932	367.863
29.2688	184.357	368.289
29.2746	184.57	368.501
29.2804	184.89	368.927
29.2862	184.784	369.141
29.292	184.57	369.141
29.2978	184.357	368.714
29.3036	184.038	368.714
29.3094	184.251	368.076
29.3152	183.932	367.651
29.321	184.144	368.076
29.3268	185.211	369.567
29.3326	186.284	370.85
29.3384	186.499	371.493
29.3442	185.854	371.708
29.35	185.532	370.85
29.3558	185.211	370.422
29.3616	185.104	370.422
29.3674	185.211	370.636
29.3732	185.318	370.85
29.379	185.532	371.065
29.3849	185.318	371.279
29.3907	185.211	370.422
29.3965	184.997	369.781
29.4023	184.677	369.141
29.4081	184.144	368.501
29.4139	183.719	367.227
29.4197	184.144	368.289
29.4255	185.211	369.141
29.4313	185.961	371.923
29.4371	186.176	372.783
29.4429	184.997	370.208
29.4487	184.144	368.927
29.4545	184.784	370.208
29.4603	185.425	370.85
29.4661	184.89	369.567
29.4719	183.932	367.439
29.4777	183.613	367.014
29.4835	183.507	367.227
29.4893	183.507	367.439
29.4951	183.613	367.014
29.501	183.295	366.803
29.5068	183.825	367.014
29.5126	184.038	367.439
29.5184	183.295	366.379
29.5242	182.45	365.533
29.53	182.45	365.111
29.5358	183.825	366.167
29.5416	184.677	368.927
29.5474	184.357	368.501
29.5532	183.613	367.014
29.559	183.189	366.379
29.5648	182.556	365.111
29.5706	182.661	365.322
29.5764	182.45	364.901
29.5822	182.345	364.058
29.588	182.345	364.479
29.5938	181.819	363.848
29.5996	181.295	362.589
29.6054	181.504	362.799
29.6112	181.19	362.171
29.6171	181.609	362.799
29.6229	182.345	365.322
29.6287	182.345	364.479
29.6345	182.029	364.479
29.6403	181.714	363.848
29.6461	181.085	362.799
29.6519	180.042	361.126
29.6577	180.981	361.544
29.6635	181.504	362.799
29.6693	181.609	362.589
29.6751	180.667	361.544
29.6809	180.772	361.126
29.6867	181.924	363.428
29.6925	182.24	363.428
29.6983	181.399	363.009
29.7041	180.876	361.753
29.7099	180.876	361.544
29.7157	181.504	363.218
29.7215	181.714	363.848
29.7273	182.345	364.269
29.7332	182.45	366.591
29.739	182.134	364.058
29.7448	182.24	365.322
29.7506	180.981	364.69
29.7564	182.029	365.111
29.7622	182.345	364.058
29.768	183.401	364.058
29.7738	182.767	364.901
29.7796	181.609	365.533
29.7854	181.399	365.956
29.7912	182.029	364.69
29.797	182.661	365.745
29.8028	183.507	366.591
29.8086	182.767	365.956
29.8144	184.464	367.014
29.8202	183.401	366.803
29.826	177.564	365.322
29.8318	182.24	364.69
29.8376	182.45	364.479
29.8434	182.029	364.269
29.8493	181.504	363.848
29.8551	181.504	363.009
29.8609	181.504	362.799
29.8667	180.772	361.126
29.8725	179.627	360.709
29.8783	180.355	360.918
29.8841	180.355	360.501
29.8899	180.146	360.501
29.8957	180.042	359.877
29.9015	180.042	359.669
29.9073	179.731	359.461
29.9131	179.316	360.293
29.9189	179.731	359.461
29.9247	180.146	359.046
29.9305	179.523	358.839
29.9363	179.523	358.632
29.9421	178.696	358.218
29.9479	175.829	354.717
29.9537	176.847	354.717
29.9595	177.872	357.185
29.9654	176.949	357.804
29.9712	355.949
29.977	356.566
29.9828	355.127
29.9886	355.538
29.9944	355.743
30.0002	354.513
30.006	356.772
30.0118	364.058
30.0176
30.0234
30.0292
30.035
30.0408
30.0466
