0.696599	0.888163	1302.61	122.408
0.975238	1.09714	1186.25	383.116
1.21324	1.52091	1148.49	211.973
1.31193	1.5093	3447.56	106.06
1.38159	1.6254	2304.96	228.593
1.47447	1.6254	1312.43	421.807
1.7415	2.24653	1753.91	941.437
2.30458	2.4381	1303.37	750.504
2.55419	2.65288	919.492	150.271
2.64127	3.01859	2611.25	65.5599
2.77478	3.01279	3742.26	132.961
2.80381	3.01279	865.882	660.473
3.06503	3.26821	881.017	576.822
3.1405	3.27401	1761.02	173.668
3.30304	3.41333	1118.38	72.9641
3.4888	3.69197	1318.51	220.95
3.8429	4.89941	1461.29	820.215
4.92263	5.11419	1171.95	540.457
5.60762	5.79338	3907.94	402.093
5.60762	5.79918	1949.46	702.755
5.88045	6.07782	1748.85	146.128
5.90948	6.14748	5249.73	309.228
6.00816	7.04145	2165.56	1132.31
7.08789	7.30848	1744.82	807.352
7.30848	7.47683	1304.87	525.528
7.59873	7.71483	1732.76	113.722
7.74385	7.97605	2184.41	882.983
7.77868	7.98186	4358.73	408.118
8.01088	8.13279	1939.35	145.905
8.06313	8.2605	2051.12	732.544
8.16762	8.48109	2361.56	1156.67
8.2605	8.44045	4745	333.688
8.96871	9.1893	1917.08	848.013
9.16608	9.39247	1494.58	215.361
9.40408	9.72916	2612.76	182.18
9.40408	9.72916	2612.76	182.18
9.4215	9.62467	1303.37	288.884
9.5376	9.72336	1308.65	401.904
9.94394	10.1413	1906.04	552.729
10.1819	10.3677	1706.94	123.73
10.3503	10.745	1746.83	1057.46
11.581	11.6796	1668.91	184.289
11.7203	11.906	1723.78	146.747
11.8248	11.9815	3388.33	69.3269
11.9525	12.1092	1736.77	485.63
11.9873	12.3356	3427.7	190.892
12.1208	12.3472	1684.41	875.488
12.3704	12.8	3980.85	511.109
12.3937	12.7826	1988.13	287.948
12.4459	12.7594	7975.5	307.265
12.7652	12.9335	1419.69	128.217
13.0438	13.2412	1132.03	550.023
13.6882	13.8101	1947.21	979.241
13.8565	14.1119	2331.74	613.683
14.0945	14.2571	2320.99	494.57
14.2454	14.3383	2329.05	204.246
14.3848	14.5995	2354.75	497.238
14.3964	14.5937	4706.79	281.72
14.5763	14.8085	2205.96	577.961
14.9072	15.0059	1747.84	485.376
15.1278	15.2323	1771.22	620.316
15.2729	15.4645	1753.91	873.669
15.8418	15.9115	2183.15	163.47
15.9695	16.0392	1588.95	269.872
16.074	16.1727	1669.88	219.679
16.1959	16.3527	1726.77	512.507
16.3527	16.5674	1756.95	796.543
16.6893	16.8751	1946.09	876.643
16.73	16.8693	3892.17	416.752
17.0318	17.177	1514.57	212.007
17.2756	17.3743	2656.9	73.4227
17.4614	17.6588	2304.96	86.7631
17.5311	17.6414	1176.02	93.3391
17.6181	17.7749	982.645	382.063
17.6239	17.7749	1992.72	319.404
17.9142	18.0303	2007.74	768.823
18.0709	18.2799	1567.98	677.709
18.187	18.4366	1606.49	383.042
18.4831	18.6282	1893.96	322.873
18.7443	18.8372	2330.4	122.253
18.843	19.081	3453.54	219.549
18.8488	19.081	1727.77	431.473
19.1274	19.2203	1295.86	294.694
19.2726	19.4873	1329.22	72.8269
19.3945	19.4873	2763.33	77.1581
19.5164	19.7137	1310.92	228.066
19.7718	19.8995	2203.42	129.984
20.0678	20.2884	881.017	108.735
20.2942	20.4161	869.892	68.8089
20.5787	20.6948	2737.91	318.775
20.6019	20.7528	1316.99	415.574
20.7354	20.8631	1188.99	182.121
20.7354	20.8631	1188.99	182.121
20.7528	20.9328	2446.26	92.338
20.956	21.7339	1451.2	771.01
21.7339	22.0183	1141.22	346.407
21.9429	22.326	2643.12	113.895
22.2679	22.3724	1359.5	200.431
22.326	22.535	2013.55	675.685
22.3724	22.535	4041.08	499.914
22.5001	22.7381	2728.44	150.223
22.5698	22.802	1757.97	553.829
22.7091	22.831	1931.53	891.453
22.8368	23.011	1754.92	459.721
22.9703	23.1677	2629.42	143.09
23.0864	23.8585	2171.83	1310.88
23.8585	24.172	1749.86	694.974
24.0617	24.4564	2597.71	232.558
24.1139	24.4796	1293.62	376.061
24.7293	24.9324	1871.13	477.106
24.8512	24.9731	2197.06	815.655
24.9963	25.1414	1942.72	600.534
25.2517	25.5942	2269.29	1242.29
26.076	26.2792	1919.29	338.782
26.0934	26.2792	3816.48	379.155
26.0934	26.2792	3816.48	379.155
26.5927	26.7958	1322.32	480.749
26.6855	26.819	2701.78	155.076
26.9061	27.2544	1935.99	732.414
26.9119	27.266	3849.69	472.118
27.2834	27.4692	1736.77	266.526
27.5156	27.9684	1771.22	745.454
28.636	28.8508	1711.87	113.273
28.7753	28.874	1667.95	81.536
28.9088	29.1468	1771.22	92.5571
