0.179955	0.441179	1913.76	43.8285
0.441179	0.789478	1812.62	50.6931
1.03909	1.27129	1576.15	33.7554
1.23646	1.47447	1287.65	48.4735
1.47447	1.59057	1307.14	47.2559
1.48027	2.29878	3901.18	49.4054
1.59057	2.12463	1300.36	60.2907
1.98531	2.0956	1333.06	37.4321
2.12463	2.33361	1283.2	42.5881
2.33941	2.82122	1272.86	33.5193
3.35528	3.47138	2466.12	45.9338
3.3785	3.59329	2383.49	85.9376
3.59329	4.66721	2588.73	95.4528
5.05615	5.18385	3384.42	199.593
5.1258	5.25932	2398.68	493.671
5.2361	5.41605	2813.26	597.412
5.25932	5.42766	2136.98	651.982
5.43347	5.99655	2356.11	763.983
5.99655	6.58866	1777.37	176.596
6.58866	6.72218	1544.61	66.8161
6.72218	7.97605	1277.28	54.5237
8.1502	8.30694	1464.67	170.473
8.42304	8.80617	1019.06	51.7593
16.074	16.4746	1518.07	194.181
16.3759	16.7532	2764.93	1204.22
16.7706	17.2234	2774.53	1115.82
16.968	17.1828	5574.76	209.809
17.2466	17.415	2596.21	230.411
17.4208	17.7749	2389	242.688
17.4382	17.6356	4617.92	414.209
17.9026	18.7095	1868.97	545.096
18.0303	18.3322	3831.94	148.217
18.7153	19.0229	1799.06	41.0081
21.8558	22.0125	2426.55	486.009
21.9429	22.0764	2459.01	643.787
22.0125	22.4421	5219.49	495.79
22.0764	22.3898	2614.27	650.977
22.3898	22.7614	2338.49	523.29
22.7846	23.0922	1845.37	231.577
22.8659	23.098	3714.26	171.575
22.9123	23.0864	9391.85	117.105
23.2141	23.4347	10863.4	48.174
23.2664	23.7192	1841.11	760.341
23.7192	24.706	1258.97	497.032
23.7366	23.9224	5835.04	133.787
24.3113	24.6712	1844.3	65.4208
24.3635	24.7234	2520.85	90.3212
24.7525	25.0485	1535.71	130.632
25.0369	25.1995	2520.85	45.8144
25.0485	25.3214	1283.94	34.9674
25.2285	25.4433	1310.16	63.1686
25.2633	25.391	4017.81	33.6101
25.3504	25.6522	8133.68	47.5915
25.5652	25.6929	2159.32	66.5733
25.6987	26.0354	2296.99	82.2203
25.9599	26.2444	2304.96	100.449
26.0122	26.4185	4612.58	67.4828
