7.36073	7.46522	11536	0.162294
11.7899	11.9234	4753.23	0.663781
12.98	13.0844	4607.26	0.413047
13.5372	13.6766	2415.37	0.343354
17.92	18.0245	1966.43	0.0554983
26.2734	26.4243	6903.09	1.49959
26.343	26.5462	7532.22	0.465852
26.4591	26.6565	7462.93	0.879378
26.6623	26.8945	7540.93	0.254419
26.8249	26.9816	11078.9	0.0675252
26.9526	27.2196	1864.66	0.118472
27.1325	27.4054	2275.86	0.13794
27.2602	27.5911	1908.24	0.14532
27.4866	27.713	2251.01	0.179457
27.6143	27.7653	12859.3	0.287918
