1.8576	2.10141	1895.06	508.107
2.02014	2.22912	2112.44	403.228
2.22912	2.37424	2264.05	335.819
2.24653	2.36844	9030.1	106.957
2.38005	2.55419	2139.45	616.004
2.47873	2.61805	2391.76	439.334
2.55419	2.91991	2326.36	649.713
2.85025	2.98957	2256.22	449.139
3.01859	3.22177	1898.34	923.162
3.29723	3.48299	1518.07	219.517
4.37696	4.5337	1951.71	1267.1
4.56272	4.63819	1904.94	877.358
4.63819	4.87619	2262.75	725.167
4.71946	4.86458	4520.27	265.731
4.882	5.18966	2361.56	966.709
5.02712	5.25351	4734.05	209.885
5.18966	5.50313	2451.91	966.709
5.51474	5.67728	1921.51	1226.58
5.78757	6.49578	1369.75	416.43
5.92689	6.18812	3299.49	129.653
5.98494	6.47837	2723.71	179.947
6.84989	7.02404	1849.64	1188.61
7.02984	7.64517	2373.87	847.351
7.23302	7.58712	9511.95	275.479
7.61615	7.95283	1969.84	815.253
7.95283	8.17923	2070.16	508.668
8.09215	8.33596	1763.05	272.157
8.28952	8.42304	1800.1	684.741
8.30694	8.4927	2894.02	228.135
9.3112	9.50857	1992.72	777.548
9.53179	9.72336	1967.56	797.378
9.63048	9.85107	2308.96	619.097
9.86848	10.4896	2408.4	869.8
9.95555	10.0775	2361.56	611.43
10.4896	10.6231	1950.59	1087.14
10.745	10.9134	1583.45	268.035
11.819	11.9699	1914.86	959.415
11.9989	12.3182	2119.77	893.402
12.1731	12.3124	4507.23	302.841
12.2892	12.4749	2083.36	821.828
12.4749	12.7013	2306.29	836.209
12.6897	12.8639	1833.68	252.015
12.7594	13.038	1959.62	695.578
12.9509	13.1193	2418.16	986.33
13.2296	13.3631	2044.02	417.695
13.8739	14.0365	1461.29	118.019
14.0016	14.1874	1616.73	481.26
16.6139	17.0086	2902.39	962.264
17.0318	17.3279	2629.42	689.468
17.0957	17.3279	5264.91	427.512
17.3859	18.3089	2379.36	1331.03
18.3031	18.5644	4535.96	221.956
18.3089	18.5469	2273.23	1041.37
18.8256	19.0752	2367.03	747.971
19.0578	19.2203	1912.65	1105.46
19.261	19.6151	1619.53	765.847
19.3654	19.6267	2915.83	311.975
19.586	19.7428	2887.34	367.43
19.6034	19.737	3856.37	166.92
19.6441	20.0388	2459.01	86.4083
19.7312	19.8879	3898.92	218.549
20.7877	20.9676	3921.51	371.348
20.8051	21.194	2944.61	176.459
20.9908	21.136	1941.59	107.743
20.9908	21.2346	3602.28	236.618
21.5888	21.9429	2003.11	998.41
22.0125	22.2679	2243.23	802.408
22.3202	22.5234	1997.33	1226.41
22.4247	22.5988	6511.89	197.29
22.5234	22.7788	1933.76	697.606
22.7498	22.9761	2191.99	1723.42
22.9761	23.4638	2322.33	1332.17
23.7424	23.9746	2160.56	892.341
23.9746	24.1371	1899.44	957.072
24.1778	24.5145	1735.77	911.153
24.259	24.4912	3473.55	368.439
24.4274	24.648	3825.31	495.798
24.5203	24.6596	2954.83	150.434
24.6596	25.0776	3951.07	244.125
24.6654	25.0892	2942.91	105.783
25.6464	25.7741	3579.46	237.485
25.6813	25.867	3941.95	215.909
25.7277	25.9367	2959.96	168.379
25.8844	26.1399	3971.66	135.85
25.9193	26.1805	2618.81	99.6842
26.4185	26.5288	3536.3	145.921
26.5288	26.6391	2806.77	381.697
26.8074	26.9119	2774.53	514.743
26.9003	27.4228	2924.27	517.711
26.9932	27.1383	1485.12	129.575
27.4402	27.6143	2413.97	750.148
27.6956	27.8523	1891.78	504.743
27.8349	27.9742	1732.76	564.255
28.0613	28.2297	2430.76	404.818
28.3283	28.5722	1956.23	148.514
28.4793	28.6824	2430.76	455.987
28.7811	28.9205	1946.09	142.119
28.9553	29.1817	1734.77	228.13
29.1817	29.4371	1491.13	122.621
