0
0.00580499
0.01161
0.017415
0.02322
0.0290249
0.0348299
0.0406349
0.0464399
0.0522449
0.0580499
0.0638549
0.0696599
0.0754649
0.0812698
0.0870748
0.0928798
0.0986848
0.10449
0.110295
0.1161
0.121905
0.12771
0.133515
0.13932
0.145125
0.15093
0.156735
0.16254
0.168345
0.17415
0.179955
0.18576
0.191565
0.19737
0.203175
0.20898
0.214785
0.22059
0.226395
0.2322
0.238005
0.24381
0.249615
0.255419	506.889
0.261224	519.637
0.267029	488.493
0.272834	461.076
0.278639	453.155
0.284444	434.946
0.290249	429.206
0.296054	423.053
0.301859	436.204
0.307664	436.456
0.313469	437.719
0.319274	429.206
0.325079	433.191
0.330884	429.454
0.336689	429.454
0.342494	411.722
0.348299	398.617
0.354104	390.865
0.359909	391.543
0.365714	378.424
0.371519	383.707
0.377324	383.707
0.383129	387.717
0.388934	398.617
0.394739	389.513
0.400544	388.614
0.406349	391.543
0.412154	390.865
0.417959	400.232
0.423764	409.114
0.429569	403.249
0.435374	410.535
0.441179	399.078
0.446984	397.009
0.452789	395.407
0.458594	395.178
0.464399	385.261
0.470204	386.152
0.476009	402.551
0.481814	407.934
0.487619	400.695
0.493424	409.587
0.499229	393.129
0.505034	380.616
0.510839	381.717
0.516644	384.816
0.522449	390.188
0.528254	411.722
0.534059	418.435
0.539864	401.39
0.545669	411.484
0.551474	400.232
0.557279	392.449
0.563084
0.568889
0.574694
0.580499
0.586304
0.592109
0.597914
0.603719
0.609524
0.615329
0.621134
0.626939
0.632744
0.638549
0.644354
0.650159
0.655964
0.661769
0.667574
0.673379
0.679184
0.684989
0.690794
0.696599
0.702404
0.708209
0.714014
0.719819
0.725624
0.731429
0.737234	183.401
0.743039	177.461
0.748844	179.212
0.754649	179.109
0.760454	177.564
0.766258	174.211
0.772063	169.839
0.777868	165.577
0.783673	163.015
0.789478	162.076
0.795283	164.528
0.801088	171.416
0.806893	175.727
0.812698	183.401
0.818503	188.884
0.824308	193.076
0.830113	196.565
0.835918	197.589
0.841723	197.247
0.847528	195.771
0.853333	194.531
0.859138	192.965
0.864943	191.3
0.870748	190.528
0.876553	190.198
0.882358	190.638
0.888163	191.3
0.893968	194.195
0.899773	196.111
0.905578	197.247
0.911383	198.504
0.917188	199.539
0.922993	198.161
0.928798	195.885
0.934603	194.195
0.940408	192.519
0.946213	194.756
0.952018	194.195
0.957823	194.756
0.963628	195.545
0.969433	196.451
0.975238	197.818
0.981043	198.046
0.986848	199.309
0.992653	196.678
0.998458
1.00426
1.01007
1.01587
1.02168
1.02748	201.159
1.03329	192.742
1.03909	192.297
1.0449	190.198
1.0507	191.964
1.05651	187.471
1.06231	189.431
1.06812	190.638
1.07392	192.297
1.07973	193.299
1.08553	192.186	539.518
1.09134	189.65	521.14
1.09714	191.3	538.895	179.316
1.10295	191.3	537.03	179.316
1.10875	191.3	533.937	176.643
1.11456	191.3	532.09	175.93
1.12036	200.116	532.705	177.461
1.12617	192.853	535.172	178.283
1.13197	195.207	538.273	180.667
1.13778	196.678	544.213	184.251
1.14358	197.247	558.866	189.65
1.14939	194.307	577.24	194.869
1.15519	196.224	601.058	200.695
1.161	199.654	606.288	202.675
1.1668	201.741	613.687	204.321
1.17261	202.675	617.242	205.03
1.17841	202.091	611.917	203.849
1.18422	201.508	603.842	202.441
1.19002	199.654	608.744	199.654
1.19583	196.111	583.947	195.771
1.20163	193.299	193.076
1.20744	190.308	189.869
1.21324	189.103
1.21905	188.775
1.22485	188.34
1.23066	186.715
1.23646	187.039
1.24227	187.147	498.469
1.24807	190.859	498.469
1.25388	194.307	497.893
1.25968	196.565	498.757
1.26549	198.39	499.045
1.27129	200.811	501.357
1.2771	203.144	502.807
1.2829	207.173	501.646
1.28871	208.976	500.778
1.29451	209.823	506.889
1.30032	208.614	508.649
1.30612	207.652	510.71
1.31193	205.861	504.552
1.31773	202.091	509.826
1.32354	201.508	505.135
1.32934	199.77	507.182
1.33515	201.043	503.679
1.34095	205.505	501.646
1.34676	196.678	499.911
1.35256	198.619	497.031
1.35837	194.307	498.181
1.36417	486.521
1.36998	480.933
1.37578	478.44
1.38159	482.046
1.38739	480.101
1.3932	483.161
1.399	483.161
1.40481	468.052
1.41061	445.113
1.41642	450.024
1.42222	446.4
1.42803	463.747
1.43383
1.43964
1.44544
1.45125
1.45705
1.46286
1.46866
1.47447
1.48027
1.48608
1.49188
1.49769
1.50349
1.5093
1.5151
1.52091
1.52671
1.53252
1.53832
1.54413
1.54993
1.55574
1.56154
1.56735
1.57315
1.57896
1.58476
1.59057
1.59637
1.60218
1.60798
1.61379
1.61959
1.6254
1.6312
1.63701
1.64281
1.64862
1.65442
1.66023
1.66603
1.67184
1.67764
1.68345
1.68925
1.69506
1.70086
1.70667
1.71247
1.71828
1.72408
1.72989
1.73569
1.7415
1.7473
1.75311
1.75891
1.76472
1.77052
1.77633
1.78213
1.78794
1.79374
1.79955
1.80535
1.81116
1.81696
1.82277
1.82857
1.83438
1.84018
1.84599
1.85179
1.8576
1.8634
1.86921
1.87501
1.88082
1.88662
1.89243
1.89823
1.90404
1.90984
1.91565
1.92145
1.92726
1.93306
1.93887
1.94467
1.95048
1.95628
1.96209	398.847
1.96789	407.699
1.9737	420.616
1.9795	391.769
1.98531	394.95
1.99111	410.535	252.422
1.99692	416.506	241.86
2.00272	394.039	252.86
2.00853	394.039	237.979
2.01433	384.372	241.023
2.02014	381.276	235.11
2.02594	388.614	238.944
2.03175	388.389	241.86
2.03755	390.414	240.05
2.04336	385.707	239.635
2.04916	391.543	244.529
2.05497	395.864	255.355
2.06077	397.467	243.823
2.06658	415.305	244.811
2.07238	433.191	247.942
2.07819	423.542	248.372
2.08399	428.215	248.659
2.0898	429.206	247.513
2.0956	428.463	245.378
2.10141	420.13	242.98
2.10721	417.711	240.884
2.11302	430.447	239.635
2.11882	433.692	239.22
2.12463	238.392
2.13043	237.019
2.13624	234.974
2.14204	231.606
2.14785	226.446
2.15365	223.2
2.15946	217.348
2.16526	212.383
2.17107	206.218
2.17687	202.324
2.18268	198.504
2.18848	196.565
2.19429	194.644
2.20009	193.188
2.2059	192.408
2.2117	192.297
2.21751	192.742
2.22331	196.224
2.22912	194.531
2.23492	195.658
2.24073	198.046
2.24653	200.695
2.25234	201.159
2.25814	200.695
2.26395	199.193
2.26975	196.906
2.27556	194.531
2.28136	191.521
2.28717	189.212
2.29297	186.392
2.29878	180.981
2.30458	178.902
2.31039	184.784
2.31619	193.076
2.322	211.038
2.3278	212.506
2.33361	199.885
2.33941	196.678
2.34522
2.35102
2.35683
2.36263
2.36844
2.37424
2.38005
2.38585
2.39166
2.39746
2.40327
2.40907	472.125
2.41488	471.036
2.42068	475.409
2.42649	242.559	481.489
2.43229	242.139	482.046
2.4381	239.358	477.611
2.4439	235.382	471.308
2.44971	231.739	466.164
2.45551	228.549	458.42
2.46132	225.403	452.109
2.46712	223.846	447.95
2.47293	223.071	445.627
2.47873	223.071	445.627
2.48454	225.403	451.065
2.49034	228.549	456.834
2.49615	230.938	460.543
2.50195	233.891	466.972
2.50776	237.156	473.491
2.51356	240.05	479.823
2.51937	241.162	482.046
2.52517	241.72	483.999
2.53098	240.328	480.933
2.53678	237.842	475.684
2.54258	234.839	470.22
2.54839	231.205	464.551
2.55419	228.549	458.42
2.56	227.758	455.254
2.5658	226.577	453.678
2.57161	225.142	450.545
2.57741	223.716	446.916
2.58322	223.458	446.916
2.58902	224.493	448.986
2.59483	224.363	448.986
2.60063	226.577	453.678
2.60644	229.74	459.215
2.61224	231.472	462.409
2.61805	233.891	466.703
2.62385	240.328	480.101
2.62966	246.087	492.175
2.63546	249.09	498.469
2.64127	250.533	500.778
2.64707	250.533	500.488
2.65288	248.947	496.457
2.65868	244.811	490.189
2.66449	239.912	481.211
2.67029	232.275	472.944
2.6761	228.813	466.164
2.6819	221.914	465.088
2.68771	231.739	462.676
2.69351	241.999	466.164
2.69932
2.70512
2.71093
2.71673
2.72254
2.72834
2.73415
2.73995
2.74576
2.75156
2.75737
2.76317
2.76898
2.77478
2.78059
2.78639
2.7922
2.798
2.80381
2.80961
2.81542
2.82122
2.82703
2.83283
2.83864
2.84444
2.85025
2.85605
2.86186
2.86766
2.87347
2.87927
2.88508
2.89088
2.89669
2.90249
2.9083
2.9141
2.91991
2.92571
2.93152
2.93732
2.94313
2.94893
2.95474
2.96054
2.96635
2.97215
2.97796
2.98376
2.98957
2.99537
3.00118
3.00698
3.01279
3.01859
3.0244
3.0302
3.03601
3.04181
3.04762
3.05342
3.05923
3.06503
3.07084
3.07664
3.08245
3.08825
3.09406
3.09986
3.10567
3.11147
3.11728
3.12308
3.12889
3.13469
3.1405
3.1463
3.15211
3.15791
3.16372
3.16952
3.17533
3.18113
3.18694
3.19274
3.19855
3.20435
3.21016
3.21596
3.22177
3.22757
3.23338
3.23918
3.24499
3.25079
3.2566
3.2624
3.26821
3.27401
3.27982
3.28562
3.29143
3.29723
3.30304
3.30884
3.31465
3.32045
3.32626
3.33206
3.33787
3.34367
3.34948
3.35528	174.513
3.36109	177.974
3.36689	184.57
3.3727	175.322
3.3785	169.349
3.38431	169.741
3.39011	172.31
3.39592	174.715
3.40172	179.212
3.40753	184.89
3.41333	185.318
3.41914	186.284
3.42494	186.392
3.43075	185.211
3.43655	184.038
3.44236	184.144
3.44816	183.613
3.45397	186.823
3.45977	190.418
3.46558	194.307
3.47138	197.932
3.47719	200.811
3.48299	203.027
3.4888	205.267
3.4946	205.861
3.50041	202.91
3.50621	201.624
3.51202	200.811
3.51782	199.309
3.52363	199.078
3.52943	198.39
3.53524	194.981
3.54104	194.981
3.54685	196.906
3.55265	192.519
3.55846	191.19
3.56426	182.134
3.57007	179.523
3.57587	176.745
3.58168	175.524
3.58748	173.308
3.59329	172.509
3.59909	174.312
3.6049	174.614
3.6107	174.614
3.61651
3.62231
3.62812
3.63392
3.63973
3.64553
3.65134
3.65714
3.66295	377.115
3.66875	377.551
3.67456	189.65	380.177
3.68036	191.521	383.042
3.68617	192.519	385.039
3.69197	193.411	387.046
3.69778	193.858	388.165
3.70358	194.419	403.249
3.70939	202.324	404.649
3.71519	202.441	404.883
3.721	195.432	408.406
3.7268	193.746	400.463
3.73261	192.186	384.372
3.73841	188.775	382.379
3.74422	189.759	384.594
3.75002	185.747	372.568
3.75583	182.661	371.493
3.76163	182.45	367.014
3.76744	182.767	369.141
3.77324	184.038	367.863
3.77905	185.532	366.167
3.78485	186.392	365.533
3.79066	186.176	365.111
3.79646	185.639	365.322
3.80227	185.532	368.076
3.80807	185.961	369.994
3.81388	186.931	373.645
3.81968	188.994	377.987
3.82549	191.19	381.056
3.83129	193.635	385.484
3.8371	196.451	393.356
3.8429	199.078	398.847
3.84871	200.695	396.321
3.85451	198.734	387.046
3.86032	204.912	380.177
3.86612	205.98	375.593
3.87193	205.505	386.152
3.87773	204.675	390.414
3.88354	199.539
3.88934	197.247
3.89515	194.981
3.90095	192.742
3.90676	190.748
3.91256	189.212
3.91837	188.448
3.92417	187.688
3.92998	188.775
3.93578	190.638
3.94159	192.742
3.94739	195.094
3.9532	197.133
3.959	198.734
3.96481	200
3.97061	201.043
3.97642	201.857
3.98222	202.675
3.98803	203.027
3.99383	203.027
3.99964	202.675
4.00544	203.261
4.01125	203.379
4.01705	202.91
4.02286	202.675
4.02866	201.159
4.03447	200.463
4.04027	199.539
4.04608	200
4.05188	198.963
4.05769	197.475
4.06349	194.981
4.0693	192.408
4.0751	189.431
4.08091	187.905
4.08671	185.854
4.09252	184.89
4.09832	182.029
4.10413	179.005
4.10993	177.769
4.11574	180.876
4.12154	176.847
4.12735	177.052
4.13315	173.709
4.13896	169.154
4.14476	167.211
4.15057	165.29
4.15637	162.827
4.16218	160.122
4.16798	158.649
4.17379	159.384
4.17959	164.149
4.1854	169.447
4.1912	171.021
4.19701	168.666
4.20281	168.277
4.20862	169.741
4.21442	169.252
4.22023	166.729
4.22603	173.91
4.23184
4.23764
4.24345
4.24925
4.25506
4.26086
4.26667
4.27247
4.27828
4.28408
4.28989
4.29569
4.3015
4.3073
4.31311
4.31891
4.32472
4.33052
4.33633
4.34213
4.34794
4.35374
4.35955
4.36535
4.37116
4.37696
4.38277
4.38857
4.39438
4.40018
4.40599
4.41179
4.4176
4.4234
4.42921
4.43501
4.44082
4.44662
4.45243
4.45823
4.46404
4.46984
4.47565
4.48145
4.48726
4.49306
4.49887
4.50467
4.51048
4.51628
4.52209
4.52789
4.5337
4.5395
4.54531
4.55111
4.55692
4.56272
4.56853
4.57433
4.58014
4.58594
4.59175
4.59755
4.60336
4.60916
4.61497
4.62077
4.62658
4.63238
4.63819
4.64399
4.6498
4.6556
4.66141
4.66721
4.67302
4.67882
4.68463	246.087
4.69043	233.621
4.69624	227.495
4.70204	239.912
4.70785	227.364
4.71365	241.72
4.71946	242.559
4.72526	241.999
4.73107	241.72
4.73687	240.328
4.74268	237.842
4.74848	238.117
4.75429	232.41
4.76009	228.549
4.7659	229.475
4.7717	231.071
4.77751	231.472
4.78331	232.41
4.78912	234.161
4.79492	234.974
4.80073	234.974
4.80653	234.703
4.81234	234.297
4.81814	234.703
4.82395	234.161
4.82975	232.947
4.83556	229.475
4.84136	228.022
4.84717	226.839
4.85297	229.342
4.85878	229.475
4.86458	228.285
4.87039
4.87619
4.882
4.8878
4.89361
4.89941
4.90522
4.91102
4.91683
4.92263
4.92844
4.93424
4.94005
4.94585
4.95166
4.95746
4.96327
4.96907
4.97487
4.98068
4.98649
4.99229
4.9981
5.0039
5.00971
5.01551
5.02132
5.02712
5.03293	187.471
5.03873	187.363
5.04454	188.231
5.05034	184.464
5.05615	185.532
5.06195	187.688
5.06776	190.638
5.07356	192.186
5.07936	193.411
5.08517	194.644
5.09097	194.981
5.09678	195.32
5.10258	195.32
5.10839	195.771
5.11419	196.111
5.12	195.545
5.1258	194.083
5.13161	192.186
5.13741	188.884
5.14322	186.931
5.14902	185.854
5.15483	186.284
5.16063	188.666
5.16644	191.853
5.17225	194.419
5.17805	196.678
5.18385	198.275
5.18966	202.792
5.19546	205.623
5.20127	207.772
5.20707	207.772
5.21288	208.735
5.21868	207.652
5.22449	205.623
5.23029	203.027
5.2361	201.392
5.2419	199.539
5.24771	197.019
5.25351	195.32
5.25932	194.307
5.26512	193.188
5.27093	192.965
5.27673	193.858
5.28254	195.207
5.28834	196.792
5.29415	199.309
5.29995	202.091
5.30576	204.085
5.31156	204.912
5.31737	205.267
5.32317	205.98
5.32898	205.98
5.33478	205.386
5.34059	204.675
5.34639	203.732
5.3522	203.027
5.358	203.027
5.36381	200.579
5.36961	198.275
5.37542	195.432
5.38122	193.746
5.38703	190.859
5.39283
5.39864
5.40444
5.41025
5.41605
5.42186
5.42766
5.43347
5.43927
5.44508
5.45088
5.45669
5.46249
5.4683
5.4741
5.47991
5.48571
5.49152
5.49732
5.50313
5.50893
5.51474
5.52054
5.52635
5.53215
5.53796
5.54376
5.54957
5.55537
5.56118
5.56698
5.57279
5.57859
5.5844
5.5902
5.59601
5.60181
5.60762
5.61342
5.61923
5.62503
5.63084
5.63664
5.64245
5.64825
5.65406
5.65986
5.66567
5.67147
5.67728
5.68308
5.68889
5.69469
5.7005
5.7063
5.71211
5.71791
5.72372
5.72952
5.73533
5.74113
5.74694
5.75274
5.75855
5.76435	263.598
5.77016	262.989
5.77596	263.75
5.78177	264.055
5.78757	265.125
5.79338	266.199
5.79918	265.891
5.80499	266.045
5.81079	272.263
5.8166	272.578
5.8224	275.905
5.82821	285.965
5.83401	285.8
5.83982	292.987
5.84562	285.965
5.85143	285.634
5.85723	283.17
5.86304	281.539
5.86884	276.224
5.87465	278.466
5.88045	277.183
5.88626	266.506
5.89206	261.626
5.89787	257.726
5.90367	256.093
5.90948	253.298
5.91528	254.471
5.92109	255.65
5.92689	265.584
5.9327	267.123
5.9385	273.683
5.94431	269.915
5.95011	263.598
5.95592	261.323
5.96172	261.173
5.96753	261.928
5.97333	267.432
5.97914	270.227
5.98494	272.106
5.99075	264.818
5.99655
6.00236
6.00816
6.01397
6.01977
6.02558
6.03138
6.03719
6.04299
6.0488
6.0546
6.06041
6.06621
6.07202
6.07782
6.08363
6.08943
6.09524
6.10104
6.10685
6.11265
6.11846
6.12426
6.13007
6.13587
6.14168
6.14748
6.15329
6.15909
6.1649
6.1707
6.17651
6.18231
6.18812
6.19392
6.19973
6.20553
6.21134
6.21714
6.22295
6.22875
6.23456
6.24036
6.24617
6.25197
6.25778	537.03
6.26358	540.766
6.26939	538.584
6.27519	545.156
6.281	549.9
6.2868	532.09
6.29261	529.331
6.29841	532.09
6.30422	528.72
6.31002	533.013
6.31583	535.172
6.32163	534.863
6.32744	534.863
6.33324	533.937
6.33905	537.651
6.34485	540.766
6.35066	541.391
6.35646	546.733
6.36227	542.957
6.36807	531.476
6.37388	546.102
6.37968	539.518
6.38549	541.078
6.39129	541.391
6.3971	533.629
6.4029	538.584
6.40871	538.584
6.41451	534.246
6.42032	527.5	279.111
6.42612	529.331	280.241
6.43193	529.331	262.534
6.43773	534.863	264.36
6.44354	538.584	263.293
6.44934	263.75
6.45515	264.055
6.46095	264.207
6.46676	265.278
6.47256	264.818
6.47837	266.969
6.48417	266.814
6.48998	260.871
6.49578	258.77
6.50159	256.686
6.50739	254.618
6.5132	255.798	282.028
6.519	255.798	283.498
6.52481	257.28	287.455
6.53061	259.219	288.787
6.53642	255.207	293.834
6.54222	255.207	295.195
6.54803	257.131	295.195	410.772
6.55383	260.72	287.954	410.535
6.55964	253.152	289.12	410.061
6.56544	259.369	282.843	408.17
6.57125	267.277	277.824	406.288
6.57705	271.478	274.474	404.883
6.58286	271.478	272.893	403.482
6.58866	271.165	271.165	403.016
6.59447	266.353	269.447	401.158
6.60027	260.57	266.814	402.318
6.60608	264.207	266.045	402.551
6.61188	260.119	266.045	402.318
6.61769	263.141	266.353	398.157
6.62349	266.199	264.818	397.009
6.6293	260.57	262.534	395.864
6.6351	261.626	264.818	392.675
6.64091	263.902	264.36	396.55
6.64671	261.626	264.665	397.467
6.65252	262.231	263.141	393.129
6.65832	266.814	266.66	390.188
6.66413	266.199	269.292	386.152
6.66993	276.383	385.039	512.779
6.67574	274.474	392.902	504.552
6.68154	277.023	400.001	510.415
6.68735	275.745	396.779	516.644
6.69315	272.106	404.415	501.067
6.69896	270.539	399.308	504.552
6.70476	270.539	396.55	503.97
6.71057	269.759	406.054	492.175
6.71637	278.466	389.288	492.175
6.72218	280.89	393.129	492.743
6.72798	273.841	394.722	492.743
6.73379	276.703	382.379	488.493
6.73959	277.343	385.261	501.357
6.7454	274.633	387.046	507.768
6.7512	275.586	385.484	505.135
6.75701	275.427	383.707	508.649
6.76281	275.268	385.707	508.943
6.76862	273.367	385.929	513.075
6.77442	272.106	386.375	516.346
6.78023	275.427	390.414	516.644
6.78603	278.788	391.543	509.826
6.79184	273.525	391.091	525.675
6.79764	390.188	547.365
6.80345	387.493	573.583
6.80925	387.269
6.81506	393.584
6.82086	395.635
6.82667	394.039
6.83247	406.758
6.83828	395.635
6.84408	390.865
6.84989
6.85569
6.8615
6.8673
6.87311
6.87891	421.589
6.88472	395.407
6.89052	401.39
6.89633	405.819
6.90213	403.482
6.90794	403.482
6.91374	402.551
6.91955	403.016
6.92535	401.39
6.93116	405.819
6.93696	408.642
6.94277	414.586
6.94857	409.351
6.95438	405.117
6.96018	404.415
6.96599	402.318
6.97179	402.551
6.9776	399.308
6.9834	398.617
6.98921	395.407
6.99501	396.092
7.00082	394.95
7.00662	391.317
7.01243	394.722
7.01823	394.494
7.02404	396.321
7.02984	411.96
7.03565	400.001
7.04145	401.158
7.04726	407.934
7.05306	411.722
7.05887	425.749
7.06467	428.71
7.07048	428.958
7.07628	422.076
7.08209	418.677
7.08789	409.114
7.0937	424.031
7.0995	436.204
7.10531	439.492
7.11111	413.629
7.11692
7.12272
7.12853
7.13433
7.14014
7.14594
7.15175	1193.81
7.15755	1197.96
7.16336	1189.68
7.16916	1187.62
7.17497	1186.25
7.18077	1188.99
7.18658	1205.59
7.19238	1229.5
7.19819	1228.08
7.20399	1221.72
7.2098	1226.67
7.2156	1235.2
7.22141	1233.06
7.22721	1234.48
7.23302	1236.63
7.23882	1230.21
7.24463	1235.2
7.25043	1235.91
7.25624	1234.48
7.26204	1227.37
7.26785	1250.27
7.27365	1247.39
7.27946	1241.64
7.28526	1236.63
7.29107	1235.2
7.29687	1234.48
7.30268	1235.2
7.30848	1240.92
7.31429	1264.8
7.32009	1263.34
7.3259	1236.63
7.3317	1256.79
7.33751	1256.79
7.34331	1228.79
7.34912	1241.64
7.35492	1241.64
7.36073	1218.19
7.36653	241.999
7.37234	251.403
7.37814	246.372
7.38395	244.105
7.38975	244.529
7.39556	242.84
7.40136	252.276
7.40717	260.72
7.41297	263.445
7.41878	263.445
7.42458	256.093
7.43039	260.419
7.43619	272.106
7.442	269.759
7.4478	269.603
7.45361	265.278
7.45941	257.875
7.46522	254.031
7.47102	253.152
7.47683	255.355
7.48263	253.445
7.48844	258.024
7.49424	253.738
7.50005	254.618
7.50585	254.618
7.51166	256.982
7.51746	261.474
7.52327	271.008
7.52907	274.95
7.53487	276.543
7.54068	276.543
7.54648	269.447	276.863
7.55229	255.355	285.305
7.55809	268.515	278.306
7.5639	281.702
7.56971	283.825
7.57551	283.989
7.58132	284.482
7.58712	286.13
7.59293	287.954
7.59873	288.787
7.60454	289.789
7.61034	291.805
7.61615	293.326
7.62195	294.174
7.62776	296.22
7.63356	301.921
7.63936	300.702
7.64517	300.009
7.65097	293.495
7.65678
7.66258
7.66839
7.67419
7.68
7.6858
7.69161
7.69741
7.70322
7.70902	296.734
7.71483	291.973
7.72063	286.13
7.72644	283.825
7.73224	281.702
7.73805	280.565
7.74385	278.949
7.74966	277.343
7.75546	276.064
7.76127	274.474	555.006
7.76707	273.367	545.786
7.77288	272.263	544.842
7.77868	270.383	540.766
7.78449	268.826	534.863
7.79029	266.199	532.705
7.7961	265.584	531.476
7.8019	264.971	529.331
7.80771	263.902	527.805
7.81351	263.598	526.282
7.81932	263.293	526.282
7.82512	263.445	526.282
7.83093	261.777	524.159
7.83673	260.72	522.044
7.84254	258.919	519.937
7.84834	255.502	509.826
7.85415	253.298	505.719
7.85995	250.389	493.313
7.86576	243.823	489.34
7.87156	237.567	472.944
7.87737	229.608	472.398
7.88317	225.924	489.623
7.88898	221.53	489.905	438.731
7.89478	221.274	485.96	441.783
7.90059	225.012	497.606	442.038
7.90639	227.233	495.026	451.326
7.9122	229.342	494.454	454.991
7.918	231.071	496.457	460.809
7.92381	233.351	488.775	464.551
7.92961	234.432	470.764	469.406
7.93542	234.026	468.052
7.94122	233.891	468.323
7.94703	233.217	465.895
7.95283	231.071	464.819
7.95864	224.234	449.505
7.96444	216.971	433.441
7.97025	213.121	426.734
7.97605	209.701	419.403
7.98186	204.675	412.198
7.98766	198.963	430.945	394.039
7.99347	197.133	430.945	389.738
7.99927	196.678	437.466	389.063
8.00508	194.195	433.942	387.941
8.01088	192.297	431.443	394.039
8.01669	193.076	441.783	403.249
8.02249	193.076	422.808	399.539
8.0283	195.771	431.942	398.847
8.0341	198.39	437.719	399.539
8.03991	200.463	427.721	397.697
8.04571	201.974	437.466	398.387
8.05152	201.974	438.224	406.993
8.05732	203.144	432.941	405.585
8.06313	202.792	432.941	402.086
8.06893	201.508	397.697
8.07474	200.579	399.308
8.08054	198.046	395.635
8.08635	196.906	393.811
8.09215	195.207	389.963
8.09796	194.419	387.269
8.10376	193.746	385.929
8.10957	192.853	387.941
8.11537	192.631	385.484
8.12118	194.083	386.822
8.12698	195.207	388.165
8.13279	198.504	399.078
8.13859	200.811	399.308
8.1444	202.675	402.783
8.1502	203.849	408.406
8.15601	205.03	409.114
8.16181	205.149	409.351
8.16762	206.218	413.629
8.17342	205.861	415.785
8.17923	204.794	411.246
8.18503	204.794	409.587
8.19084	203.849	410.297
8.19664	202.441	414.107
8.20245	203.967	409.114
8.20825	199.309	400.463
8.21406	198.619	396.779
8.21986	197.019	394.494
8.22567	194.644	386.822
8.23147	193.188	386.375
8.23728	192.408	384.15
8.24308	191.632	381.497
8.24889	191.3	379.957
8.25469	190.528	382.6
8.2605	190.088	383.042
8.2663	190.638	385.929
8.27211	193.076	389.738
8.27791	194.531	392.675
8.28372	201.624	399.539
8.28952	205.98	411.484
8.29533	203.732	412.913
8.30113	206.934	407.934
8.30694	210.429	408.17
8.31274	210.673	423.297
8.31855	211.16	420.859
8.32435	204.557	414.107
8.33016	208.373	411.246
8.33596	204.557	410.772	265.125
8.34177	202.558	407.463	265.125
8.34757	195.658	406.523	263.75
8.35338	190.418	400.463	262.079
8.35918	189.431	379.299	263.445
8.36499	190.859	377.115	261.323
8.37079	191.079	261.474	338.308
8.3766	193.188	261.928	346.616
8.3824	192.408	260.871	347.819
8.38821	190.198	265.891	346.215
8.39401	188.231	266.969	341.055
8.39982	191.079	272.106	333.843
8.40562	193.076	267.277	331.729
8.41143	194.981	268.205	337.917
8.41723	198.619	266.814	340.661
8.42304	200.579	266.814	333.265
8.42884	202.324	266.199	333.65
8.43465	203.144	267.586	334.809
8.44045	203.496	267.586	335.583
8.44626	203.144	268.515	338.895
8.45206	202.792	267.741	337.722
8.45787	201.857	266.045	335.583
8.46367	200.811	267.895	334.229	403.715
8.46948	199.309	261.928	335.583	399.078
8.47528	197.361	256.834	330.39	390.414
8.48109	196.678	261.323	326.784	388.389
8.48689	200.347	269.603	324.527	391.317
8.4927	194.981	269.759	323.404	397.697
8.4985	189.212	265.738	322.099	399.308
8.50431	191.632	323.03	397.238
8.51011	190.638	327.918	403.016
8.51592	185.104	333.073	390.188
8.52172	189.65	337.527	392.222
8.52753	191.3	338.112	388.389
8.53333	192.742	333.458	389.063
8.53914	195.885	329.628	397.238	206.934
8.54494	198.39	322.099	398.617	204.439
8.55075	199.193	320.984	397.697	202.558
8.55655	197.589	323.778	398.157	199.885
8.56236	199.539	325.089	398.157	200.927
8.56816	199.309	328.108	401.622	202.091
8.57397	200.232	330.39	400.695	198.849
8.57977	201.275	329.247	403.482	199.309
8.58558	203.379	328.297	406.054	205.623
8.59138	200.232	327.729	398.387	202.558
8.59719	204.085	324.714	402.551	203.614
8.60299	201.974	334.229	405.585	203.379
8.6088	202.558	343.229	396.092	204.085
8.6146	203.027	343.427	406.523	203.379
8.62041	203.027	337.137	401.39	201.857
8.62621	203.849	401.39	201.275
8.63202	398.617	204.439
8.63782	389.513	203.496
8.64363	386.152	197.247
8.64943	385.039	200.463
8.65524	377.769	201.392
8.66104	380.836	200.463
8.66685	386.599	198.963
8.67265	379.299	203.144
8.67846	388.165	201.624
8.68426	391.543	200
8.69007	399.078	198.275
8.69587	397.009	197.475
8.70168	394.494	193.97
8.70748	387.941	193.299
8.71329	393.129	200
8.71909	400.926	202.675	601.405
8.7249	200.347	600.017
8.7307	198.046	594.154
8.73651	195.094	587.33
8.74231	193.858	584.96
8.74812	197.361	581.59
8.75392	200.232	573.915
8.75973	196.906	565.034
8.76553	202.091	569.293
8.77134	193.411	568.964
8.77714	185.425	580.919
8.78295	181.504	580.248
8.78875	188.448	578.575
8.79456	579.578
8.80036	581.255
8.80617	573.583
8.81197	573.915
8.81778	566.668	259.518
8.82358	569.621	259.668
8.82939	570.28	264.971
8.83519	562.754	261.626
8.841	567.651	274.95
8.8468	552.766	272.106
8.85261	549.265	270.383
8.85841	554.365	275.586
8.86422	555.969	263.902
8.87002	538.584	268.515	188.448
8.87583	532.09	267.895	189.212
8.88163	554.686	274.474	188.775
8.88744	546.102	262.989	185.639
8.89324	545.156	271.008	184.677
8.89905	553.725	276.224	183.084
8.90485	268.981	183.401
8.91066	273.209	184.997
8.91646	283.17	183.719
8.92227	279.756	183.401
8.92807	289.287	182.24
8.93388	279.433	181.714
8.93968	272.578	177.974
8.94549	181.085
8.95129	183.189
8.9571	186.607
8.9629	186.176
8.96871	187.255
8.97451	190.088
8.98032	196.678
8.98612	197.475
8.99193	203.732
8.99773	200.347
9.00354	199.539
9.00934	379.299
9.01515	390.865
9.02095	390.865
9.02676	391.769
9.03256	391.995
9.03837	394.95	205.149
9.04417	395.178	205.505
9.04998	393.584	203.967
9.05578	397.927	209.944
9.06159	397.467	205.03
9.06739	388.838	202.91
9.0732	391.091	203.496
9.079	392.675	202.91
9.08481	396.779	200.927
9.09061	393.356	200.811
9.09642	397.467	200.116
9.10222	401.39	199.885
9.10803	397.467	199.309
9.11383	397.238	199.193
9.11964	400.695	199.539
9.12544	400.926	200.463
9.13125	403.249	200.116
9.13705	401.622	198.734
9.14286	393.584	198.39
9.14866	393.129	197.703
9.15447	393.811	197.703
9.16027	394.039	197.818
9.16608	391.769	197.247
9.17188	395.864	197.133
9.17769	394.722	199.77
9.18349	394.039	197.589
9.1893	395.407	198.504
9.1951	396.321	198.734
9.20091	395.407	196.906
9.20671	393.129	196.338
9.21252	392.902	196.451
9.21832	392.902	196.111
9.22413	392.675	196.224
9.22993	394.722	197.361
9.23574	395.635	197.361
9.24154	396.55	197.932
9.24735	388.838	197.247
9.25315	397.009	193.076
9.25896	399.078	197.818
9.26476	391.317	195.885
9.27057	399.078	197.589
9.27637	391.543	195.998
9.28218	197.361
9.28798	197.019
9.29379	194.083
9.29959
9.3054
9.3112
9.31701
9.32281
9.32862
9.33442
9.34023
9.34603
9.35184
9.35764
9.36345
9.36925
9.37506
9.38086
9.38667
9.39247
9.39828
9.40408
9.40989	359.877
9.41569	362.38
9.4215	358.011
9.4273	359.461
9.43311	359.046
9.43891	361.335
9.44472	363.009
9.45052	364.479
9.45633	365.956
9.46213	367.651
9.46794	362.171
9.47374	364.269
9.47955	371.708
9.48535	364.901
9.49116	374.294
9.49696	378.424
9.50277	385.039
9.50857	379.518
9.51438	374.294
9.52018	376.897
9.52599	377.551
9.53179	385.261
9.5376	380.396	196.906
9.5434	386.152	200.347
9.54921	381.276	198.849
9.55501	391.091	199.193
9.56082	396.092	199.078
9.56662	397.927	195.885
9.57243	401.158	205.149
9.57823	402.086	205.861
9.58404	406.054	203.379
9.58984	407.934	200.695
9.59565	409.114	200.695
9.60145	413.151	201.624
9.60726	416.265	201.043
9.61306	406.288	201.392
9.61887	408.878	199.654
9.62467	415.545	197.589
9.63048	404.883	197.589
9.63628	396.55	197.703
9.64209	399.539	199.539
9.64789	385.929	199.539
9.6537	384.15	201.392
9.6595	388.614	193.97
9.66531	201.043
9.67111	203.614
9.67692	203.027
9.68272	195.998
9.68853	200.232
9.69433	198.734	358.632
9.70014	200.579	360.709
9.70594	201.043	353.286
9.71175	197.589	345.416
9.71755	199.654	348.221
9.72336	206.218	358.632
9.72916	206.099	356.566
9.73497	206.099	362.799
9.74077	209.944	361.753
9.74658	200.579	356.772
9.75238	198.849	360.918
9.75819	203.144	357.391
9.76399	195.094	369.141
9.7698	195.094	365.956
9.7756	198.275	367.014
9.78141	198.275	372.138
9.78721	190.088	373.645
9.79302	200.463	370.636
9.79882	194.981	374.077
9.80463	379.738
9.81043	386.152
9.81624	377.551
9.82204	380.396
9.82785	377.769
9.83365	382.379
9.83946	382.158
9.84526	381.497
9.85107	376.027
9.85687	371.708
9.86268	374.726
9.86848	377.115
9.87429	372.138
9.88009	374.943
9.8859	374.726
9.8917	374.943
9.89751	374.726
9.90331	371.065
9.90912	369.781
9.91492	365.956
9.92073	361.962
9.92653	359.669
9.93234	352.064
9.93814	346.215
9.94394	340.071
9.94975	335.583
9.95555	324.527
9.96136	316.565
9.96716	312.929
9.97297	306.844
9.97878	312.027
9.98458	320.614
9.99039	308.265
9.99619	315.652
10.002	312.207
10.0078	311.307
10.0136	312.388
10.0194	304.9
10.0252	307.021
10.031	305.253
10.0368	321.17
10.0426	330.963
10.0484
10.0542
10.06
10.0659
10.0717	258.919
10.0775	259.518
10.0833	259.369
10.0891	253.884
10.0949	265.125
10.1007	267.123
10.1065	259.818
10.1123	264.36
10.1181	259.219
10.1239	265.125
10.1297	265.584
10.1355	266.66
10.1413	266.969
10.1471	256.686
10.1529	264.513
10.1587	253.591
10.1645	252.568
10.1703	252.568
10.1761	255.502
10.1819	263.141
10.1878	263.293
10.1936	255.355
10.1994	262.382
10.2052	267.741
10.211	254.618
10.2168	264.818
10.2226	271.008
10.2284	274.633
10.2342	282.68
10.24	286.792
10.2458
10.2516
10.2574
10.2632
10.269
10.2748
10.2806
10.2864
10.2922
10.298
10.3039
10.3097
10.3155
10.3213
10.3271
10.3329
10.3387	195.432
10.3445	197.019
10.3503	198.161
10.3561	199.77
10.3619	197.361
10.3677	197.703
10.3735	197.932
10.3793	198.504
10.3851	198.963
10.3909	198.504
10.3967	198.849
10.4025	198.849
10.4083	198.39
10.4141	195.658
10.42	195.207
10.4258	195.771
10.4316	194.083
10.4374	195.432
10.4432	195.32
10.449	196.224
10.4548	198.963
10.4606	199.654
10.4664	195.094
10.4722	200.695
10.478	202.558
10.4838	200
10.4896	201.508
10.4954	201.857
10.5012	202.675
10.507	203.732
10.5128	203.144
10.5186	202.441
10.5244	201.275
10.5302	201.159
10.5361	199.424
10.5419	198.734	409.114
10.5477	197.703	409.114
10.5535	194.644	411.484
10.5593	193.635	413.629
10.5651	194.644	392.222
10.5709	195.998	395.178
10.5767	194.195	396.092
10.5825	192.853	399.308
10.5883	198.619	401.158
10.5941	201.974	402.318
10.5999	202.324	403.482
10.6057	200.116	404.182
10.6115	205.861	409.114	191.742
10.6173	205.149	407.934	193.299
10.6231	199.424	398.387	189.103
10.6289	195.207	393.584	187.58
10.6347	200.695	399.078	187.255
10.6405	201.275	393.129	186.823
10.6463	201.392	401.158	186.715
10.6522	200.695	403.715	185.961
10.658	201.624	406.993	183.189
10.6638	205.861	411.009	193.188
10.6696	208.855	405.819	193.97
10.6754	210.429	415.305	197.361
10.6812	210.308	399.078	197.247
10.687	210.916	402.318	194.644
10.6928	207.892	408.878	194.644	694.434
10.6986	210.065	395.407	678.965
10.7044	211.404	390.639	676.616
10.7102	212.016	382.821	663.841
10.716	212.138	378.205	640.857
10.7218	207.892	377.769	634.962
10.7276	206.934	372.353	648.678
10.7334	207.892	371.493	649.053
10.7392	209.217	373.645	636.063
10.745	208.373	377.769	649.428
10.7508	209.459	374.077	656.595
10.7566	210.065	386.822	657.354
10.7624	214.231	390.188	676.225
10.7683	210.308	377.769	664.224
10.7741	209.58	380.836	643.826
10.7799	208.012	387.046	652.06
10.7857	199.078	386.599	661.162
10.7915	200.579	395.635	654.323
10.7973	198.161	394.494	663.457
10.8031	199.193	398.387	681.322
10.8089	204.439	403.948
10.8147	209.097	401.158
10.8205	209.823	392.449
10.8263	209.823	388.165
10.8321	205.861	392.675
10.8379	206.456	383.707
10.8437	208.735	385.261
10.8495	209.097	382.158
10.8553	204.321	399.77
10.8611	203.967	397.009
10.8669	197.589	391.317
10.8727	196.224	389.738
10.8785	392.675
10.8844	386.375
10.8902	392.902
10.896	392.222
10.9018	377.769
10.9076	378.643
10.9134	377.987
10.9192	375.81
10.925	380.177
10.9308	381.717
10.9366	383.485
10.9424	388.389
10.9482	380.396
10.954	380.396
10.9598	393.584
10.9656	386.822
10.9714	384.15
10.9772	378.205
10.983	378.643
10.9888	380.177
10.9946	391.543
11.0005	386.599
11.0063	388.389
11.0121	383.928
11.0179	386.822
11.0237	387.493	339.09
11.0295	399.539	346.215
11.0353	403.016	345.816	177.872
11.0411	417.952	347.217	179.731
11.0469	410.772	354.922	179.731
11.0527	404.415	359.046	180.667
11.0585	402.086	361.962	180.981
11.0643	401.854	364.269	182.345
11.0701	386.822	367.651	181.295
11.0759	368.076	365.533	180.772
11.0817	377.115	359.669	180.042
11.0875	373.861	363.848	182.872
11.0933	385.707	361.962	183.719
11.0991	394.95	359.461	182.029
11.1049	364.058	181.399
11.1107	364.479	183.189
11.1166	361.126	182.345
11.1224	367.439	179.627
11.1282	368.927	171.119
11.134	371.065	170.527
11.1398	372.999	175.322
11.1456	376.462	173.709
11.1514	375.81	176.134
11.1572	379.08	171.912
11.163	377.987	171.416
11.1688	379.08	173.608
11.1746	382.158	182.029	190.638
11.1804	379.957	181.085	192.519
11.1862	379.08	189.212	190.748
11.192	368.714	189.759	192.297
11.1978	368.289	194.307	193.97
11.2036	363.218	197.019	196.565
11.2094	367.014	199.885	199.77
11.2152	360.918	201.043	199.885
11.221	359.046	202.441	200.579
11.2268	355.949	199.77	200.579
11.2327	362.589	200.116	199.77
11.2385	378.861	202.091	203.967
11.2443	397.927	199.078	205.03
11.2501	400.926	200.463	202.558
11.2559	199.654	204.439
11.2617	195.771	200.347
11.2675	195.885	199.77
11.2733	199.77	200.347
11.2791	200.116	199.885
11.2849	199.654	199.309
11.2907	198.161	197.133
11.2965	196.338	198.161
11.3023	195.885	196.111
11.3081	196.111	196.338
11.3139	198.161	198.275
11.3197	198.046	199.078
11.3255	199.078
11.3313	197.133
11.3371	197.703
11.3429	198.963
11.3488	200
11.3546	200.116
11.3604	199.77
11.3662	200.347
11.372	201.392
11.3778	194.419
11.3836	194.981
11.3894	197.019
11.3952	199.309
11.401	196.451
11.4068	195.094
11.4126	192.965
11.4184	192.408
11.4242
11.43
11.4358
11.4416
11.4474
11.4532
11.459
11.4649
11.4707
11.4765
11.4823
11.4881
11.4939
11.4997
11.5055
11.5113
11.5171
11.5229
11.5287
11.5345
11.5403
11.5461
11.5519
11.5577
11.5635
11.5693
11.5751
11.581
11.5868
11.5926
11.5984
11.6042
11.61
11.6158
11.6216
11.6274
11.6332
11.639	203.379
11.6448	204.321
11.6506	194.869
11.6564	200.927
11.6622	200.927
11.668	200.695
11.6738	200.116
11.6796	200.347
11.6854	199.078
11.6912	199.539
11.6971	199.539
11.7029	199.77
11.7087	201.508
11.7145	202.675
11.7203	201.624
11.7261	201.857
11.7319	203.379
11.7377	202.91
11.7435	201.508
11.7493	200.463
11.7551	200
11.7609	200
11.7667	200.579
11.7725	201.275
11.7783	201.392
11.7841	201.275
11.7899	200.695
11.7957	199.77
11.8015	197.932
11.8073	198.161
11.8132	197.932
11.819	198.046
11.8248	197.589
11.8306	199.193
11.8364	199.77
11.8422	200.347
11.848	200.927
11.8538	200.811
11.8596	199.193
11.8654	199.77
11.8712	200.579
11.877	200.463
11.8828	200.579
11.8886	200.232
11.8944	200.579
11.9002	200.463
11.906	199.193
11.9118	198.39
11.9176	193.858
11.9234
11.9293
11.9351
11.9409
11.9467
11.9525
11.9583
11.9641
11.9699
11.9757
11.9815
11.9873	201.624
11.9931	197.133
11.9989	192.742
12.0047	190.088
12.0105	186.392
12.0163	182.661
12.0221	182.978
12.0279	183.084
12.0337	184.57
12.0395	185.854
12.0454	189.759
12.0512	191.521
12.057	192.631
12.0628	193.746
12.0686	193.523
12.0744	193.97
12.0802	192.965
12.086	189.869
12.0918	185.532
12.0976	184.357
12.1034	183.719
12.1092	189.431
12.115	190.418
12.1208	194.756
12.1266	194.756
12.1324	194.756
12.1382	206.218
12.144
12.1498
12.1556
12.1615
12.1673
12.1731
12.1789
12.1847
12.1905	197.932
12.1963	197.932
12.2021	198.504
12.2079	198.619
12.2137	198.39
12.2195	197.932
12.2253	198.849
12.2311	199.77
12.2369	199.193
12.2427	199.539
12.2485	201.043
12.2543	201.159
12.2601	201.974
12.2659	201.741
12.2717	200.463
12.2776	202.441
12.2834	198.849
12.2892	198.849
12.295	199.77
12.3008	199.654
12.3066	200
12.3124	202.441
12.3182
12.324
12.3298
12.3356
12.3414
12.3472
12.353
12.3588
12.3646
12.3704
12.3762
12.382
12.3878
12.3937
12.3995
12.4053
12.4111
12.4169
12.4227
12.4285
12.4343
12.4401
12.4459
12.4517
12.4575
12.4633
12.4691
12.4749
12.4807
12.4865	431.443
12.4923	427.721
12.4981	411.246
12.5039	407.699
12.5098	407.699
12.5156	406.993
12.5214	403.948
12.5272	400.926
12.533	403.715
12.5388	401.158
12.5446	414.586
12.5504	420.373
12.5562	416.987
12.562	413.868
12.5678	415.065	322.658
12.5736	419.888	314.016
12.5794	420.373	318.399
12.5852	414.825	310.947
12.591	408.406	317.848
12.5968	410.297	316.383
12.6026	406.523	312.207
12.6084	405.117	312.027
12.6142	401.854	312.929
12.62	386.822	313.472
12.6258	386.599	318.215
12.6317	402.086	320.614
12.6375	405.819	323.404
12.6433	408.642	323.03
12.6491	406.758	320.059
12.6549	408.878	320.614
12.6607	410.061	320.244
12.6665	414.107	318.032	218.48
12.6723	420.859	323.965	229.078
12.6781	396.779	321.541	220.509
12.6839	389.513	308.621	222.814
12.6897	400.001	309.156	227.89
12.6955	400.001	315.106	232.947
12.7013	325.653	230.804
12.7071	328.108	231.472
12.7129	334.229	232.141
12.7187	329.818	239.773
12.7245	328.487	239.082
12.7303	333.65	240.189
12.7361	330.581	238.944
12.742	236.063
12.7478	236.199
12.7536	237.705
12.7594	234.839
12.7652	238.117
12.771	234.161
12.7768	235.382	470.764
12.7826	237.705	469.677
12.7884	238.255	471.853
12.7942	231.338	467.782
12.8	233.351	457.891
12.8058	231.472	462.409
12.8116	234.839	462.676
12.8174	235.382	464.283
12.8232	234.297	471.58
12.829	235.79	469.949
12.8348	232.41	472.671
12.8406	233.082	464.015
12.8464	233.082	475.959
12.8522	233.486	465.357
12.858	231.873	465.626
12.8639	224.752	469.135
12.8697	225.924	466.164
12.8755	225.924	466.972
12.8813	226.97	454.991
12.8871	225.924	450.024
12.8929	460.809
12.8987	457.362
12.9045	451.065
12.9103	457.362
12.9161	457.098
12.9219	462.944
12.9277	467.512
12.9335	481.489
12.9393	481.489
12.9451	502.226
12.9509	502.226
12.9567
12.9625
12.9683
12.9741
12.98
12.9858
12.9916
12.9974	203.144
13.0032	204.794
13.009	198.275
13.0148	195.998
13.0206	195.207
13.0264	195.885
13.0322	196.111
13.038	196.906
13.0438	197.818
13.0496	197.589
13.0554	195.998
13.0612	196.224	1349.33
13.067	197.589	1358.71
13.0728	195.998	1361.07
13.0786	193.411	1359.5
13.0844	193.635	1360.29
13.0902	194.644	1368.96
13.0961	194.981	1370.54
13.1019	197.019	1365.01
13.1077	200.463	1347.77
13.1135	197.818	1341.56
13.1193	199.424	1347.77
13.1251	202.675	1356.36
13.1309	201.392	1383.26
13.1367	201.974	1376.89
13.1425	202.675	1373.71	203.849
13.1483	202.208	1364.22	205.149
13.1541	199.078	1362.64	207.652
13.1599	204.439	1357.15	207.772
13.1657	200.695	1362.64	203.849
13.1715	203.849	1427.91	203.496
13.1773	204.912	1409.88	203.379
13.1831	203.496	1346.21	203.144
13.1889	203.261	203.027
13.1947	202.324	202.091
13.2005	202.208	201.275
13.2063	200.579	200.811
13.2122	200.116	200.927
13.218	200.695	201.741
13.2238	203.967	203.614
13.2296	202.675	202.558
13.2354	200.579
13.2412	200.695
13.247	202.208
13.2528	201.392
13.2586	200
13.2644	199.77
13.2702	198.619
13.276	197.818
13.2818	198.504
13.2876	197.019
13.2934	199.654
13.2992	198.275
13.305	198.963
13.3108	200
13.3166	200.232
13.3224	199.424
13.3283	198.963
13.3341	200.927
13.3399	205.03
13.3457	200.811
13.3515	199.654
13.3573	201.741
13.3631	203.967
13.3689	207.772
13.3747	210.673
13.3805	209.944	121.49
13.3863	207.532	122.76
13.3921	208.494	124.401
13.3979	206.934	123.614
13.4037	201.974	123.685
13.4095	198.734	124.473
13.4153	205.742	125.05
13.4211	209.459	125.557
13.4269	205.149	125.412
13.4327	199.539	125.05
13.4385	204.675	124.978
13.4444	201.857	123.257
13.4502	201.392	121.42
13.456	200.579	119.127
13.4618	201.857	127.089
13.4676	201.508	123.115
13.4734	200.232	120.095
13.4792	198.619	121.35
13.485	196.906	123.044	1561.65
13.4908	198.161	124.33	1564.36
13.4966	193.635	121.982	1561.65
13.5024	195.545	121.42	1567.98
13.5082	199.309	121.912	1574.33
13.514	206.337	122.123	1578.89
13.5198	210.429	121.771	1592.63
13.5256	200.579	119.679	1590.79
13.5314	199.078	113.682	1589.87
13.5372	198.849	116.541	1601.85
13.543	118.168	1601.85
13.5488	1609.27
13.5546	1613.93
13.5605	1604.63
13.5663	1597.23
13.5721	1605.56
13.5779	1584.37
13.5837	1576.15
13.5895	1564.36
13.5953	1545.5
13.6011	1564.36
13.6069	1649.74
13.6127	1633.62
13.6185	1644.99
13.6243	1695.15
13.6301	1742.8
13.6359	1712.86
13.6417	1614.86
13.6475	1588.95
13.6533
13.6591
13.6649
13.6707
13.6766
13.6824
13.6882
13.694
13.6998
13.7056
13.7114
13.7172
13.723	176.439
13.7288	176.643
13.7346	176.949
13.7404	177.256
13.7462	177.256
13.752	177.564
13.7578	177.769
13.7636	177.872
13.7694	180.459
13.7752	179.109
13.781	177.872
13.7868	176.439
13.7927	177.666
13.7985	176.643
13.8043	184.464
13.8101	186.176	408.878
13.8159	188.448	408.642
13.8217	193.299	407.699
13.8275	191.19	386.599
13.8333	194.531	390.865
13.8391	196.224	394.266
13.8449	195.771	394.039
13.8507	196.792	395.407
13.8565	197.703	396.321
13.8623	195.32	396.092
13.8681	198.734	395.864
13.8739	197.703	393.811
13.8797	194.195	391.769
13.8855	197.019	392.675
13.8913	197.133	393.584
13.8971	196.338	391.995
13.9029	195.885	387.046
13.9088	195.207	389.288
13.9146	195.885	393.129
13.9204	195.094	395.864
13.9262	193.188	395.635
13.932	195.771	394.722
13.9378	196.224	403.482
13.9436	198.734	407.228
13.9494	200.232	401.854
13.9552	198.046	400.001
13.961	198.734	398.617
13.9668	198.619	397.009
13.9726	198.161	394.95
13.9784	198.39	394.266
13.9842	197.589	391.995
13.99	198.046	390.865
13.9958	195.771	395.864
14.0016	196.678	394.039
14.0074	197.703	395.178
14.0132	197.818	395.864
14.019	197.133	394.039
14.0249	196.678	394.95
14.0307	197.475	396.55
14.0365	198.046	399.77
14.0423	198.849	400.695
14.0481	197.932	394.494
14.0539	192.631	392.222
14.0597	193.523	394.95
14.0655	195.771	392.222
14.0713	387.046
14.0771
14.0829
14.0887
14.0945
14.1003
14.1061
14.1119
14.1177
14.1235
14.1293
14.1351
14.141
14.1468
14.1526
14.1584
14.1642
14.17
14.1758
14.1816
14.1874
14.1932
14.199
14.2048
14.2106
14.2164
14.2222
14.228	538.895
14.2338	540.453
14.2396	568.307
14.2454	559.836
14.2512	564.055
14.2571	573.252
14.2629	571.599
14.2687	576.573
14.2745	563.079
14.2803	573.915
14.2861	572.59
14.2919	570.939
14.2977	577.573	621.535
14.3035	575.907	627.669
14.3093	578.241	632.4
14.3151	573.915	636.063
14.3209	558.866	626.582
14.3267	566.014	622.254	792.185
14.3325	550.854	615.818	789.444
14.3383	554.365	612.625	788.532	197.475
14.3441	536.41	591.415	788.988	197.932
14.3499	544.213	589.028	792.185	197.589
14.3557	603.842	798.156	198.39
14.3615	599.671	799.078	200
14.3673	594.841	797.695	199.193
14.3732	592.098	794.017	198.619
14.379	592.783	794.476	198.619
14.3848	591.415	796.774	198.504
14.3906	590.391	799.078	199.654
14.3964	590.391	794.935	199.193
14.4022	589.709	791.727	197.589
14.408	590.05	788.988	196.678
14.4138	589.709	787.622	196.565
14.4196	588.348	787.167	196.792
14.4254	585.974	787.167	196.111
14.4312	585.974	787.167	196.451
14.437	586.313	786.713	196.111
14.4428	585.974	786.713	195.885
14.4486	587.669	788.077	195.885
14.4544	589.028	787.622	195.998
14.4602	592.783	786.713	195.771
14.466	596.906	784.897	195.885
14.4718	593.811	783.538	196.111	1950.59
14.4776	595.184	782.182	196.906	1949.46
14.4834	595.528	783.086	197.818	1950.59
14.4893	597.941	782.182	198.734	1947.21
14.4951	598.632	778.126	196.678	1944.96
14.5009	581.255	776.779	195.658	1950.59
14.5067	564.707	773.644	195.32	1948.34
14.5125	570.28	776.33	1941.59
14.5183	561.779	779.926	1931.53
14.5241	562.104	783.086	1935.99
14.5299	565.36	789.9	1973.25
14.5357	580.583	800.464	1899.44
14.5415	582.599	795.394	1947.21
14.5473	583.947	781.73	1959.62
14.5531	584.622	779.926	1951.71
14.5589	585.298	787.622	1949.46
14.5647	585.298	774.091	1943.84
14.5705	578.575	770.522	1940.47
14.5763	771.413	1922.62
14.5821	771.413	1935.99
14.5879	775.434	1909.34
14.5937	773.644	1925.96
14.5995	775.882	1917.08
14.6054	779.475	1888.5
14.6112	790.357	1887.41
14.617	796.314	1904.94
14.6228	782.182	1958.49
14.6286	1935.99
14.6344	1877.62
14.6402	1835.8
14.646	1896.15
14.6518
14.6576
14.6634
14.6692
14.675
14.6808
14.6866
14.6924
14.6982
14.704
14.7098
14.7156
14.7215
14.7273
14.7331
14.7389
14.7447
14.7505
14.7563
14.7621
14.7679
14.7737
14.7795
14.7853
14.7911
14.7969
14.8027
14.8085
14.8143
14.8201
14.8259
14.8317
14.8376
14.8434
14.8492
14.855
14.8608
14.8666
14.8724
14.8782
14.884
14.8898
14.8956
14.9014
14.9072
14.913
14.9188
14.9246
14.9304
14.9362
14.942
14.9478
14.9537
14.9595
14.9653
14.9711
14.9769
14.9827
14.9885
14.9943
15.0001
15.0059
15.0117
15.0175
15.0233
15.0291
15.0349
15.0407
15.0465
15.0523
15.0581
15.0639
15.0697
15.0756
15.0814
15.0872
15.093
15.0988
15.1046
15.1104
15.1162
15.122	360.709
15.1278	362.589
15.1336	367.863
15.1394	363.848
15.1452	364.479
15.151	385.484
15.1568	386.599
15.1626	384.372
15.1684	385.039
15.1742	368.501
15.18	362.799
15.1859	364.058
15.1917	363.848
15.1975	356.772
15.2033	358.632
15.2091	371.708
15.2149	367.014
15.2207	366.803
15.2265	366.379
15.2323	367.651
15.2381	365.956
15.2439	366.379
15.2497	368.076
15.2555	368.501
15.2613	367.014
15.2671	358.011
15.2729	371.279
15.2787	367.227
15.2845	368.289
15.2903	371.923
15.2961	390.865
15.3019	397.009
15.3078	416.987
15.3136
15.3194
15.3252
15.331
15.3368
15.3426
15.3484	296.049
15.3542	276.064
15.36	273.683
15.3658	280.89
15.3716	284.153
15.3774	286.792
15.3832	293.834
15.389	296.22
15.3948	297.077
15.4006	298.625
15.4064	300.009
15.4122	299.489
15.418	301.224	235.246
15.4239	299.489	237.019
15.4297	296.391	235.926
15.4355	296.734	237.293
15.4413	293.665	237.293
15.4471	293.834	235.79
15.4529	290.795	233.082
15.4587	287.954	231.606
15.4645	288.953	231.338
15.4703	290.963	225.924
15.4761	291.973	232.141
15.4819	290.627	228.813
15.4877	288.12	225.924
15.4935	287.787	230.671
15.4993	285.8	222.942
15.5051	282.191	219.112
15.5109	280.241	224.234
15.5167	278.145	215.597
15.5225	278.145	219.239
15.5283	275.586
15.5341	291.973
15.54	290.627
15.5458	285.14
15.5516	280.727
15.5574	287.787
15.5632	292.142
15.569	295.025
15.5748	299.489
15.5806
15.5864
15.5922	400.695
15.598	410.297
15.6038	388.838
15.6096	394.95
15.6154	393.584
15.6212	387.717
15.627	390.414
15.6328	395.407	596.217
15.6386	397.697	594.497
15.6444	387.717	596.217
15.6502	395.178	594.497
15.6561	394.95	594.497	296.905
15.6619	397.927	595.528	298.108
15.6677	392.675	594.841	297.592
15.6735	394.95	594.497	297.592
15.6793	400.463	589.028	292.311
15.6851	390.188	586.313	286.957
15.6909	400.001	590.05	285.47
15.6967	404.415	572.921	278.466
15.7025	412.436	558.544	278.788
15.7083	431.692	558.866	278.627
15.7141	440.509	559.512	277.663
15.7199	445.885	557.899	277.663
15.7257	457.626	557.577	276.224
15.7315	457.626	541.078	271.165
15.7373	456.57	536.72	267.586
15.7431	453.941	531.476	265.278
15.7489	434.193	534.863	259.518
15.7547	533.937	254.031
15.7605	516.047	249.955
15.7663	529.943	247.37	198.734
15.7722	529.943	263.445	198.275
15.778	270.383	197.361
15.7838	266.045	199.424
15.7896	260.871	207.413
15.7954	268.67	211.282	211.282
15.8012	265.891	201.043	201.043
15.807	274.633	203.496	204.321
15.8128	262.534	203.967	215.597
15.8186	269.447	203.967	224.104
15.8244	269.447	205.742	227.89
15.8302	264.055	205.98	231.071
15.836	253.006	206.456	233.756
15.8418	204.557	236.336
15.8476	205.267	237.293
15.8534	204.794	237.705
15.8592	205.623	235.79
15.865	203.496	233.351
15.8708	198.734	230.272
15.8766	198.734	228.153
15.8824	201.159	226.839
15.8883	203.614	226.185
15.8941	208.976	224.493
15.8999	220.382	223.846
15.9057	222.171	222.942
15.9115	220	223.846
15.9173	224.752	224.882
15.9231	225.272	225.663
15.9289	226.708	227.495
15.9347	226.185	230.405
15.9405	227.89	232.813
15.9463	228.813	234.161
15.9521	225.012	235.79
15.9579	218.859	239.635
15.9637	216.221	242.419
15.9695	217.724	246.087
15.9753	220.382	245.661
15.9811	223.2	249.667
15.9869	213.861	254.178
15.9927	206.695	257.875
15.9985	268.05
16.0044	271.792
16.0102	275.427
16.016	275.586
16.0218	276.863
16.0276	277.984
16.0334	276.703
16.0392	274.791
16.045	271.322
16.0508	270.695
16.0566	270.071
16.0624	269.292
16.0682	267.277
16.074	266.045
16.0798	264.36
16.0856	264.513
16.0914	265.125
16.0972	265.738
16.103	270.227
16.1088	267.586
16.1146	266.66
16.1205	270.227
16.1263	272.578
16.1321	283.17
16.1379	265.278
16.1437	258.621
16.1495	256.834
16.1553	254.178	221.147
16.1611	254.178	217.976
16.1669	253.445	217.348
16.1727	216.345
16.1785	215.722
16.1843	206.337
16.1901	209.217
16.1959	207.532
16.2017	207.532
16.2075	208.494
16.2133	210.187
16.2191	208.012
16.2249	208.012
16.2307	205.98
16.2366	207.652
16.2424	205.149
16.2482	212.138
16.254	202.91
16.2598	200.116
16.2656	189.54
16.2714	201.159
16.2772	205.149
16.283
16.2888
16.2946
16.3004
16.3062
16.312
16.3178
16.3236
16.3294
16.3352
16.341
16.3468
16.3527
16.3585
16.3643	265.431
16.3701	264.818
16.3759	266.353
16.3817	264.971
16.3875	267.741
16.3933	267.432
16.3991	264.207
16.4049	263.293
16.4107	264.665
16.4165	268.981
16.4223	274.474
16.4281	275.905
16.4339	266.969
16.4397	270.539
16.4455	269.292
16.4513	269.603
16.4571	270.383
16.4629	270.852
16.4688	274.316
16.4746	273.841
16.4804	273.051
16.4862	281.539
16.492	280.403
16.4978	288.287
16.5036	277.663
16.5094	272.421
16.5152	267.895
16.521	267.741
16.5268	266.814
16.5326	267.277
16.5384	267.586
16.5442	266.66
16.55	266.045
16.5558	263.598
16.5616	261.323
16.5674	261.022
16.5732	258.322
16.579	253.738
16.5849	248.516
16.5907	251.985
16.5965	249.667
16.6023	254.324
16.6081	249.955
16.6139	254.618
16.6197	255.946
16.6255	268.981
16.6313	263.141
16.6371	266.506
16.6429	255.65
16.6487	261.173
16.6545	260.119
16.6603
16.6661
16.6719
16.6777
16.6835
16.6893
16.6951
16.701
16.7068
16.7126
16.7184
16.7242
16.73
16.7358
16.7416
16.7474
16.7532
16.759
16.7648
16.7706
16.7764
16.7822
16.788
16.7938
16.7996	838.806
16.8054	833.493
16.8112	833.975
16.8171	836.87
16.8229	800.464
16.8287	800.464
16.8345	813.516
16.8403	822.018
16.8461	836.387
16.8519	835.421
16.8577	838.321
16.8635	832.531
16.8693	835.904
16.8751	861.89
16.8809	851.498
16.8867	832.05
16.8925	836.87
16.8983	838.321
16.9041	839.29
16.9099	847.573
16.9157	863.385
16.9215	876.449
16.9273	842.204
16.9332	859.901
16.939	877.462
16.9448	825.825
16.9506	820.595
16.9564	845.128
16.9622	833.493
16.968
16.9738
16.9796
16.9854
16.9912
16.997
17.0028
17.0086
17.0144
17.0202	585.636
17.026	548.948
17.0318	542.33
17.0376	545.471	265.431
17.0434	541.704	264.818
17.0493	555.969	266.353
17.0551	547.049	264.36
17.0609	534.246	264.36
17.0667	549.265	263.902
17.0725	550.218	260.72
17.0783	555.006	263.902
17.0841	557.577	263.598
17.0899	556.933	262.686
17.0957	552.128	265.431
17.1015	551.491	265.584
17.1073	552.766	264.971
17.1131	547.365	266.506
17.1189	546.102	266.66
17.1247	548.315	270.539
17.1305	548.315	267.123
17.1363	528.414	269.292
17.1421	544.213	275.268
17.1479	556.933	268.205
17.1537	534.863	267.895
17.1595	538.273	266.814
17.1654	268.205
17.1712	263.445
17.177	263.75
17.1828	264.971
17.1886	270.071
17.1944	267.277
17.2002	268.67
17.206	270.383
17.2118	270.383
17.2176	265.125
17.2234	264.36
17.2292	265.584
17.235	265.738
17.2408	265.891
17.2466	263.75
17.2524	261.474
17.2582	257.577
17.264	260.871
17.2698	266.353
17.2756	272.263
17.2815	274.633
17.2873	276.703
17.2931	275.268
17.2989	275.268
17.3047	277.984
17.3105	273.367	686.854
17.3163	271.478	673.107
17.3221	266.814	673.886
17.3279	262.382	685.665
17.3337	271.165	690.434
17.3395	271.165	691.631
17.3453	273.525	691.631
17.3511	262.079	690.434
17.3569	265.278	692.431
17.3627	265.278	692.831	270.539
17.3685	275.427	682.898	271.165
17.3743	679.357	268.515
17.3801	679.357	267.586
17.3859	701.692	266.199
17.3917	686.457	265.584
17.3976	690.434	264.665
17.4034	687.648	264.971
17.4092	665.761	264.971
17.415	665.376	264.36
17.4208	690.833	264.36
17.4266	678.965	264.207
17.4324	676.616	264.665
17.4382	712.721	265.584
17.444	742.558	262.837
17.4498	263.902
17.4556	253.152
17.4614	253.445
17.4672	255.207
17.473	255.65
17.4788	258.024
17.4846	253.298
17.4904	251.258
17.4962	252.13
17.502	255.65
17.5078	255.355
17.5137	263.445
17.5195	269.915
17.5253
17.5311	270.227
17.5369	267.123
17.5427	266.814
17.5485	267.741
17.5543	271.165
17.5601	272.106
17.5659	274.316	755.974
17.5717	273.683	704.128
17.5775	280.08	741.701
17.5833	279.272	731.912
17.5891	278.145	731.912
17.5949	277.984	731.489
17.6007	277.343	726.437
17.6065	279.111	754.665
17.6123	279.433	749.02
17.6181	281.052	755.974
17.6239	279.272	765.642
17.6297	277.824	770.077
17.6356	275.905	780.376
17.6414	275.905	773.644
17.6472	276.703	805.566
17.653	274.791	815.398
17.6588	274.95	823.444
17.6646	274.633	816.34
17.6704	273.209	790.813
17.6762	271.008	796.314
17.682	271.322	771.413
17.6878	269.292	745.566
17.6936	271.635
17.6994	266.199
17.7052	266.506
17.711	267.741
17.7168	266.66
17.7226	265.431
17.7284	265.738
17.7342	267.741
17.74	268.515
17.7458	267.741	207.413
17.7517	265.584	209.58
17.7575	262.079	210.187
17.7633	260.269	209.217
17.7691	260.57	209.097
17.7749	262.989	209.823
17.7807	264.971	211.282
17.7865	269.136	208.373
17.7923	267.277	209.338
17.7981	265.125	209.338
17.8039	266.045	210.916	1626.09
17.8097	270.852	212.383	1657.39
17.8155	279.918	210.916	1657.39
17.8213	278.306	208.855	1654.52
17.8271	276.383	197.703	1635.51
17.8329	272.736	203.849	1617.66
17.8387	270.852	204.794	1721.79
17.8445	270.539	205.149	1728.77
17.8503	274.474	206.337	1715.83
17.8561	277.023	203.849	1703.98
17.8619	274.791	203.144	1702.01
17.8678	281.377	197.247	1704.97	485.96
17.8736	279.918	198.39	1703.98	485.679
17.8794	285.305	195.998	1724.78	485.96
17.8852	286.957	199.885	1712.86	490.472
17.891	284.318	199.77	1719.8	489.34
17.8968	201.508	1691.23	488.211
17.9026	204.912	1688.3	488.493
17.9084	193.635	1670.84	489.905
17.9142	193.97	1696.12	493.883
17.92	1631.74	496.744
17.9258	493.598
17.9316	485.118
17.9374	489.623
17.9432	489.623
17.949	492.743
17.9548	475.135
17.9606	470.492
17.9664	466.972
17.9722	455.254
17.9781	449.765
17.9839	453.678
17.9897	452.631
17.9955	453.155	1438.68
18.0013	466.703	1423.8
18.0071	467.242	1381.67
18.0129	477.336	1427.09
18.0187	463.747	1418.87
18.0245	473.218	1418.05
18.0303	473.218	1416.41
18.0361	473.218	1413.14
18.0419	473.218	1405.82
18.0477	473.218	1404.19	234.839
18.0535	496.171	1400.14	233.756
18.0593	1398.53	232.544
18.0651	1391.28	233.621
18.0709	1383.26	232.007
18.0767	1392.88	230.804
18.0825	1392.88	231.606
18.0883	1384.06	230.405
18.0941	1388.87	230.671
18.1	1388.87	232.678
18.1058	1376.09	235.79
18.1116	1393.69	232.813
18.1174	1370.54	228.813
18.1232	1356.36	226.185
18.129	1343.88	223.458
18.1348	1344.66	225.142
18.1406	1342.33	223.458
18.1464	1396.91	226.185
18.1522	1393.69	232.813
18.158	1369.75	231.606
18.1638	1364.22	228.681
18.1696	1365.01	230.139
18.1754	1356.36	226.446
18.1812	1365.01	228.153
18.187	1380.87	230.938
18.1928	1388.07	235.11
18.1986	1351.67	242.279
18.2044	1392.88	244.811	536.41
18.2102	1377.68	237.979	535.172
18.2161	1345.44	239.912	534.554
18.2219	1345.44	242.84	536.41
18.2277	239.912	532.09
18.2335	231.338	522.647
18.2393	526.586	586.99
18.2451	517.839	593.468
18.2509	519.937	589.369
18.2567	519.937	590.391
18.2625	522.647	585.974
18.2683	531.783	592.44
18.2741	538.895	584.284
18.2799	536.101	587.669
18.2857	526.891	579.244
18.2915	529.637	586.651
18.2973	519.337	581.927
18.3031	530.862	582.936
18.3089	522.647	574.247
18.3147	528.414	594.497
18.3205	529.637	604.54
18.3263	524.765	603.842
18.3322	509.237	623.333
18.338	527.5	630.212
18.3438	533.937	611.564
18.3496	536.41	621.535
18.3554	550.854	603.842
18.3612	597.941
18.367	601.058	195.658
18.3728	590.05	196.451
18.3786	582.936	204.557
18.3844	579.578	195.432
18.3902	577.573	195.998
18.396	571.269	196.678
18.4018	571.929	195.207
18.4076	567.651	194.981
18.4134	569.293	196.224
18.4192	572.59	197.133
18.425	571.929	198.963
18.4308	577.573	200.116
18.4366	573.252	199.539
18.4424	552.766	200.695
18.4483	546.417	201.624
18.4541	553.406	200.463
18.4599	201.159	588.008
18.4657	201.741	589.028
18.4715	205.623	595.184
18.4773	198.849	600.017	210.429
18.4831	205.623	601.752	200.116
18.4889	203.027	604.19	199.885
18.4947	200.579	603.842	200.927
18.5005	201.508	600.017	200.695
18.5063	197.703	593.468	213.367
18.5121	196.792	599.671	213.49	426.734
18.5179	198.046	611.564	210.187	426.487
18.5237	198.504	632.035	212.261	426.241
18.5295	195.207	637.166	212.875	423.786
18.5353	201.741	633.131	210.187	422.076
18.5411	208.614	626.582	210.308	422.076
18.5469	211.526	638.64	210.308	424.276
18.5527	205.505	635.329	209.097	417.228
18.5585	209.338	636.063	208.133	409.824
18.5644	203.144	605.238	204.321	413.39
18.5702	598.287	200.695	409.114
18.576	587.669	202.91	415.545
18.5818	585.974	205.742	414.346
18.5876	204.557	404.415
18.5934	196.451	404.415
18.5992	193.97	400.001
18.605	191.3	389.963
18.6108	195.094	392.222
18.6166	195.998	389.963
18.6224	197.133	397.238	357.391
18.6282	197.247	416.265	355.743
18.634	197.589	403.482	350.238
18.6398	195.545	393.811	347.217
18.6456	199.078	363.428
18.6514	203.732	366.591
18.6572	191.964	373.43
18.663	184.038	381.276
18.6688	387.717
18.6746	386.599	780.827
18.6805	385.707	775.434
18.6863	383.928	770.968
18.6921	376.462	763.434
18.6979	382.158	764.758
18.7037	388.389	770.968
18.7095	388.389	771.413
18.7153	390.865	779.475
18.7211	391.091	785.351
18.7269	394.95	792.185
18.7327	396.321	796.314
18.7385	399.078	794.935
18.7443	403.948	805.101
18.7501	406.523	821.543
18.7559	410.061	824.872
18.7617	407.699	814.927
18.7675	408.642	815.869
18.7733	411.96	823.444
18.7791	408.878	815.869
18.7849	409.587	822.968
18.7907	417.711	838.321	205.505
18.7966	411.722	801.389	205.149
18.8024	413.151	834.457	205.742
18.8082	412.436	810.233	206.218
18.814	412.913	819.647	206.576
18.8198	418.919	838.321	207.532
18.8256	416.506	838.806	210.429
18.8314	419.645	854.454	211.526
18.8372	425.503	855.936	207.652
18.843	417.952	838.806	209.701
18.8488	420.13	835.421	209.823
18.8546	424.031	851.498	209.338
18.8604	420.13	208.735
18.8662	417.952	206.934	828.693
18.872	419.161	215.224	833.975
18.8778	424.767	214.355	813.986
18.8836	411.009	209.217	816.812
18.8894	417.469	210.429	822.968
18.8952	419.161	210.429	796.314
18.901	421.102	204.675	794.476
18.9068	416.506	211.038	800.464
18.9127	421.345	207.413	796.774
18.9185	412.913	207.293	814.927
18.9243	419.645	205.623	819.174
18.9301	406.054	205.03	825.349
18.9359	414.107	819.647
18.9417	416.265	816.812
18.9475	413.151	806.032
18.9533	401.622	768.744	350.238
18.9591	394.95	782.634	363.009
18.9649	384.594	770.522	374.294
18.9707	397.927	789.9	375.376
18.9765	396.321	779.025	378.424
18.9823	404.883	815.869	367.651
18.9881	389.513	782.182	365.745
18.9939	385.484	791.27	364.479
18.9997	393.356	782.182	368.927
19.0055	380.396	758.599	372.353
19.0113	380.836	753.794	371.708
19.0171	393.356	731.489	364.058
19.0229	355.949
19.0288	360.918
19.0346	364.901
19.0404	370.422
19.0462	379.518
19.052	372.999
19.0578	373.214
19.0636	372.568
19.0694	380.836
19.0752	383.264
19.081	384.816
19.0868	393.811
19.0926	415.545
19.0984	411.009
19.1042	410.297
19.11	410.535	199.309
19.1158	405.117	200.579
19.1216	401.854	202.324
19.1274	397.927	203.261
19.1332	402.783	199.309
19.139	409.351	199.078
19.1449	413.629	198.963
19.1507	391.317	199.885
19.1565	376.027	200.811
19.1623	381.276	201.159
19.1681	201.857
19.1739	201.741
19.1797	200.347
19.1855	200
19.1913	201.275
19.1971	198.963
19.2029	202.792
19.2087	199.078
19.2145	203.027
19.2203	203.379
19.2261	201.857
19.2319	205.03
19.2377	197.589
19.2435	195.432
19.2493	197.475
19.2551	194.981
19.261	196.565
19.2668	197.247
19.2726	199.078
19.2784	195.432
19.2842	200
19.29	200.116
19.2958	201.392
19.3016	197.932
19.3074	195.32
19.3132	195.32
19.319	195.32
19.3248	197.703	602.1
19.3306	195.545	599.671
19.3364	194.644	596.561
19.3422	196.565	585.636
19.348	194.756	585.974
19.3538	195.432	581.255
19.3596	195.207	579.913
19.3654	199.539	570.28
19.3712	196.111	565.36
19.3771	195.432	565.36
19.3829	196.565	576.573
19.3887	583.61
19.3945	570.28
19.4003	577.24
19.4061	568.964
19.4119	571.269
19.4177	564.055
19.4235	565.36
19.4293	563.404
19.4351	570.609
19.4409	563.73
19.4467	574.91
19.4525	565.687	180.042
19.4583	561.779	181.19
19.4641	566.341	183.401
19.4699	563.73	184.784
19.4757	560.159	187.147
19.4815	556.29	190.638
19.4873	554.045	183.295
19.4932	543.27	186.069
19.499	532.705	185.211
19.5048	547.049	182.345
19.5106	545.786	181.399
19.5164	540.453	181.295
19.5222	533.321	182.029
19.528	525.068	182.556
19.5338	524.461	180.459
19.5396	525.978	180.355
19.5454	527.195	179.731
19.5512	517.54	179.938
19.557	522.949	179.005
19.5628	530.862	177.359	376.462
19.5686	531.169	179.523	388.389
19.5744	540.766	182.345	363.638
19.5802	543.898	185.639	375.81
19.586	537.03	188.666	377.551
19.5918	537.03	191.079	376.244
19.5976	534.246	189.979	380.836
19.6034	536.101	192.297	377.987
19.6093	535.482	190.528	378.643
19.6151	537.341	193.746	375.376
19.6209	546.417	191.411	375.593
19.6267	540.141	189.212	379.957
19.6325	539.518	183.719	387.717	209.338
19.6383	547.681	182.134	386.822	208.614
19.6441	543.27	182.345	395.407	209.58
19.6499	537.651	182.872	398.387	211.404
19.6557	528.414	185.318	403.482	207.652
19.6615	528.72	189.431	409.114	201.741
19.6673	537.03	187.255	400.463	203.732
19.6731	541.704	188.122	411.96	202.792
19.6789	184.677	403.016	203.967
19.6847	176.235	407.934	204.203
19.6905	175.829	406.758	203.614
19.6963	170.823	402.318	201.857
19.7021	173.91	403.249	202.675
19.7079	401.39	200.347
19.7137	400.695	200.347
19.7195	398.157	199.078
19.7254	398.157	198.39
19.7312	399.078	198.963
19.737	396.779	200
19.7428	399.308	200.232
19.7486	395.178	199.539
19.7544	393.129	198.275
19.7602	395.635	197.475
19.766	395.635	197.703
19.7718	404.415	197.703
19.7776	412.913	198.046
19.7834	400.001	200.579
19.7892	398.157	198.504
19.795	396.55	199.078
19.8008	402.086	199.424
19.8066	397.467	198.734
19.8124	394.266	197.589
19.8182	393.129	197.133
19.824	391.543	197.019
19.8298	392.222	196.451
19.8356	394.039	196.906
19.8415	396.321	196.338
19.8473	395.635	196.792
19.8531	397.697	204.085
19.8589	402.086	201.974
19.8647	404.182	201.857
19.8705	403.715	198.619
19.8763	401.158	196.792
19.8821	401.158	197.133
19.8879	404.415	197.019
19.8937	403.016	197.247
19.8995	402.551	197.133
19.9053	397.927	196.678
19.9111	401.622
19.9169
19.9227	393.356
19.9285	394.039
19.9343	393.584
19.9401	402.551
19.9459	404.182
19.9517	405.819
19.9576	382.379
19.9634	400.463
19.9692	406.054
19.975	398.387
19.9808	398.157
19.9866	396.779
19.9924	396.779
19.9982	407.228
20.004	395.635
20.0098	398.157
20.0156	399.77
20.0214	404.182
20.0272	409.587
20.033	396.55
20.0388	405.351
20.0446	395.407	360.918
20.0504	401.39	369.994
20.0562	387.941	370.208
20.062	383.264	367.014
20.0678	398.157	385.929
20.0737	400.695	362.38
20.0795	391.543	361.126
20.0853	375.81	359.877
20.0911	367.014	361.126
20.0969	357.804
20.1027	351.86
20.1085	350.238
20.1143	347.016
20.1201	354.513
20.1259	355.949
20.1317	354.103
20.1375	361.335
20.1433	365.111
20.1491	367.439
20.1549	364.479
20.1607	361.544
20.1665	365.533
20.1723	362.171
20.1781	362.171
20.1839	358.425
20.1898	358.011
20.1956	350.238
20.2014	335.971
20.2072	357.391
20.213	357.391
20.2188
20.2246
20.2304
20.2362
20.242
20.2478
20.2536
20.2594
20.2652
20.271
20.2768
20.2826
20.2884
20.2942
20.3
20.3058
20.3117
20.3175
20.3233
20.3291
20.3349
20.3407
20.3465
20.3523
20.3581
20.3639
20.3697
20.3755
20.3813
20.3871
20.3929
20.3987
20.4045
20.4103
20.4161
20.4219
20.4278	320.799
20.4336	338.503
20.4394	333.65
20.4452	338.895
20.451	337.917
20.4568	339.09
20.4626	339.286
20.4684	339.679
20.4742	346.016
20.48	345.018
20.4858	351.657
20.4916	352.471
20.4974	352.674
20.5032	360.293
20.509	356.566
20.5148	342.041
20.5206	348.221
20.5264	356.566
20.5322	357.391
20.538	359.461
20.5439	347.417
20.5497	343.229
20.5555	345.018
20.5613	339.482
20.5671	339.875
20.5729	345.217
20.5787	355.743
20.5845	356.566
20.5903	350.238
20.5961	355.333
20.6019	360.085
20.6077	353.286
20.6135	359.254
20.6193	361.544
20.6251	365.956
20.6309	347.819
20.6367	351.657
20.6425	348.02	265.738
20.6483	335.196	266.506
20.6542	266.353
20.66	264.36
20.6658	265.125
20.6716	267.123	530.862
20.6774	267.586	535.482
20.6832	267.741	534.554
20.689	269.136	537.651
20.6948	269.759	541.078
20.7006	273.525	547.049
20.7064	278.627	560.483
20.7122	281.214	564.055
20.718	282.354	566.995
20.7238	282.843	568.964
20.7296	284.646	566.995
20.7354	288.287	577.907
20.7412	293.495	587.33
20.747	296.22	592.783
20.7528	298.281	593.125
20.7586	297.249	592.783
20.7644	296.734	592.098
20.7702	295.025	593.468
20.7761	296.049	590.391
20.7819	293.834	587.33
20.7877	295.707	590.391
20.7935	294.684	589.709
20.7993	294.684	590.391
20.8051	295.366	593.468
20.8109	291.636	583.947
20.8167	290.292	581.927
20.8225	289.622	579.913
20.8283	289.789	581.59
20.8341	296.22	589.028
20.8399	294.855	587.33
20.8457	293.156	587.33
20.8515	294.004	596.217
20.8573	294.684	588.348
20.8631	294.174	588.008
20.8689	295.025	590.732
20.8747	292.818	590.732
20.8805	296.049	596.561
20.8863	292.311	574.578
20.8922
20.898
20.9038
20.9096
20.9154
20.9212
20.927
20.9328
20.9386
20.9444
20.9502
20.956
20.9618	269.292
20.9676	267.432
20.9734	267.432
20.9792	265.891
20.985	265.125
20.9908	266.506
20.9966	265.278
21.0024	265.584
21.0083	267.277
21.0141	264.207
21.0199	263.293
21.0257	263.902
21.0315	264.055
21.0373	264.055
21.0431	263.902
21.0489	262.989
21.0547	263.141
21.0605	258.471	567.323
21.0663	246.799	578.909
21.0721	242.139	584.96
21.0779	240.606	605.238
21.0837	234.161	601.405
21.0895	234.161	604.54
21.0953	246.514	604.19	203.144
21.1011	258.77	604.54	201.275
21.1069	264.818	604.19	200.811
21.1127	269.292	602.448	207.293
21.1185	273.367	600.711	212.261
21.1244	604.54	216.971
21.1302	609.448	218.228
21.136	611.211	224.363
21.1418	610.505	229.74
21.1476	606.638	233.621
21.1534	605.588	236.063
21.1592	587.669	236.745
21.165	574.578	237.156
21.1708	586.99	234.839
21.1766	576.906	233.082
21.1824	576.24	229.74
21.1882	576.573	227.627
21.194	580.248	225.012
21.1998	575.907	222.299
21.2056	565.36	219.366
21.2114	559.836	216.846
21.2172	572.26	216.345
21.223	216.846
21.2288	216.596	199.309
21.2346	219.239	201.043
21.2405	220.636	201.741
21.2463	224.882	188.775
21.2521	230.405	200.579
21.2579	227.758	202.558
21.2637	235.382	216.596
21.2695	236.063	213.614
21.2753	240.745	214.851
21.2811	242.98	213.367
21.2869	241.999	208.494
21.2927	237.43	203.732
21.2985	235.926	205.386
21.3043	236.199	206.456
21.3101	236.336	206.814
21.3159	236.745	203.614
21.3217	233.486	205.149
21.3275	225.924	205.03
21.3333	226.839	204.675
21.3391	230.006	205.03
21.3449	230.405	207.053
21.3507	227.627	209.097
21.3566	234.432	205.623
21.3624	241.302	208.976
21.3682	238.392	205.505
21.374	243.12	197.475
21.3798	241.58	195.658
21.3856	194.981
21.3914	194.756
21.3972	192.853
21.403	196.224
21.4088	202.208
21.4146	205.861
21.4204	204.439
21.4262	205.623
21.432	203.261	1581.63
21.4378	209.58	1585.29
21.4436	202.091	1577.06
21.4494	209.217	1575.24
21.4552	209.823	1581.63
21.461	208.855	1588.95
21.4668	214.355	1589.87
21.4727	211.893	1587.12
21.4785	216.971	1581.63
21.4843	1576.15
21.4901	1573.43
21.4959	1568.89
21.5017	1567.08
21.5075	1566.17
21.5133	1546.4
21.5191	1532.17
21.5249	1504.98
21.5307	1504.98
21.5365	1504.98
21.5423	1563.46
21.5481	1600.93
21.5539	1528.63
21.5597	1524.22
21.5655	1511.95
21.5713	1511.95
21.5771	1522.46
21.5829	1529.52
21.5888	1529.52
21.5946	1535.71
21.6004	1538.38
21.6062	1539.27
21.612	1593.55
21.6178	1553.56
21.6236	1487.69
21.6294	1415.6
21.6352	1333.83
21.641	1322.32	378.861
21.6468	1323.09	370.636
21.6526	1350.89	368.927	1502.37
21.6584	1330.75	365.745	1533.94
21.6642	1344.66	364.058	1548.18
21.67	1354.8	364.058	1552.66
21.6758	1333.83	364.269	1578.89
21.6816	1329.22	369.994	1508.46
21.6874	1333.06	366.591	1534.83
21.6932	1344.66	373.214	1533.05
21.699	1337.69	376.244	1504.98
21.7049	1339.23	379.518	1543.72
21.7107	1339.23	372.138	1574.33
21.7165	1349.33	367.014	1589.87
21.7223	1349.33	368.289	1593.55
21.7281	1349.33	384.372	1607.41
21.7339	377.769	1540.15
21.7397	375.81	1528.63
21.7455	369.781	1542.83
21.7513	366.379	1608.34
21.7571	363.848	1609.27
21.7629	365.956	1606.49
21.7687	378.643	1612.06
21.7745	388.614	1577.98
21.7803	388.838	1568.89
21.7861	389.288	1568.89
21.7919	389.063	1588.03
21.7977	386.822	1576.15
21.8035	374.51	1576.15	196.224
21.8093	377.551	1570.7	192.519
21.8151	373.861	1565.27	196.338
21.821	365.322	1585.29	199.309
21.8268	372.353	199.885
21.8326	378.205	201.508
21.8384	389.288	201.392
21.8442	381.717	203.732
21.85	380.177	202.91
21.8558	380.396	203.027
21.8616	379.299	200.116
21.8674	388.165	199.654
21.8732	398.847	203.144
21.879	402.551	198.963
21.8848	405.819	197.703
21.8906	398.617	197.818
21.8964	408.17	197.703
21.9022	196.565
21.908	195.771
21.9138	193.746
21.9196	197.133
21.9254	196.678
21.9312	195.885
21.9371	195.432
21.9429	195.998
21.9487	201.275
21.9545	199.77
21.9603	197.932
21.9661	196.111
21.9719	194.531
21.9777	196.224
21.9835	195.207
21.9893
21.9951
22.0009
22.0067
22.0125
22.0183
22.0241
22.0299
22.0357
22.0415
22.0473
22.0532
22.059
22.0648
22.0706
22.0764
22.0822
22.088
22.0938
22.0996
22.1054
22.1112
22.117
22.1228
22.1286
22.1344
22.1402
22.146
22.1518
22.1576
22.1634
22.1693
22.1751
22.1809
22.1867
22.1925
22.1983
22.2041
22.2099
22.2157
22.2215
22.2273
22.2331	597.941
22.2389	613.687
22.2447	611.917
22.2505	608.393
22.2563	608.744
22.2621	606.288
22.2679	604.54
22.2737	603.493
22.2795	603.842
22.2854	604.19	193.523
22.2912	602.796	199.654
22.297	602.1	200.579
22.3028	602.448	200.116
22.3086	602.796	200
22.3144	604.54	200.347
22.3202	605.588	200.927
22.326	603.493	199.885
22.3318	603.493	201.043
22.3376	603.144	201.508
22.3434	594.841	201.974
22.3492	586.651	201.974
22.355	584.622	201.392
22.3608	597.596	200.116
22.3666	600.017	199.078
22.3724	597.251	199.654
22.3782	598.287	191.411
22.384	601.058	194.869
22.3898	600.711	199.078
22.3956	596.561	199.193
22.4015	599.671	196.224
22.4073	597.251	196.906
22.4131	589.369	196.565
22.4189	592.783	197.133
22.4247	590.732	195.32
22.4305	593.811	194.531
22.4363	593.811	194.307
22.4421	593.811	196.678
22.4479	595.528	196.451
22.4537	588.688	198.619
22.4595	594.154	198.963
22.4653	601.752	199.654
22.4711	595.528	201.159
22.4769	606.989	198.504
22.4827	609.448	199.885
22.4885	607.34	198.619
22.4943	197.475
22.5001	197.818
22.5059	197.932
22.5117	198.39
22.5176	199.77
22.5234	193.411
22.5292	192.186
22.535	192.408
22.5408	194.419
22.5466	194.419
22.5524
22.5582
22.564
22.5698
22.5756
22.5814
22.5872
22.593
22.5988
22.6046
22.6104
22.6162
22.622
22.6278
22.6336
22.6395
22.6453
22.6511
22.6569
22.6627
22.6685
22.6743
22.6801
22.6859
22.6917
22.6975
22.7033
22.7091
22.7149
22.7207
22.7265
22.7323
22.7381
22.7439
22.7498
22.7556
22.7614
22.7672
22.773
22.7788
22.7846	205.861
22.7904	208.012
22.7962	207.053
22.802	202.558
22.8078	202.675
22.8136	200.811
22.8194	201.508
22.8252	198.963
22.831	198.734
22.8368	199.654
22.8426	200.232
22.8484	200.811
22.8542	201.741
22.86	201.624
22.8659	201.159
22.8717	200
22.8775	200.695
22.8833	199.885
22.8891	201.043
22.8949	201.043
22.9007	199.77
22.9065	198.504
22.9123	188.775
22.9181	184.251
22.9239	185.961
22.9297	183.084
22.9355	190.748
22.9413	197.818
22.9471	197.133
22.9529	196.451
22.9587	197.247
22.9645	203.732
22.9703
22.9761
22.9819
22.9878
22.9936
22.9994
23.0052
23.011
23.0168
23.0226
23.0284
23.0342
23.04
23.0458
23.0516
23.0574
23.0632
23.069
23.0748
23.0806
23.0864
23.0922
23.098
23.1039
23.1097
23.1155
23.1213
23.1271
23.1329
23.1387
23.1445
23.1503
23.1561
23.1619
23.1677
23.1735
23.1793
23.1851
23.1909
23.1967
23.2025
23.2083
23.2141
23.22
23.2258
23.2316
23.2374	241.86
23.2432	258.173
23.249	265.431
23.2548	265.738
23.2606	270.852
23.2664	263.598
23.2722	262.231
23.278	264.207
23.2838	265.278
23.2896	266.506
23.2954	265.431
23.3012	267.432
23.307	272.106
23.3128	274.157
23.3186	276.543
23.3244	284.153
23.3302	288.62
23.3361	295.195
23.3419	298.625
23.3477	301.921
23.3535	304.021
23.3593	306.489
23.3651	307.021
23.3709	306.489
23.3767	304.372
23.3825	302.444
23.3883	300.702
23.3941	298.281
23.3999	297.42
23.4057	295.025
23.4115	295.195
23.4173	290.292
23.4231	288.453
23.4289	284.975
23.4347	284.811
23.4405	281.052
23.4463	279.433
23.4522	281.539
23.458	282.843
23.4638	287.787
23.4696	293.156
23.4754	295.025
23.4812	295.366
23.487	297.42
23.4928	290.627
23.4986	294.684
23.5044	302.27
23.5102	298.453
23.516	292.818
23.5218	296.563
23.5276	306.666
23.5334	315.835
23.5392	317.298
23.545	316.2
23.5508	324.714
23.5566	319.32
23.5624	324.714
23.5683	327.729
23.5741	334.422
23.5799	313.653
23.5857	318.399
23.5915	325.089	424.767
23.5973	331.92	425.749
23.6031	327.162	429.95
23.6089	429.454
23.6147	433.692
23.6205	433.942
23.6263	427.227
23.6321	425.012
23.6379	419.645
23.6437	415.545
23.6495	424.276
23.6553	407.228
23.6611	397.009
23.6669	396.55
23.6727	386.822
23.6785	381.276
23.6844	384.594
23.6902
23.696
23.7018
23.7076	196.111
23.7134	197.247
23.7192	198.161
23.725	199.193
23.7308	201.974
23.7366	203.732
23.7424	202.675
23.7482	204.321
23.754	205.267
23.7598	204.439
23.7656	205.386
23.7714	208.253
23.7772	214.479
23.783	211.038
23.7888	212.875
23.7946	206.099	228.153
23.8005	205.149	229.21
23.8063	205.98	231.873
23.8121	204.794	234.568
23.8179	204.321	235.246
23.8237	204.203	235.926
23.8295	204.439	235.518
23.8353	203.379	237.567
23.8411	198.161	238.806
23.8469	196.111	237.705
23.8527	195.207	239.773
23.8585	194.083	245.378
23.8643	194.869	247.084
23.8701	197.247	249.811
23.8759	193.97	257.726
23.8817	194.531	262.231
23.8875	194.531	267.586
23.8933	196.451	272.421
23.8991	195.32	275.109
23.9049	195.207	275.268
23.9107	196.565	274.157
23.9166	199.424	274.474
23.9224	198.046	275.427
23.9282	201.043	273.209
23.934	201.974	271.635
23.9398	199.77	271.635
23.9456	200.347	269.136
23.9514	203.614	268.981
23.9572	202.091	266.814
23.963	200.232	267.432
23.9688	205.267	262.079
23.9746	210.551	264.055
23.9804	212.383	265.278
23.9862	214.231	264.36
23.992	211.526	264.207
23.9978	215.472	264.818
24.0036	214.355	264.971
24.0094	211.648	267.123
24.0152	216.596	270.539
24.021	215.348	266.199
24.0268	212.138	264.665
24.0327	207.293	260.57
24.0385	205.149	261.474
24.0443	212.629	261.928
24.0501	210.673	259.969	369.141
24.0559	258.322	379.518
24.0617	260.119	383.042
24.0675	264.055	378.205
24.0733	272.106	384.594
24.0791	278.788	412.198
24.0849	283.007	399.308
24.0907	286.295	396.55
24.0965	295.366	393.584
24.1023	284.153	389.963
24.1081	287.289	393.129
24.1139	277.023	398.617
24.1197	269.292	391.317
24.1255	393.811
24.1313	396.321
24.1371	391.317
24.1429	390.414
24.1488	397.009
24.1546	415.305
24.1604	414.107
24.1662	401.39
24.172	409.351
24.1778	411.96
24.1836	398.617
24.1894	402.551
24.1952	406.054
24.201	404.415
24.2068	404.415
24.2126	406.054
24.2184	403.016
24.2242	412.674
24.23	409.587
24.2358	419.161
24.2416	418.919
24.2474	413.868
24.2532	408.406
24.259	415.305
24.2649	424.767
24.2707	429.206
24.2765	422.808
24.2823	432.691
24.2881	442.805
24.2939	451.848
24.2997	445.885
24.3055	440.254
24.3113	449.765
24.3171	436.708
24.3229	447.95
24.3287	448.467
24.3345	448.986	1548.18
24.3403	454.728	1551.76
24.3461	441.783	1550.87
24.3519	448.727	1556.25
24.3577	443.316	1654.52
24.3635	441.783	1640.24
24.3693	446.142	1632.68
24.3751	458.155	1636.46
24.381	472.398	1643.09
24.3868	479.546	1621.4
24.3926	451.587	1665.06
24.3984	468.052	1644.99
24.4042	465.626	1659.3
24.41	468.594	1670.84
24.4158	465.626	1670.84
24.4216	460.277	1646.89
24.4274	447.95	1656.43
24.4332	457.626	1670.84	393.356	591.073
24.439	456.307	1703.98	412.674	580.919
24.4448	457.891	1700.05	395.178	602.448
24.4506	458.155	1748.85	394.722	592.098
24.4564	467.512	1728.77	397.009	589.028
24.4622	473.218	1653.56	397.697	590.05
24.468	457.098	1615.79	394.039	591.073	198.046
24.4738	461.609	393.129	589.709	197.818
24.4796	392.222	589.709	195.32
24.4854	392.449	590.391	195.32
24.4912	396.779	587.33	193.635
24.4971	393.356	585.974	194.307
24.5029	394.266	584.284	195.771
24.5087	394.039	590.732	199.654
24.5145	391.995	590.05	200.232
24.5203	393.811	591.415	199.424
24.5261	393.811	588.008	197.361
24.5319	391.995	589.028	199.654
24.5377	394.722	592.44	197.475
24.5435	397.238	594.841	200.695
24.5493	399.539	600.017	199.078
24.5551	397.467	597.596	199.309
24.5609	399.308	589.028	195.885
24.5667	399.77	589.369	197.361
24.5725	398.847	589.709	198.046
24.5783	394.95	591.073	195.771
24.5841	389.513	593.125	193.858
24.5899	390.865	588.688	195.207
24.5957	390.414	587.33	195.658
24.6015	390.188	589.369	195.32
24.6073	395.407	589.369	196.678
24.6132	393.129	589.709	196.111
24.619	401.158	591.756	194.756
24.6248	394.266	596.561	196.338
24.6306	393.129	591.415	195.658
24.6364	397.467	593.811	197.361
24.6422	394.95	600.364	197.361
24.648	590.732	197.019
24.6538	197.019
24.6596	194.195
24.6654
24.6712
24.677
24.6828
24.6886
24.6944
24.7002
24.706
24.7118
24.7176
24.7234
24.7293
24.7351
24.7409
24.7467
24.7525
24.7583
24.7641
24.7699
24.7757
24.7815
24.7873	540.453
24.7931	541.078
24.7989	544.213
24.8047	547.998
24.8105	544.842
24.8163	541.704
24.8221	546.733
24.8279	547.681
24.8337	546.102
24.8395	544.527
24.8454	525.068
24.8512	530.555
24.857	519.637
24.8628	524.765
24.8686	522.647
24.8744	541.391
24.8802	523.856
24.886	535.791
24.8918	534.863
24.8976	542.016
24.9034	535.791
24.9092	522.647
24.915	527.195
24.9208	529.331	622.973
24.9266	531.476	621.177
24.9324	527.805	620.818
24.9382	529.025	622.973
24.944	524.765	628.394
24.9498	533.629	637.903
24.9556	530.555	635.696
24.9615	530.555	624.414
24.9673	534.554	606.989
24.9731	532.397	600.364
24.9789	532.705	594.154	798.156
24.9847	534.863	594.154	794.935
24.9905	531.783	600.364	792.185
24.9963	535.482	593.468	791.727
25.0021	516.346	594.841	792.185
25.0079	543.27	591.756	791.27
25.0137	526.891	589.709	788.988
25.0195	529.943	587.669	788.988
25.0253	589.028	794.935
25.0311	591.073	794.017
25.0369	587.669	799.54
25.0427	591.073	812.576
25.0485	590.732	816.812	659.636
25.0543	589.709	807.896	655.458
25.0601	590.05	794.017	658.114
25.0659	587.33	789.444	658.874
25.0717	584.284	792.642	659.636
25.0776	584.622	788.988	662.691
25.0834	581.927	789.444	658.494
25.0892	585.636	791.27	663.074
25.095	576.573	789.444	669.231
25.1008	580.583	781.73	666.53
25.1066	589.709	775.434	662.309
25.1124	589.028	764.758	660.78
25.1182	586.651	781.73	656.216
25.124	787.167	666.145
25.1298	780.827	669.231
25.1356	778.575	665.376
25.1414	770.522	673.886
25.1472	764.317	664.992
25.153	767.857	650.555
25.1588	777.677	646.434
25.1646	783.086	671.166
25.1704	783.538	668.072
25.1762	772.305	662.691
25.182	777.228	659.636
25.1878	759.475	660.78
25.1937	779.025	652.813
25.1995	769.188	634.962
25.2053	777.228	641.969
25.2111	791.27	636.063
25.2169	795.394	641.228
25.2227	811.17	661.162
25.2285	688.045
25.2343	686.854
25.2401	685.269
25.2459	685.269
25.2517	673.886
25.2575	674.664
25.2633	679.75
25.2691	672.33
25.2749	647.555
25.2807
25.2865
25.2923
25.2981
25.3039
25.3097
25.3156
25.3214
25.3272
25.333
25.3388
25.3446
25.3504
25.3562
25.362
25.3678
25.3736
25.3794
25.3852
25.391
25.3968
25.4026
25.4084
25.4142
25.42
25.4258
25.4317
25.4375	633.497
25.4433	630.94
25.4491	632.4
25.4549	632.4
25.4607	630.576
25.4665	630.576
25.4723	627.669
25.4781	630.576
25.4839	636.063
25.4897	614.752
25.4955	603.842
25.5013	605.588
25.5071	601.752	768.3
25.5129	601.058	781.279
25.5187	601.405	792.185
25.5245	602.448	791.27
25.5303	594.154	786.258
25.5361	596.217	772.751
25.542	591.415	756.411
25.5478	597.251	747.291
25.5536	605.588	752.924
25.5594	606.638	754.665	1403.38
25.5652	609.448	759.037	1405.01
25.571	607.691	783.538	1479.12
25.5768	581.927	763.875	1451.2
25.5826	597.251	760.353	1421.33
25.5884	597.941	768.3	1472.3
25.5942	590.05	769.188	1452.87
25.6	616.886	731.912	1458.76
25.6058	623.693	744.276	1478.27
25.6116	633.497	735.727	1507.59
25.6174	724.76	1498.04
25.6232	732.335	1450.36
25.629	721.419	1437.85
25.6348	734.453	1462.13
25.6406	762.993	1492.86
25.6464	761.672	1488.55
25.6522	762.553	1515.45
25.658	771.859	1540.15
25.6639	774.091	1549.08
25.6697	775.434	1557.15
25.6755	769.633	1562.56
25.6813	769.188	1551.76
25.6871	750.752	1562.56
25.6929	766.97	1529.52
25.6987	762.112	1523.34
25.7045	765.642	1517.2
25.7103	774.538	1549.08
25.7161	781.73	1556.25	324.902
25.7219	780.827	1565.27	321.727
25.7277	784.444	1575.24	320.614
25.7335	778.575	1577.06	320.799
25.7393	781.279	1567.98	319.136
25.7451	797.234	1583.45	323.404
25.7509	783.538	1597.23	332.304
25.7567	819.174	1635.51	332.496
25.7625	780.827	1659.3	332.304
25.7683	809.297	1656.43	336.554
25.7741	827.258	1694.17	337.722
25.78	813.986	1628.91	331.154
25.7858	801.852	1612.99	325.465
25.7916	1606.49	325.465
25.7974	1662.18	333.65
25.8032	1648.79	336.554
25.809	1586.2	319.505
25.8148	319.689
25.8206	319.689
25.8264	316.383
25.8322	316.931
25.838	320.059
25.8438	325.653
25.8496	319.689
25.8554	310.409
25.8612	306.135
25.867	308.621
25.8728	314.016
25.8786	305.605
25.8844	318.951
25.8902	311.487
25.8961	308.087
25.9019	314.924
25.9077	315.288
25.9135	305.959
25.9193	291.468
25.9251
25.9309
25.9367
25.9425
25.9483
25.9541
25.9599
25.9657
25.9715	280.08
25.9773	285.47
25.9831	286.626
25.9889	292.311
25.9947	294.684
26.0005	296.22
26.0063	297.077
26.0122	295.878
26.018	296.22
26.0238	295.366	231.739
26.0296	293.495	230.671
26.0354	292.48	231.071
26.0412	292.311	232.141
26.047	292.987	233.217
26.0528	294.855	232.41
26.0586	294.514	233.486
26.0644	294.514	233.082
26.0702	292.987	231.338
26.076	293.156	231.873
26.0818	292.987	230.272
26.0876	295.878	229.342
26.0934	292.48	228.813
26.0992	293.326	226.577
26.105	290.627	228.945
26.1108	291.131	226.316
26.1166	288.953	230.405
26.1224	286.626	224.234
26.1283	297.936	228.417
26.1341	307.553	227.89
26.1399	312.027	228.285
26.1457	307.909	229.078
26.1515	309.693	234.568
26.1573	300.009	230.272
26.1631	303.494	230.139
26.1689	296.734	232.141
26.1747	234.568
26.1805	237.842
26.1863	239.22
26.1921	243.823
26.1979	241.302
26.2037	253.006
26.2095
26.2153
26.2211
26.2269
26.2327
26.2385
26.2444	565.034
26.2502	568.964
26.256	565.36
26.2618	585.636
26.2676	570.609
26.2734	571.929
26.2792	552.766
26.285	539.829
26.2908	541.078
26.2966	540.141
26.3024	539.206	270.852
26.3082	539.829	270.383
26.314	538.584	262.837
26.3198	532.705	260.57
26.3256	549.9	256.834
26.3314	544.842	254.324
26.3372	552.447	254.471
26.343	551.809	249.09
26.3488	562.429	243.823
26.3546	563.404	246.942
26.3605	560.483	244.811
26.3663	569.951	245.945
26.3721	573.252	251.113
26.3779	576.906	244.387	426.734
26.3837	586.651	244.387	421.589
26.3895	584.96	251.549	419.161
26.3953	610.505	250.823	418.193
26.4011	615.818	249.523	418.193
26.4069	623.333	247.084	427.721
26.4127	652.06	246.657	435.449
26.4185	658.114	245.378	440.763	218.228
26.4243	660.78	249.378	445.37	225.533
26.4301	684.873	253.298	449.245	227.89
26.4359	704.128	246.657	466.433	233.486
26.4417	700.881	256.241	469.949	234.161
26.4475	261.323	469.406	236.336
26.4533	277.984	468.594	236.199
26.4591	273.841	469.677	232.41
26.4649	271.165	457.626	228.945
26.4707	450.805	226.97
26.4766	443.573	221.914
26.4824	444.085	219.492
26.4882	441.783	217.85
26.494	439.492	218.102
26.4998	437.213	219.112
26.5056	441.018	220.764
26.5114	444.342	223.458
26.5172	451.587	226.316
26.523	455.254	228.681
26.5288	456.57	229.74
26.5346	458.95	231.205	196.111
26.5404	465.357	233.082	199.424
26.5462	466.433	233.217	198.849
26.552	466.164	233.217	201.741
26.5578	467.782	233.756	202.091
26.5636	468.594	234.839	200.579
26.5694	465.895	232.41	203.849
26.5752	469.135	230.938	202.792
26.581	463.479	230.804	205.267
26.5868	462.409	230.938	205.267
26.5927	233.486	205.267
26.5985	232.41	203.614
26.6043	235.654	202.441
26.6101	240.467	206.456
26.6159	243.823	205.03
26.6217	246.087	202.675
26.6275	244.811	201.857
26.6333	241.441	197.019
26.6391	236.336	196.338
26.6449	232.544	201.974
26.6507	232.813	203.261
26.6565	232.41	200.695
26.6623	237.705	201.043
26.6681	250.244	199.654
26.6739	257.131	193.411
26.6797	253.738	196.565	837.354
26.6855	202.675	836.387
26.6913	199.654	794.017	1662.18
26.6971	198.734	793.559	1661.22
26.7029	200	789.9	1656.43
26.7088	198.504	793.1	1620.47
26.7146	201.508	799.078	1593.55
26.7204	200.579	801.389	1578.89
26.7262	202.441	805.566	1594.47
26.732	202.675	803.243	1610.2
26.7378	196.678	787.622	1600.93
26.7436	198.046	789.444	1612.99
26.7494	202.558	770.968	1578.89
26.7552	199.424	758.161	1525.99
26.761	204.085	795.854	1511.95
26.7668	201.043	799.078	1564.36	142.982
26.7726	200	783.086	1578.89	142.405
26.7784	203.496	752.924	1581.63	141.34
26.7842	201.974	778.575	1558.05	146.324
26.79	201.392	1562.56	147.512
26.7958	208.133	1580.71	149.745
26.8016	208.253	1563.46	149.399
26.8074	203.849	1607.41	150.091
26.8132	203.379	1612.99	154.043
26.819	205.623	1664.1	151.397
26.8249	209.097	1703	152.626
26.8307	207.413	155.563
26.8365	211.404	151.135
26.8423	209.217	152.803
26.8481	209.58	152.979
26.8539	201.508	153.156
26.8597	206.218	145.987
26.8655	202.792	150.525
26.8713	204.085	150.525
26.8771	214.727	153.51
26.8829	207.772	155.025
26.8887	205.623	148.882
26.8945	204.794	149.054
26.9003	204.203	150.873
26.9061	207.173	150.525
26.9119	208.735	145.902
26.9177	207.532
26.9235	214.108
26.9293	215.348
26.9351	221.019
26.941
26.9468
26.9526
26.9584	530.862
26.9642	532.397
26.97	533.321
26.9758	533.321
26.9816	531.476
26.9874	529.025
26.9932	523.856
26.999	526.891
27.0048	524.159
27.0106	522.949
27.0164	525.371
27.0222	525.675
27.028	520.237
27.0338	520.538
27.0396	517.839
27.0454	523.553
27.0512	514.856
27.0571	502.807
27.0629	503.679
27.0687	505.719
27.0745	513.965
27.0803	514.262
27.0861	513.075
27.0919	530.555	837.837
27.0977	536.41	834.939
27.1035	542.957	785.804
27.1093	552.447	809.765	270.539
27.1151	554.045	807.896	269.915
27.1209	549.265	804.636	269.292
27.1267	546.733	805.101	267.432
27.1325	546.417	794.935	264.665
27.1383	550.536	788.077	260.419
27.1441	542.33	781.279	258.621
27.1499	555.327	771.413	262.382
27.1557	562.754	781.73	264.055
27.1615	558.866	795.394	265.125
27.1673	562.754	790.813	265.431
27.1732	552.128	792.642	266.045
27.179	803.243	266.045
27.1848	810.233	265.584
27.1906	794.935	266.969
27.1964	808.83	263.75
27.2022	797.695	273.051
27.208	822.968	275.109
27.2138	861.392	288.453
27.2196	813.986	287.123
27.2254	817.756	292.48
27.2312	284.482
27.237	286.957
27.2428	272.263
27.2486	264.971
27.2544	274.791
27.2602	274.791
27.266	278.788
27.2718	293.665	294.344
27.2776	293.326
27.2834	289.287
27.2893	285.14
27.2951	286.461
27.3009	284.646
27.3067	284.318
27.3125	283.007
27.3183	287.289
27.3241	295.366
27.3299	297.42
27.3357	298.281
27.3415	301.224
27.3473	301.572
27.3531	307.731
27.3589	311.487
27.3647	314.742
27.3705	313.653
27.3763	312.207
27.3821	308.087
27.3879	301.572
27.3937	298.453
27.3995	297.249
27.4054	296.391
27.4112	294.514
27.417	294.344
27.4228	294.684
27.4286	293.156
27.4344	291.131
27.4402	290.124
27.446	290.963
27.4518	288.953	582.263
27.4576	289.789	579.913
27.4634	289.957	576.906
27.4692	290.124	579.244
27.475	290.124	581.255
27.4808	290.459	580.919
27.4866	290.627	581.927
27.4924	290.459	582.263
27.4982	291.636	583.947
27.504	293.326	585.636
27.5098	297.077	588.348
27.5156	297.42	588.008
27.5215	297.764	590.05
27.5273	294.344	590.391
27.5331	288.12	592.098
27.5389	297.42	597.251
27.5447	299.489	599.324
27.5505	301.224	606.989
27.5563	602.796
27.5621	600.711
27.5679	605.938
27.5737	609.448
27.5795	606.638
27.5853	600.711
27.5911	583.947
27.5969	581.927
27.6027	575.242
27.6085	573.252
27.6143	545.786
27.6201	541.391
27.6259	537.651	266.814
27.6317	535.172	267.123
27.6376	533.321	266.969
27.6434	532.397	265.738
27.6492	530.555	266.199
27.655	530.862	267.277
27.6608	533.937	266.045
27.6666	536.101	265.431
27.6724	537.341	265.278
27.6782	535.482	264.971
27.684	532.09	264.818
27.6898	529.637	264.971
27.6956	525.978	264.665
27.7014	524.765	264.36
27.7072	525.068	264.207
27.713	526.586	263.141
27.7188	526.586	263.445
27.7246	527.195	264.055
27.7304	524.765	263.293
27.7362	527.805	263.598
27.742	526.586	263.293
27.7478	525.978	262.837
27.7537	525.978	263.293
27.7595	528.414	264.207
27.7653	529.331	264.818
27.7711	528.72	263.902
27.7769	529.025	264.665
27.7827	529.025	264.665
27.7885	528.72	264.513
27.7943	528.72	264.207
27.8001	527.805	263.445
27.8059	528.72	263.598
27.8117	529.637	264.513
27.8175	532.09	265.431
27.8233	531.783	264.513
27.8291	530.555	264.971
27.8349	529.331	264.665
27.8407	526.586	263.75
27.8465	523.856	260.269
27.8523	524.159	254.471
27.8581	515.452	254.178
27.8639	527.195	264.513
27.8698	524.765	263.75
27.8756	525.675	262.079
27.8814	525.675	269.447
27.8872	523.856	268.205
27.893	519.037	267.741
27.8988	509.826	276.543
27.9046	509.826	271.165
27.9104	496.744	274.791	236.472
27.9162	499.911	282.843	228.945
27.922	492.459	278.466	241.302
27.9278	489.623	271.322	233.217
27.9336	485.679	232.678
27.9394	491.039	232.007
27.9452	464.283	233.217
27.951	465.357	233.217
27.9568	467.242	233.082
27.9626	458.42	230.938
27.9684	227.758	552.128
27.9742	226.97	543.898
27.98	225.663	537.651
27.9858	224.623	534.863
27.9917	223.975	534.246
27.9975	223.458	533.321
28.0033	222.556	532.705
28.0091	223.716	534.246
28.0149	224.752	533.321
28.0207	225.663	534.554
28.0265	226.316	533.937
28.0323	227.758	535.172
28.0381	230.139	533.321
28.0439	233.756	533.321
28.0497	236.063	531.476
28.0555	236.472	528.72
28.0613	238.117	531.476
28.0671	238.944	526.282
28.0729	239.358	530.555
28.0787	237.156	524.765
28.0845	234.026	536.41
28.0903	232.141	528.109
28.0961	231.739	547.049
28.1019	232.007	540.453
28.1078	229.475	537.03
28.1136	227.233	543.27
28.1194	225.533	531.783
28.1252	224.363	534.554
28.131	223.329	539.206
28.1368	223.716	522.044
28.1426	226.316	532.705
28.1484	228.681	539.829
28.1542	230.272	516.047
28.16	232.007	520.839
28.1658	233.621	518.737
28.1716	235.654
28.1774	236.472
28.1832	237.156
28.189	237.293
28.1948	238.668
28.2006	238.806
28.2064	239.22
28.2122	239.22
28.2181	239.082	1427.09
28.2239	239.358	1433.7
28.2297	239.082	1367.37
28.2355	239.358	1374.5
28.2413	234.839	1379.27
28.2471	235.11	1382.46
28.2529	233.217	1378.48
28.2587	231.739	1380.87
28.2645	231.606	1380.07
28.2703	230.139	1374.5
28.2761	229.608	1367.37
28.2819	230.804	1360.29
28.2877	233.082	1365.8
28.2935	234.161	1375.3
28.2993	235.518	1379.27
28.3051	236.336	1379.27
28.3109	237.293	1357.15
28.3167	239.773	1405.01
28.3225	241.162	1450.36
28.3283	240.189	1437.02
28.3341	239.082	1437.85
28.34	238.392	1430.39
28.3458	236.745	1433.7
28.3516	235.926	1420.51
28.3574	234.839	1420.51
28.3632	233.351	1381.67
28.369	231.071	1384.06
28.3748	229.873	1380.07
28.3806	228.813	1356.36
28.3864	229.21	1370.54
28.3922	229.74	1368.16
28.398	229.873	1374.5
28.4038	230.272	1365.01
28.4096	230.139	1354.01
28.4154	231.071	1382.46
28.4212	232.544	1403.38
28.427	234.297	1404.19
28.4328	235.926	1418.05
28.4386	237.567	1425.44
28.4444	238.53	1434.53
28.4502	239.773	1440.34
28.4561	238.392	1432.04
28.4619	236.063	1421.33
28.4677	235.382	1414.78
28.4735	233.891	1419.69
28.4793	232.141	1411.51
28.4851	230.804
28.4909	229.873
28.4967	231.873
28.5025	230.405
28.5083	233.621
28.5141	233.756
28.5199	240.05
28.5257	234.974
28.5315	235.926
28.5373	233.082
28.5431	229.873
28.5489
28.5547
28.5605
28.5663
28.5722
28.578
28.5838
28.5896
28.5954
28.6012
28.607
28.6128
28.6186
28.6244	243.683
28.6302	243.542
28.636	242.139
28.6418	238.944
28.6476	237.979
28.6534	236.336
28.6592	235.246
28.665	235.246
28.6708	233.891
28.6766	232.947
28.6824	235.246
28.6883	234.297
28.6941	236.882
28.6999	238.806
28.7057	239.496
28.7115	241.441
28.7173	241.58
28.7231	245.378
28.7289	240.884
28.7347	242.139
28.7405	242.98
28.7463	245.945
28.7521	245.661
28.7579	247.942
28.7637	248.803
28.7695	245.378
28.7753	249.955
28.7811	245.378
28.7869	245.661
28.7927	248.372
28.7985	244.953
28.8044	242.699
28.8102	246.229
28.816	242.279
28.8218	236.063
28.8276	232.544
28.8334	233.486
28.8392	236.063
28.845	236.609
28.8508
28.8566
28.8624
28.8682
28.874
28.8798
28.8856
28.8914
28.8972
28.903
28.9088
28.9146
28.9205
28.9263
28.9321
28.9379
28.9437
28.9495
28.9553
28.9611
28.9669
28.9727
28.9785
28.9843
28.9901
28.9959
29.0017
29.0075
29.0133
29.0191
29.0249
29.0307
29.0366
29.0424
29.0482
29.054
29.0598
29.0656
29.0714
29.0772
29.083
29.0888
29.0946
29.1004
29.1062
29.112
29.1178
29.1236
29.1294
29.1352
29.141
29.1468
29.1527
29.1585
29.1643
29.1701
29.1759
29.1817
29.1875
29.1933
29.1991
29.2049
29.2107
29.2165
29.2223
29.2281
29.2339
29.2397
29.2455
29.2513
29.2571
29.2629
29.2688
29.2746
29.2804
29.2862
29.292
29.2978
29.3036
29.3094
29.3152
29.321
29.3268
29.3326
29.3384
29.3442
29.35
29.3558
29.3616
29.3674
29.3732
29.379
29.3849
29.3907
29.3965
29.4023
29.4081
29.4139
29.4197
29.4255
29.4313
29.4371
29.4429
29.4487
29.4545
29.4603
29.4661
29.4719
29.4777
29.4835
29.4893
29.4951
29.501
29.5068
29.5126
29.5184
29.5242
29.53
29.5358
29.5416
29.5474
29.5532
29.559
29.5648
29.5706
29.5764
29.5822
29.588
29.5938
29.5996
29.6054
29.6112
29.6171
29.6229
29.6287
29.6345
29.6403
29.6461
29.6519
29.6577
29.6635
29.6693
29.6751
29.6809
29.6867
29.6925
29.6983
29.7041
29.7099
29.7157
29.7215
29.7273
29.7332
29.739
29.7448
29.7506
29.7564
29.7622
29.768
29.7738
29.7796
29.7854
29.7912
29.797
29.8028
29.8086
29.8144
29.8202
29.826
29.8318
29.8376
29.8434
29.8493
29.8551
29.8609
29.8667
29.8725
29.8783
29.8841
29.8899
29.8957
29.9015
29.9073
29.9131
29.9189
29.9247
29.9305
29.9363
29.9421
29.9479
29.9537
29.9595
29.9654
29.9712
29.977
29.9828
29.9886
29.9944
30.0002
30.006
30.0118
30.0176
30.0234
30.0292
30.035
30.0408
30.0466
