0
0.00580499	1457.92
0.01161	1459.6
0.017415	1462.98
0.02322	1460.45
0.0290249	1452.03
0.0348299	1453.71
0.0406349	1452.87
0.0464399	1446.17
0.0522449	1448.68
0.0580499	1450.36
0.0638549	1445.34
0.0696599	1443.67
0.0754649	1442
0.0812698	1440.34
0.0870748	1442
0.0928798	1441.17
0.0986848	1442.84
0.10449	1449.52
0.110295	1443.67
0.1161	1422.15
0.121905	1426.27
0.12771	1418.05
0.133515	1426.27
0.13932	1418.05
0.145125	1405.82
0.15093	1415.6
0.156735	1410.7
0.16254	1404.19
0.168345	1405.82
0.17415	1427.91
0.179955
0.18576
0.191565
0.19737
0.203175
0.20898
0.214785
0.22059
0.226395
0.2322
0.238005
0.24381
0.249615
0.255419
0.261224	1461.29
0.267029	1450.36
0.272834	1372.12
0.278639	1384.86
0.284444	1401.76
0.290249	1433.7
0.296054	1418.05
0.301859	1396.91
0.307664	1371.33
0.313469	1367.37
0.319274	1373.71
0.325079	1378.48
0.330884	1382.46
0.336689	1376.09
0.342494	1384.86
0.348299	1432.87
0.354104	1442	1372.12
0.359909	1415.6	1468.06
0.365714	1388.87	1388.87
0.371519	1392.08	1392.08
0.377324	1388.87	1388.87
0.383129	1389.67	1389.67
0.388934	1389.67	1391.28
0.394739	1390.47	1390.47
0.400544	1388.87	1388.87
0.406349	1388.07	1388.07
0.412154	1389.67	1389.67	1389.67
0.417959	1389.67	1389.67	1389.67
0.423764	1389.67	1389.67	1389.67
0.429569	1389.67	1389.67	1389.67
0.435374	1388.87	1388.87
0.441179	1389.67	1389.67
0.446984	1390.47	1390.47
0.452789	1389.67	1389.67
0.458594	1389.67	1389.67
0.464399	1388.87	1388.87
0.470204	1388.07	1388.07
0.476009	1387.26	1387.26
0.481814	1386.46	1386.46
0.487619	1386.46	1386.46
0.493424	1386.46	1386.46
0.499229	1384.86	1384.86
0.505034	1384.06
0.510839	1383.26
0.516644	1382.46
0.522449	1383.26
0.528254	1384.06
0.534059	1384.86
0.539864	1384.86
0.545669	1384.86
0.551474	1384.86
0.557279	1382.46
0.563084	1377.68
0.568889	1372.92
0.574694	1373.71
0.580499	1376.89
0.586304	1379.27
0.592109	1380.87
0.597914	1381.67
0.603719	1374.5
0.609524	1374.5
0.615329	1371.33
0.621134	1388.07
0.626939	1393.69	1393.69
0.632744	1392.08	1392.08
0.638549	1388.87	1388.87
0.644354	1384.86	1384.86
0.650159	1383.26	1383.26
0.655964	1381.67	1381.67
0.661769	1380.07
0.667574	1382.46
0.673379	1388.87
0.679184	1393.69
0.684989	1392.08
0.690794	1388.87
0.696599	1384.86
0.702404	1388.87
0.708209	1385.66
0.714014	1371.33
0.719819	1361.86
0.725624	1392.88
0.731429	1400.14
0.737234	1392.88
0.743039	1394.49
0.748844	1400.95
0.754649	1413.14
0.760454	1404.19
0.766258	1394.49
0.772063	1396.11
0.777868	1393.69
0.783673	1393.69
0.789478	1423.8
0.795283	1433.7
0.801088	1381.67
0.806893	1384.06
0.812698	1391.28
0.818503	1391.28
0.824308	1389.67
0.830113	1380.87
0.835918	1380.87
0.841723	1397.72
0.847528	1396.91
0.853333	1384.86
0.859138	1365.01
0.864943	1354.8
0.870748	1445.34
0.876553	1422.97
0.882358
0.888163
0.893968
0.899773
0.905578
0.911383
0.917188
0.922993
0.928798
0.934603
0.940408
0.946213
0.952018
0.957823
0.963628
0.969433
0.975238
0.981043
0.986848
0.992653
0.998458
1.00426
1.01007
1.01587
1.02168
1.02748
1.03329
1.03909
1.0449
1.0507
1.05651
1.06231
1.06812
1.07392
1.07973
1.08553
1.09134
1.09714
1.10295
1.10875
1.11456
1.12036
1.12617
1.13197
1.13778
1.14358
1.14939
1.15519
1.161
1.1668
1.17261
1.17841
1.18422
1.19002
1.19583
1.20163
1.20744
1.21324
1.21905
1.22485
1.23066
1.23646
1.24227
1.24807
1.25388
1.25968
1.26549
1.27129
1.2771
1.2829
1.28871
1.29451
1.30032
1.30612
1.31193
1.31773
1.32354
1.32934
1.33515
1.34095
1.34676
1.35256
1.35837
1.36417
1.36998
1.37578
1.38159
1.38739
1.3932
1.399
1.40481
1.41061
1.41642
1.42222
1.42803
1.43383
1.43964
1.44544
1.45125
1.45705
1.46286
1.46866
1.47447
1.48027
1.48608
1.49188
1.49769
1.50349
1.5093
1.5151
1.52091
1.52671
1.53252
1.53832
1.54413
1.54993
1.55574
1.56154
1.56735
1.57315
1.57896
1.58476
1.59057
1.59637
1.60218
1.60798
1.61379
1.61959
1.6254
1.6312
1.63701
1.64281
1.64862
1.65442
1.66023
1.66603
1.67184
1.67764
1.68345
1.68925
1.69506
1.70086
1.70667
1.71247
1.71828
1.72408
1.72989
1.73569
1.7415
1.7473
1.75311
1.75891
1.76472
1.77052
1.77633
1.78213
1.78794
1.79374
1.79955
1.80535
1.81116
1.81696
1.82277
1.82857
1.83438
1.84018
1.84599
1.85179
1.8576
1.8634
1.86921
1.87501
1.88082
1.88662
1.89243
1.89823
1.90404
1.90984
1.91565
1.92145
1.92726
1.93306
1.93887
1.94467
1.95048
1.95628
1.96209
1.96789
1.9737
1.9795
1.98531
1.99111
1.99692
2.00272
2.00853
2.01433
2.02014
2.02594
2.03175
2.03755
2.04336
2.04916
2.05497
2.06077
2.06658
2.07238
2.07819
2.08399
2.0898
2.0956
2.10141
2.10721
2.11302
2.11882
2.12463
2.13043
2.13624
2.14204
2.14785
2.15365
2.15946
2.16526
2.17107
2.17687
2.18268
2.18848
2.19429
2.20009
2.2059
2.2117
2.21751
2.22331
2.22912
2.23492
2.24073
2.24653
2.25234
2.25814
2.26395
2.26975
2.27556
2.28136
2.28717
2.29297
2.29878
2.30458
2.31039
2.31619
2.322
2.3278
2.33361
2.33941
2.34522
2.35102
2.35683
2.36263
2.36844
2.37424
2.38005
2.38585
2.39166
2.39746
2.40327
2.40907
2.41488
2.42068
2.42649
2.43229
2.4381
2.4439
2.44971
2.45551
2.46132
2.46712
2.47293
2.47873
2.48454
2.49034
2.49615
2.50195
2.50776
2.51356
2.51937
2.52517
2.53098
2.53678
2.54258
2.54839
2.55419
2.56
2.5658
2.57161
2.57741
2.58322
2.58902
2.59483
2.60063
2.60644
2.61224
2.61805
2.62385
2.62966
2.63546
2.64127
2.64707
2.65288
2.65868
2.66449
2.67029
2.6761
2.6819
2.68771
2.69351
2.69932
2.70512
2.71093
2.71673
2.72254
2.72834
2.73415
2.73995
2.74576
2.75156
2.75737
2.76317
2.76898
2.77478
2.78059
2.78639
2.7922
2.798
2.80381
2.80961
2.81542
2.82122
2.82703
2.83283
2.83864
2.84444
2.85025
2.85605
2.86186
2.86766
2.87347
2.87927
2.88508
2.89088
2.89669
2.90249
2.9083
2.9141
2.91991
2.92571
2.93152
2.93732
2.94313
2.94893
2.95474
2.96054
2.96635
2.97215
2.97796
2.98376
2.98957
2.99537
3.00118
3.00698
3.01279
3.01859
3.0244
3.0302
3.03601
3.04181
3.04762
3.05342
3.05923
3.06503
3.07084
3.07664
3.08245
3.08825
3.09406
3.09986
3.10567
3.11147
3.11728
3.12308
3.12889
3.13469
3.1405
3.1463
3.15211
3.15791
3.16372
3.16952
3.17533
3.18113
3.18694
3.19274
3.19855
3.20435
3.21016
3.21596
3.22177
3.22757
3.23338
3.23918
3.24499
3.25079
3.2566
3.2624
3.26821
3.27401
3.27982
3.28562
3.29143
3.29723
3.30304
3.30884
3.31465
3.32045
3.32626
3.33206
3.33787
3.34367
3.34948
3.35528
3.36109
3.36689
3.3727
3.3785
3.38431
3.39011
3.39592
3.40172
3.40753
3.41333
3.41914
3.42494
3.43075
3.43655
3.44236
3.44816
3.45397
3.45977
3.46558
3.47138
3.47719
3.48299
3.4888
3.4946
3.50041
3.50621
3.51202
3.51782
3.52363
3.52943
3.53524
3.54104
3.54685
3.55265
3.55846
3.56426
3.57007
3.57587
3.58168
3.58748
3.59329
3.59909
3.6049
3.6107
3.61651
3.62231
3.62812
3.63392
3.63973
3.64553
3.65134
3.65714
3.66295
3.66875
3.67456
3.68036
3.68617
3.69197
3.69778
3.70358
3.70939
3.71519
3.721
3.7268
3.73261
3.73841
3.74422
3.75002
3.75583
3.76163
3.76744
3.77324
3.77905
3.78485
3.79066
3.79646
3.80227
3.80807
3.81388
3.81968
3.82549
3.83129
3.8371
3.8429
3.84871
3.85451
3.86032
3.86612
3.87193
3.87773
3.88354
3.88934
3.89515
3.90095
3.90676
3.91256
3.91837
3.92417
3.92998
3.93578
3.94159
3.94739
3.9532
3.959
3.96481
3.97061
3.97642
3.98222
3.98803
3.99383
3.99964
4.00544
4.01125
4.01705
4.02286
4.02866
4.03447
4.04027
4.04608
4.05188
4.05769
4.06349
4.0693
4.0751
4.08091
4.08671
4.09252
4.09832
4.10413
4.10993
4.11574
4.12154
4.12735
4.13315
4.13896
4.14476
4.15057
4.15637
4.16218
4.16798
4.17379
4.17959
4.1854
4.1912
4.19701
4.20281
4.20862
4.21442
4.22023
4.22603
4.23184
4.23764
4.24345
4.24925
4.25506
4.26086
4.26667
4.27247
4.27828
4.28408
4.28989
4.29569
4.3015
4.3073
4.31311
4.31891
4.32472
4.33052
4.33633
4.34213
4.34794
4.35374
4.35955
4.36535
4.37116
4.37696
4.38277
4.38857
4.39438
4.40018
4.40599
4.41179
4.4176
4.4234
4.42921
4.43501
4.44082
4.44662
4.45243
4.45823
4.46404
4.46984
4.47565
4.48145
4.48726
4.49306
4.49887
4.50467
4.51048
4.51628
4.52209
4.52789
4.5337
4.5395
4.54531
4.55111
4.55692
4.56272
4.56853
4.57433
4.58014
4.58594
4.59175
4.59755
4.60336
4.60916
4.61497
4.62077
4.62658
4.63238
4.63819
4.64399
4.6498
4.6556
4.66141
4.66721
4.67302
4.67882
4.68463
4.69043
4.69624
4.70204
4.70785
4.71365
4.71946
4.72526
4.73107
4.73687
4.74268
4.74848
4.75429
4.76009
4.7659
4.7717
4.77751
4.78331
4.78912
4.79492
4.80073
4.80653
4.81234
4.81814
4.82395
4.82975
4.83556
4.84136
4.84717
4.85297
4.85878
4.86458
4.87039
4.87619
4.882
4.8878
4.89361
4.89941
4.90522
4.91102
4.91683
4.92263
4.92844
4.93424
4.94005
4.94585
4.95166
4.95746
4.96327
4.96907
4.97487
4.98068
4.98649
4.99229
4.9981
5.0039
5.00971
5.01551
5.02132
5.02712
5.03293
5.03873
5.04454
5.05034
5.05615
5.06195
5.06776
5.07356
5.07936
5.08517
5.09097
5.09678
5.10258
5.10839
5.11419
5.12
5.1258
5.13161
5.13741
5.14322
5.14902
5.15483
5.16063
5.16644
5.17225
5.17805
5.18385
5.18966
5.19546
5.20127
5.20707
5.21288
5.21868
5.22449
5.23029
5.2361
5.2419
5.24771
5.25351
5.25932
5.26512
5.27093
5.27673
5.28254
5.28834
5.29415
5.29995
5.30576
5.31156
5.31737
5.32317
5.32898
5.33478
5.34059
5.34639
5.3522
5.358
5.36381
5.36961
5.37542
5.38122
5.38703
5.39283
5.39864
5.40444
5.41025
5.41605
5.42186
5.42766
5.43347
5.43927
5.44508
5.45088
5.45669
5.46249
5.4683
5.4741
5.47991
5.48571
5.49152
5.49732
5.50313
5.50893
5.51474
5.52054
5.52635
5.53215
5.53796
5.54376
5.54957
5.55537
5.56118
5.56698
5.57279
5.57859
5.5844
5.5902
5.59601
5.60181
5.60762
5.61342
5.61923
5.62503
5.63084
5.63664
5.64245
5.64825
5.65406
5.65986
5.66567
5.67147
5.67728
5.68308
5.68889
5.69469
5.7005
5.7063
5.71211
5.71791
5.72372
5.72952
5.73533
5.74113
5.74694
5.75274
5.75855
5.76435
5.77016
5.77596
5.78177
5.78757
5.79338
5.79918
5.80499
5.81079
5.8166
5.8224
5.82821
5.83401
5.83982
5.84562
5.85143
5.85723
5.86304
5.86884
5.87465
5.88045
5.88626
5.89206
5.89787
5.90367
5.90948
5.91528
5.92109
5.92689
5.9327
5.9385
5.94431
5.95011
5.95592
5.96172
5.96753
5.97333
5.97914
5.98494
5.99075
5.99655
6.00236
6.00816
6.01397
6.01977
6.02558
6.03138
6.03719
6.04299
6.0488
6.0546
6.06041
6.06621
6.07202
6.07782
6.08363
6.08943
6.09524
6.10104
6.10685
6.11265
6.11846
6.12426
6.13007
6.13587
6.14168
6.14748
6.15329
6.15909
6.1649
6.1707
6.17651
6.18231
6.18812
6.19392
6.19973
6.20553
6.21134
6.21714
6.22295
6.22875
6.23456
6.24036
6.24617
6.25197
6.25778
6.26358
6.26939
6.27519
6.281
6.2868
6.29261
6.29841
6.30422
6.31002
6.31583
6.32163
6.32744
6.33324
6.33905
6.34485
6.35066
6.35646
6.36227
6.36807
6.37388
6.37968
6.38549
6.39129
6.3971
6.4029
6.40871
6.41451
6.42032
6.42612
6.43193
6.43773
6.44354
6.44934
6.45515
6.46095
6.46676
6.47256
6.47837
6.48417
6.48998
6.49578
6.50159
6.50739
6.5132
6.519
6.52481
6.53061
6.53642
6.54222
6.54803
6.55383
6.55964
6.56544
6.57125
6.57705
6.58286
6.58866
6.59447
6.60027
6.60608
6.61188
6.61769
6.62349
6.6293
6.6351
6.64091
6.64671
6.65252
6.65832
6.66413
6.66993
6.67574
6.68154
6.68735
6.69315
6.69896
6.70476
6.71057
6.71637
6.72218
6.72798
6.73379
6.73959
6.7454
6.7512
6.75701
6.76281
6.76862
6.77442
6.78023
6.78603
6.79184
6.79764
6.80345
6.80925
6.81506
6.82086
6.82667
6.83247
6.83828
6.84408
6.84989
6.85569
6.8615
6.8673
6.87311
6.87891
6.88472
6.89052
6.89633
6.90213
6.90794
6.91374
6.91955
6.92535
6.93116
6.93696
6.94277
6.94857
6.95438
6.96018
6.96599
6.97179
6.9776
6.9834
6.98921
6.99501
7.00082
7.00662
7.01243
7.01823
7.02404
7.02984
7.03565
7.04145
7.04726
7.05306
7.05887
7.06467
7.07048
7.07628
7.08209
7.08789
7.0937
7.0995
7.10531
7.11111
7.11692
7.12272
7.12853
7.13433
7.14014
7.14594
7.15175
7.15755
7.16336
7.16916
7.17497
7.18077
7.18658
7.19238
7.19819
7.20399
7.2098
7.2156
7.22141
7.22721
7.23302
7.23882
7.24463
7.25043
7.25624
7.26204
7.26785
7.27365
7.27946
7.28526
7.29107
7.29687
7.30268
7.30848
7.31429
7.32009
7.3259
7.3317
7.33751
7.34331
7.34912
7.35492
7.36073
7.36653
7.37234
7.37814
7.38395
7.38975
7.39556
7.40136
7.40717
7.41297
7.41878
7.42458
7.43039
7.43619
7.442
7.4478
7.45361
7.45941
7.46522
7.47102
7.47683
7.48263
7.48844
7.49424
7.50005
7.50585
7.51166
7.51746
7.52327
7.52907
7.53487
7.54068
7.54648
7.55229
7.55809
7.5639
7.56971
7.57551
7.58132
7.58712
7.59293
7.59873
7.60454
7.61034	436.204
7.61615	437.719
7.62195	440.254
7.62776	443.573
7.63356	447.95
7.63936	451.065
7.64517	454.728
7.65097	456.834
7.65678	458.42
7.66258	460.012
7.66839	460.543
7.67419	461.076
7.68	461.342
7.6858	461.342
7.69161	461.609
7.69741	461.076
7.70322	460.809
7.70902	460.809
7.71483	461.875
7.72063	463.479
7.72644	464.283
7.73224	465.357
7.73805	467.782
7.74385	469.135
7.74966	469.677
7.75546	470.492
7.76127	470.22
7.76707	468.052
7.77288	464.283
7.77868	463.747
7.78449	465.895
7.79029	466.703
7.7961	468.594
7.8019	474.038
7.80771	478.44
7.81351	483.161
7.81932	469.949
7.82512	447.95
7.83093	450.024
7.83673	453.416
7.84254	446.4
7.84834	448.986
7.85415	452.37
7.85995
7.86576
7.87156	557.899
7.87737	560.159
7.88317	559.189
7.88898	557.577
7.89478	556.611
7.90059	557.577
7.90639	555.969
7.9122	555.006
7.918	554.045
7.92381	554.045
7.92961	553.406
7.93542	551.491
7.94122	550.536
7.94703	548.631
7.95283	551.491
7.95864	548.631
7.96444	561.131
7.97025	548.631
7.97605	547.049
7.98186	553.725
7.98766
7.99347
7.99927
8.00508
8.01088
8.01669
8.02249
8.0283
8.0341
8.03991
8.04571
8.05152
8.05732
8.06313
8.06893
8.07474	554.045
8.08054	553.725
8.08635	554.045
8.09215	554.365
8.09796	554.365
8.10376	555.006
8.10957	555.006
8.11537	557.255
8.12118	555.648
8.12698	554.365
8.13279	551.491
8.13859	547.998
8.1444	546.733
8.1502	544.213
8.15601	540.141
8.16181	534.863
8.16762	530.862
8.17342	526.282
8.17923	525.371
8.18503	529.637
8.19084	514.262
8.19664	519.337
8.20245	513.965
8.20825	516.644
8.21406	534.554
8.21986	522.949
8.22567	526.891
8.23147	532.705
8.23728	542.33
8.24308	546.417
8.24889
8.25469	687.251
8.2605	691.631
8.2663	688.443
8.27211	690.833
8.27791	688.443
8.28372	691.631
8.28952	689.637
8.29533	692.431
8.30113	687.648
8.30694	688.443
8.31274	691.631
8.31855	688.841
8.32435	689.637
8.33016	695.236
8.33596	694.033
8.34177	694.033
8.34757	692.031
8.35338	694.835
8.35918	691.631
8.36499	703.721
8.37079	702.097
8.3766	696.442
8.3824	692.831
8.38821	690.035
8.39401	690.833
8.39982	686.854
8.40562	681.322
8.41143	684.082
8.41723	688.045
8.42304	693.632
8.42884	693.231
8.43465	694.835
8.44045	712.309
8.44626	692.431
8.45206	693.231
8.45787	694.835
8.46367	690.833
8.46948	692.031
8.47528	693.632
8.48109	690.833
8.48689	691.232
8.4927	691.631
8.4985	694.434
8.50431	691.232
8.51011	692.031
8.51592	690.035
8.52172	699.668
8.52753	692.431
8.53333	706.98
8.53914	694.033
8.54494	694.835
8.55075	693.632
8.55655	687.648
8.56236	707.389
8.56816	680.929
8.57397	667.686
8.57977	693.632
8.58558	698.86
8.59138	692.431
8.59719	698.456	343.229
8.60299	691.631	347.016
8.6088	691.232	345.816
8.6146	696.845	346.016
8.62041	694.835	368.289
8.62621	693.632	347.016
8.63202	690.833	345.018
8.63782	693.632	345.816
8.64363	694.835	346.016
8.64943	698.456	344.818
8.65524	690.833	345.616
8.66104	713.545	344.42
8.66685	733.181	352.674
8.67265	764.758	343.824
8.67846	770.522	346.616
8.68426	749.452	346.816	549.9
8.69007	341.055	547.998
8.69587	341.055	547.998
8.70168	348.221	548.631
8.70748	345.616	550.218
8.71329	342.634	550.536
8.71909	342.634	549.9
8.7249	342.634	550.854
8.7307	342.634	552.128
8.73651	339.875	552.128
8.74231	347.819	553.086
8.74812	346.816	553.725
8.75392	355.949	556.933
8.75973	342.832	556.611
8.76553	555.969
8.77134	555.006
8.77714	556.29
8.78295	555.327
8.78875	555.327
8.79456	555.006
8.80036	555.006
8.80617	555.969
8.81197	554.365
8.81778	555.327
8.82358	552.447
8.82939	552.766
8.83519	552.447
8.841	549.583
8.8468	548.948
8.85261	545.471
8.85841	544.842
8.86422	543.898
8.87002	542.957
8.87583	543.584
8.88163	543.27
8.88744	545.471
8.89324	547.365
8.89905	550.218
8.90485	550.536
8.91066	553.086
8.91646	555.969
8.92227	557.899
8.92807	558.866
8.93388	558.866
8.93968	559.512
8.94549	559.189
8.95129	558.221
8.9571	558.866
8.9629	558.866
8.96871	557.255
8.97451	557.577
8.98032	557.899
8.98612	554.045
8.99193	553.725
8.99773	553.086
9.00354	553.406
9.00934	551.172
9.01515	548.315
9.02095	546.733
9.02676	546.417
9.03256	545.471
9.03837	545.471
9.04417	545.471
9.04998	547.681
9.05578	547.049
9.06159	547.365
9.06739	548.315
9.0732	550.854
9.079	549.9
9.08481	560.483
9.09061	553.406
9.09642	551.491
9.10222	550.536
9.10803	551.491
9.11383	553.406
9.11964	554.045
9.12544	553.725
9.13125	556.29
9.13705	555.006
9.14286	558.866
9.14866	550.218
9.15447	556.933
9.16027	557.899
9.16608	559.512
9.17188	557.577
9.17769	551.491
9.18349	549.9
9.1893	552.128
9.1951	552.128
9.20091	552.766
9.20671	579.578
9.21252	555.969
9.21832	550.536
9.22413	551.491
9.22993
9.23574
9.24154	475.959
9.24735	507.768
9.25315	545.156
9.25896	546.733
9.26476	545.156
9.27057	547.998
9.27637	548.948
9.28218	547.681
9.28798	548.631
9.29379	551.809
9.29959	551.809
9.3054	529.943
9.3112	547.049
9.31701	547.681
9.32281	546.102
9.32862	544.842
9.33442	549.265	389.513
9.34023	544.842	388.614
9.34603	548.315	392.902
9.35184	549.265	397.009
9.35764	546.733	403.482
9.36345	525.068	417.711
9.36925	542.016	426.241
9.37506	542.016	430.945
9.38086	547.365	434.193
9.38667	544.842	437.971
9.39247	552.128	440.763
9.39828	555.006	440.763
9.40408	554.365	440.254
9.40989	555.969	438.731
9.41569	554.045	437.719
9.4215	555.648	437.213
9.4273	533.013	436.456
9.43311	545.471	435.197
9.43891	548.631	435.197
9.44472	561.779	434.444
9.45052	550.536	432.941
9.45633	550.536	430.447
9.46213	535.482	413.39
9.46794	412.198
9.47374	412.436
9.47955	409.824
9.48535	410.061
9.49116	409.587
9.49696	409.114
9.50277	407.934
9.50857	408.642
9.51438	408.878
9.52018	408.642	433.692
9.52599	408.878	438.224
9.53179	409.587	436.708
9.5376	410.061	434.946
9.5434	410.297	436.204
9.54921	410.297	436.961
9.55501	410.535	435.197
9.56082	409.824	440.509
9.56662	409.351	434.946
9.57243	409.114	435.449
9.57823	408.642	434.444
9.58404	408.406	433.942
9.58984	407.934	432.691
9.59565	408.17	438.224
9.60145	408.878	438.478
9.60726	409.351	434.193
9.61306	409.114	435.701
9.61887	408.17	436.708
9.62467	409.824	434.193
9.63048	421.589	435.197
9.63628	411.96	419.403
9.64209	407.699	413.868
9.64789	389.063	422.808
9.6537	431.194
9.6595	438.731
9.66531	438.478
9.67111	432.941
9.67692	420.13	365.956
9.68272	434.695	365.745
9.68853	441.783	385.261
9.69433	421.833	364.69
9.70014	425.749	365.956
9.70594	425.503	365.111
9.71175	426.487	365.533
9.71755	426.487	365.322
9.72336	429.206	364.901
9.72916	416.506	365.111
9.73497	431.692	366.167
9.74077	437.466	365.533
9.74658	432.691	370.636
9.75238	411.484	369.781
9.75819	413.39	365.322
9.76399	418.435	366.167
9.7698	426.734	366.167
9.7756	423.786	374.943
9.78141	427.474	383.264
9.78721	411.484	374.077
9.79302	433.942	380.616
9.79882	420.859	374.077
9.80463	430.945	376.027
9.81043	407.934	389.288
9.81624	380.836
9.82204	379.738
9.82785	379.738
9.83365	381.276
9.83946	384.15	311.667
9.84526	381.717	308.978
9.85107	385.261	313.11
9.85687	382.158	309.872
9.86268	382.6	311.487
9.86848	386.152	311.307
9.87429	381.497	311.307
9.88009	382.821	311.847
9.8859	382.821	310.588
9.8917	380.177	311.667
9.89751	382.821	309.693
9.90331	376.679	310.947
9.90912	379.957	310.23
9.91492	375.81	310.768
9.92073	382.821	310.409
9.92653	377.769	310.051
9.93234	377.115	310.051
9.93814	378.424	309.514
9.94394	378.643	309.693
9.94975	386.822	308.087
9.95555	381.938	309.156
9.96136	379.08	310.588
9.96716	377.333	312.027
9.97297	375.159	312.027
9.97878	378.861	312.929
9.98458	378.861	301.224
9.99039	378.861
9.99619	380.836
10.002
10.0078
10.0136
10.0194	302.444
10.0252	303.67
10.031	286.13
10.0368	305.959
10.0426	306.844
10.0484	314.379
10.0542	312.027
10.06	326.03
10.0659	333.265
10.0717	342.239
10.0775	355.127
10.0833	355.949
10.0891	356.772
10.0949	359.046
10.1007	362.38
10.1065	366.167
10.1123	376.897
10.1181	383.707
10.1239	397.467
10.1297	400.695
10.1355	406.993
10.1413	410.772
10.1471	411.484
10.1529	416.747
10.1587	417.469
10.1645	417.228
10.1703	417.228
10.1761	418.677
10.1819	415.305
10.1878	414.107	823.444
10.1936	412.436	827.736
10.1994	412.436	825.349
10.2052	411.009	822.493
10.211	410.772	823.444
10.2168	411.009	822.968
10.2226	410.297	821.543
10.2284	411.009	822.018
10.2342	411.246	822.493
10.24	411.246	821.543
10.2458	411.722	823.444
10.2516	412.198	823.92
10.2574	412.436	825.349
10.2632	412.913	825.825
10.269	413.151	826.303
10.2748	413.151	825.825
10.2806	413.151	826.303	230.804
10.2864	412.913	825.349	231.338
10.2922	412.913	824.872	219.112
10.298	413.151	825.825	206.814
10.3039	413.151	826.303	206.695
10.3097	413.151	826.303	206.456
10.3155	412.674	826.78	206.576
10.3213	413.39	826.78	208.012
10.3271	413.629	826.303	208.253
10.3329	413.868	826.303	208.253
10.3387	413.868	828.214	208.253
10.3445	414.825	834.939	207.652
10.3503	414.825	829.65	207.532
10.3561	414.346	827.736	207.413
10.3619	414.825	827.736	207.293
10.3677	413.39	826.303	206.814
10.3735	413.39	828.214	207.053
10.3793	414.107	827.736	206.814
10.3851	414.825	830.609	207.053
10.3909	414.346	829.65	207.293
10.3967	413.868	825.825	206.934
10.4025	413.868	827.258	206.934
10.4083	412.913	824.872	205.03
10.4141	412.436	830.609	205.03
10.42	413.39	848.552	205.03
10.4258	413.868	205.03
10.4316	411.96	205.03
10.4374	411.722	205.03
10.4432	418.435
10.449
10.4548
10.4606
10.4664
10.4722
10.478
10.4838
10.4896
10.4954
10.5012
10.507
10.5128
10.5186
10.5244
10.5302
10.5361
10.5419	365.111
10.5477	365.956
10.5535	365.111
10.5593	369.781
10.5651	365.322
10.5709	365.111
10.5767	364.69
10.5825	364.901
10.5883	363.848
10.5941	365.745
10.5999	364.901
10.6057	364.479
10.6115	364.479
10.6173	364.269
10.6231	365.111
10.6289	365.322
10.6347	367.014
10.6405	366.379
10.6463	367.651
10.6522	367.227
10.658	353.694
10.6638	369.354
10.6696	367.439
10.6754	348.825
10.6812	365.111
10.687	369.141
10.6928	371.708
10.6986	390.188
10.7044	384.816
10.7102
10.716
10.7218
10.7276
10.7334
10.7392
10.745
10.7508	361.544
10.7566	361.126
10.7624	363.428
10.7683	364.69
10.7741	366.167
10.7799	367.863
10.7857	367.227
10.7915	369.354
10.7973	368.501
10.8031	369.781
10.8089	371.065
10.8147	375.593
10.8205	367.651
10.8263	367.863
10.8321	360.293
10.8379	367.651
10.8437	373.214
10.8495	374.51
10.8553	372.999
10.8611	370.636
10.8669
10.8727
10.8785
10.8844
10.8902
10.896
10.9018
10.9076
10.9134
10.9192
10.925
10.9308
10.9366
10.9424
10.9482
10.954
10.9598	371.065
10.9656	375.376
10.9714	368.714
10.9772	373.861
10.983	389.513
10.9888	382.379
10.9946	375.593
11.0005	368.289
11.0063	364.901
11.0121	371.493
11.0179	372.568
11.0237	357.185
11.0295	358.632
11.0353	363.009	299.489
11.0411	363.009	309.872
11.0469	354.513	310.23
11.0527	354.513	308.799
11.0585	367.014	310.051
11.0643	380.396	308.978
11.0701	356.36	309.872
11.0759	309.693
11.0817	307.731
11.0875	309.514
11.0933	308.443
11.0991	309.872
11.1049	300.529
11.1107	312.568
11.1166	308.621
11.1224	308.621
11.1282	308.621
11.134	308.087
11.1398	314.016
11.1456	321.727
11.1514
11.1572
11.163
11.1688
11.1746
11.1804
11.1862
11.192
11.1978
11.2036
11.2094
11.2152
11.221
11.2268
11.2327
11.2385
11.2443
11.2501
11.2559
11.2617
11.2675
11.2733
11.2791
11.2849
11.2907
11.2965
11.3023
11.3081
11.3139
11.3197
11.3255
11.3313
11.3371
11.3429
11.3488
11.3546
11.3604
11.3662
11.372
11.3778
11.3836
11.3894
11.3952
11.401
11.4068
11.4126
11.4184
11.4242
11.43
11.4358	183.401
11.4416	183.401
11.4474	173.108
11.4532	172.808
11.459	181.714
11.4649	173.208
11.4707	182.134
11.4765	182.556
11.4823	182.661
11.4881	182.872
11.4939	182.872
11.4997	183.189
11.5055	182.767
11.5113	182.767
11.5171	184.038
11.5229	183.613
11.5287	184.038
11.5345	181.504
11.5403	175.727
11.5461	184.144
11.5519	183.613
11.5577	183.613
11.5635	183.613
11.5693	183.613
11.5751	183.613
11.581	185.318
11.5868	184.464
11.5926	185.747
11.5984	195.094
11.6042	196.338
11.61	195.432
11.6158	185.318
11.6216	186.176
11.6274	184.038
11.6332	184.464
11.639	194.981
11.6448	191.19
11.6506	182.872
11.6564	181.399
11.6622	181.714
11.668	177.564
11.6738
11.6796
11.6854
11.6912
11.6971
11.7029
11.7087
11.7145
11.7203
11.7261
11.7319
11.7377
11.7435
11.7493
11.7551
11.7609
11.7667
11.7725
11.7783
11.7841
11.7899
11.7957	301.05
11.8015	308.265
11.8073	308.978
11.8132	308.087
11.819	310.051
11.8248	309.335
11.8306	310.051
11.8364	310.051
11.8422	308.799
11.848	308.799	617.242
11.8538	309.335	620.459
11.8596	309.156	619.028
11.8654	309.156	618.67
11.8712	309.335	621.895
11.877	308.799	617.956
11.8828	313.11	620.459
11.8886	314.379	624.775
11.8944	319.32	619.028
11.9002	321.355	630.94
11.906	322.658	636.798
11.9118	326.784	638.271
11.9176	318.032	616.886
11.9234	307.731	639.009
11.9293	310.947	617.242
11.9351	315.106	620.101	366.803
11.9409	322.844	616.886	368.076
11.9467	324.339	605.238	367.863
11.9525	322.658	607.691	368.714
11.9583	604.889	368.076
11.9641	601.405	367.014
11.9699	623.333	367.651	735.727
11.9757	596.561	369.567	739.134
11.9815	593.811	369.781	739.562
11.9873	592.098	368.714	737.429
11.9931	615.818	369.567	738.708
11.9989	617.599	369.354	740.844
12.0047	621.895	368.501	737.003
12.0105	622.973	369.141	737.429
12.0163	622.613	369.781	739.562
12.0221	620.101	368.927	738.281
12.0279	621.177	368.076	735.727
12.0337	617.242	367.014	736.577
12.0395	619.028	368.289	736.152
12.0454	636.798	367.227	734.877
12.0512	628.031	367.227	735.727
12.057	616.886	368.076	735.302
12.0628	619.028	368.289	736.152
12.0686	618.67	368.289	737.855
12.0744	618.67	369.781	739.989
12.0802	617.242	368.501	738.708
12.086	614.042	368.927	740.844
12.0918	620.459	370.636	737.003
12.0976	623.333	369.141	737.003
12.1034	625.497	368.501	735.302
12.1092	631.67	367.227	734.453
12.115	624.054	376.027	732.758
12.1208	621.535	370.208	742.558
12.1266	614.752	366.379	734.453
12.1324	606.288	368.927	729.801
12.1382	618.313	367.014	743.846
12.144	611.564	366.803	728.959
12.1498	610.153	366.591	729.801
12.1556	615.107	370.85	728.538
12.1615	604.19
12.1673	584.622
12.1731	613.333
12.1789	604.889
12.1847	605.938	362.171
12.1905	605.588	372.999
12.1963	622.973	358.425
12.2021	610.505	363.638
12.2079	612.979	368.501
12.2137	618.313	371.279
12.2195	627.306	388.614
12.2253	601.752	379.957
12.2311	623.333	387.493
12.2369	615.818	385.484
12.2427	599.324	394.722
12.2485	588.348	392.902
12.2543	568.307	387.046
12.2601	389.513
12.2659	380.177	787.167
12.2717	390.865	784.444
12.2776	388.838	780.376
12.2834	389.063	784.444
12.2892	400.001	797.695
12.295	407.934	811.638
12.3008	414.107	827.736
12.3066	418.919	837.354
12.3124	422.564	846.105
12.3182	425.749	851.99
12.324	428.71	861.392
12.3298	425.258	854.454
12.3356	433.942	843.178
12.3414	432.941	833.493
12.3472	436.961	830.13
12.353	439.492	854.454
12.3588	441.783	868.386
12.3646	441.273	883.565
12.3704	438.731	884.076
12.3762	438.224	881.017
12.382	441.018
12.3878	440
12.3937	438.731
12.3995	432.941
12.4053
12.4111
12.4169
12.4227
12.4285
12.4343
12.4401
12.4459
12.4517
12.4575
12.4633
12.4691
12.4749
12.4807
12.4865
12.4923
12.4981
12.5039
12.5098
12.5156
12.5214
12.5272
12.533
12.5388
12.5446
12.5504
12.5562
12.562
12.5678
12.5736
12.5794	670.004
12.5852	673.107
12.591	667.301
12.5968	679.357
12.6026	664.224
12.6084	687.251
12.6142	688.045
12.62	686.854	570.28
12.6258	688.443	568.635
12.6317	678.965	566.014
12.6375	668.072	552.128
12.6433	661.544	550.536
12.6491	655.08	537.651
12.6549	665.761	535.482
12.6607	656.595	525.978
12.6665	685.665	522.647
12.6723	680.142	521.14
12.6781	664.224	525.068
12.6839	674.664	529.331
12.6897	674.664	535.482
12.6955	540.453
12.7013	543.27
12.7071	542.957
12.7129	548.631
12.7187	553.406
12.7245	560.159
12.7303	559.512
12.7361	555.006
12.742	557.577
12.7478	554.045
12.7536	555.006
12.7594	556.29
12.7652	554.045
12.771	555.006
12.7768	553.086
12.7826	554.365
12.7884	554.045	1660.26
12.7942	554.686	1662.18
12.8	553.086	1664.1
12.8058	555.006	1668.91
12.8116	557.577	1675.67
12.8174	558.866	1677.61
12.8232	557.899	1676.64
12.829	556.611	1672.77
12.8348	558.221	1650.7
12.8406	557.255	1668.91
12.8464	558.544	1671.81
12.8522	557.255	1672.77
12.858	556.933	1672.77
12.8639	555.648	1669.88
12.8697	556.29	1645.94
12.8755	556.933	1669.88
12.8813	556.933	1669.88
12.8871	555.648	1667.95
12.8929	556.611	1670.84	185.639
12.8987	558.221	1671.81	185.961
12.9045	555.006	1670.84	186.176
12.9103	555.969	1669.88	185.639
12.9161	555.648	1650.7	185.425
12.9219	557.255	1654.52	185.961
12.9277	558.221	1674.71	186.284
12.9335	559.512	1678.58	186.069
12.9393	559.512	1677.61	186.284
12.9451	559.836	1677.61	186.392
12.9509	559.836	1677.61	186.284
12.9567	560.159	1681.49	186.392
12.9625	560.159	1679.55	186.499
12.9683	560.159	1680.52	186.607
12.9741	559.836	1677.61	186.392
12.98	560.807	1682.46	186.931
12.9858	560.807	1683.44	186.715
12.9916	561.131	1684.41	186.823
12.9974	562.104	1687.33	187.039
13.0032	561.779	1683.44	186.931
13.009	560.159	1678.58	186.715
13.0148	559.836	1676.64	186.607
13.0206	558.866	1676.64	186.607
13.0264	559.189	1677.61	186.176
13.0322	557.255	1673.74	185.639
13.038	555.648	1666.99	184.89
13.0438	553.406	1661.22	184.251
13.0496	551.809	1658.34	182.134
13.0554	550.218	1654.52	183.189
13.0612	548.948	1644.99	182.767
13.067	546.733	1638.35	181.924
13.0728	543.27	1633.62	180.251
13.0786	545.471	1635.51	177.769
13.0844	545.156	1639.29	181.819
13.0902	549.265	1644.04	182.767
13.0961	550.218	1647.84	183.295
13.1019	551.809	1656.43	183.825
13.1077	553.406	1661.22	183.825
13.1135	554.686	1662.18	185.747
13.1193	558.221	1662.18	184.251
13.1251	561.779	1679.55	188.014
13.1309	564.707	1670.84	188.448
13.1367	568.635	1700.05	189.431
13.1425	568.307	1711.87	188.122
13.1483	567.323	1691.23	190.859
13.1541	567.323	1699.07	189.431
13.1599	566.995	1685.38	189.103
13.1657	564.381	1696.12	189.979
13.1715	558.544	1675.67	187.905
13.1773	563.404	1677.61	188.775
13.1831	566.341	188.231
13.1889	562.754	188.775
13.1947	562.754	198.275	1686.36
13.2005	556.933	201.741	1676.64
13.2063	555.969	197.133	1670.84
13.2122	559.189	185.425	1666.02
13.218	567.979	1660.26
13.2238	566.014	1652.61
13.2296	548.948	1644.99
13.2354	549.265	1646.89
13.2412	550.536	1650.7
13.247	551.809	1650.7
13.2528	552.447	1661.22
13.2586	554.365	1662.18
13.2644	558.221	1673.74
13.2702	559.836	1674.71
13.276	558.866	1607.41
13.2818	559.836	1664.1
13.2876	561.455	1681.49
13.2934	560.807	1683.44
13.2992	562.429	1673.74
13.305	563.079	1694.17
13.3108	560.807	1684.41
13.3166	561.779	1679.55
13.3224	559.512	1673.74
13.3283	560.159	1697.1
13.3341	560.807	1683.44
13.3399	560.159	1672.77
13.3457	559.189	1667.95
13.3515	557.899	1671.81
13.3573	556.611	1671.81
13.3631	553.725	1666.99
13.3689	552.128	1659.3
13.3747	552.128	1653.56	785.351
13.3805	551.809	1652.61	784.444
13.3863	550.536	1653.56	786.713
13.3921	550.536	1653.56	788.532
13.3979	552.128	1658.34	793.1
13.4037	552.766	1659.3	796.314
13.4095	555.969	1661.22	794.476
13.4153	557.577	1673.74	797.234
13.4211	559.512	1679.55	803.707
13.4269	560.159	1679.55	813.046
13.4327	560.483	1677.61	803.707
13.4385	561.131	1683.44	801.852
13.4444	563.079	1694.17	811.17
13.4502	561.779	1679.55	815.398
13.456	562.429	1684.41	810.701
13.4618	571.599	1680.52	805.566
13.4676	564.381	1689.28	812.107
13.4734	565.36	1705.95	807.896
13.4792	565.034	1672.77	799.54
13.485	560.159	1666.02	831.089
13.4908	558.221	811.638
13.4966	558.221	807.43
13.5024	556.933	793.1
13.5082	555.327	801.852
13.514	550.854	791.27
13.5198	552.766	761.232
13.5256	551.172	751.186
13.5314	549.9	762.553
13.5372	547.049	773.197
13.543	552.128	762.112
13.5488	552.766	788.532
13.5546	554.686
13.5605	554.686
13.5663	555.969
13.5721	555.327
13.5779	559.512
13.5837	562.429
13.5895	562.104
13.5953	562.754
13.6011	564.707
13.6069	562.754
13.6127	569.951
13.6185	559.512
13.6243	560.483
13.6301	559.512
13.6359	544.842
13.6417	544.842
13.6475
13.6533
13.6591
13.6649
13.6707
13.6766
13.6824
13.6882
13.694
13.6998
13.7056
13.7114
13.7172
13.723
13.7288
13.7346
13.7404
13.7462
13.752
13.7578
13.7636
13.7694
13.7752
13.781
13.7868
13.7927
13.7985
13.8043
13.8101
13.8159
13.8217
13.8275
13.8333
13.8391
13.8449
13.8507
13.8565
13.8623
13.8681
13.8739
13.8797
13.8855
13.8913
13.8971
13.9029
13.9088
13.9146
13.9204
13.9262
13.932
13.9378
13.9436
13.9494
13.9552
13.961
13.9668
13.9726
13.9784
13.9842
13.99
13.9958
14.0016
14.0074
14.0132
14.019
14.0249
14.0307
14.0365
14.0423
14.0481
14.0539
14.0597
14.0655
14.0713
14.0771
14.0829
14.0887
14.0945
14.1003
14.1061
14.1119
14.1177
14.1235
14.1293
14.1351
14.141
14.1468
14.1526
14.1584
14.1642
14.17
14.1758
14.1816
14.1874
14.1932
14.199	405.117
14.2048	430.696
14.2106	432.441
14.2164	417.711
14.2222	416.265
14.228	413.868
14.2338	413.151	1645.94
14.2396	412.198	1649.74
14.2454	413.151	1650.7
14.2512	412.674	1647.84
14.2571	411.484	1645.94
14.2629	410.772	1645.94
14.2687	411.009	1645.94
14.2745	411.484	1643.09
14.2803	411.484	1645.94
14.2861	410.772	1644.99
14.2919	412.674	1649.74
14.2977	412.674	1647.84
14.3035	411.96	1645.94
14.3093	413.151	1652.61
14.3151	417.711	1665.06
14.3209	423.297	1683.44
14.3267	430.447	1713.85
14.3325	435.197	1738.78
14.3383	439.238	1731.76
14.3441	434.193	1745.82
14.3499	430.945	1742.8
14.3557	434.946	1772.24
14.3615	434.946	1785.6
14.3673	440.763	1800.1
14.3732	429.454	1792.83
14.379	427.474	1663.14
14.3848
14.3906
14.3964
14.4022
14.408	360.085
14.4138	369.354
14.4196	368.927
14.4254	367.651
14.4312	368.501
14.437	366.379
14.4428	365.322
14.4486	365.956
14.4544	364.269
14.4602	365.111
14.466	365.956
14.4718	364.901
14.4776	366.167
14.4834	365.745
14.4893	366.803
14.4951	366.167
14.5009	365.956
14.5067	365.322
14.5125	363.428
14.5183	359.877
14.5241	340.464
14.5299	349.834
14.5357	363.428
14.5415	363.009
14.5473	363.848
14.5531	364.479
14.5589	363.009
14.5647
14.5705
14.5763
14.5821
14.5879
14.5937
14.5995
14.6054	310.947
14.6112	310.947
14.617	311.307
14.6228	311.127
14.6286	310.768
14.6344	311.307
14.6402	310.409
14.646	310.23
14.6518	309.872
14.6576	309.872
14.6634	310.588
14.6692	310.23	310.051
14.675	309.872	309.872
14.6808	310.409	310.588
14.6866	310.409	310.588
14.6924	309.872	309.693
14.6982	309.335	309.693
14.704	309.693	309.693
14.7098	310.051	310.051
14.7156	310.051	310.051
14.7215	309.872	309.693
14.7273	309.693	309.514
14.7331	309.693	309.514
14.7389	309.693	309.693
14.7447	309.872	309.872
14.7505	310.409	310.409
14.7563	311.127	311.127
14.7621	310.947
14.7679	310.947
14.7737	308.799
14.7795	311.847
14.7853	309.514
14.7911	312.027
14.7969	312.207
14.8027	310.768
14.8085	310.947
14.8143	308.621
14.8201	316.748
14.8259	316.017
14.8317	309.156
14.8376	321.913
14.8434	318.032
14.8492	318.032
14.855
14.8608
14.8666
14.8724
14.8782
14.884
14.8898
14.8956
14.9014
14.9072
14.913
14.9188
14.9246
14.9304
14.9362
14.942
14.9478
14.9537
14.9595
14.9653
14.9711
14.9769
14.9827
14.9885
14.9943
15.0001
15.0059
15.0117
15.0175
15.0233
15.0291
15.0349
15.0407
15.0465
15.0523
15.0581
15.0639
15.0697
15.0756
15.0814
15.0872
15.093
15.0988
15.1046
15.1104
15.1162
15.122
15.1278
15.1336
15.1394
15.1452
15.151
15.1568
15.1626
15.1684
15.1742
15.18
15.1859
15.1917
15.1975
15.2033
15.2091
15.2149
15.2207
15.2265
15.2323
15.2381
15.2439
15.2497
15.2555
15.2613
15.2671
15.2729
15.2787
15.2845
15.2903
15.2961
15.3019
15.3078
15.3136
15.3194
15.3252
15.331
15.3368
15.3426
15.3484
15.3542
15.36
15.3658
15.3716
15.3774
15.3832
15.389
15.3948
15.4006
15.4064
15.4122
15.418
15.4239
15.4297
15.4355
15.4413
15.4471
15.4529
15.4587
15.4645
15.4703
15.4761
15.4819
15.4877
15.4935
15.4993
15.5051
15.5109
15.5167
15.5225
15.5283
15.5341
15.54
15.5458
15.5516
15.5574
15.5632
15.569
15.5748
15.5806
15.5864
15.5922
15.598
15.6038
15.6096
15.6154
15.6212
15.627
15.6328
15.6386
15.6444
15.6502
15.6561
15.6619
15.6677
15.6735
15.6793
15.6851
15.6909
15.6967
15.7025
15.7083
15.7141
15.7199
15.7257
15.7315
15.7373
15.7431
15.7489
15.7547
15.7605
15.7663
15.7722
15.778
15.7838
15.7896
15.7954
15.8012
15.807
15.8128
15.8186
15.8244
15.8302
15.836
15.8418
15.8476
15.8534
15.8592
15.865
15.8708
15.8766
15.8824
15.8883
15.8941
15.8999
15.9057
15.9115
15.9173
15.9231
15.9289
15.9347
15.9405
15.9463
15.9521
15.9579
15.9637
15.9695
15.9753
15.9811
15.9869
15.9927
15.9985
16.0044
16.0102
16.016
16.0218
16.0276
16.0334
16.0392
16.045
16.0508
16.0566
16.0624
16.0682
16.074
16.0798
16.0856
16.0914
16.0972
16.103
16.1088
16.1146
16.1205
16.1263
16.1321
16.1379
16.1437
16.1495
16.1553
16.1611
16.1669
16.1727
16.1785
16.1843
16.1901
16.1959
16.2017
16.2075
16.2133
16.2191
16.2249
16.2307
16.2366
16.2424
16.2482
16.254
16.2598
16.2656
16.2714
16.2772
16.283
16.2888
16.2946
16.3004
16.3062
16.312
16.3178
16.3236
16.3294
16.3352
16.341
16.3468
16.3527
16.3585
16.3643
16.3701
16.3759
16.3817
16.3875
16.3933
16.3991
16.4049
16.4107
16.4165
16.4223
16.4281
16.4339
16.4397
16.4455
16.4513
16.4571
16.4629
16.4688
16.4746
16.4804
16.4862
16.492
16.4978
16.5036
16.5094
16.5152
16.521
16.5268
16.5326
16.5384
16.5442
16.55
16.5558
16.5616
16.5674
16.5732
16.579
16.5849
16.5907
16.5965
16.6023
16.6081
16.6139
16.6197
16.6255
16.6313
16.6371
16.6429
16.6487
16.6545
16.6603
16.6661
16.6719
16.6777
16.6835
16.6893
16.6951
16.701
16.7068
16.7126
16.7184
16.7242
16.73
16.7358
16.7416
16.7474
16.7532
16.759
16.7648
16.7706
16.7764
16.7822
16.788
16.7938
16.7996
16.8054
16.8112
16.8171
16.8229
16.8287
16.8345
16.8403
16.8461
16.8519
16.8577
16.8635
16.8693
16.8751
16.8809
16.8867
16.8925
16.8983
16.9041
16.9099
16.9157
16.9215
16.9273
16.9332
16.939
16.9448
16.9506
16.9564
16.9622
16.968
16.9738
16.9796
16.9854
16.9912
16.997
17.0028
17.0086
17.0144
17.0202
17.026
17.0318
17.0376
17.0434
17.0493
17.0551
17.0609
17.0667
17.0725
17.0783
17.0841
17.0899
17.0957
17.1015
17.1073
17.1131
17.1189
17.1247
17.1305
17.1363
17.1421
17.1479
17.1537
17.1595
17.1654
17.1712
17.177
17.1828
17.1886
17.1944
17.2002
17.206
17.2118
17.2176
17.2234
17.2292
17.235
17.2408
17.2466
17.2524
17.2582
17.264
17.2698
17.2756
17.2815
17.2873	480.933
17.2931	495.026
17.2989	511.005
17.3047	543.898
17.3105	560.483
17.3163	567.651
17.3221	575.242
17.3279	582.936
17.3337	590.391
17.3395	598.287
17.3453	602.796
17.3511	609.8
17.3569	612.979
17.3627	614.397
17.3685	615.107
17.3743	614.397
17.3801	614.752	307.198
17.3859	613.333	307.021
17.3917	615.818	307.376
17.3976	616.53	308.087
17.4034	617.242	308.265
17.4092	619.028	308.978
17.415	620.459	309.693
17.4208	621.177	310.051
17.4266	619.743	309.693
17.4324	619.028	309.514
17.4382	619.743	309.514
17.444	619.743	310.23
17.4498	620.818	310.588
17.4556	621.177	310.768
17.4614	622.254	310.409
17.4672	618.67	309.514
17.473	619.743	310.051
17.4788	620.818	311.487
17.4846	623.333	311.487
17.4904	623.333	311.487
17.4962	621.535	312.388
17.502	623.333	312.207
17.5078	623.693	309.693
17.5137	622.254	310.768
17.5195	620.818	309.335
17.5253	619.743	306.312
17.5311	305.253	617.242
17.5369	298.971	599.324
17.5427	297.764	571.599
17.5485	307.553	568.964
17.5543	303.144	276.863	557.255
17.5601	302.619	278.627	556.611
17.5659	307.553	276.224	555.006
17.5717	277.023	554.686
17.5775	276.863	555.006
17.5833	277.503	555.327
17.5891	277.023	555.648
17.5949	277.663	556.29
17.6007	277.023	555.969
17.6065	278.466	558.221
17.6123	278.145	557.899
17.6181	278.788	558.866
17.6239	277.503	558.221
17.6297	279.111	559.512
17.6356	278.627	559.512
17.6414	277.984	557.899
17.6472	276.064	557.255
17.653	277.343	557.577
17.6588	277.824	556.611
17.6646	277.023	554.686
17.6704	276.064	552.766
17.6762	277.023	556.29
17.682	276.863	569.951
17.6878	279.918	556.611
17.6936	279.272	555.327
17.6994	276.703	556.611
17.7052	277.824
17.711	277.343	555.969
17.7168	275.109	556.29
17.7226	277.984	554.686
17.7284	277.183	554.365
17.7342	276.543	553.725
17.74	276.224	554.686
17.7458	277.663	555.006
17.7517	277.663	555.969
17.7575	277.183	555.327
17.7633	277.023	556.611
17.7691	277.183	556.611
17.7749	277.663	556.611
17.7807	277.663	556.29
17.7865	277.503	555.648
17.7923	277.503	555.006
17.7981	275.745	554.686
17.8039	276.224	554.045
17.8097	276.543	553.406
17.8155	276.064	553.086
17.8213	276.064	551.809
17.8271	275.586	551.809
17.8329	275.109	552.447
17.8387	276.224	552.447
17.8445	275.109	551.172
17.8503	273.999	548.631
17.8561	272.736	549.9
17.8619	272.736	550.218
17.8678	275.586	552.766
17.8736	273.525	552.447
17.8794	272.106	553.725
17.8852	276.543	555.327
17.891	277.663	555.327
17.8968	277.023	555.648
17.9026	277.183	556.29
17.9084	277.984	556.933
17.9142	277.183	556.29
17.92	280.565	556.933
17.9258	271.008	557.577
17.9316	279.918	557.255
17.9374	283.334	558.221
17.9432	272.106	558.544
17.949	273.525	558.221
17.9548	285.47	557.899
17.9606	282.68	557.899
17.9664	282.354	557.577
17.9722	273.209	556.611
17.9781	555.969
17.9839	554.365
17.9897	553.086
17.9955	551.491
18.0013	549.9
18.0071	548.948
18.0129	545.471
18.0187	542.957
18.0245	541.704	268.826
18.0303	539.206	268.515
18.0361	538.584	268.826
18.0419	539.829	270.383
18.0477	542.33	270.071
18.0535	544.842	273.209
18.0593	547.049	273.841
18.0651	551.172	274.633
18.0709	552.128	274.316
18.0767	554.045	272.106
18.0825	557.255	276.064
18.0883	557.577	276.863
18.0941	559.512	275.427
18.1	559.512	272.736
18.1058	560.483	268.515
18.1116	560.807	277.343
18.1174	561.131	283.007
18.1232	559.836	284.646
18.129	558.866	272.578
18.1348	559.189	272.578
18.1406	557.577
18.1464	556.933
18.1522	556.29
18.158	555.006
18.1638	553.086
18.1696	550.854
18.1754	548.948
18.1812	546.733
18.187	544.527
18.1928	541.391
18.1986	538.895
18.2044	541.391
18.2102	542.957
18.2161	544.527
18.2219	546.102
18.2277	548.631
18.2335	549.583
18.2393	549.9
18.2451	550.536
18.2509	552.128
18.2567	552.128
18.2625	552.766
18.2683	551.172
18.2741	553.725
18.2799	552.447
18.2857	552.447
18.2915	555.006
18.2973	553.725
18.3031	552.447
18.3089	554.686
18.3147	556.29
18.3205	555.327
18.3263	554.686
18.3322	555.648
18.338	547.049
18.3438	547.365
18.3496	549.265
18.3554	550.854
18.3612	551.172
18.367	550.854
18.3728	549.265
18.3786	544.527
18.3844
18.3902
18.396
18.4018
18.4076
18.4134
18.4192
18.425
18.4308
18.4366
18.4424
18.4483
18.4541
18.4599
18.4657
18.4715
18.4773
18.4831	456.57
18.4889	456.043
18.4947	456.834
18.5005	458.155
18.5063	458.95
18.5121	458.95
18.5179	459.48
18.5237	459.746
18.5295	460.543
18.5353	461.076
18.5411	461.609
18.5469	461.875
18.5527	462.142
18.5585	462.944
18.5644	462.676
18.5702	462.944
18.576	463.211
18.5818	463.211
18.5876	462.409
18.5934	462.944
18.5992	463.479
18.605	460.012
18.6108	462.409
18.6166	462.142
18.6224	462.142
18.6282	462.409
18.634	463.211
18.6398	458.95
18.6456	460.012
18.6514	458.685
18.6572	454.991
18.663	459.746
18.6688	458.95
18.6746	458.42
18.6805	457.362
18.6863	460.809
18.6921	465.088
18.6979
18.7037	458.685
18.7095	457.626
18.7153	454.465
18.7211	455.78
18.7269	456.043
18.7327	457.362
18.7385	458.95
18.7443	460.277
18.7501	461.875
18.7559	462.676
18.7617	463.479
18.7675	464.283
18.7733	465.088
18.7791	464.551
18.7849	464.551
18.7907	465.088
18.7966	464.551
18.8024	464.551
18.8082	464.015
18.814	461.342
18.8198	461.342
18.8256	461.875
18.8314	461.609
18.8372	461.076
18.843	461.076
18.8488	461.076
18.8546	460.277
18.8604	460.543
18.8662	459.746
18.872	461.609
18.8778	461.076
18.8836	462.676
18.8894	464.015
18.8952	460.012
18.901	458.685	830.609
18.9068	460.277	872.408
18.9127	895.382
18.9185	895.382
18.9243	889.711
18.9301	882.545
18.9359	885.609
18.9417	892.284	541.391
18.9475	918.961	550.536
18.9533	917.9	549.583
18.9591	913.668	550.536
18.9649	917.37	551.172
18.9707	929.102	551.491
18.9765	922.151	551.809
18.9823	920.555	553.406
18.9881	934.484	552.766
18.9939	918.43	553.086
18.9997	920.555	553.725
19.0055	923.217	554.045
19.0113	921.087	555.006
19.0171	929.639	556.29
19.0229	913.668	560.159
19.0288	919.492	558.221
19.0346	925.887	560.807
19.0404	917.37	560.483
19.0462	555.327
19.052	560.483
19.0578	559.189
19.0636	566.014
19.0694	599.671
19.0752	580.248
19.081	578.241
19.0868	581.927
19.0926	578.241
19.0984	577.24
19.1042	576.24
19.11	575.907
19.1158	575.907
19.1216	578.575
19.1274	578.909
19.1332	578.575
19.139	582.263
19.1449	586.313
19.1507	591.415
19.1565	597.596
19.1623	606.989
19.1681	610.858
19.1739	612.979
19.1797	614.752
19.1855	617.242
19.1913	618.313
19.1971	618.67
19.2029	620.101
19.2087	622.254
19.2145	620.818
19.2203	622.973
19.2261	622.973
19.2319	624.054
19.2377	624.414
19.2435	626.944
19.2493	626.22
19.2551	625.136
19.261	625.859
19.2668	625.497
19.2726	624.054
19.2784	624.054
19.2842	625.497
19.29	624.054
19.2958	623.693
19.3016	623.333
19.3074	625.136
19.3132	621.535
19.319	622.613
19.3248	621.535
19.3306	620.818
19.3364	617.956
19.3422	611.564
19.348	603.842
19.3538	590.391
19.3596	625.136
19.3654	615.462
19.3712	633.131
19.3771	646.808
19.3829
19.3887
19.3945
19.4003
19.4061
19.4119
19.4177
19.4235
19.4293
19.4351
19.4409
19.4467
19.4525
19.4583
19.4641
19.4699
19.4757
19.4815
19.4873
19.4932
19.499	330.009
19.5048	331.92
19.5106	333.265
19.5164	331.92
19.5222	331.537
19.528	331.346
19.5338	331.154
19.5396	331.346
19.5454	331.729
19.5512	332.112
19.557	331.92
19.5628	332.304
19.5686	332.496
19.5744	331.92
19.5802	330.009
19.586	329.818
19.5918	329.057
19.5976	328.108
19.6034	327.54
19.6093	327.162
19.6151	327.918
19.6209	330.009
19.6267	328.487
19.6325	328.487
19.6383	328.487
19.6441	328.297
19.6499	327.54
19.6557	329.818
19.6615	329.628
19.6673	331.154
19.6731	330.772
19.6789	331.92
19.6847	332.112
19.6905	325.841
19.6963	332.688
19.7021	331.92
19.7079	331.92
19.7137	331.92
19.7195	331.346
19.7254	330.581
19.7312	330.581
19.737	330.199
19.7428	328.677	558.866
19.7486	328.108	557.899
19.7544	328.487	556.933
19.7602	328.297	555.648
19.766	326.218	553.725
19.7718	326.407	549.9
19.7776	326.595	547.681
19.7834	326.595	549.265
19.7892	325.089	546.733
19.795	324.152	546.733
19.8008	331.346	546.733
19.8066	330.581	547.681
19.8124	548.631
19.8182	549.265
19.824	551.172
19.8298	553.086
19.8356	554.686
19.8415	555.006
19.8473	553.406
19.8531	555.006
19.8589	556.29
19.8647	557.255
19.8705	557.899
19.8763	558.544
19.8821	559.512
19.8879	560.807
19.8937	561.779
19.8995	561.779
19.9053	561.779
19.9111	561.779
19.9169	563.079
19.9227	563.079
19.9285	559.189
19.9343	562.754
19.9401	558.221
19.9459	555.648
19.9517	554.365
19.9576	546.733
19.9634	540.453
19.9692	535.791
19.975	535.172
19.9808	538.273
19.9866	541.391
19.9924	546.102
19.9982	546.733
20.004	547.365
20.0098	546.733
20.0156	550.218
20.0214	552.447
20.0272	554.365
20.033
20.0388
20.0446
20.0504
20.0562
20.062
20.0678
20.0737
20.0795
20.0853
20.0911
20.0969
20.1027
20.1085
20.1143
20.1201
20.1259
20.1317
20.1375
20.1433
20.1491
20.1549
20.1607
20.1665
20.1723
20.1781
20.1839
20.1898
20.1956
20.2014
20.2072
20.213
20.2188
20.2246
20.2304
20.2362
20.242
20.2478
20.2536
20.2594
20.2652
20.271
20.2768
20.2826
20.2884
20.2942
20.3
20.3058
20.3117
20.3175
20.3233
20.3291
20.3349
20.3407
20.3465
20.3523
20.3581
20.3639
20.3697
20.3755
20.3813
20.3871
20.3929
20.3987
20.4045
20.4103
20.4161
20.4219
20.4278
20.4336
20.4394
20.4452
20.451
20.4568
20.4626
20.4684
20.4742
20.48
20.4858
20.4916
20.4974
20.5032
20.509
20.5148	276.543
20.5206	275.586
20.5264	276.383
20.5322	276.863
20.538	277.984	276.863
20.5439	278.306	276.383
20.5497	278.788	278.466
20.5555	283.17	280.241
20.5613	276.064	285.14
20.5671	279.433	278.306
20.5729	278.466	277.824
20.5787	277.984	277.343
20.5845	277.343	277.183
20.5903	276.863	276.863
20.5961	276.543	276.383
20.6019	276.224	276.064
20.6077	275.745	275.586
20.6135	274.95	274.95
20.6193	274.474	274.474
20.6251	274.316	274.157
20.6309	274.95
20.6367	276.064
20.6425	276.863
20.6483	277.663
20.6542	278.627
20.66	280.565
20.6658	282.68
20.6716	284.811
20.6774	283.661
20.6832	279.595	457.362
20.689	456.834
20.6948	453.155
20.7006	454.203
20.7064	455.517
20.7122	455.78
20.718	449.505
20.7238	447.691
20.7296	450.805
20.7354	454.203
20.7412	457.098
20.747	459.746
20.7528	461.609
20.7586	464.551
20.7644	465.088
20.7702	465.895
20.7761	465.895
20.7819	466.433
20.7877	466.433
20.7935	466.164
20.7993	466.972
20.8051	467.242
20.8109	466.703
20.8167	466.972
20.8225	467.242
20.8283	467.512
20.8341	467.782
20.8399	468.594
20.8457	469.135
20.8515	469.949
20.8573	469.677
20.8631	470.22
20.8689	471.853
20.8747	472.125
20.8805	469.135
20.8863	470.22
20.8922	470.764
20.898	469.135
20.9038	468.594
20.9096	468.323
20.9154	472.125
20.9212
20.927
20.9328
20.9386
20.9444
20.9502
20.956
20.9618
20.9676
20.9734
20.9792
20.985
20.9908
20.9966	547.998
21.0024	548.631
21.0083	549.265
21.0141	550.536
21.0199	550.536
21.0257	550.536
21.0315	554.686
21.0373	556.611
21.0431	557.577
21.0489	556.933
21.0547	555.969
21.0605	554.686
21.0663	553.406
21.0721	553.086
21.0779	554.045	278.306
21.0837	555.006	277.503
21.0895	555.327	278.145
21.0953	555.006	279.433
21.1011	554.686	278.466
21.1069	555.327	277.984
21.1127	555.648	277.984
21.1185	555.327	277.824
21.1244	554.365	277.824
21.1302	554.365	277.984
21.136	554.045	276.863
21.1418	553.406	277.183
21.1476	554.686	278.788
21.1534	557.899	280.727
21.1592	558.866	277.984	558.866
21.165	560.159	277.503	556.611
21.1708	560.159	277.503	535.482
21.1766	541.391	277.503	557.899
21.1824	550.536	277.503	542.957
21.1882	542.957	277.503	541.704
21.194	535.791	277.503	538.895
21.1998	532.705	276.224	535.482
21.2056	533.013	273.209	533.937
21.2114	532.09	273.209	532.397
21.2172	532.705	281.539	531.476
21.223	535.172	281.539	531.476
21.2288	532.397	530.555
21.2346	533.013	526.891
21.2405	534.246	523.856
21.2463	530.555	522.345
21.2521	514.856	514.262
21.2579	503.97	508.943
21.2637	501.067	501.067
21.2695	502.516	514.559
21.2753	502.516	514.559
21.2811	503.679	522.949
21.2869
21.2927
21.2985
21.3043
21.3101
21.3159
21.3217
21.3275
21.3333
21.3391
21.3449
21.3507
21.3566
21.3624
21.3682
21.374	596.906
21.3798	601.058
21.3856	604.19
21.3914	606.989
21.3972	613.687
21.403	616.174
21.4088	615.462
21.4146	618.313
21.4204	621.177
21.4262	622.254
21.432	622.254
21.4378	621.535
21.4436	622.973
21.4494	623.693
21.4552	624.775
21.461	625.136
21.4668	623.693
21.4727	624.775
21.4785	621.895
21.4843	619.028
21.4901	623.693
21.4959	624.775
21.5017	624.054
21.5075	624.054
21.5133	623.693
21.5191	622.613
21.5249	622.613
21.5307	625.136
21.5365	626.582
21.5423	624.775
21.5481	625.497
21.5539	625.859
21.5597	624.775
21.5655	625.136
21.5713	626.582
21.5771	626.582
21.5829	625.497
21.5888	617.242
21.5946	617.956
21.6004	614.397
21.6062	614.752
21.612	606.288
21.6178	603.493
21.6236	583.273
21.6294	560.807
21.6352	557.899
21.641	556.611
21.6468	554.686
21.6526
21.6584
21.6642
21.67
21.6758
21.6816
21.6874
21.6932
21.699
21.7049
21.7107
21.7165
21.7223
21.7281
21.7339
21.7397
21.7455
21.7513
21.7571
21.7629
21.7687
21.7745
21.7803
21.7861
21.7919	527.805
21.7977	553.406
21.8035	550.854
21.8093	553.086
21.8151	555.327
21.821	528.414
21.8268	547.049
21.8326	555.648
21.8384	554.365
21.8442	554.365
21.85	553.725
21.8558	553.406
21.8616	553.406
21.8674	552.766
21.8732	553.086
21.879	553.725
21.8848	553.725
21.8906	554.045
21.8964	553.086
21.9022	555.006
21.908	555.327
21.9138	556.29
21.9196	557.255
21.9254	556.933
21.9312	556.611
21.9371	559.189
21.9429	559.189
21.9487	560.483
21.9545	559.836
21.9603	561.131
21.9661	560.483
21.9719	558.866
21.9777	557.255
21.9835	557.577
21.9893	557.899
21.9951	556.611
22.0009	556.611
22.0067	555.327
22.0125	554.045
22.0183	554.686
22.0241	553.406
22.0299	550.536
22.0357	548.315
22.0415	546.417
22.0473	546.102
22.0532	546.733
22.059	547.365
22.0648	549.583
22.0706	550.854
22.0764	554.045
22.0822	553.086
22.088	556.29
22.0938	556.29
22.0996	558.221
22.1054	557.255
22.1112	554.365
22.117	559.189
22.1228	560.807
22.1286	559.836
22.1344	555.006
22.1402	560.159
22.146	560.159
22.1518	563.404
22.1576	578.909
22.1634	575.242
22.1693	562.104
22.1751	555.969
22.1809	554.365
22.1867	553.086
22.1925	551.172
22.1983	544.842
22.2041	540.453
22.2099	532.09
22.2157	530.249
22.2215	531.169
22.2273	528.414
22.2331	536.72
22.2389	540.141
22.2447	543.898
22.2505	546.417
22.2563	550.536
22.2621	550.536
22.2679	550.854
22.2737	555.648
22.2795	557.899
22.2854	559.512
22.2912	570.28
22.297	562.429
22.3028	556.29
22.3086	556.29
22.3144	560.483
22.3202	544.213
22.326	517.839
22.3318	533.629
22.3376
22.3434
22.3492
22.355
22.3608
22.3666
22.3724
22.3782
22.384
22.3898
22.3956
22.4015
22.4073
22.4131
22.4189
22.4247
22.4305
22.4363
22.4421
22.4479
22.4537
22.4595
22.4653
22.4711
22.4769
22.4827
22.4885
22.4943
22.5001
22.5059
22.5117
22.5176
22.5234
22.5292
22.535
22.5408
22.5466
22.5524
22.5582
22.564
22.5698
22.5756
22.5814
22.5872
22.593
22.5988
22.6046
22.6104
22.6162
22.622
22.6278
22.6336
22.6395
22.6453
22.6511
22.6569
22.6627
22.6685
22.6743
22.6801
22.6859
22.6917
22.6975
22.7033
22.7091
22.7149
22.7207
22.7265
22.7323
22.7381
22.7439
22.7498
22.7556
22.7614
22.7672
22.773
22.7788
22.7846
22.7904
22.7962
22.802
22.8078
22.8136
22.8194
22.8252
22.831
22.8368
22.8426
22.8484
22.8542
22.86
22.8659
22.8717
22.8775
22.8833
22.8891
22.8949
22.9007
22.9065
22.9123
22.9181
22.9239
22.9297
22.9355
22.9413
22.9471
22.9529
22.9587
22.9645
22.9703
22.9761
22.9819
22.9878
22.9936
22.9994
23.0052
23.011
23.0168
23.0226
23.0284
23.0342
23.04
23.0458
23.0516
23.0574
23.0632
23.069
23.0748
23.0806
23.0864
23.0922
23.098
23.1039
23.1097
23.1155
23.1213
23.1271
23.1329
23.1387
23.1445
23.1503
23.1561
23.1619
23.1677
23.1735
23.1793
23.1851
23.1909
23.1967
23.2025
23.2083
23.2141
23.22
23.2258
23.2316
23.2374
23.2432
23.249
23.2548
23.2606
23.2664
23.2722
23.278
23.2838
23.2896
23.2954
23.3012
23.307
23.3128
23.3186
23.3244
23.3302
23.3361
23.3419
23.3477
23.3535
23.3593
23.3651
23.3709
23.3767
23.3825
23.3883
23.3941
23.3999
23.4057
23.4115
23.4173
23.4231
23.4289
23.4347
23.4405
23.4463
23.4522
23.458
23.4638
23.4696
23.4754
23.4812
23.487
23.4928
23.4986
23.5044
23.5102
23.516
23.5218
23.5276
23.5334
23.5392
23.545
23.5508
23.5566
23.5624
23.5683
23.5741
23.5799
23.5857
23.5915
23.5973
23.6031
23.6089
23.6147
23.6205
23.6263	704.942
23.6321	696.442
23.6379	698.456
23.6437	698.86
23.6495	693.231
23.6553	688.045
23.6611	686.061
23.6669	686.061
23.6727	677.398
23.6785	677.398
23.6844	690.035
23.6902	688.045
23.696	688.443	617.599
23.7018	689.637	621.895
23.7076	683.293	621.895
23.7134	680.929	622.973
23.7192	680.535	625.136
23.725	685.269	625.859	358.839
23.7308	674.275	625.497	358.632
23.7366	676.616	623.693	358.632
23.7424	687.251	628.758	358.011
23.7482	687.648	625.859	359.254
23.754	684.478	629.484	359.877
23.7598	681.716	629.121	359.669
23.7656	681.716	628.031	359.669
23.7714	681.716	628.758	363.218
23.7772	691.232	629.484	359.877	629.121
23.783	679.75	629.484	358.218	629.121
23.7888	629.484	359.046	629.484
23.7946	629.484	359.254	629.121
23.8005	629.484	358.632	628.758
23.8063	627.669	357.804	628.031
23.8121	625.136	357.185	626.582
23.8179	626.582	357.598	626.944
23.8237	627.669	357.185	627.669
23.8295	626.944	357.391	626.944
23.8353	625.859	355.333	626.22
23.8411	626.582	355.949	626.582
23.8469	627.306	356.155	627.306
23.8527	625.859	355.949	625.859
23.8585	626.22	355.949	626.22
23.8643	626.22	356.36	626.22
23.8701	352.674	620.818
23.8759	348.02	612.625
23.8817	348.02	609.096
23.8875	355.333	600.364
23.8933	345.816	597.941
23.8991	346.616	605.238	559.836
23.9049	346.616	596.906	559.189
23.9107	347.618	614.752	557.899
23.9166	362.799	619.385	557.577
23.9224	630.94	557.899
23.9282	621.535	559.189
23.934	640.857	558.866
23.9398	600.017	559.836	743.846
23.9456	560.483	744.706
23.9514	560.807	740.844
23.9572	561.131	745.136
23.963	560.807	743.846
23.9688	561.455	739.989
23.9746	562.754	730.645
23.9804	564.055	731.912
23.9862	566.014	731.489
23.992	566.014	733.605
23.9978	565.36	751.186
24.0036	564.381	754.229
24.0094	562.104	730.223
24.0152	559.512	730.645
24.021	559.836	719.338
24.0268	553.406	724.76	594.497
24.0327	560.159	730.645	561.779
24.0385	558.221	742.558	557.899
24.0443	557.899	738.708	557.577
24.0501	558.221	737.003	558.544
24.0559	558.544	740.844	557.899
24.0617	558.221	739.562	558.221
24.0675	558.221	740.416	558.221
24.0733	557.255	739.562	556.933
24.0791	557.255	741.701	556.611
24.0849	555.648	740.416	555.648
24.0907	554.365	740.416	554.365
24.0965	554.686	742.129	554.686
24.1023	554.686	733.605	554.365
24.1081	745.136	554.365
24.1139	731.067	553.725
24.1197	737.003	553.406
24.1255	745.136	552.447
24.1313	727.697	551.491
24.1371	700.477	550.218
24.1429	721.836	550.218
24.1488	739.134	551.172
24.1546	731.489	551.491
24.1604	728.959	552.766
24.1662	730.645	553.406
24.172	729.801	553.725
24.1778	737.429	554.045
24.1836	738.708	554.365
24.1894	554.365
24.1952	555.327
24.201	556.933
24.2068	557.577
24.2126	558.544
24.2184	559.512
24.2242	560.159
24.23	561.455
24.2358	564.381
24.2416	566.341
24.2474	565.687
24.2532	564.707
24.259	563.404
24.2649	561.455
24.2707	557.899
24.2765	558.544
24.2823	556.29
24.2881	555.327
24.2939	554.365
24.2997	553.086
24.3055	550.854
24.3113	548.631	272.736
24.3171	547.365	273.209
24.3229	547.049	273.999
24.3287	546.733	273.841
24.3345	547.365	273.841
24.3403	548.948	277.343
24.3461	549.9	277.343
24.3519	551.172	275.109
24.3577	552.766	278.788
24.3635	553.725	277.663
24.3693	554.686	277.503
24.3751	554.686	277.824
24.381	555.648	277.984
24.3868	556.29	277.984
24.3926	556.611	278.306
24.3984	557.255	278.306
24.4042	556.611	278.466
24.41	556.933	277.663
24.4158	556.29	277.503
24.4216	555.327	277.663
24.4274	554.686	277.343
24.4332	554.686	276.543
24.439	554.686	274.157
24.4448	555.006	276.543
24.4506	554.365	275.905
24.4564	554.686	273.209
24.4622	555.648	274.791
24.468	555.327	276.224
24.4738	555.006	273.999
24.4796	555.969	274.791
24.4854	553.406	274.95
24.4912	553.086	273.683
24.4971	551.491	274.157
24.5029	549.265	274.316
24.5087	548.315	273.683
24.5145	551.172	272.263
24.5203	564.381	279.433
24.5261	566.341	279.756
24.5319	567.979	278.788
24.5377	566.668	280.89
24.5435	566.014	279.595
24.5493	565.034	279.111
24.5551	560.483	280.241
24.5609	558.221	277.984
24.5667	556.933	278.466
24.5725	554.686	281.214
24.5783	552.128	274.633
24.5841	548.631	274.157
24.5899	548.631	279.111
24.5957	547.365	274.316
24.6015	539.518	278.306
24.6073	535.172	277.183
24.6132	524.765	278.949	224.363
24.619	528.72	276.224	224.104
24.6248	513.668	277.183	222.814
24.6306	514.559	278.466	220.764
24.6364	519.937	277.343	220.509
24.6422	517.241	278.466	223.071	416.506
24.648	529.025	273.999	223.587	420.13
24.6538	536.41	276.703	223.587	421.833
24.6596	557.899	276.224	229.873	424.031
24.6654	560.159	274.95	226.185	426.241
24.6712	565.36	270.071	234.703	427.227
24.677	554.365	271.322	240.884	428.463
24.6828	280.727	234.026	429.702
24.6886	277.984	430.696
24.6944	274.474	431.942
24.7002	274.791	433.441
24.706	277.343	433.441
24.7118	433.441
24.7176	433.942
24.7234	434.444
24.7293	434.946
24.7351	435.952
24.7409	437.971
24.7467	438.478
24.7525	439.746
24.7583	438.731
24.7641	441.528
24.7699	444.085
24.7757	456.57
24.7815	464.015	318.951
24.7873	474.86	318.032
24.7931	316.2
24.7989	317.848
24.8047	319.689
24.8105	319.136
24.8163	319.32
24.8221	336.165
24.8279	335.002
24.8337	334.422	556.933
24.8395	333.65	556.933
24.8454	333.65	556.29
24.8512	332.496	556.29
24.857	321.541	556.933	278.466
24.8628	315.652	555.648	277.663
24.8686	316.565	553.086	276.863
24.8744	312.929	553.086	271.792
24.8802	309.872	551.491	277.343
24.886	311.487	544.527	273.209
24.8918	320.244	533.321	262.837
24.8976	329.628	520.538	256.686
24.9034	329.437	521.742	257.28
24.9092	333.65	519.637	259.219
24.915	331.537	516.942	258.322
24.9208	325.465	525.371	260.419
24.9266	328.677	530.249	262.382
24.9324	325.653	535.172	264.207
24.9382	334.036	533.013	258.919
24.944	330.009	535.172	259.969
24.9498	330.581	535.172	270.383	1609.27
24.9556	329.057	529.331	264.513	1607.41
24.9615	328.677	531.476	264.055	1601.85
24.9673	328.677	536.101	267.277	1602.78
24.9731	328.677	537.962	259.069	1603.7	228.945
24.9789	335.196	533.937	269.915	1602.78	229.078
24.9847	534.246	263.293	1600	228.945
24.9905	534.554	1600.93	228.681
24.9963	529.943	1603.7	229.21
25.0021	532.705	1603.7	228.549
25.0079	545.786	1606.49	229.608
25.0137	545.156	1605.56	229.475
25.0195	535.172	1608.34	229.21
25.0253	531.783	1609.27	230.405
25.0311	536.101	1611.13	230.139
25.0369	539.518	1612.06	230.139
25.0427	531.169	1614.86	229.078
25.0485	538.584	1612.99	230.139
25.0543	538.584	1610.2	229.608
25.0601	1610.2	229.873
25.0659	1610.2	229.873
25.0717	1606.49	227.627
25.0776	1603.7	228.945
25.0834	1600.93	228.945
25.0892	1598.16	228.681
25.095	1596.31	228.549
25.1008	1589.87	227.758
25.1066	1588.95	227.758
25.1124	1594.47	228.153
25.1182	1592.63	227.89
25.124	1598.16	228.022
25.1298	1600	228.681
25.1356	1595.39	227.758
25.1414	1595.39	227.758
25.1472	1594.47	227.627
25.153	1591.71	226.839
25.1588	1589.87	226.446
25.1646	1584.37	226.708
25.1704	1578.89	225.142
25.1762	1567.98	224.234
25.182	1561.65	222.556
25.1878	1556.25	221.274
25.1937	1554.45	221.402
25.1995	1584.37	225.924
25.2053	1618.59	225.924
25.2111	1621.4	225.924	432.691
25.2169	1607.41	216.846	434.444
25.2227	1614.86	216.846	435.952
25.2285	1622.34	219.873	436.456
25.2343	1607.41	232.813	436.456
25.2401	1602.78	436.708
25.2459	1602.78	438.224
25.2517	1606.49	438.731
25.2575	1600.93	439.492
25.2633	1604.63	439.492
25.2691	1600	441.018
25.2749	1598.16	440.763
25.2807	1605.56	441.018
25.2865	439.746
25.2923	439.238
25.2981	438.985
25.3039	439.238
25.3097	437.971
25.3156	437.719
25.3214	436.204
25.3272	438.224
25.333	440
25.3388	439.238
25.3446	439.746
25.3504	439.746
25.3562	440.509
25.362	438.985
25.3678	441.273	440.254
25.3736	441.273	440.763
25.3794	440.509	441.273
25.3852	440.509	440.509
25.391	439.746	439.492
25.3968	438.985	438.731
25.4026	438.985	439.238
25.4084	439.746	439.492
25.4142	439.746	439.492
25.42	439.492	439.492
25.4258	438.985	439.492
25.4317	439.492	439.492
25.4375	439.492	438.731
25.4433	438.985	438.224
25.4491	438.731	437.719
25.4549	439.492	438.478
25.4607	439.492
25.4665	438.731
25.4723	438.731
25.4781	437.466
25.4839	436.708
25.4897	436.456
25.4955	435.197
25.5013	433.942
25.5071	433.441
25.5129	432.691
25.5187	431.692
25.5245	431.942
25.5303	431.942
25.5361	431.942
25.542	430.945
25.5478	430.199
25.5536	431.194
25.5594	432.441
25.5652	432.691
25.571	432.441
25.5768	433.441
25.5826	435.449
25.5884	436.204
25.5942	436.204
25.6	434.946
25.6058	434.946
25.6116	436.456
25.6174	437.719
25.6232	437.719
25.629	437.213
25.6348	437.971
25.6406	437.971
25.6464	438.478
25.6522	438.224
25.658	437.719
25.6639	437.213
25.6697	434.695
25.6755	428.215
25.6813	417.711
25.6871	414.346
25.6929	412.913
25.6987	411.96
25.7045	410.772
25.7103	410.061
25.7161	409.587
25.7219	409.114
25.7277	409.114
25.7335	408.878
25.7393	408.642
25.7451	408.17
25.7509	408.642
25.7567	410.061
25.7625	409.587
25.7683	410.061
25.7741	410.061
25.78	411.009
25.7858	411.484
25.7916	411.484
25.7974	411.722
25.8032	411.96	413.151
25.809	412.913	414.825
25.8148	413.39	413.151
25.8206	413.151	406.523
25.8264	416.025	385.484
25.8322	406.758	372.783
25.838	424.276	372.138
25.8438	429.206	371.708
25.8496	436.961	370.422
25.8554	436.708	369.141
25.8612	368.714
25.867	368.076
25.8728	367.014
25.8786	367.227
25.8844	367.439
25.8902	366.803
25.8961	366.379
25.9019	366.803
25.9077	369.781
25.9135	364.901
25.9193	364.479
25.9251	364.69
25.9309	364.269
25.9367	363.218
25.9425	358.218
25.9483	355.127	310.409
25.9541	359.046	320.059
25.9599	364.479	313.653
25.9657	368.927	312.749
25.9715	369.141	311.847
25.9773	355.743	311.667
25.9831	347.417	310.947
25.9889	353.899	310.588
25.9947	354.922	311.307
26.0005	366.379	310.768
26.0063	356.566	312.027
26.0122	311.487
26.018	311.487
26.0238	311.667
26.0296	310.588
26.0354	311.127
26.0412	310.588
26.047	310.947
26.0528	310.588
26.0586	310.409
26.0644	310.768
26.0702	310.588
26.076	309.872	309.514
26.0818	309.514	309.514
26.0876	309.156	308.799
26.0934	309.693	310.051
26.0992	309.693	310.947
26.105	310.23	311.127
26.1108	309.872	310.588
26.1166	310.23	310.23
26.1224	311.127	310.588
26.1283	310.768	310.051
26.1341	310.768	309.872
26.1399	311.487	311.127
26.1457	310.409	310.051
26.1515	310.588	310.409
26.1573	310.588	310.23
26.1631	310.588	310.768
26.1689	309.335	309.514
26.1747	308.621	308.265
26.1805	308.265	308.978
26.1863	306.666
26.1921	304.9
26.1979	303.845
26.2037	302.794
26.2095	301.572
26.2153	300.182
26.2211	299.316
26.2269	296.391
26.2327	294.004
26.2385	292.48
26.2444	291.468
26.2502	291.805
26.256	292.818
26.2618	295.878
26.2676	299.143
26.2734	302.095
26.2792	304.196
26.285	305.782
26.2908	308.087
26.2966	309.872
26.3024	310.051
26.3082	310.051
26.314	310.409
26.3198	310.23
26.3256	309.335
26.3314	308.978
26.3372	308.265
26.343	309.693
26.3488	310.051
26.3546	309.156
26.3605	307.909
26.3663	310.409
26.3721	310.947
26.3779	311.307
26.3837	310.409
26.3895	310.23
26.3953	310.409
26.4011	310.768
26.4069	310.768
26.4127	309.872
26.4185	310.409
26.4243	310.768
26.4301	312.027
26.4359	308.978
26.4417	307.376
26.4475	310.051
26.4533	309.156
26.4591	309.514
26.4649	311.667
26.4707
26.4766	311.847
26.4824	311.667
26.4882	310.409
26.494	308.978
26.4998	306.489
26.5056	305.253
26.5114	301.921
26.5172	296.049
26.523	290.459
26.5288	288.12
26.5346	285.634
26.5404	280.565
26.5462	279.111
26.552	278.949
26.5578	279.111
26.5636	279.111
26.5694	279.111
26.5752	278.788
26.581	278.788
26.5868	278.949
26.5927	278.949
26.5985	279.272
26.6043	279.111
26.6101	278.788
26.6159	278.306
26.6217	277.503
26.6275	277.183
26.6333	277.343
26.6391	277.343
26.6449	277.824
26.6507	277.984
26.6565	277.984
26.6623	277.984
26.6681	277.663
26.6739	277.663
26.6797	277.503
26.6855	277.183
26.6913	277.183
26.6971	277.183
26.7029	277.183
26.7088	277.183
26.7146	277.343
26.7204	277.663
26.7262	277.824
26.732	278.145
26.7378	278.466
26.7436	278.788
26.7494	279.433
26.7552	279.433
26.761	280.08
26.7668	279.918
26.7726	280.565
26.7784	280.403
26.7842	280.565
26.79	280.565
26.7958	280.403
26.8016	279.756
26.8074	279.272
26.8132	278.788
26.819	278.466
26.8249	278.306
26.8307	278.145
26.8365	277.663
26.8423	277.183
26.8481	277.023
26.8539	277.023
26.8597	276.863
26.8655	276.543
26.8713	276.383
26.8771	276.064
26.8829	276.224
26.8887	276.543
26.8945	277.023
26.9003	277.503
26.9061	277.824
26.9119	278.949	1118.38
26.9177	279.595	1119.67
26.9235	280.08	1120.97
26.9293	280.727	1122.91
26.9351	281.214	1125.51
26.941	281.539	1126.81
26.9468	281.539	1127.46
26.9526	283.007	1130.72
26.9584	283.334	1135.3
26.9642	283.007	1133.34
26.97	282.354	1128.76
26.9758	280.727	1126.16
26.9816	280.403	1123.56
26.9874	280.08	1121.61
26.9932	280.08	1119.67
26.999	279.756	1119.03
27.0048	279.918	1122.91
27.0106	280.403	1125.51
27.0164	280.08	1126.81
27.0222	279.272	1122.26
27.028	277.824	1107.45
27.0338	276.224	1099.8
27.0396	276.224	1101.71
27.0454	276.064	1105.53
27.0512	276.703	1106.81
27.0571	276.863	1105.53
27.0629	276.863	1104.89
27.0687	276.863	1104.26
27.0745	276.383	1102.98
27.0803	276.383	1102.98
27.0861	276.383	1104.89
27.0919	276.383	1106.81
27.0977	277.023	1109.37
27.1035	277.343	1111.3
27.1093	277.984	1113.22
27.1151	278.788	1115.8
27.1209	279.272	1118.38
27.1267	280.565	1121.61
27.1325	281.214	1123.56
27.1383	281.052	1125.51
27.1441	281.052	1127.46
27.1499	281.377	1130.07
27.1557	281.702	1130.72
27.1615	283.007	1127.46
27.1673	282.354	1124.86
27.1732	281.702	1123.56
27.179	281.377	1122.91
27.1848	280.89	1123.56
27.1906	280.89	1132.68
27.1964	279.433	1127.46
27.2022	278.306	1117.09
27.208	278.466	1113.22
27.2138	278.788	1116.44
27.2196	279.111	1113.87
27.2254	278.627	1104.89
27.2312	277.663	1097.9
27.237	277.343	1097.26
27.2428	277.183	1106.17
27.2486	276.383	1101.07	831.089
27.2544	276.543	1098.53	832.531
27.2602	276.383	1099.8	831.569
27.266	276.543	828.693
27.2718	276.703	827.736
27.2776	276.863	827.736
27.2834	277.183	829.65
27.2893	277.183	829.65
27.2951	277.183	831.089
27.3009	277.343	832.531
27.3067	277.343	833.975
27.3125	277.824	834.939
27.3183	278.306	835.421
27.3241	278.949	838.321
27.3299	279.272	840.261
27.3357	279.756	838.806
27.3415	280.565	843.178
27.3473	280.565	842.204
27.3531	280.241	850.515
27.3589	279.756	843.665
27.3647	280.241	837.354
27.3705	279.756	838.321
27.3763	280.403	847.083
27.3821	279.918	841.232
27.3879	278.466	841.718
27.3937	278.466
27.3995	278.306
27.4054	277.984
27.4112	278.788
27.417	277.343
27.4228	277.023
27.4286	277.343
27.4344	276.863
27.4402	277.343
27.446	277.503
27.4518	277.824
27.4576	278.306
27.4634	277.343
27.4692	277.183
27.475	277.343
27.4808	277.503
27.4866	277.663
27.4924	277.663
27.4982	277.984
27.504	278.466
27.5098	279.272
27.5156	277.824
27.5215	277.663
27.5273	277.984
27.5331	278.145
27.5389	277.183
27.5447	273.209
27.5505	272.578
27.5563	277.183
27.5621	274.95
27.5679	277.183
27.5737	275.905
27.5795	275.427
27.5853	277.183
27.5911	276.224
27.5969	276.224
27.6027	277.183
27.6085	277.503
27.6143	277.663
27.6201	275.745
27.6259	275.745
27.6317	276.863
27.6376	275.586
27.6434	275.905
27.6492	277.343
27.655	276.064
27.6608	276.064
27.6666	275.586
27.6724	275.586
27.6782	276.863
27.684	277.824
27.6898	277.343
27.6956	277.183
27.7014	277.824
27.7072	278.145
27.713	279.433
27.7188	283.989
27.7246	279.433
27.7304	279.433
27.7362	279.272
27.742	278.949
27.7478	278.627
27.7537	278.949
27.7595	277.183
27.7653	278.145
27.7711	277.023
27.7769	277.663
27.7827	276.863
27.7885	274.791
27.7943	275.427
27.8001	274.95
27.8059	275.109
27.8117	277.824
27.8175	276.064
27.8233	276.383
27.8291	274.633
27.8349	276.224
27.8407	277.984
27.8465	275.427
27.8523	275.586
27.8581
27.8639
27.8698
27.8756
27.8814
27.8872
27.893
27.8988
27.9046
27.9104
27.9162
27.922
27.9278
27.9336
27.9394
27.9452
27.951
27.9568
27.9626
27.9684
27.9742
27.98
27.9858
27.9917
27.9975
28.0033
28.0091
28.0149
28.0207
28.0265
28.0323
28.0381
28.0439
28.0497
28.0555
28.0613
28.0671
28.0729
28.0787
28.0845
28.0903
28.0961
28.1019
28.1078
28.1136
28.1194
28.1252
28.131
28.1368
28.1426
28.1484
28.1542
28.16
28.1658
28.1716
28.1774
28.1832
28.189
28.1948
28.2006
28.2064
28.2122
28.2181
28.2239
28.2297
28.2355
28.2413
28.2471
28.2529
28.2587
28.2645
28.2703
28.2761
28.2819
28.2877
28.2935
28.2993
28.3051
28.3109
28.3167
28.3225
28.3283
28.3341
28.34
28.3458
28.3516
28.3574
28.3632
28.369
28.3748
28.3806
28.3864
28.3922
28.398
28.4038
28.4096
28.4154
28.4212
28.427
28.4328
28.4386
28.4444
28.4502
28.4561
28.4619
28.4677
28.4735
28.4793
28.4851
28.4909
28.4967
28.5025
28.5083
28.5141
28.5199
28.5257
28.5315
28.5373
28.5431
28.5489
28.5547
28.5605
28.5663
28.5722
28.578
28.5838
28.5896
28.5954
28.6012
28.607
28.6128
28.6186
28.6244
28.6302
28.636
28.6418
28.6476
28.6534
28.6592
28.665
28.6708
28.6766
28.6824
28.6883
28.6941
28.6999
28.7057
28.7115
28.7173
28.7231
28.7289
28.7347
28.7405
28.7463
28.7521
28.7579
28.7637
28.7695
28.7753
28.7811
28.7869
28.7927
28.7985
28.8044
28.8102
28.816
28.8218
28.8276
28.8334
28.8392
28.845
28.8508
28.8566
28.8624
28.8682
28.874
28.8798
28.8856
28.8914
28.8972
28.903
28.9088
28.9146
28.9205
28.9263
28.9321
28.9379
28.9437
28.9495
28.9553
28.9611
28.9669
28.9727
28.9785
28.9843
28.9901
28.9959
29.0017
29.0075
29.0133
29.0191
29.0249
29.0307
29.0366
29.0424
29.0482
29.054
29.0598
29.0656
29.0714
29.0772
29.083
29.0888
29.0946
29.1004
29.1062
29.112
29.1178
29.1236
29.1294
29.1352
29.141
29.1468
29.1527
29.1585
29.1643
29.1701
29.1759
29.1817
29.1875
29.1933
29.1991
29.2049
29.2107
29.2165
29.2223
29.2281
29.2339
29.2397
29.2455
29.2513
29.2571
29.2629
29.2688
29.2746
29.2804
29.2862
29.292
29.2978
29.3036
29.3094
29.3152
29.321
29.3268
29.3326
29.3384
29.3442
29.35
29.3558
29.3616
29.3674
29.3732
29.379
29.3849
29.3907
29.3965
29.4023
29.4081
29.4139
29.4197
29.4255
29.4313
29.4371
29.4429
29.4487
29.4545
29.4603
29.4661
29.4719
29.4777
29.4835
29.4893
29.4951
29.501
29.5068
29.5126
29.5184
29.5242
29.53
29.5358
29.5416
29.5474
29.5532
29.559
29.5648
29.5706
29.5764
29.5822
29.588
29.5938
29.5996
29.6054
29.6112
29.6171
29.6229
29.6287
29.6345
29.6403
29.6461
29.6519
29.6577
29.6635
29.6693
29.6751
29.6809
29.6867
29.6925
29.6983
29.7041
29.7099
29.7157
29.7215
29.7273
29.7332
29.739
29.7448
29.7506
29.7564
29.7622
29.768
29.7738
29.7796
29.7854
29.7912
29.797
29.8028
29.8086
29.8144
29.8202
29.826
29.8318
29.8376
29.8434
29.8493
29.8551
29.8609
29.8667
29.8725
29.8783
29.8841
29.8899
29.8957
29.9015
29.9073
29.9131
29.9189
29.9247
29.9305
29.9363
29.9421
29.9479
29.9537
29.9595
29.9654
29.9712
29.977
29.9828
29.9886
29.9944
30.0002
30.006
30.0118
30.0176
30.0234
30.0292
30.035
30.0408
30.0466
