1.10295	1.26549	3560.9	149.882
1.1668	1.37578	1788.7	130.447
1.32934	1.95628	2047.56	375.255
1.96209	2.14785	2097.85	135.124
2.13043	2.31619	2099.06	273.211
2.18268	2.31039	4293.76	73.1939
2.36844	2.69351	2118.55	583.495
2.66449	2.91991	6534.49	90.2172
2.70512	3.01279	2195.79	210.104
2.90249	3.2566	2208.51	683.752
3.00698	3.25079	4559.6	202.07
3.08825	3.19274	4003.91	141.259
3.23338	3.6049	2308.96	864.66
3.41914	3.61651	4298.73	209.238
3.6107	3.98803	2360.2	125.897
3.9532	4.14476	2879.02	217.39
4.12154	4.25506	3316.68	657.509
4.33052	4.78331	3046.69	785.659
4.40018	4.52209	3999.28	395.706
4.63238	4.78331	3257.82	802.421
4.6556	4.75429	3983.15	389.359
4.87619	5.0039	3163.25	698.117
5.01551	5.13161	3209.26	961.008
5.13741	5.3522	2885.67	834.256
5.30576	5.57279	2044.02	575.86
5.54376	5.73533	1969.84	846.969
5.73533	6.12426	2108.78	924.037
6.07782	6.61769	1792.83	704.953
6.12426	6.26358	2165.56	608.601
6.13007	6.40871	3604.36	440.446
6.34485	6.62349	6459.44	250.47
6.37388	6.82086	3119.7	266.686
6.67574	6.91374	2609.74	167.403
7.22141	7.45941	2394.53	426.848
7.30848	7.61615	2096.63	624.661
7.47683	7.78449	2522.3	808.802
7.78449	8.05732	2456.17	663.663
7.99927	8.16762	2457.59	704.518
8.1444	8.30113	2407.01	679.969
8.34177	8.79456	2300.97	878.564
8.70168	9.16027	2350.68	850.528
9.01515	9.32862	2400.07	857.388
9.06159	9.32862	4811.24	469.685
9.33442	9.56662	4816.8	326.931
9.34603	9.52018	2439.2	392.428
9.40989	9.74077	2217.46	1000.03
9.60145	9.75819	1935.99	868.817
9.78141	9.94975	2170.57	260.864
9.88009	10.0891	1507.59	341.296
9.99619	10.6463	1544.61	722.891
10.3213	10.7102	2966.8	114.994
10.4374	10.6696	7360.18	105.567
11.372	11.5926	2415.37	476.013
11.4823	11.9873	2352.03	777.57
11.9409	12.1905	2346.61	990.298
12.1963	12.5039	4631.27	293.783
12.3066	12.5504	2419.56	705.575
12.4865	12.62	2006.58	820.798
12.6723	12.9393	2380.74	345.296
12.8697	13.0612	3404.03	399.651
12.8755	12.9974	1587.12	529.162
12.9045	13.7346	1605.56	620.469
12.9045	13.7346	1605.56	620.469
13.2296	13.4095	3272.91	215.312
13.3863	13.5605	3229.72	267.321
13.5663	14.0597	3209.26	96.3745
13.7462	13.9842	6451.98	179.145
13.9552	14.3325	3216.69	75.476
18.425	18.605	3328.2	778.875
18.6166	18.8894	5366.23	111.451
18.7966	18.901	3305.21	715.377
18.901	19.0868	3242.8	796.681
19.0868	19.2493	3248.43	951.577
19.1274	19.2551	6440.81	477.592
19.2493	19.4061	2376.62	595.998
19.4293	19.6325	2442.02	1157.99
19.6325	19.7602	2341.19	548.389
19.6441	19.7834	4633.95	278.981
19.766	19.9517	2333.09	164.849
19.795	19.9111	2389	74.6283
19.8589	20.0098	2360.2	173.027
19.9634	20.0911	4173.94	222.945
19.975	20.1085	2127.13	228.151
20.1491	20.3639	2430.76	712.765
20.3291	20.509	2367.03	601.883
20.5032	20.7354	2501.99	730.737
20.6774	20.8341	12551.1	91.4921
20.7412	20.8573	2545.72	76.5612
20.9502	21.5307	1925.96	439.896
21.3043	21.6932	1628.91	390.128
21.699	22.1228	3894.42	115.423
22.8194	23.0748	2669.2	97.8158
22.9878	23.3593	3939.67	104.027
23.1155	23.4231	6694.96	120.304
23.2954	23.458	4575.44	188.056
23.5683	23.8295	4775.25	165.77
23.6437	23.8817	2413.97	312.78
23.8179	24.0907	2423.75	545.482
24.0094	24.2416	2156.82	329.489
24.259	24.4332	3994.67	168.025
24.439	24.648	2084.56	888.558
24.6306	24.9034	2489.02	430.118
24.6828	24.8105	2983.99	160.31
24.7873	24.9034	2596.21	143.742
24.857	25.1182	2520.85	254.384
25.0253	25.153	2504.88	751.194
25.0659	25.2169	6174.87	178.881
25.1124	25.3272	4212.69	506.866
25.153	25.4433	2155.58	751.194
25.3504	25.4781	2074.95	277.544
25.5129	25.6929	2375.24	1037.16
25.7161	25.9367	2409.79	115.437
25.8554	26.1515	2426.55	958.349
26.0412	26.1863	2432.17	705.266
26.2095	26.3314	2407.01	742.616
26.3372	26.4882	2420.95	130.955
26.6449	26.9758	1943.84	395.013
26.8132	26.9293	5444.28	109.03
26.9758	27.3995	1600	278.289
