0
0.00580499
0.01161
0.017415
0.02322
0.0290249
0.0348299
0.0406349
0.0464399
0.0522449
0.0580499
0.0638549
0.0696599
0.0754649
0.0812698
0.0870748
0.0928798
0.0986848
0.10449
0.110295
0.1161
0.121905
0.12771
0.133515
0.13932
0.145125
0.15093
0.156735
0.16254
0.168345
0.17415
0.179955
0.18576
0.191565
0.19737
0.203175
0.20898
0.214785
0.22059
0.226395
0.2322
0.238005
0.24381
0.249615
0.255419
0.261224
0.267029
0.272834
0.278639
0.284444
0.290249
0.296054	288.12
0.301859	284.482
0.307664	283.825
0.313469	284.975
0.319274	286.13
0.325079	285.47
0.330884	285.634
0.336689	287.123	592.783
0.342494	287.455	595.184
0.348299	288.953	583.61
0.354104	291.3	588.688
0.359909	294.174	591.415
0.365714	296.905	594.497
0.371519	298.625	595.872
0.377324	300.876	597.251
0.383129	300.702	595.872
0.388934	300.529	598.978
0.394739	301.224	596.561
0.400544	300.876	603.493
0.406349	300.529	602.448
0.412154	300.009	601.058
0.417959	299.143	598.287
0.423764	297.592	599.324
0.429569	298.971	598.632
0.435374	298.108	596.906
0.441179	296.563	597.251
0.446984	296.563	593.811
0.452789	295.025	589.369
0.458594	293.834	587.33
0.464399	292.142	583.947
0.470204	290.292	582.263
0.476009	289.287	583.273
0.481814	287.787	593.811
0.487619	276.543	591.756
0.493424	275.268	590.05
0.499229	271.792	601.405
0.505034	267.741	601.058
0.510839	265.738	604.19
0.516644	265.738	571.599
0.522449	264.207	589.709
0.528254	264.207	583.947	263.75
0.534059	264.818	563.079	247.227
0.539864	264.818	553.406	264.207
0.545669	265.738	536.72	263.75
0.551474	267.586	535.482	265.738
0.557279	270.695	537.651	270.227
0.563084	275.745	274.316
0.568889	277.984	276.543
0.574694	279.433	278.627
0.580499	281.865	281.214
0.586304	284.318	284.153
0.592109	286.13	287.954
0.597914	289.957	290.627
0.603719	292.142	292.649
0.609524	294.344	295.025
0.615329	296.049	296.391
0.621134	298.281
0.626939	300.182
0.632744	301.921
0.638549	302.444
0.644354	302.095
0.650159	301.398
0.655964	301.224
0.661769	299.835
0.667574	298.971
0.673379	298.453
0.679184	297.42
0.684989	295.878
0.690794	295.707
0.696599	295.366
0.702404	294.855
0.708209	294.344
0.714014	292.48
0.719819	289.622
0.725624	284.482
0.731429	275.905
0.737234	271.478
0.743039	265.584
0.748844	262.382
0.754649	259.069
0.760454	251.694
0.766258	253.152
0.772063	261.928
0.777868	253.445
0.783673
0.789478
0.795283
0.801088
0.806893
0.812698
0.818503
0.824308
0.830113
0.835918
0.841723
0.847528
0.853333	216.971
0.859138	215.099
0.864943	212.998
0.870748	208.253
0.876553	205.861
0.882358	202.792
0.888163	201.159
0.893968	199.078
0.899773	205.03
0.905578	198.619
0.911383	197.475
0.917188	206.456
0.922993	200.695
0.928798	198.275
0.934603	193.299
0.940408	197.019
0.946213	204.794
0.952018	208.253
0.957823	215.722
0.963628	218.986
0.969433	219.873
0.975238	220.764
0.981043	222.685
0.986848	224.623
0.992653	225.924
0.998458	231.739
1.00426	231.205	232.007
1.01007	231.472	234.974
1.01587	227.89	235.926
1.02168	227.89	241.162
1.02748	227.89	230.804
1.03329	227.89	236.472
1.03909	227.89	249.378
1.0449	254.913
1.0507	258.471
1.05651	258.77
1.06231	258.77
1.06812	258.77
1.07392	258.621
1.07973	259.518
1.08553	259.069
1.09134	258.621
1.09714	261.474
1.10295	259.668
1.10875	259.369
1.11456	253.884
1.12036	253.884
1.12617	250.244
1.13197	262.534
1.13778	262.534
1.14358	262.989
1.14939	252.276
1.15519	252.276
1.161
1.1668
1.17261
1.17841
1.18422
1.19002
1.19583
1.20163
1.20744
1.21324
1.21905
1.22485
1.23066
1.23646
1.24227
1.24807
1.25388
1.25968
1.26549
1.27129
1.2771
1.2829
1.28871
1.29451
1.30032
1.30612
1.31193
1.31773
1.32354
1.32934
1.33515
1.34095
1.34676
1.35256
1.35837
1.36417
1.36998
1.37578
1.38159
1.38739
1.3932
1.399
1.40481
1.41061	260.72
1.41642	265.125
1.42222	265.278
1.42803	274.157
1.43383	277.984
1.43964	280.727
1.44544	283.17
1.45125	287.621
1.45705	291.468
1.46286	299.316
1.46866	302.619
1.47447	304.548
1.48027	306.312
1.48608	307.198
1.49188	309.872
1.49769	310.23
1.50349	308.265
1.5093	306.666
1.5151	305.253
1.52091	307.198
1.52671	309.335
1.53252	315.652
1.53832	308.799
1.54413	307.553
1.54993	307.909
1.55574	315.106
1.56154	312.749
1.56735	310.768
1.57315	310.23
1.57896
1.58476
1.59057
1.59637
1.60218
1.60798
1.61379
1.61959
1.6254
1.6312
1.63701
1.64281	275.905
1.64862	279.111
1.65442	279.918
1.66023	284.975
1.66603	285.965
1.67184	290.292
1.67764	291.468
1.68345	292.649
1.68925	292.987
1.69506	292.48
1.70086	290.459
1.70667	289.789
1.71247	288.62
1.71828	287.123
1.72408	286.461
1.72989	286.461
1.73569	285.8
1.7415	284.646
1.7473	284.153
1.75311	284.153
1.75891	283.825
1.76472	283.007
1.77052	282.68
1.77633	282.843
1.78213	283.498
1.78794	283.334
1.79374	283.498
1.79955	283.007
1.80535	283.17
1.81116	283.007
1.81696	282.354
1.82277	281.377
1.82857	279.111
1.83438	276.543
1.84018	272.106
1.84599	266.506
1.85179	259.369
1.8576	271.635
1.8634	274.95
1.86921	274.95
1.87501	269.292
1.88082	271.478
1.88662	267.432
1.89243	265.125
1.89823	264.513
1.90404
1.90984
1.91565
1.92145	253.591
1.92726	260.72
1.93306	246.372
1.93887	249.955
1.94467	251.113
1.95048	253.738
1.95628	255.06
1.96209	254.766
1.96789	254.031
1.9737	253.298
1.9795	252.422
1.98531	251.694
1.99111	250.678
1.99692	249.523
2.00272	248.947
2.00853	248.516
2.01433	248.516
2.02014	248.229
2.02594	248.803
2.03175	249.09
2.03755	249.234
2.04336	249.378
2.04916	249.09
2.05497	249.955
2.06077	250.389
2.06658	251.549
2.07238	253.006
2.07819	254.324
2.08399	254.766
2.0898	255.207
2.0956	256.538
2.10141	257.28
2.10721	258.024
2.11302	257.875
2.11882	258.024
2.12463	255.946
2.13043	253.884
2.13624	251.839
2.14204	250.678
2.14785	250.389
2.15365	250.1
2.15946	248.947
2.16526	248.803
2.17107	249.09
2.17687	249.378
2.18268	249.378
2.18848	249.234
2.19429	248.947
2.20009	248.659
2.2059	248.516
2.2117	248.659
2.21751	249.09
2.22331	250.1
2.22912	251.694
2.23492	254.178
2.24073	257.577
2.24653	260.419
2.25234	263.75
2.25814	268.67
2.26395	273.367
2.26975	277.343
2.27556	282.517
2.28136	285.305
2.28717	287.289
2.29297	288.287
2.29878	288.453
2.30458	288.787
2.31039	289.12
2.31619	288.287
2.322	286.792
2.3278	285.8
2.33361	284.811
2.33941	283.498
2.34522	282.68
2.35102	282.843
2.35683	283.498
2.36263	282.68
2.36844	281.539
2.37424	281.052
2.38005	280.727
2.38585	281.377
2.39166	281.377
2.39746	282.028
2.40327	283.007
2.40907	283.825
2.41488	283.989
2.42068	283.334
2.42649	283.334
2.43229	281.865
2.4381	280.08
2.4439	276.703
2.44971	272.736
2.45551	268.515
2.46132	262.686
2.46712	257.28
2.47293	252.422
2.47873	248.085
2.48454	244.529
2.49034	241.999
2.49615	240.467
2.50195	238.392
2.50776	237.43
2.51356	237.019
2.51937	235.926
2.52517	234.839
2.53098	233.621
2.53678	233.891
2.54258	233.351
2.54839	232.41
2.55419	229.74
2.56	227.364
2.5658	226.185
2.57161	224.493
2.57741	220.509
2.58322	216.846
2.58902	214.231
2.59483	211.16
2.60063	209.338
2.60644	207.532
2.61224	205.742
2.61805	204.675
2.62385	204.439
2.62966	203.967
2.63546	203.496
2.64127	204.321
2.64707	205.386
2.65288	205.386
2.65868	205.505
2.66449	205.623
2.67029	204.675
2.6761	204.085
2.6819	203.732
2.68771	204.439
2.69351	205.505
2.69932	198.734
2.70512	194.869
2.71093	202.208
2.71673	208.735
2.72254	218.986
2.72834	216.096
2.73415	216.47
2.73995	223.587
2.74576
2.75156
2.75737
2.76317
2.76898
2.77478
2.78059
2.78639
2.7922
2.798
2.80381
2.80961
2.81542
2.82122
2.82703
2.83283
2.83864
2.84444
2.85025
2.85605
2.86186
2.86766
2.87347
2.87927
2.88508
2.89088
2.89669
2.90249
2.9083
2.9141
2.91991
2.92571
2.93152
2.93732
2.94313
2.94893
2.95474
2.96054
2.96635
2.97215
2.97796
2.98376
2.98957	184.464
2.99537	183.825
3.00118	185.639
3.00698	186.284
3.01279	189.54
3.01859	189.212
3.0244	190.418
3.0302	192.742
3.03601	194.307
3.04181	193.188
3.04762	190.748
3.05342	190.198
3.05923	189.212
3.06503	188.122
3.07084	187.58
3.07664	187.688
3.08245	187.255
3.08825	186.607
3.09406	187.363
3.09986	186.499
3.10567	185.747
3.11147	185.425
3.11728	185.211
3.12308	184.677
3.12889	183.189
3.13469	183.613
3.1405	184.144
3.1463	184.57
3.15211	183.719
3.15791	183.084
3.16372	184.144
3.16952	185.104
3.17533	185.532
3.18113	193.635
3.18694	193.076
3.19274	193.858
3.19855	193.188
3.20435	194.083
3.21016	201.974
3.21596	206.099
3.22177	217.473	206.099
3.22757	231.338	207.772
3.23338	221.53	208.494
3.23918	224.104	208.735
3.24499	209.823	209.217
3.25079	200.116	210.187
3.2566	212.752	210.065
3.2624	211.038	210.065
3.26821	209.338	209.097
3.27401	207.293	207.892
3.27982	208.494	206.456
3.28562	205.03	206.099
3.29143	204.912	206.456
3.29723	209.944	209.217
3.30304	210.673	210.551
3.30884	211.16	211.038
3.31465	211.16
3.32045	210.673
3.32626	210.916
3.33206	212.998	440.509
3.33787	214.355	433.692
3.34367	214.231	433.441
3.34948	213.861	432.941
3.35528	214.603	432.941
3.36109	214.975	434.444
3.36689	215.722	435.449
3.3727	216.846	434.946
3.3785	217.599	435.197
3.38431	219.239	437.213
3.39011	222.171	446.658
3.39592	225.012	450.805
3.40172	226.054	454.728
3.40753	234.839	460.012
3.41333	241.72	457.626
3.41914	244.246	459.215
3.42494	248.085	459.215
3.43075	250.533	479.823
3.43655	248.372	491.039
3.44236	249.523	491.039
3.44816	249.811
3.45397	249.955
3.45977	249.811
3.46558	250.244
3.47138	251.258
3.47719	250.678
3.48299	248.085
3.4888	246.372
3.4946	244.811
3.50041	243.823
3.50621	241.302
3.51202	241.58
3.51782	242.139
3.52363	242.559
3.52943	242.699
3.53524	246.657
3.54104	249.523
3.54685	242.559
3.55265	246.229
3.55846	239.496
3.56426
3.57007
3.57587
3.58168
3.58748
3.59329
3.59909
3.6049
3.6107
3.61651
3.62231
3.62812
3.63392
3.63973
3.64553
3.65134
3.65714
3.66295
3.66875
3.67456
3.68036
3.68617
3.69197
3.69778
3.70358
3.70939
3.71519
3.721
3.7268
3.73261
3.73841
3.74422
3.75002
3.75583
3.76163
3.76744
3.77324
3.77905
3.78485
3.79066
3.79646
3.80227
3.80807
3.81388
3.81968
3.82549
3.83129
3.8371
3.8429
3.84871
3.85451
3.86032
3.86612
3.87193
3.87773
3.88354
3.88934
3.89515
3.90095
3.90676
3.91256
3.91837
3.92417
3.92998
3.93578
3.94159
3.94739
3.9532
3.959
3.96481
3.97061
3.97642
3.98222
3.98803
3.99383
3.99964
4.00544
4.01125
4.01705
4.02286
4.02866
4.03447
4.04027
4.04608
4.05188
4.05769
4.06349
4.0693
4.0751
4.08091
4.08671
4.09252
4.09832
4.10413
4.10993
4.11574
4.12154
4.12735
4.13315
4.13896
4.14476
4.15057
4.15637
4.16218
4.16798
4.17379
4.17959
4.1854
4.1912
4.19701
4.20281
4.20862
4.21442
4.22023
4.22603
4.23184
4.23764
4.24345
4.24925
4.25506
4.26086
4.26667
4.27247
4.27828
4.28408
4.28989
4.29569
4.3015
4.3073
4.31311
4.31891
4.32472
4.33052
4.33633
4.34213
4.34794
4.35374
4.35955
4.36535
4.37116
4.37696
4.38277
4.38857
4.39438
4.40018
4.40599
4.41179
4.4176
4.4234
4.42921
4.43501
4.44082
4.44662
4.45243
4.45823
4.46404
4.46984
4.47565
4.48145
4.48726
4.49306
4.49887
4.50467
4.51048
4.51628
4.52209
4.52789
4.5337
4.5395
4.54531
4.55111
4.55692
4.56272
4.56853
4.57433
4.58014
4.58594
4.59175
4.59755
4.60336
4.60916
4.61497
4.62077
4.62658
4.63238
4.63819
4.64399
4.6498
4.6556
4.66141
4.66721
4.67302
4.67882
4.68463
4.69043
4.69624
4.70204
4.70785
4.71365
4.71946
4.72526
4.73107
4.73687
4.74268
4.74848
4.75429
4.76009
4.7659
4.7717
4.77751
4.78331
4.78912
4.79492
4.80073
4.80653
4.81234
4.81814
4.82395
4.82975
4.83556
4.84136
4.84717
4.85297
4.85878
4.86458
4.87039
4.87619
4.882
4.8878
4.89361
4.89941
4.90522
4.91102
4.91683
4.92263
4.92844
4.93424
4.94005
4.94585
4.95166
4.95746
4.96327
4.96907
4.97487
4.98068
4.98649
4.99229
4.9981
5.0039
5.00971
5.01551
5.02132
5.02712
5.03293
5.03873
5.04454
5.05034
5.05615
5.06195
5.06776
5.07356
5.07936
5.08517
5.09097
5.09678
5.10258
5.10839
5.11419
5.12
5.1258
5.13161
5.13741
5.14322
5.14902
5.15483
5.16063
5.16644
5.17225
5.17805
5.18385
5.18966
5.19546
5.20127
5.20707
5.21288
5.21868
5.22449
5.23029
5.2361
5.2419
5.24771
5.25351
5.25932
5.26512
5.27093
5.27673
5.28254
5.28834
5.29415
5.29995
5.30576
5.31156
5.31737
5.32317
5.32898
5.33478
5.34059
5.34639
5.3522
5.358
5.36381
5.36961
5.37542
5.38122
5.38703
5.39283
5.39864
5.40444
5.41025
5.41605
5.42186
5.42766
5.43347
5.43927
5.44508
5.45088
5.45669
5.46249
5.4683
5.4741
5.47991
5.48571
5.49152
5.49732
5.50313
5.50893
5.51474
5.52054
5.52635
5.53215
5.53796
5.54376
5.54957
5.55537
5.56118
5.56698
5.57279
5.57859
5.5844
5.5902
5.59601
5.60181
5.60762
5.61342
5.61923
5.62503
5.63084
5.63664
5.64245
5.64825
5.65406
5.65986
5.66567
5.67147
5.67728
5.68308
5.68889
5.69469
5.7005
5.7063
5.71211
5.71791
5.72372
5.72952
5.73533
5.74113
5.74694
5.75274
5.75855
5.76435
5.77016
5.77596
5.78177
5.78757
5.79338
5.79918
5.80499
5.81079
5.8166
5.8224
5.82821
5.83401
5.83982
5.84562
5.85143
5.85723
5.86304
5.86884
5.87465
5.88045
5.88626
5.89206
5.89787
5.90367
5.90948
5.91528
5.92109
5.92689
5.9327
5.9385
5.94431
5.95011
5.95592
5.96172
5.96753
5.97333
5.97914
5.98494
5.99075
5.99655
6.00236
6.00816
6.01397
6.01977
6.02558
6.03138
6.03719
6.04299
6.0488
6.0546
6.06041
6.06621
6.07202	195.207
6.07782	201.624
6.08363	203.849
6.08943	205.861
6.09524	208.133
6.10104	209.459
6.10685	211.038
6.11265	211.893
6.11846	212.752
6.12426	212.506
6.13007	212.016
6.13587	211.526
6.14168	210.673
6.14748	209.58
6.15329	208.614
6.15909	207.892
6.1649	210.916
6.1707	207.772
6.17651	211.038
6.18231	208.012
6.18812	208.012
6.19392
6.19973
6.20553
6.21134
6.21714
6.22295
6.22875
6.23456
6.24036
6.24617
6.25197
6.25778
6.26358
6.26939	257.577
6.27519	241.72
6.281	258.322
6.2868	255.207
6.29261	250.1
6.29841	248.085
6.30422	244.387
6.31002	255.355
6.31583	258.471	470.492
6.32163	248.659	456.043
6.32744	253.152	456.834
6.33324	254.766	465.626
6.33905	250.1	459.48
6.34485	249.378	465.088
6.35066	249.523	468.594
6.35646	252.714	468.864
6.36227	253.006	461.875
6.36807	245.661	468.323
6.37388	244.811	473.764
6.37968	246.799	495.026
6.38549	247.656	494.74
6.39129	247.799	495.884
6.3971	246.942	493.598
6.4029	245.236	490.189
6.40871	244.105	488.493
6.41451	241.999	485.118
6.42032	240.05	481.767
6.42612	237.705	476.234
6.43193	234.839	475.684
6.43773	232.544	473.764
6.44354	229.078	461.342
6.44934	225.663	452.109
6.45515	226.708	447.95
6.46095	221.914	442.805
6.46676	219.746	441.273
6.47256	219.112	450.805
6.47837	214.851	453.678
6.48417	214.603	442.549
6.48998	214.108	426.241
6.49578	212.998	421.833
6.50159	418.919
6.50739	417.228
6.5132	397.697
6.519	410.061
6.52481
6.53061
6.53642
6.54222
6.54803
6.55383
6.55964
6.56544
6.57125
6.57705
6.58286
6.58866
6.59447
6.60027
6.60608
6.61188	919.492
6.61769	887.658
6.62349	899.01
6.6293	900.049
6.6351	866.883
6.64091	909.456
6.64671	918.43
6.65252	920.023
6.65832	921.619
6.66413	920.023
6.66993	935.024
6.67574	921.087
6.68154	949.172
6.68735	919.492
6.69315	921.087
6.69896	904.74
6.70476	884.076
6.71057	875.943
6.71637	910.507
6.72218	886.633
6.72798	939.897
6.73379	939.897
6.73959	907.357
6.7454	941.528
6.7512	956.879
6.75701	922.151
6.76281
6.76862
6.77442
6.78023
6.78603
6.79184
6.79764
6.80345
6.80925
6.81506
6.82086
6.82667
6.83247
6.83828
6.84408
6.84989
6.85569
6.8615
6.8673
6.87311
6.87891
6.88472
6.89052
6.89633
6.90213
6.90794
6.91374
6.91955
6.92535
6.93116
6.93696
6.94277
6.94857
6.95438
6.96018
6.96599
6.97179
6.9776
6.9834
6.98921
6.99501
7.00082
7.00662
7.01243
7.01823
7.02404
7.02984
7.03565
7.04145
7.04726
7.05306
7.05887
7.06467
7.07048
7.07628
7.08209
7.08789
7.0937
7.0995
7.10531
7.11111
7.11692
7.12272
7.12853
7.13433
7.14014
7.14594
7.15175
7.15755
7.16336
7.16916
7.17497
7.18077
7.18658
7.19238
7.19819
7.20399
7.2098
7.2156
7.22141
7.22721
7.23302
7.23882
7.24463
7.25043
7.25624
7.26204
7.26785
7.27365
7.27946
7.28526
7.29107
7.29687
7.30268
7.30848
7.31429
7.32009
7.3259
7.3317
7.33751
7.34331
7.34912
7.35492
7.36073
7.36653
7.37234
7.37814
7.38395
7.38975
7.39556
7.40136	201.275
7.40717	196.224
7.41297	193.635
7.41878	195.207
7.42458	208.253
7.43039	210.187
7.43619	205.386
7.442	199.424
7.4478	199.078
7.45361	200.116
7.45941	200
7.46522	203.027
7.47102	209.701
7.47683	214.355
7.48263	219.746
7.48844	223.846
7.49424	230.405
7.50005	234.432
7.50585	236.472
7.51166	239.22
7.51746	242.419
7.52327	247.37
7.52907	250.389
7.53487	255.06
7.54068	252.86
7.54648	259.219
7.55229	261.173
7.55809	268.36
7.5639	269.292
7.56971	271.322
7.57551	259.969
7.58132	256.241	302.619
7.58712	258.77	305.253
7.59293	259.969	306.666
7.59873	261.474	302.794
7.60454	267.741	300.702	575.575
7.61034	282.191	299.316	598.287
7.61615	298.625	299.489	596.561
7.62195	299.835	299.835	597.941
7.62776	301.05	301.572	603.842
7.63356	301.398	302.444	605.588
7.63936	301.398	302.095	608.042
7.64517	301.398	302.619	603.144
7.65097	300.702	301.921	603.493
7.65678	301.05	301.746	603.144
7.66258	299.489	300.529	603.842
7.66839	300.529	602.448
7.67419	300.182	600.017
7.68	299.835	602.1
7.6858	298.798	596.561
7.69161	299.143	597.596
7.69741	291.805	600.364
7.70322	294.344	590.732
7.70902	297.592	595.872
7.71483	299.143	593.125
7.72063	302.969	598.978
7.72644	595.872
7.73224	602.1
7.73805
7.74385
7.74966
7.75546
7.76127
7.76707
7.77288
7.77868
7.78449
7.79029
7.7961
7.8019
7.80771
7.81351
7.81932
7.82512
7.83093
7.83673
7.84254
7.84834
7.85415
7.85995
7.86576
7.87156
7.87737
7.88317
7.88898
7.89478
7.90059
7.90639
7.9122
7.918
7.92381
7.92961
7.93542
7.94122	551.491
7.94703	565.687
7.95283	563.079	279.756
7.95864	567.651	280.241
7.96444	582.936	267.895
7.97025	585.974	283.334
7.97605	598.287	276.863
7.98186	607.34	288.453
7.98766	601.405	286.792
7.99347	609.096	282.517
7.99927	597.251	281.214
8.00508	583.273	279.111
8.01088	569.951	283.334
8.01669	589.028	284.482
8.02249	586.313	285.47
8.0283	610.858	286.461
8.0341	601.058	283.498
8.03991	594.841	287.289
8.04571	594.841	282.191
8.05152	621.177	283.17
8.05732	282.191
8.06313	284.975
8.06893	284.975
8.07474	283.661
8.08054	279.272
8.08635	276.703
8.09215	275.905
8.09796	275.905
8.10376	285.8
8.10957	276.543
8.11537	277.503
8.12118
8.12698
8.13279
8.13859
8.1444
8.1502
8.15601
8.16181
8.16762
8.17342
8.17923
8.18503
8.19084
8.19664
8.20245
8.20825
8.21406
8.21986
8.22567
8.23147
8.23728
8.24308
8.24889
8.25469
8.2605
8.2663
8.27211
8.27791
8.28372
8.28952
8.29533
8.30113
8.30694
8.31274
8.31855
8.32435
8.33016
8.33596
8.34177
8.34757
8.35338	553.406
8.35918	524.765
8.36499	531.783
8.37079	530.862
8.3766	534.246
8.3824	540.766
8.38821	540.141
8.39401	547.365
8.39982	550.218
8.40562	559.512
8.41143	559.512
8.41723	570.939	285.305
8.42304	570.28	288.953
8.42884	581.59	289.957
8.43465	580.248	290.124
8.44045	578.575	289.455
8.44626	579.244	289.789
8.45206	578.241	290.459
8.45787	578.909	290.124
8.46367	575.242	289.287
8.46948	577.24	288.287
8.47528	574.578	286.626
8.48109	572.26	285.965
8.48689	569.621	283.989
8.4927	565.034	282.843
8.4985	562.429	282.191
8.50431	562.754	281.377
8.51011	561.131	280.403
8.51592	561.779	280.241
8.52172	560.159	280.403
8.52753	560.807	280.08
8.53333	561.455	280.565
8.53914	561.779	280.565
8.54494	562.754	282.354
8.55075	567.979	282.68
8.55655	563.079	282.191
8.56236	563.73	282.517
8.56816	571.269	283.007
8.57397	567.323	283.825
8.57977	562.429	284.975
8.58558	566.014	283.825
8.59138	566.014	284.811
8.59719	564.707	284.318
8.60299	564.055	280.727
8.6088	563.73	281.052
8.6146	563.73	285.47
8.62041	563.73	295.878
8.62621	570.28	295.878
8.63202
8.63782
8.64363
8.64943
8.65524
8.66104
8.66685
8.67265
8.67846
8.68426
8.69007
8.69587
8.70168
8.70748
8.71329	233.351
8.71909	239.635
8.7249	236.336
8.7307	239.082
8.73651	251.403
8.74231	239.496
8.74812	251.549
8.75392	235.246
8.75973	234.839
8.76553	231.472
8.77134	229.21
8.77714	227.627
8.78295	226.839
8.78875	222.043
8.79456	219.112
8.80036	216.221
8.80617	227.101
8.81197	237.293
8.81778	243.261
8.82358	251.549
8.82939	249.378
8.83519	240.467	401.854
8.841	237.705	409.351
8.8468	240.189	411.246
8.85261	236.609	417.952
8.85841	239.082	418.435
8.86422	244.811	418.677
8.87002	234.297	415.305
8.87583	241.162	417.228
8.88163	246.229	417.469
8.88744	256.982	415.065
8.89324	256.982	413.629
8.89905	266.506	413.151
8.90485	266.506	412.913
8.91066	251.258	414.586
8.91646	246.514	411.009
8.92227	403.482
8.92807	406.288
8.93388	420.859	680.929
8.93968	421.833	679.357
8.94549	421.833	691.232
8.95129	414.825	691.232
8.9571	415.785	687.648
8.9629	419.161	692.431
8.96871	422.564	690.833
8.97451	429.95	692.831
8.98032	427.968	694.434
8.98612	429.702	700.477
8.99193	436.961	692.831
8.99773	426.241	713.957
9.00354	428.958	694.434
9.00934	411.009	687.648
9.01515	404.649	700.881
9.02095	408.406	695.638
9.02676	427.227	709.845
9.03256	430.945	709.025
9.03837	431.443	713.545
9.04417	433.692	701.692
9.04998	427.968	710.665
9.05578	437.971	713.545
9.06159	442.805	711.487
9.06739	420.616	722.67
9.0732	412.913	704.942
9.079	409.587	708.616
9.08481	400.695	690.833
9.09061	387.269	681.716
9.09642	392.675	688.443
9.10222	386.599	699.264
9.10803	382.379	712.721
9.11383	394.494	714.782
9.11964	397.238	682.504
9.12544	394.95
9.13125	387.046
9.13705	377.551
9.14286	357.804
9.14866	361.126
9.15447	360.501
9.16027	344.619
9.16608
9.17188
9.17769
9.18349
9.1893
9.1951
9.20091
9.20671
9.21252
9.21832
9.22413
9.22993
9.23574
9.24154
9.24735
9.25315
9.25896
9.26476
9.27057
9.27637
9.28218
9.28798
9.29379
9.29959
9.3054
9.3112
9.31701
9.32281
9.32862
9.33442
9.34023
9.34603
9.35184
9.35764
9.36345
9.36925
9.37506
9.38086
9.38667
9.39247
9.39828
9.40408
9.40989
9.41569
9.4215
9.4273
9.43311
9.43891
9.44472
9.45052
9.45633
9.46213
9.46794
9.47374
9.47955
9.48535
9.49116
9.49696
9.50277
9.50857
9.51438
9.52018
9.52599
9.53179
9.5376
9.5434
9.54921
9.55501
9.56082
9.56662
9.57243
9.57823
9.58404
9.58984
9.59565
9.60145
9.60726
9.61306
9.61887
9.62467
9.63048
9.63628
9.64209
9.64789
9.6537
9.6595
9.66531
9.67111
9.67692
9.68272
9.68853
9.69433
9.70014
9.70594
9.71175
9.71755
9.72336
9.72916
9.73497
9.74077
9.74658
9.75238
9.75819
9.76399
9.7698
9.7756
9.78141
9.78721
9.79302
9.79882
9.80463
9.81043
9.81624
9.82204
9.82785
9.83365
9.83946
9.84526
9.85107
9.85687
9.86268
9.86848
9.87429
9.88009
9.8859
9.8917
9.89751
9.90331
9.90912
9.91492
9.92073
9.92653
9.93234
9.93814
9.94394
9.94975
9.95555
9.96136
9.96716
9.97297
9.97878
9.98458
9.99039
9.99619
10.002
10.0078
10.0136
10.0194
10.0252
10.031
10.0368
10.0426
10.0484
10.0542
10.06
10.0659
10.0717
10.0775
10.0833
10.0891
10.0949
10.1007
10.1065
10.1123
10.1181
10.1239
10.1297
10.1355
10.1413
10.1471
10.1529
10.1587
10.1645
10.1703
10.1761
10.1819
10.1878
10.1936	281.377
10.1994	278.949
10.2052	289.789
10.211	280.89
10.2168	295.707
10.2226	284.482
10.2284	283.989	575.907
10.2342	289.287	583.273
10.24	294.514	591.073
10.2458	296.563	598.632
10.2516	293.834	584.284
10.2574	294.514	585.974
10.2632	290.124	586.99
10.269	293.495	587.33
10.2748	295.025	588.008	1169.92
10.2806	293.326	587.669	1169.92
10.2864	293.495	586.651	1174.66
10.2922	294.855	587.33	1179.42
10.298	294.174	588.008	1180.78
10.3039	293.665	586.651	1175.34
10.3097	292.48	585.974	1172.63
10.3155	292.818	586.313	1171.95
10.3213	294.004	584.622	1172.63
10.3271	290.459	575.575	1166.55
10.3329	291.805	581.59	1170.6
10.3387	291.3	586.651	1176.02
10.3445	291.131	586.313	1173.98
10.3503	288.12	575.242	1160.5
10.3561	286.792	570.939	1141.88
10.3619	288.62	572.59	1144.52
10.3677	287.289	574.578	1150.48
10.3735	288.62	576.573	1163.18
10.3793	289.12	578.575	1159.83
10.3851	290.795	585.636	1163.18
10.3909	288.953	578.241	1150.48
10.3967	287.123	584.284	1169.24
10.4025	286.957	591.073	1186.25
10.4083	291.468	594.497	1203.51
10.4141	291.468	601.752	1213.28
10.42	298.625	599.324	1203.51
10.4258	295.707	591.073	1181.46
10.4316	292.649	589.369	1167.22	229.475
10.4374	291.805	591.415	1180.1	245.661
10.4432	291.131	579.244	1159.16	240.328
10.449	281.539	591.415	1143.86	245.378
10.4548	290.963	586.99	1157.15	254.913
10.4606	290.627	602.1	1220.31	239.496
10.4664	291.805	595.184	1226.67	239.635
10.4722	297.592	602.1	1221.01	239.635
10.478	291.805	588.008	1208.38	239.635
10.4838	294.344	588.688	240.745
10.4896	299.662	593.468	241.86
10.4954	608.393	242.559
10.5012	602.796	244.105
10.507	602.796	244.811
10.5128	595.184	249.09
10.5186	594.841	249.811
10.5244	599.671	250.533
10.5302	605.938	252.13
10.5361	609.096	253.445
10.5419	598.632	254.766
10.5477	588.348	256.834
10.5535	568.635	256.982
10.5593	577.24	257.577	514.262
10.5651	576.573	256.982	511.891
10.5709	256.686	509.531
10.5767	256.686	512.187
10.5825	255.798	512.187
10.5883	251.839	515.749
10.5941	249.955	511.891
10.5999	244.246	506.304
10.6057	247.799	508.062
10.6115	244.811	499.045
10.6173	246.514	501.936
10.6231	249.523	499.911
10.6289	243.12	498.181
10.6347	242.98	497.319
10.6405	241.023	490.189
10.6463	239.22	512.779
10.6522	239.358	500.199
10.658	241.162	516.644
10.6638	240.328	517.839	280.403
10.6696	242.139	519.637	281.702
10.6754	242.139	516.644	280.565
10.6812	242.139	524.765	284.646
10.687	234.839	514.856	293.156
10.6928	225.793	517.839	297.077
10.6986	235.246	525.371	301.746	552.447
10.7044	522.949	301.05	558.221
10.7102	526.282	297.42	562.429
10.716	516.346	292.142	563.079
10.7218	502.516	295.025	565.034
10.7276	501.646	297.592	565.687
10.7334	513.372	289.789	563.079
10.7392	538.273	281.865	563.73
10.745	530.862	276.703	571.269
10.7508	531.169	280.241	559.189
10.7566	528.109	277.824	553.086
10.7624	519.037	279.756	557.577
10.7683	279.756	560.159
10.7741	279.595	556.611
10.7799	278.949	554.365
10.7857	278.145	555.327
10.7915	278.306	562.429
10.7973	276.703	576.573
10.8031	274.157	571.269
10.8089	273.051	547.681
10.8147	270.383	543.27
10.8205	271.635	542.643
10.8263	268.05	544.842
10.8321	268.515	543.898
10.8379	261.474	542.957
10.8437	264.207	537.962
10.8495	257.28	550.218
10.8553	262.837	559.189
10.8611	261.323	558.544
10.8669	257.428	548.315
10.8727	258.173	552.447
10.8785	256.982	540.766
10.8844	256.834	539.206
10.8902	255.946	551.491
10.896	252.13	550.536
10.9018	255.946	538.584
10.9076	251.403	249.811
10.9134	250.678	250.823
10.9192	250.1	249.955
10.925	251.113	250.533
10.9308	249.811	251.403
10.9366	246.657	251.549
10.9424	246.372	249.523
10.9482	247.799	249.378
10.954	247.37	248.947
10.9598	248.803	248.947
10.9656	251.694	248.516
10.9714	247.799	248.372
10.9772	250.968	247.084
10.983	251.985	247.799
10.9888	253.884	251.113
10.9946	254.913
11.0005	246.087
11.0063	255.798
11.0121	251.258
11.0179
11.0237
11.0295
11.0353
11.0411
11.0469
11.0527
11.0585
11.0643
11.0701
11.0759
11.0817
11.0875
11.0933
11.0991
11.1049
11.1107
11.1166
11.1224
11.1282
11.134
11.1398	283.334
11.1456	283.661
11.1514	283.989
11.1572	283.989
11.163	283.661
11.1688	283.498
11.1746	283.007
11.1804	282.191
11.1862	282.191
11.192	281.539
11.1978	281.214
11.2036	281.214
11.2094	281.539
11.2152	282.68
11.221	282.843
11.2268	282.191
11.2327	282.028
11.2385	281.539
11.2443	281.214
11.2501	280.565
11.2559	279.433
11.2617	280.403
11.2675	280.08
11.2733	281.377
11.2791	280.727
11.2849	280.89
11.2907	279.433
11.2965	281.539
11.3023	282.028
11.3081	282.028
11.3139	279.595
11.3197	282.354
11.3255	283.661
11.3313
11.3371
11.3429
11.3488
11.3546
11.3604
11.3662
11.372
11.3778	499.911
11.3836	498.181
11.3894	253.884	506.304
11.3952	252.86	505.135
11.401	254.471	506.304
11.4068	252.422	506.596
11.4126	253.298	507.475
11.4184	253.006	507.768
11.4242	253.445	511.891
11.43	253.884	509.237
11.4358	254.913	510.12
11.4416	255.207	509.826
11.4474	255.502	510.12
11.4532	256.093	511.3
11.459	256.093	511.3
11.4649	255.355	510.415
11.4707	254.618	507.475
11.4765	252.568	505.427
11.4823	250.533	499.911
11.4881	248.372	497.319
11.4939	249.378	490.189
11.4997	240.05	480.656
11.5055	238.53	479.823
11.5113	235.11	489.34
11.5171	241.023	486.241
11.5229	243.542	494.74
11.5287	247.227	497.319
11.5345	496.457
11.5403
11.5461
11.5519
11.5577
11.5635
11.5693
11.5751
11.581
11.5868
11.5926
11.5984
11.6042
11.61
11.6158
11.6216
11.6274
11.6332
11.639
11.6448
11.6506
11.6564
11.6622
11.668
11.6738
11.6796
11.6854
11.6912
11.6971
11.7029
11.7087
11.7145
11.7203
11.7261
11.7319
11.7377
11.7435
11.7493
11.7551
11.7609
11.7667
11.7725
11.7783
11.7841
11.7899
11.7957
11.8015
11.8073
11.8132	298.281
11.819	303.319
11.8248	304.548
11.8306	307.553
11.8364	306.489
11.8422	305.253
11.848	302.095
11.8538	302.095
11.8596	301.572
11.8654	297.936
11.8712	294.344
11.877	292.818
11.8828	290.963
11.8886	289.789
11.8944	298.281
11.9002	295.707
11.906	288.287
11.9118	285.305
11.9176	283.825
11.9234	282.028
11.9293
11.9351
11.9409
11.9467	1095.36
11.9525	1112.58
11.9583	1116.44
11.9641	1114.51	278.949
11.9699	1099.17	281.052
11.9757	1092.83	279.433	550.854
11.9815	1120.97	280.241	561.779
11.9873	1122.26	280.241	561.455
11.9931	1121.61	280.565	561.131
11.9989	1117.09	280.565	562.104
12.0047	1113.87	281.214	560.807
12.0105	1111.3	281.702	563.404
12.0163	1113.22	283.007	564.381
12.0221	1118.38	282.028	562.429
12.0279	1121.61	282.028	561.455
12.0337	1122.91	282.028	561.131
12.0395	1125.51	281.539	565.034
12.0454	1130.72	282.191	564.707
12.0512	1130.72	283.007	565.36
12.057	1128.76	283.825	565.36
12.0628	1129.41	282.68	565.687
12.0686	1130.07	281.539	563.404
12.0744	1130.07	282.354	567.979
12.0802	1131.37	280.727	566.668
12.086	1131.37	281.702	565.034
12.0918	1124.86	280.403	561.455
12.0976	1111.3	276.863	555.969
12.1034	1104.26	275.745	553.725
12.1092	1109.37	275.427	551.491
12.115	1116.44	272.106	580.919
12.1208	1154.48	265.891	571.599
12.1266	1152.48	261.928	572.26
12.1324	260.72	585.974
12.1382	254.766	565.36
12.144	251.839	577.24
12.1498	249.523	606.638
12.1556	248.803	597.941
12.1615	246.087	595.872
12.1673	246.087	614.397
12.1731	246.229
12.1789	245.661
12.1847	245.945	219.366
12.1905	246.657
12.1963	246.087
12.2021	245.519
12.2079
12.2137
12.2195
12.2253
12.2311
12.2369	225.533
12.2427	232.141
12.2485	224.882
12.2543	220.891
12.2601	218.228
12.2659	214.603
12.2717	212.506
12.2776	208.855	416.506
12.2834	205.03	413.868
12.2892	202.792	412.198
12.295	202.091	410.535
12.3008	200.927	407.699
12.3066	200	404.415
12.3124	196.792	394.266
12.3182	195.885	391.091
12.324	193.858	386.822
12.3298	193.188	384.372
12.3356	194.531	386.822
12.3414	194.307	387.046
12.3472	194.531	383.707
12.353	195.207	388.614
12.3588	196.565	392.902
12.3646	197.589	397.467
12.3704	197.932	391.995
12.3762	196.792	393.584
12.382	197.475	393.129
12.3878	200.463	400.926
12.3937	200.811	392.449
12.3995	200.695	399.078
12.4053	199.424	397.009
12.4111	198.39	403.482
12.4169	197.019	397.467
12.4227	195.998	400.463
12.4285	192.965	399.539
12.4343	188.666	387.941
12.4401	183.189
12.4459	175.626
12.4517
12.4575
12.4633
12.4691
12.4749
12.4807
12.4865
12.4923
12.4981
12.5039
12.5098
12.5156
12.5214
12.5272
12.533
12.5388
12.5446
12.5504
12.5562
12.562
12.5678
12.5736
12.5794
12.5852
12.591
12.5968
12.6026
12.6084
12.6142
12.62
12.6258
12.6317
12.6375
12.6433
12.6491
12.6549
12.6607
12.6665
12.6723
12.6781
12.6839
12.6897
12.6955
12.7013
12.7071
12.7129
12.7187
12.7245
12.7303
12.7361
12.742
12.7478
12.7536
12.7594
12.7652
12.771
12.7768
12.7826
12.7884
12.7942
12.8
12.8058
12.8116
12.8174
12.8232
12.829
12.8348
12.8406
12.8464
12.8522
12.858
12.8639
12.8697
12.8755
12.8813
12.8871
12.8929
12.8987
12.9045
12.9103
12.9161
12.9219
12.9277
12.9335
12.9393
12.9451
12.9509
12.9567
12.9625
12.9683
12.9741
12.98
12.9858
12.9916
12.9974
13.0032
13.009
13.0148
13.0206
13.0264
13.0322
13.038
13.0438
13.0496
13.0554
13.0612
13.067
13.0728
13.0786
13.0844
13.0902
13.0961
13.1019
13.1077
13.1135
13.1193	197.932
13.1251	197.133
13.1309	193.299
13.1367	195.545
13.1425	194.531
13.1483	199.193
13.1541	199.193
13.1599	200.811
13.1657	203.379
13.1715	206.814
13.1773	207.173
13.1831	208.614
13.1889	210.065
13.1947	211.648
13.2005	212.383
13.2063	211.038
13.2122	209.823
13.218	207.652
13.2238	204.557
13.2296	204.439
13.2354	203.614
13.2412	207.053
13.247	213.861
13.2528	210.551
13.2586	210.308
13.2644	211.404
13.2702	212.016
13.276
13.2818
13.2876
13.2934
13.2992
13.305
13.3108
13.3166
13.3224
13.3283
13.3341
13.3399
13.3457
13.3515
13.3573	245.945
13.3631	248.659
13.3689	245.094
13.3747	244.811
13.3805	244.529
13.3863	244.246
13.3921	241.441
13.3979	240.606
13.4037	242.139
13.4095	240.05
13.4153	240.467
13.4211	240.05
13.4269	239.496
13.4327	240.189
13.4385	241.302
13.4444	245.519
13.4502	239.22
13.456	240.189
13.4618	241.86
13.4676	245.094
13.4734	243.12
13.4792	240.745
13.485	239.082
13.4908	240.884
13.4966	244.67
13.5024	237.842
13.5082
13.514
13.5198
13.5256
13.5314
13.5372
13.543
13.5488
13.5546
13.5605
13.5663
13.5721
13.5779
13.5837
13.5895
13.5953
13.6011	386.599
13.6069	405.819
13.6127	408.406
13.6185	410.535
13.6243	411.009
13.6301	411.96
13.6359	440.254
13.6417	445.885
13.6475	443.06
13.6533	462.944
13.6591	460.543
13.6649	459.215
13.6707	459.746
13.6766	464.819
13.6824	464.015
13.6882	461.076
13.694	443.316
13.6998	459.215
13.7056	436.204
13.7114	452.109
13.7172	466.703
13.723	473.491
13.7288	473.764
13.7346	488.211
13.7404	491.606
13.7462	503.679
13.752	500.199
13.7578	475.959
13.7636	472.125
13.7694	475.409
13.7752	481.489
13.781	465.895
13.7868	483.161
13.7927
13.7985
13.8043
13.8101
13.8159
13.8217	544.842
13.8275	545.156
13.8333	547.049
13.8391	547.681
13.8449	550.218
13.8507	546.417
13.8565	543.898
13.8623	544.527
13.8681	543.584
13.8739	544.213
13.8797	542.016
13.8855	527.195
13.8913	542.33
13.8971	544.527
13.9029	545.471
13.9088	536.101
13.9146	519.337
13.9204	518.737
13.9262	548.315
13.932	548.315
13.9378	542.957
13.9436	539.206
13.9494	537.341
13.9552	536.101
13.961	529.637
13.9668	533.013
13.9726	525.371
13.9784	535.482
13.9842	528.72
13.99	528.109
13.9958	531.169
14.0016	533.937
14.0074	543.898
14.0132	539.518
14.019	541.391
14.0249	542.957
14.0307	530.555
14.0365	529.331
14.0423	545.156
14.0481	529.943
14.0539	537.962
14.0597	534.863
14.0655
14.0713
14.0771
14.0829
14.0887
14.0945
14.1003
14.1061
14.1119
14.1177
14.1235
14.1293
14.1351
14.141
14.1468
14.1526
14.1584
14.1642
14.17
14.1758
14.1816
14.1874
14.1932
14.199
14.2048
14.2106
14.2164
14.2222
14.228
14.2338
14.2396
14.2454
14.2512
14.2571
14.2629	270.852
14.2687	273.051
14.2745	279.595
14.2803	279.595
14.2861	283.825
14.2919	284.482
14.2977	294.174
14.3035	298.108
14.3093	299.489
14.3151	300.702
14.3209	313.11
14.3267	315.106
14.3325	314.197
14.3383	317.298
14.3441	316.748
14.3499	316.931
14.3557	316.2
14.3615	316.383
14.3673	315.106
14.3732	315.106
14.379	313.291
14.3848	312.568
14.3906	310.768
14.3964	310.051
14.4022	311.487
14.408	310.588
14.4138	310.768
14.4196	310.409
14.4254	310.947
14.4312	312.027
14.437	310.947
14.4428	311.667
14.4486	311.487
14.4544	312.929	621.177
14.4602	315.106	629.484
14.466	315.835	629.121
14.4718	315.652	630.212
14.4776	317.481	627.306
14.4834	318.215	632.765
14.4893	318.032	634.229
14.4951	316.748	636.798
14.5009	315.106	631.67
14.5067	310.947	624.054
14.5125	311.487	614.042
14.5183	309.335	616.174
14.5241	305.605	623.693
14.5299	302.969	602.1	811.17
14.5357	305.253	593.811	812.576
14.5415	314.56	589.369	797.234
14.5473	317.114	576.573	799.54
14.5531	311.667	574.247	821.543
14.5589	304.724	593.468	813.046
14.5647	308.087	598.287	806.032
14.5705	311.307	599.671	784.444
14.5763	304.724	605.238	774.986
14.5821	305.782	618.67	786.713
14.5879	299.835	585.636	794.476
14.5937	301.398	593.468	783.538
14.5995	308.978	601.752	789.9
14.6054	313.11	601.752	778.126
14.6112	307.909	622.254	790.813
14.617	785.804
14.6228	777.228
14.6286	770.077
14.6344	783.086
14.6402	768.744
14.646	749.452
14.6518	768.744
14.6576	747.723
14.6634	742.558
14.6692	730.223
14.675
14.6808
14.6866
14.6924
14.6982
14.704
14.7098
14.7156
14.7215
14.7273
14.7331
14.7389
14.7447
14.7505
14.7563
14.7621
14.7679
14.7737
14.7795
14.7853
14.7911
14.7969
14.8027
14.8085
14.8143
14.8201
14.8259
14.8317
14.8376
14.8434
14.8492
14.855
14.8608
14.8666
14.8724
14.8782
14.884
14.8898
14.8956
14.9014
14.9072
14.913
14.9188
14.9246
14.9304
14.9362
14.942
14.9478
14.9537
14.9595
14.9653
14.9711
14.9769
14.9827
14.9885
14.9943
15.0001
15.0059
15.0117
15.0175
15.0233
15.0291
15.0349
15.0407
15.0465
15.0523
15.0581
15.0639
15.0697
15.0756
15.0814
15.0872
15.093
15.0988
15.1046
15.1104
15.1162
15.122
15.1278
15.1336
15.1394
15.1452
15.151
15.1568
15.1626
15.1684
15.1742
15.18
15.1859
15.1917
15.1975
15.2033
15.2091
15.2149
15.2207
15.2265
15.2323
15.2381
15.2439
15.2497
15.2555
15.2613
15.2671
15.2729
15.2787
15.2845
15.2903
15.2961
15.3019
15.3078
15.3136
15.3194
15.3252
15.331
15.3368
15.3426
15.3484
15.3542
15.36
15.3658
15.3716
15.3774
15.3832
15.389
15.3948
15.4006
15.4064
15.4122
15.418
15.4239
15.4297
15.4355
15.4413	250.1
15.4471	251.403
15.4529	254.178
15.4587	258.621
15.4645	262.989
15.4703	266.353
15.4761	266.506
15.4819	263.75
15.4877	256.538
15.4935	255.798
15.4993	255.502
15.5051	253.738
15.5109	254.324
15.5167	252.13
15.5225	254.178
15.5283	258.173
15.5341	256.538
15.54	257.28
15.5458	258.471
15.5516	252.714
15.5574	249.955
15.5632	248.229
15.569	243.823
15.5748	244.953
15.5806	246.087
15.5864	247.084
15.5922	247.37
15.598	247.656
15.6038	246.799
15.6096	244.246
15.6154	246.372
15.6212	244.953
15.627	242.419
15.6328	243.542
15.6386
15.6444
15.6502
15.6561
15.6619
15.6677
15.6735
15.6793
15.6851
15.6909
15.6967
15.7025
15.7083
15.7141
15.7199
15.7257
15.7315
15.7373	215.224
15.7431	213.367
15.7489	212.383
15.7547	210.308
15.7605	207.173
15.7663	205.98
15.7722	205.267
15.778	204.794
15.7838	205.03
15.7896	205.03
15.7954	206.456
15.8012	209.459
15.807	206.576
15.8128	215.472
15.8186	219.366
15.8244	217.976
15.8302	222.942
15.836	232.813
15.8418	232.813
15.8476	238.806
15.8534	237.842
15.8592	242.559
15.865	241.86
15.8708	243.401
15.8766	249.234
15.8824	251.403
15.8883	250.823	465.088
15.8941	248.659	497.319
15.8999	246.799	494.169
15.9057	246.799	494.74
15.9115	246.372	491.606
15.9173	245.803	489.623
15.9231	244.387	489.905
15.9289	245.236	489.34
15.9347	245.236	489.623
15.9405	245.378	488.775
15.9463	244.953	485.399
15.9521	244.105	486.803
15.9579	244.811	487.647
15.9637	246.372	488.775
15.9695	249.811	488.211
15.9753	251.839	485.96
15.9811	251.258	485.96
15.9869	253.884	486.241
15.9927	257.577	479.823
15.9985	258.919	484.278
16.0044	263.75	498.181
16.0102	261.928	499.622
16.016	261.626	502.516
16.0218	258.621	516.644
16.0276	261.323	511.595
16.0334	506.596
16.0392	505.427
16.045	525.068
16.0508	532.397
16.0566	519.037
16.0624	508.649
16.0682	497.031
16.074	478.716
16.0798	482.324
16.0856	493.028
16.0914	486.521
16.0972	485.399
16.103	485.399
16.1088	497.893
16.1146	509.237
16.1205	482.046
16.1263	489.057
16.1321	493.883
16.1379
16.1437
16.1495
16.1553
16.1611
16.1669
16.1727
16.1785
16.1843
16.1901
16.1959
16.2017
16.2075
16.2133
16.2191
16.2249	1684.41
16.2307	1690.26
16.2366	1657.39
16.2424	1666.99
16.2482	1726.77
16.254	1652.61
16.2598	1660.26
16.2656	1699.07
16.2714	1628.91
16.2772	1745.82
16.283	1644.04
16.2888	1640.24
16.2946	1632.68
16.3004	1650.7
16.3062	1634.57
16.312	1661.22
16.3178	1639.29
16.3236	1636.46
16.3294	1716.82
16.3352	1761.02
16.341	1711.87
16.3468	1699.07
16.3527	1634.57
16.3585
16.3643
16.3701
16.3759
16.3817
16.3875
16.3933
16.3991
16.4049
16.4107
16.4165
16.4223
16.4281
16.4339
16.4397
16.4455
16.4513
16.4571
16.4629
16.4688
16.4746
16.4804
16.4862
16.492
16.4978
16.5036
16.5094
16.5152
16.521
16.5268
16.5326
16.5384
16.5442
16.55
16.5558
16.5616
16.5674
16.5732
16.579
16.5849
16.5907
16.5965
16.6023
16.6081
16.6139
16.6197
16.6255
16.6313
16.6371
16.6429
16.6487
16.6545
16.6603
16.6661
16.6719
16.6777
16.6835
16.6893
16.6951
16.701
16.7068
16.7126
16.7184
16.7242
16.73
16.7358
16.7416
16.7474
16.7532
16.759
16.7648
16.7706
16.7764
16.7822
16.788
16.7938
16.7996
16.8054
16.8112
16.8171
16.8229
16.8287
16.8345
16.8403
16.8461
16.8519
16.8577
16.8635
16.8693
16.8751
16.8809
16.8867
16.8925
16.8983
16.9041
16.9099
16.9157
16.9215
16.9273
16.9332
16.939
16.9448
16.9506
16.9564
16.9622
16.968
16.9738
16.9796
16.9854
16.9912
16.997
17.0028
17.0086
17.0144
17.0202
17.026
17.0318
17.0376
17.0434
17.0493
17.0551
17.0609
17.0667
17.0725
17.0783
17.0841
17.0899
17.0957
17.1015
17.1073
17.1131
17.1189
17.1247
17.1305
17.1363
17.1421
17.1479
17.1537
17.1595
17.1654
17.1712
17.177
17.1828
17.1886
17.1944
17.2002
17.206
17.2118	553.725
17.2176	576.573
17.2234	561.131
17.2292	559.189
17.235	554.045
17.2408	517.241
17.2466	520.237
17.2524	518.138
17.2582	519.937	306.312
17.264	516.644	286.957
17.2698	514.559	287.289
17.2756	537.341	295.707
17.2815	527.5	294.344
17.2873	523.553	295.366
17.2931	525.978	295.366
17.2989	509.531	293.326
17.3047	507.182	291.973
17.3105	509.826	292.48
17.3163	509.531	287.787
17.3221	510.415	288.787
17.3279	508.062	287.954
17.3337	498.181	281.702
17.3395	478.993	281.702
17.3453	487.365	288.62
17.3511	504.552	291.805
17.3569	523.856	292.818
17.3627	285.8
17.3685	288.453
17.3743	286.957
17.3801	288.12
17.3859	284.482
17.3917	284.811
17.3976	283.334
17.4034	281.214
17.4092	279.595
17.415	283.498
17.4208	277.984
17.4266	289.12
17.4324	285.305
17.4382
17.444
17.4498	553.086
17.4556	555.006
17.4614	556.611
17.4672	554.686
17.473	552.128
17.4788	560.159
17.4846	555.969
17.4904	558.221
17.4962	554.686
17.502	552.128
17.5078	560.807
17.5137	553.725
17.5195	547.998
17.5253	547.049
17.5311	546.102
17.5369	564.055
17.5427	559.836
17.5485	572.26
17.5543	580.583
17.5601	547.681	251.985
17.5659	560.483	252.13
17.5717	568.307	252.714
17.5775	567.979	252.714
17.5833	558.544	251.839
17.5891	558.221	250.678
17.5949	558.221	249.234
17.6007	560.807	248.229
17.6065	559.189	248.372
17.6123	555.648	248.516
17.6181	555.006	248.516
17.6239	557.577	246.799
17.6297	559.189	245.661
17.6356	549.583	246.229
17.6414	554.686	249.09
17.6472	551.491	251.694
17.653	561.131	256.389
17.6588	558.544	256.982
17.6646	553.725	257.131
17.6704	554.045	247.513
17.6762	550.536	245.236
17.682	545.786	250.968
17.6878	561.455	257.28
17.6936	554.365	257.28
17.6994	555.006	273.367
17.7052	554.365	281.052
17.711	553.725	284.975
17.7168	550.536	286.957
17.7226	548.948	288.62
17.7284	549.9	289.957
17.7342	544.527	290.124
17.74	554.045	290.124
17.7458	556.933	289.789
17.7517	555.648	288.953
17.7575	556.933	288.287
17.7633	555.648	287.123
17.7691	552.128	285.47
17.7749	547.365	284.318
17.7807	548.948	283.007
17.7865	555.327	282.028
17.7923	546.102	282.68
17.7981	280.403
17.8039	279.433
17.8097	277.343
17.8155	276.863
17.8213	276.064
17.8271	278.949	1116.44
17.8329	276.863	1119.67
17.8387	276.863	1117.73
17.8445	277.663	1116.44
17.8503	277.503	1116.44
17.8561	277.503	1122.26
17.8619	277.183	1125.51
17.8678	274.157	1126.16
17.8736	268.515	1130.72
17.8794	1130.07
17.8852	1132.03	256.538
17.891	1161.17	255.65
17.8968	1138.58	253.445
17.9026	1130.07	252.86
17.9084	1133.34	249.811
17.9142	1130.07	245.236
17.92	244.105
17.9258	243.542
17.9316	242.699
17.9374	242.98
17.9432	244.387
17.949	244.953
17.9548	246.229
17.9606	247.513
17.9664	248.372
17.9722	249.378
17.9781	244.529
17.9839	243.823
17.9897	250.968
17.9955	255.946
18.0013	252.714
18.0071	254.178
18.0129	250.823
18.0187	250.823
18.0245	248.085
18.0303
18.0361
18.0419
18.0477
18.0535
18.0593
18.0651
18.0709
18.0767
18.0825
18.0883
18.0941	277.663
18.1	272.421
18.1058	279.272
18.1116	281.377
18.1174	278.788
18.1232	278.466
18.129	276.863	562.429
18.1348	275.109	570.28
18.1406	274.633	562.104
18.1464	276.224	588.348
18.1522	277.023	565.687
18.158	278.306	568.635
18.1638	281.539	569.293
18.1696	282.517	570.28
18.1754	283.498	565.687
18.1812	283.498	565.687
18.187	286.957	571.269
18.1928	287.123	570.939
18.1986	286.957	569.293
18.2044	288.62	573.583
18.2102	289.12	575.907
18.2161	288.62	575.242
18.2219	287.787	574.247
18.2277	288.287	573.252
18.2335	288.453	576.906
18.2393	296.734	585.298
18.2451	295.707	589.709
18.2509	299.143	598.287
18.2567	300.702	600.017
18.2625	300.529	601.405
18.2683	300.702	601.752
18.2741	301.746	603.144
18.2799	302.619	606.288
18.2857	303.144	608.042
18.2915	305.782	610.505
18.2973	306.312	612.625
18.3031	308.799	615.818
18.3089	308.265	618.67
18.3147	308.621	618.313
18.3205	307.731	615.818
18.3263	307.553	617.242
18.3322	304.548	606.638
18.338	302.095	606.989
18.3438	299.835	598.287
18.3496	298.798	596.561
18.3554	298.281	596.906
18.3612	295.195	593.125
18.367	293.495	588.348
18.3728	292.987	585.298
18.3786	291.636	585.298
18.3844	291.973	582.936
18.3902	291.973	583.61
18.396	290.795	581.255
18.4018	291.468	583.61
18.4076	290.292	582.936
18.4134	289.12	582.599
18.4192	289.789	581.59
18.425	288.787	580.583
18.4308	289.455	579.244
18.4366	289.455	578.575
18.4424	288.787	579.578	867.384
18.4483	289.957	578.575	866.382
18.4541	287.621	574.91	868.888
18.4599	289.957	578.575	870.898
18.4657	288.787	577.907	870.395
18.4715	289.287	580.919	866.883
18.4773	288.287	576.906	868.386
18.4831	286.957	575.575	867.384
18.4889	287.621	573.915	862.388
18.4947	286.461	574.91	856.431
18.5005	285.965	572.59	855.936
18.5063	283.334	565.034	867.384
18.5121	276.543	552.128	856.926
18.5179	272.106	544.527	870.898
18.5237	268.205	538.273	874.426
18.5295	266.045	530.862	865.882
18.5353	267.277	542.957	838.806
18.5411	271.165	546.102	865.382
18.5469	274.316	547.365	865.382
18.5527	269.292	545.471	871.905
18.5585	251.113	529.025	880
18.5644	248.516	533.321	871.401
18.5702	247.942	508.355	881.526	240.467
18.576	249.09	506.889	881.526	238.255
18.5818	248.516	508.943	875.437	239.358
18.5876	500.199	871.905	237.019
18.5934	505.135	880	243.542
18.5992	909.981	245.945
18.605	900.049	247.799
18.6108	868.888	249.09
18.6166	250.244
18.6224	251.839
18.6282	253.152
18.634	253.445
18.6398	255.355
18.6456	256.093
18.6514	256.241
18.6572	255.06
18.663	255.502
18.6688	243.401
18.6746	241.72
18.6805	243.542
18.6863	246.087
18.6921	250.968
18.6979	253.445
18.7037	253.738
18.7095
18.7153
18.7211
18.7269
18.7327
18.7385
18.7443
18.7501
18.7559
18.7617
18.7675
18.7733
18.7791
18.7849
18.7907
18.7966	293.326
18.8024	290.627
18.8082	288.953
18.814	290.963
18.8198	295.878
18.8256	296.905
18.8314	296.563
18.8372	295.707
18.843	294.004
18.8488	294.684
18.8546	292.987
18.8604	291.3
18.8662	286.461
18.872	283.661
18.8778	281.702
18.8836	279.756
18.8894	277.824
18.8952	280.565
18.901	276.383
18.9068	273.841
18.9127	275.109
18.9185	272.736
18.9243	272.263
18.9301	273.999
18.9359	273.841
18.9417	274.791
18.9475	274.316
18.9533	275.109
18.9591	273.999
18.9649	274.157
18.9707	273.999
18.9765	275.427
18.9823	275.745
18.9881	275.586
18.9939	274.633
18.9997	275.268
19.0055	276.224
19.0113	274.474
19.0171	275.268
19.0229	272.421
19.0288	273.367
19.0346	273.209
19.0404	272.893
19.0462	275.905
19.052	273.841
19.0578	275.109
19.0636	277.023
19.0694	275.745
19.0752	277.663
19.081	280.241
19.0868	278.306
19.0926	276.383
19.0984	277.503
19.1042	278.306
19.11	279.756
19.1158	277.663
19.1216	280.241
19.1274
19.1332
19.139
19.1449	268.826
19.1507	263.598
19.1565	260.57
19.1623	263.75
19.1681	272.421
19.1739	259.969
19.1797	259.969	486.521
19.1855	262.534	480.378
19.1913	256.241	488.493
19.1971	255.207	480.656
19.2029	254.031	470.764
19.2087	248.947	472.125
19.2145	241.441	486.521
19.2203	240.328	483.44
19.2261	239.773	481.489
19.2319	241.72	482.882
19.2377	241.86	482.603
19.2435	242.279	483.44
19.2493	241.302	484.838
19.2551	238.117	479.546
19.261	236.336	476.234
19.2668	233.621	472.944
19.2726	231.071	462.142
19.2784	230.804	478.163
19.2842	228.022	474.312
19.29	221.019	470.764
19.2958	217.348	483.44
19.3016	214.108	479.546
19.3074	210.551	481.211
19.3132	206.099	492.175
19.319	201.741	495.884
19.3248	197.475	470.764
19.3306	195.545
19.3364	192.408
19.3422	186.607
19.348	184.464
19.3538	186.715
19.3596	190.088
19.3654	191.742
19.3712	194.869
19.3771	198.963
19.3829	202.441
19.3887	205.03
19.3945	206.576
19.4003	208.253
19.4061	208.855
19.4119	210.065	403.016
19.4177	212.875	409.351
19.4235	212.261	438.478
19.4293	209.701	409.351
19.4351	209.097	410.772
19.4409	208.855	411.246
19.4467	209.338	412.198
19.4525	209.823	404.415
19.4583	210.187	413.151
19.4641	210.794	413.151
19.4699	212.752	413.868
19.4757	216.221	413.39
19.4815	216.345	421.589
19.4873	215.971	424.276
19.4932	209.58	423.542
19.499	203.379	426.487
19.5048	196.451	420.13
19.5106	193.746	415.785
19.5164	192.631	415.785
19.5222	191.521	423.297
19.528	181.609	427.474
19.5338	188.775	438.224
19.5396	424.031
19.5454	426.487
19.5512	412.436
19.557	431.194
19.5628	431.194
19.5686	421.833
19.5744	415.065
19.5802	425.995
19.586	411.96
19.5918	411.96
19.5976	398.617
19.6034	404.415
19.6093	404.649
19.6151	404.649
19.6209
19.6267
19.6325
19.6383
19.6441
19.6499
19.6557
19.6615
19.6673
19.6731
19.6789
19.6847
19.6905
19.6963
19.7021
19.7079
19.7137
19.7195
19.7254
19.7312
19.737
19.7428
19.7486
19.7544
19.7602
19.766
19.7718
19.7776
19.7834
19.7892
19.795
19.8008
19.8066
19.8124
19.8182
19.824
19.8298
19.8356
19.8415
19.8473
19.8531
19.8589
19.8647
19.8705
19.8763
19.8821
19.8879
19.8937
19.8995
19.9053
19.9111
19.9169
19.9227
19.9285
19.9343
19.9401
19.9459
19.9517
19.9576
19.9634
19.9692
19.975
19.9808
19.9866
19.9924
19.9982
20.004
20.0098
20.0156
20.0214
20.0272
20.033
20.0388
20.0446
20.0504
20.0562
20.062
20.0678
20.0737
20.0795
20.0853
20.0911
20.0969
20.1027
20.1085
20.1143
20.1201
20.1259
20.1317
20.1375
20.1433	206.576
20.1491	197.361
20.1549	201.624
20.1607	203.967
20.1665	204.557
20.1723	203.732
20.1781	203.261
20.1839	203.967
20.1898	205.861
20.1956	205.505
20.2014	205.505
20.2072	206.218
20.213	207.532
20.2188	208.253
20.2246	208.373
20.2304	207.413
20.2362	206.099
20.242	205.386
20.2478	204.321
20.2536	204.675
20.2594	203.144
20.2652	203.379
20.271	206.695
20.2768	205.861
20.2826	206.456
20.2884	205.623
20.2942	208.614
20.3	216.47
20.3058	213.614
20.3117
20.3175
20.3233
20.3291
20.3349
20.3407
20.3465
20.3523
20.3581
20.3639
20.3697
20.3755
20.3813
20.3871
20.3929
20.3987
20.4045
20.4103
20.4161
20.4219
20.4278
20.4336
20.4394
20.4452
20.451
20.4568
20.4626	252.568
20.4684	249.955
20.4742	248.659
20.48	249.09
20.4858	249.09
20.4916	249.09
20.4974	254.324
20.5032	250.968
20.509	246.372
20.5148	248.803
20.5206	249.955
20.5264	245.519
20.5322	249.378
20.538	249.234
20.5439	245.661
20.5497	247.37
20.5555	245.519
20.5613	245.945
20.5671	258.919
20.5729	250.533
20.5787	248.229
20.5845	248.372
20.5903	246.942
20.5961	246.942
20.6019	242.139	333.843
20.6077	246.657	334.229
20.6135	244.246	335.196
20.6193	236.199	334.036
20.6251	245.094	331.729
20.6309	242.84	333.265
20.6367	242.559	333.073
20.6425	241.302	332.496
20.6483	242.98	333.843
20.6542	248.803	333.073
20.66	332.88
20.6658	329.628
20.6716	331.92
20.6774	338.112
20.6832	328.867
20.689	330.581
20.6948	330.581
20.7006	320.984
20.7064	312.207
20.7122	312.749
20.718	310.768
20.7238	310.409
20.7296	312.027
20.7354	309.335
20.7412	312.207
20.747	300.009
20.7528	299.489
20.7586	303.67
20.7644	315.652
20.7702	324.152
20.7761	314.016
20.7819
20.7877
20.7935
20.7993
20.8051
20.8109
20.8167
20.8225
20.8283
20.8341
20.8399
20.8457
20.8515
20.8573
20.8631
20.8689
20.8747
20.8805
20.8863
20.8922
20.898
20.9038
20.9096
20.9154
20.9212
20.927
20.9328
20.9386
20.9444
20.9502
20.956
20.9618
20.9676
20.9734
20.9792
20.985	301.746
20.9908	290.124
20.9966	283.498
21.0024	277.503
21.0083	278.466
21.0141	273.367
21.0199	266.045
21.0257	262.079
21.0315	258.471
21.0373	255.355
21.0431	251.549
21.0489	252.13
21.0547	253.298
21.0605	250.1
21.0663	245.661
21.0721	244.953
21.0779	251.694
21.0837	249.378
21.0895	250.1
21.0953	245.094
21.1011	251.113
21.1069	251.839
21.1127	254.324
21.1185	253.298
21.1244	252.86
21.1302	253.298
21.136	252.13
21.1418	251.985
21.1476	253.884
21.1534	254.471
21.1592	256.389
21.165	258.173
21.1708	259.369
21.1766	262.989
21.1824	264.207
21.1882	266.353
21.194	271.635
21.1998	275.427
21.2056	277.023
21.2114	278.788	287.787
21.2172	280.403	293.834
21.223	274.791	296.563
21.2288	276.064	298.798
21.2346	277.663	300.529
21.2405	275.745	301.921
21.2463	274.316	301.572
21.2521	267.123	301.921
21.2579	269.759	301.05
21.2637	275.427	300.529
21.2695	285.634	298.971
21.2753	285.634	297.077
21.2811	284.975	296.905
21.2869	285.47	295.707
21.2927	283.989	295.537
21.2985	285.8	293.834
21.3043	286.13	292.818
21.3101	293.495	292.48
21.3159	294.174	291.468
21.3217	293.495	290.627
21.3275	288.287	289.789
21.3333	287.787	289.455
21.3391	289.957	288.62
21.3449	289.957	288.453
21.3507	291.636	290.292
21.3566	296.049	291.468
21.3624	291.805
21.3682	292.818
21.374	292.649
21.3798	293.326
21.3856	294.174
21.3914	295.025
21.3972	295.366
21.403	296.734
21.4088	297.592
21.4146	298.281
21.4204	298.625
21.4262	298.971
21.432	299.143
21.4378	299.662
21.4436	301.398
21.4494	302.969
21.4552	305.782
21.461	308.087
21.4668	308.087
21.4727	304.548
21.4785	305.253
21.4843	304.724
21.4901	303.67
21.4959	305.253
21.5017	298.453
21.5075	292.48
21.5133	291.973
21.5191	295.878
21.5249	295.537
21.5307	294.684
21.5365	296.734
21.5423	302.969
21.5481
21.5539
21.5597
21.5655
21.5713
21.5771
21.5829
21.5888
21.5946
21.6004
21.6062
21.612
21.6178
21.6236
21.6294
21.6352
21.641
21.6468
21.6526
21.6584
21.6642
21.67
21.6758
21.6816
21.6874
21.6932	251.258
21.699	256.389
21.7049	249.523
21.7107	249.378
21.7165	253.591
21.7223	252.714
21.7281	250.533
21.7339	249.955
21.7397	248.516
21.7455	247.799
21.7513	247.656
21.7571	245.378
21.7629	254.031
21.7687	252.714
21.7745	252.276
21.7803	249.955
21.7861	247.084
21.7919	247.084
21.7977	248.372
21.8035	258.621
21.8093	266.66
21.8151
21.821
21.8268
21.8326
21.8384
21.8442
21.85
21.8558
21.8616
21.8674
21.8732
21.879
21.8848
21.8906
21.8964
21.9022
21.908
21.9138
21.9196
21.9254
21.9312
21.9371
21.9429
21.9487
21.9545
21.9603
21.9661
21.9719
21.9777	216.221
21.9835	216.721
21.9893	216.971
21.9951	217.097
22.0009	216.846
22.0067	217.473
22.0125	217.097
22.0183	217.348
22.0241	217.473
22.0299	217.724
22.0357	218.607
22.0415	219.746
22.0473	220.764
22.0532	220.509
22.059	228.813
22.0648	228.813	248.372
22.0706	223.071	254.766
22.0764	227.101	255.207
22.0822	231.472	258.024
22.088	231.873	262.231
22.0938	230.139	261.626
22.0996	222.814	264.513
22.1054	212.383	269.603
22.1112	221.53	267.586
22.117	224.493	268.826
22.1228	226.839	266.814
22.1286	265.431
22.1344	264.818
22.1402	259.969
22.146	258.77
22.1518	259.668
22.1576	253.738
22.1634	256.241
22.1693	247.227
22.1751	245.519
22.1809	244.105
22.1867	245.094
22.1925	245.378
22.1983	246.657
22.2041	247.084
22.2099	247.084
22.2157	247.37
22.2215	250.823
22.2273	252.422
22.2331	254.324
22.2389	254.913	508.649
22.2447	256.982	510.12
22.2505	257.28	511.595
22.2563	256.389	511.891
22.2621	254.766	509.531
22.2679	253.591	506.011
22.2737	251.839	503.679
22.2795	250.678	501.067
22.2854	251.549	503.388
22.2912	254.031	497.319
22.297	255.06	512.187
22.3028	249.667	517.54
22.3086	246.229	529.331
22.3144	541.078
22.3202	548.948
22.326	542.957
22.3318	551.809
22.3376	550.218
22.3434	566.014
22.3492	576.24
22.355	593.125
22.3608	560.483
22.3666	570.609
22.3724	550.536
22.3782	552.128
22.384	547.049	238.392
22.3898	555.006	236.882
22.3956	557.577	224.752
22.4015	557.255	227.233
22.4073	552.447	225.012
22.4131	546.733	214.231	450.024
22.4189	539.518	225.403	451.848
22.4247	541.391	225.142	451.065
22.4305	544.213	223.975	449.765
22.4363	548.315	224.363	451.848
22.4421	540.766	225.012	450.284
22.4479	536.101	225.142	451.065
22.4537	536.101	226.446	453.416
22.4595	525.978	226.185	457.362
22.4653	548.315	228.813	450.024
22.4711	538.584	229.078	449.245
22.4769	510.71	230.139	442.038
22.4827	522.949	226.97	421.833
22.4885	532.705	227.101	428.71
22.4943	532.09	228.417	427.968
22.5001	507.475	230.405	437.719
22.5059	497.893	230.405	421.833
22.5117	238.668	416.506
22.5176	235.246	415.065
22.5234	230.804	396.55
22.5292	234.974	379.738
22.535	232.947	379.738
22.5408	227.233	362.38	287.787
22.5466	228.285	289.287
22.5524	231.873	292.142
22.5582	234.026	294.344
22.564	239.496	296.22
22.5698	236.609	297.764
22.5756	222.171	297.077
22.5814	296.734
22.5872	297.249
22.593	297.592
22.5988	299.489
22.6046	302.444
22.6104	302.095
22.6162	300.702
22.622	300.182
22.6278	299.835
22.6336	291.468
22.6395	294.174
22.6453	288.12
22.6511	290.459
22.6569	288.62
22.6627	289.287
22.6685	288.62
22.6743	290.124
22.6801	290.963
22.6859	291.131
22.6917	292.987
22.6975	293.156
22.7033	291.636
22.7091	290.627
22.7149	290.963
22.7207	288.953
22.7265	289.455
22.7323	299.489
22.7381	303.319
22.7439	304.548
22.7498	305.429	297.592
22.7556	298.453	298.798
22.7614	297.42	297.077
22.7672	297.592	296.391
22.773	295.537	294.855
22.7788	292.987	292.987
22.7846	292.48	292.649
22.7904	291.973	292.311
22.7962	291.3	291.973
22.802	291.131	291.3
22.8078	290.627	290.459
22.8136	288.953
22.8194	288.953
22.8252	287.621
22.831	285.965
22.8368	285.305
22.8426	284.482
22.8484	282.843
22.8542	280.727
22.86	278.788
22.8659	276.224
22.8717	274.791
22.8775	272.421
22.8833	268.515
22.8891	269.915
22.8949	278.306
22.9007	278.949
22.9065	279.272
22.9123	278.466
22.9181	276.064
22.9239	273.051
22.9297	271.478
22.9355	271.478
22.9413	269.759
22.9471	266.045
22.9529	259.069
22.9587	265.278
22.9645	280.727
22.9703	282.517
22.9761	276.224
22.9819	275.586
22.9878	277.824
22.9936	284.975
22.9994	288.453
23.0052	280.241
23.011	279.272
23.0168	283.17
23.0226	285.634
23.0284	285.634
23.0342	287.289
23.04	284.646
23.0458	285.14
23.0516	287.787
23.0574	284.318
23.0632	283.007
23.069
23.0748
23.0806
23.0864
23.0922
23.098
23.1039
23.1097
23.1155
23.1213
23.1271
23.1329
23.1387
23.1445
23.1503
23.1561
23.1619
23.1677
23.1735
23.1793
23.1851
23.1909
23.1967	236.063
23.2025	240.05
23.2083	246.087
23.2141	245.661
23.22	237.43
23.2258	252.13
23.2316	252.568
23.2374	251.985
23.2432	250.968
23.249	250.823
23.2548	249.667
23.2606	251.403
23.2664	248.516
23.2722	248.947
23.278	248.085
23.2838	248.229
23.2896	248.659
23.2954	249.378
23.3012	250.389
23.307	254.324
23.3128	261.173
23.3186	255.502
23.3244	266.045
23.3302	259.668
23.3361	248.947
23.3419	260.269
23.3477	265.891
23.3535	282.028
23.3593	287.123
23.3651	287.123
23.3709	288.953
23.3767	291.468
23.3825	292.142
23.3883	290.963
23.3941	289.957
23.3999	291.468
23.4057	289.789
23.4115	287.123
23.4173	286.13
23.4231	285.634
23.4289	284.153
23.4347	282.028
23.4405	281.702
23.4463	282.354
23.4522	281.865
23.458	280.89
23.4638	281.539
23.4696	280.727
23.4754	280.89
23.4812	279.756
23.487	279.756
23.4928	280.08
23.4986	280.403
23.5044	280.565
23.5102	281.539
23.516	282.191
23.5218	282.191
23.5276	283.334
23.5334	282.843
23.5392	283.17
23.545	283.989
23.5508	284.811
23.5566	286.461
23.5624	283.661
23.5683	284.318
23.5741	284.318
23.5799	284.318
23.5857	297.936
23.5915	315.106
23.5973
23.6031
23.6089
23.6147
23.6205
23.6263
23.6321
23.6379
23.6437
23.6495
23.6553
23.6611
23.6669
23.6727
23.6785
23.6844	257.875
23.6902	251.839
23.696	248.516
23.7018	251.839
23.7076	251.113
23.7134	249.234
23.7192	249.667
23.725	249.378
23.7308	250.1
23.7366	250.389
23.7424	250.244
23.7482	248.803
23.754	248.947
23.7598	250.823
23.7656	252.422
23.7714	258.322
23.7772	264.665
23.783	253.738
23.7888	254.618
23.7946	248.659
23.8005	248.229
23.8063	254.324
23.8121	251.839
23.8179	258.621
23.8237	261.474
23.8295	258.621
23.8353	259.219	588.348
23.8411	262.382	609.8
23.8469	262.382	297.764	598.287
23.8527	255.946	298.798	601.752
23.8585	255.946	299.662	604.54
23.8643	259.969	301.572	604.889
23.8701	264.665	301.921	604.889
23.8759	280.08	301.746	606.288
23.8817	281.052	300.702	602.796
23.8875	293.326	300.876	602.796
23.8933	294.514	295.878	597.251
23.8991	289.455	292.987	586.99
23.9049	289.622	291.468	575.575
23.9107	288.787	573.915
23.9166	286.461	566.014
23.9224	284.975	569.951
23.9282	282.68	565.034
23.934	281.865	559.836
23.9398	280.89	560.159
23.9456	280.08	559.189
23.9514	281.214	561.131
23.9572	282.68	563.73
23.963	283.334	566.341
23.9688	284.975	568.964
23.9746	286.295	573.583
23.9804	286.461	574.91
23.9862	287.621	575.575
23.992	287.621	574.578
23.9978	286.626	573.252
24.0036	285.305	571.269
24.0094	283.825	568.635
24.0152	282.028	565.034
24.021	278.466	556.611
24.0268	273.367	547.049
24.0327	276.224	547.998
24.0385	268.05	550.536
24.0443	276.703	540.453
24.0501	277.023	542.33
24.0559	278.627
24.0617	281.214
24.0675	282.68
24.0733	285.14
24.0791
24.0849	531.169
24.0907	522.949
24.0965	516.644
24.1023	522.044
24.1081	519.937
24.1139	515.452
24.1197	516.644
24.1255	518.737	259.369
24.1313	520.237	260.57
24.1371	517.241	259.219
24.1429	516.942	256.982
24.1488	515.749	256.686
24.1546	514.856	256.241
24.1604	510.71	255.946
24.1662	506.889	254.471
24.172	505.427	252.422
24.1778	504.261	263.141
24.1836	508.355	257.428
24.1894	527.5	251.694
24.1952	503.388	248.229
24.201	502.516	247.513
24.2068	493.883	246.087
24.2126	246.514
24.2184	249.378
24.2242	247.942
24.23	240.189
24.2358	243.964
24.2416	243.401
24.2474	241.023
24.2532	237.293
24.259	246.087
24.2649	246.087
24.2707	246.087
24.2765	255.207
24.2823	263.902
24.2881	255.798
24.2939	253.152
24.2997	253.152	299.489
24.3055	241.023	304.372
24.3113	246.514	284.811
24.3171	238.255	288.453
24.3229	287.289	315.835
24.3287	287.455	314.742
24.3345	285.305	313.472
24.3403	283.007	310.947
24.3461	272.578	309.335
24.3519	267.586	304.196
24.3577	281.865	302.27
24.3635	284.318	301.05
24.3693	285.965	297.936
24.3751	297.077	297.42
24.381	295.537	296.22
24.3868	294.684	295.025
24.3926	294.174	295.878
24.3984	291.973	292.987
24.4042	290.795	290.963
24.41	292.311	292.311
24.4158	291.973	290.459
24.4216	291.3	289.957
24.4274	288.62
24.4332	286.792
24.439	286.792
24.4448	285.14
24.4506	284.811
24.4564	282.843
24.4622	282.517
24.468	281.214
24.4738	271.165
24.4796	273.683
24.4854	273.683
24.4912	269.603
24.4971	254.031
24.5029	255.65
24.5087	245.519
24.5145	245.661
24.5203	244.105	244.953
24.5261	245.236	243.823
24.5319	245.236	245.236
24.5377	245.803	235.382
24.5435	249.667	249.523
24.5493	249.811	249.378
24.5551	250.678	265.125
24.5609	253.298	248.516
24.5667	250.533	247.084
24.5725	249.523	247.084
24.5783	247.942	246.657
24.5841	247.084	246.514
24.5899	245.661	244.246
24.5957	245.236	245.803
24.6015	244.67	244.953
24.6073	244.811	245.519
24.6132	243.261	244.953
24.619	243.261
24.6248	242.84
24.6306	247.37
24.6364	247.084
24.6422	234.974
24.648	234.297
24.6538	241.441
24.6596	241.023
24.6654	245.519
24.6712	246.514
24.677	249.09
24.6828
24.6886
24.6944
24.7002
24.706
24.7118
24.7176
24.7234
24.7293
24.7351
24.7409
24.7467
24.7525
24.7583
24.7641
24.7699
24.7757
24.7815
24.7873
24.7931
24.7989
24.8047
24.8105
24.8163	292.649
24.8221	294.004
24.8279	294.514
24.8337	294.004
24.8395	294.344
24.8454	294.004
24.8512	294.004
24.857	293.665
24.8628	293.665
24.8686	294.514
24.8744	295.025
24.8802	295.537
24.886	295.707
24.8918	296.22
24.8976	297.077
24.9034	297.249
24.9092	297.936
24.915	298.108
24.9208	297.249
24.9266	297.936
24.9324	298.453
24.9382	299.662
24.944	299.489
24.9498	300.009
24.9556	300.529
24.9615	300.529
24.9673	300.182
24.9731	300.182
24.9789	299.835
24.9847	300.529
24.9905	295.195
24.9963	301.921
25.0021	301.05
25.0079	300.355
25.0137	289.957
25.0195	283.17
25.0253	277.343
25.0311	291.3
25.0369	279.918
25.0427
25.0485
25.0543
25.0601
25.0659
25.0717
25.0776
25.0834
25.0892
25.095
25.1008
25.1066
25.1124
25.1182
25.124
25.1298
25.1356
25.1414
25.1472
25.153
25.1588
25.1646
25.1704
25.1762
25.182
25.1878
25.1937
25.1995
25.2053
25.2111
25.2169
25.2227
25.2285
25.2343
25.2401
25.2459
25.2517
25.2575
25.2633
25.2691
25.2749
25.2807
25.2865
25.2923
25.2981
25.3039
25.3097
25.3156
25.3214
25.3272
25.333
25.3388
25.3446
25.3504
25.3562
25.362
25.3678
25.3736
25.3794
25.3852
25.391
25.3968	266.814
25.4026	256.686
25.4084	260.57
25.4142	264.818
25.42	275.427
25.4258	285.8
25.4317	291.3
25.4375	293.326
25.4433	295.707
25.4491	294.174
25.4549	296.391
25.4607	295.878
25.4665	297.936
25.4723	300.182
25.4781	302.095
25.4839	302.619
25.4897	301.746
25.4955	304.9
25.5013	300.876
25.5071	300.529
25.5129	307.198
25.5187	310.768
25.5245	311.127
25.5303	307.909
25.5361	309.514
25.542	306.489
25.5478	310.409
25.5536	310.768
25.5594	301.224
25.5652	286.295
25.571
25.5768
25.5826
25.5884
25.5942
25.6
25.6058
25.6116
25.6174
25.6232
25.629
25.6348
25.6406
25.6464	866.883
25.6522	862.388	287.621
25.658	859.404	285.8
25.6639	859.404	286.792
25.6697	859.901	287.123
25.6755	858.412	286.792
25.6813	855.442	284.318
25.6871	849.533	283.498
25.6929	841.718	279.756
25.6987	833.012	279.111
25.7045	833.012	275.268
25.7103	831.089	276.064
25.7161	831.089	276.703
25.7219	825.825	276.863
25.7277	816.812	272.263
25.7335	797.234	266.045
25.7393	818.701	264.818
25.7451	799.54	264.665
25.7509	805.101	266.66
25.7567	803.243	268.36
25.7625	791.727	263.75
25.7683	806.964	261.173
25.7741	786.713	265.738
25.78	817.756	264.513
25.7858	824.396	277.343
25.7916	819.174	265.584
25.7974	809.297	268.515
25.8032	802.779	259.818
25.809	813.986	271.478
25.8148	824.872	275.268
25.8206	264.513
25.8264	267.277
25.8322	270.071
25.838	263.598
25.8438	259.219
25.8496	251.403
25.8554	255.355	237.705
25.8612	255.502	249.523
25.867	250.244	248.516
25.8728	245.519	249.378
25.8786	237.43	248.516
25.8844	246.229	245.661
25.8902	247.513	241.999
25.8961	244.953	240.189
25.9019	242.98
25.9077	244.105
25.9135	244.529
25.9193	245.094
25.9251	244.529
25.9309	245.094
25.9367	244.811
25.9425	246.087
25.9483	249.523
25.9541	251.113
25.9599	256.538
25.9657	260.57
25.9715	263.902
25.9773	267.123
25.9831	272.263
25.9889	277.984
25.9947	282.517
26.0005	286.13
26.0063	287.455
26.0122	288.953
26.018	289.622
26.0238	289.12
26.0296	289.622
26.0354	288.787
26.0412	287.289
26.047	285.634
26.0528	283.989
26.0586	282.843
26.0644	282.028
26.0702	280.727
26.076	280.727
26.0818	280.565
26.0876	280.08
26.0934	279.756
26.0992	279.918
26.105	280.241
26.1108	280.727
26.1166	281.377
26.1224	281.214
26.1283	281.702
26.1341	281.865
26.1399	281.702
26.1457	281.214
26.1515	281.052
26.1573	281.214
26.1631	282.191
26.1689	283.498
26.1747	283.825
26.1805	284.318
26.1863	284.811
26.1921	285.305
26.1979	285.305
26.2037	285.47
26.2095	285.305
26.2153	284.153
26.2211	282.354
26.2269	279.756
26.2327	277.023
26.2385	275.427
26.2444	274.316
26.2502	267.895
26.256	279.111	259.969
26.2618	284.975	259.668
26.2676	284.318	257.577
26.2734	284.153	256.241
26.2792	282.517	253.152
26.285	281.702	251.403
26.2908	268.205	249.523
26.2966	277.183	249.811
26.3024	278.949	253.738
26.3082	265.431	250.1
26.314	277.503	249.667
26.3198	268.36	249.09
26.3256	266.814	248.085
26.3314	247.942
26.3372	247.227
26.343	245.378
26.3488	242.279
26.3546	236.336
26.3605	233.082
26.3663	228.153
26.3721	222.814
26.3779	212.998
26.3837	215.224
26.3895	205.861
26.3953	192.186
26.4011	192.186
26.4069	186.069
26.4127	186.069
26.4185	187.255
26.4243
26.4301
26.4359
26.4417
26.4475
26.4533
26.4591
26.4649
26.4707
26.4766
26.4824
26.4882
26.494
26.4998
26.5056
26.5114
26.5172
26.523
26.5288
26.5346
26.5404
26.5462
26.552
26.5578
26.5636
26.5694
26.5752
26.581
26.5868
26.5927
26.5985
26.6043
26.6101
26.6159
26.6217
26.6275
26.6333
26.6391
26.6449
26.6507
26.6565
26.6623
26.6681
26.6739
26.6797
26.6855
26.6913
26.6971
26.7029
26.7088
26.7146
26.7204
26.7262
26.732
26.7378
26.7436
26.7494
26.7552
26.761
26.7668
26.7726
26.7784
26.7842
26.79
26.7958
26.8016
26.8074
26.8132
26.819
26.8249
26.8307
26.8365
26.8423
26.8481
26.8539
26.8597
26.8655
26.8713
26.8771
26.8829
26.8887
26.8945
26.9003
26.9061
26.9119
26.9177
26.9235
26.9293
26.9351
26.941
26.9468
26.9526
26.9584
26.9642
26.97
26.9758
26.9816
26.9874
26.9932
26.999
27.0048
27.0106
27.0164
27.0222
27.028
27.0338
27.0396
27.0454
27.0512
27.0571
27.0629
27.0687
27.0745
27.0803
27.0861
27.0919
27.0977
27.1035
27.1093
27.1151
27.1209
27.1267
27.1325
27.1383
27.1441
27.1499
27.1557
27.1615
27.1673
27.1732	342.832
27.179	349.228
27.1848	357.391
27.1906	367.439
27.1964	374.51
27.2022	375.159
27.208	383.042
27.2138	387.941
27.2196	392.222
27.2254	399.308
27.2312	409.824
27.237	413.868
27.2428	415.305
27.2486	408.406
27.2544	400.232
27.2602	412.436
27.266	423.542
27.2718	437.719
27.2776	437.971
27.2834	434.695
27.2893	426.734
27.2951	426.981
27.3009	431.194
27.3067	435.449
27.3125	416.265
27.3183	416.987
27.3241	400.695
27.3299	396.092
27.3357	397.009
27.3415
27.3473
27.3531
27.3589
27.3647
27.3705
27.3763
27.3821
27.3879
27.3937	323.217
27.3995	310.23
27.4054	311.667
27.4112	310.23
27.417	304.196
27.4228	311.487
27.4286	310.588
27.4344	310.409
27.4402	307.376
27.446	296.391
27.4518	309.693
27.4576	308.799
27.4634	299.489
27.4692	300.009
27.475	294.004
27.4808	290.795
27.4866	290.795
27.4924	283.498
27.4982	281.377
27.504	275.427
27.5098	276.224
27.5156	277.023
27.5215	278.145
27.5273	283.825
27.5331	283.825
27.5389	283.825
27.5447	283.825
27.5505	298.453
27.5563
27.5621
27.5679
27.5737
27.5795
27.5853
27.5911
27.5969
27.6027
27.6085
27.6143	254.766
27.6201	253.006
27.6259	240.467
27.6317	241.023
27.6376	242.699
27.6434	243.542
27.6492	243.823
27.655	244.529
27.6608	245.661
27.6666	246.942
27.6724	250.1
27.6782	251.985
27.684	252.714
27.6898	253.006
27.6956	253.738
27.7014	252.714
27.7072	250.678
27.713	247.513
27.7188	244.953
27.7246	243.12
27.7304	240.606
27.7362	238.668
27.742	237.567
27.7478	237.293
27.7537	237.293
27.7595	237.979
27.7653	238.944
27.7711	241.162
27.7769	241.58
27.7827	244.811
27.7885	247.656
27.7943	250.1
27.8001	252.86
27.8059	254.471
27.8117	256.686
27.8175	259.369
27.8233	261.626
27.8291	262.686
27.8349	262.382
27.8407	262.382
27.8465	261.022
27.8523	259.668
27.8581	257.428
27.8639	255.65
27.8698	255.207
27.8756	254.471
27.8814	250.968
27.8872	246.799	1183.51
27.893	241.441	1188.31
27.8988	239.082	1186.25
27.9046	236.609	1182.15
27.9104	236.472	1181.46
27.9162	236.745	1183.51
27.922	237.293	1187.62
27.9278	238.668	1193.81
27.9336	241.58	1206.29
27.9394	244.246	1222.42
27.9452	247.37	1236.63
27.951	250.244	1251.72
27.9568	252.422	1264.8
27.9626	254.031	1265.53
27.9684	254.766	1256.79
27.9742	256.834	1261.15
27.98	256.538	1257.51
27.9858	258.471	1267.73
27.9917	256.686	1269.19
27.9975	257.875	1276.54
28.0033	256.093	1261.15
28.0091	254.766	1270.66
28.0149	254.471	1274.33
28.0207	252.422	1262.61
28.0265	250.1	1257.51
28.0323	249.234	1253.16
28.0381	245.236	1245.23
28.0439	237.019	1276.54
28.0497	234.161	1307.89
28.0555	234.161	1372.92
28.0613	229.74	1325.38
28.0671	226.97	1266.99
28.0729	221.402	1243.79
28.0787	218.607
28.0845	218.228
28.0903	217.222
28.0961	214.727
28.1019	212.998
28.1078	208.976
28.1136	205.98	203.379
28.1194	205.03	213.121
28.1252	202.792	201.275
28.131	200.347	188.775	408.642
28.1368	200	189.103	380.396
28.1426	199.309	197.703	397.697
28.1484	197.818	198.275	395.635
28.1542	196.565	197.475	396.092
28.16	195.771	195.545	378.205
28.1658	194.083	193.635	388.165
28.1716	192.742	196.338	381.717
28.1774	190.748	191.521	379.08
28.1832	188.884	190.859	386.375
28.189	188.34	187.688	378.205
28.1948	188.231	188.014	380.836
28.2006	188.994	188.448	391.769
28.2064	179.316	188.448	376.244
28.2122	177.974	180.459	380.616
28.2181	175.22	191.3	371.493
28.2239	170.232	192.186	377.115
28.2297	192.853	377.115
28.2355	192.297	389.963
28.2413	384.816
28.2471	395.635
28.2529	389.288
28.2587	397.467
28.2645	398.157
28.2703	383.485
28.2761	388.614
28.2819	384.594
28.2877
28.2935
28.2993
28.3051
28.3109
28.3167
28.3225
28.3283
28.3341
28.34
28.3458
28.3516
28.3574
28.3632
28.369
28.3748
28.3806
28.3864
28.3922
28.398
28.4038
28.4096
28.4154
28.4212
28.427
28.4328
28.4386
28.4444
28.4502
28.4561
28.4619
28.4677
28.4735
28.4793
28.4851
28.4909
28.4967
28.5025
28.5083
28.5141
28.5199
28.5257
28.5315
28.5373
28.5431
28.5489
28.5547
28.5605
28.5663
28.5722
28.578
28.5838
28.5896
28.5954
28.6012
28.607
28.6128
28.6186
28.6244
28.6302
28.636
28.6418
28.6476
28.6534
28.6592
28.665
28.6708
28.6766
28.6824
28.6883
28.6941
28.6999
28.7057
28.7115
28.7173
28.7231
28.7289
28.7347
28.7405
28.7463
28.7521
28.7579
28.7637
28.7695
28.7753
28.7811
28.7869
28.7927
28.7985
28.8044
28.8102
28.816
28.8218
28.8276
28.8334
28.8392
28.845
28.8508
28.8566
28.8624
28.8682
28.874
28.8798
28.8856
28.8914
28.8972
28.903
28.9088
28.9146
28.9205
28.9263
28.9321
28.9379
28.9437
28.9495
28.9553
28.9611
28.9669
28.9727
28.9785
28.9843
28.9901
28.9959
29.0017
29.0075
29.0133
29.0191
29.0249
29.0307
29.0366
29.0424
29.0482
29.054
29.0598
29.0656
29.0714
29.0772
29.083
29.0888
29.0946
29.1004
29.1062
29.112
29.1178
29.1236
29.1294
29.1352
29.141
29.1468
29.1527
29.1585
29.1643
29.1701
29.1759
29.1817
29.1875
29.1933
29.1991
29.2049
29.2107
29.2165
29.2223
29.2281
29.2339
29.2397
29.2455
29.2513
29.2571
29.2629
29.2688
29.2746
29.2804
29.2862
29.292
29.2978
29.3036
29.3094
29.3152
29.321
29.3268
29.3326
29.3384
29.3442
29.35
29.3558
29.3616
29.3674
29.3732
29.379
29.3849
29.3907
29.3965
29.4023
29.4081
29.4139
29.4197
29.4255
29.4313
29.4371
29.4429
29.4487
29.4545
29.4603
29.4661
29.4719
29.4777
29.4835
29.4893
29.4951
29.501
29.5068
29.5126
29.5184
29.5242
29.53
29.5358
29.5416
29.5474
29.5532
29.559
29.5648
29.5706
29.5764
29.5822
29.588
29.5938
29.5996
29.6054
29.6112
29.6171
29.6229
29.6287
29.6345
29.6403
29.6461
29.6519
29.6577
29.6635
29.6693
29.6751
29.6809
29.6867
29.6925
29.6983
29.7041
29.7099
29.7157
29.7215
29.7273
29.7332
29.739
29.7448
29.7506
29.7564
29.7622
29.768
29.7738
29.7796
29.7854
29.7912
29.797
29.8028
29.8086
29.8144
29.8202
29.826
29.8318
29.8376
29.8434
29.8493
29.8551
29.8609
29.8667
29.8725
29.8783
29.8841
29.8899
29.8957
29.9015
29.9073
29.9131
29.9189
29.9247
29.9305
29.9363
