0
0.00580499
0.01161
0.017415
0.02322
0.0290249
0.0348299
0.0406349
0.0464399
0.0522449
0.0580499
0.0638549
0.0696599
0.0754649
0.0812698
0.0870748
0.0928798
0.0986848
0.10449
0.110295
0.1161
0.121905
0.12771
0.133515
0.13932
0.145125
0.15093
0.156735
0.16254
0.168345
0.17415
0.179955
0.18576
0.191565
0.19737
0.203175
0.20898
0.214785
0.22059
0.226395
0.2322
0.238005
0.24381
0.249615
0.255419
0.261224
0.267029
0.272834
0.278639
0.284444
0.290249
0.296054
0.301859
0.307664
0.313469
0.319274
0.325079
0.330884
0.336689
0.342494
0.348299
0.354104
0.359909
0.365714
0.371519
0.377324
0.383129
0.388934
0.394739
0.400544
0.406349
0.412154
0.417959
0.423764
0.429569	451.065
0.435374	448.986
0.441179	434.444
0.446984	423.786
0.452789	424.767
0.458594	431.443
0.464399	452.37
0.470204	452.893
0.476009	451.065
0.481814	451.587
0.487619	449.505
0.493424	448.209
0.499229	434.193
0.505034	428.215
0.510839	422.076
0.516644	420.13
0.522449	416.506
0.528254	410.297
0.534059	406.288
0.539864	404.415
0.545669	403.715
0.551474	401.622
0.557279	399.539
0.563084	397.697
0.568889	396.779
0.574694	395.864
0.580499	394.95
0.586304	394.494
0.592109	395.178
0.597914	395.407
0.603719	394.95
0.609524	393.356
0.615329	391.995
0.621134	391.769
0.626939	391.995
0.632744	394.95
0.638549	396.092
0.644354	394.95
0.650159	393.356
0.655964	391.769
0.661769	390.865
0.667574	391.543
0.673379	394.494
0.679184	398.617
0.684989	400.463
0.690794	401.39
0.696599	399.77
0.702404	394.266
0.708209	391.995
0.714014	389.513
0.719819	387.493
0.725624	385.261
0.731429	385.707
0.737234	387.941
0.743039	403.948
0.748844	397.238
0.754649	399.539
0.760454	390.639
0.766258	387.493
0.772063	398.847
0.777868
0.783673	409.114
0.789478	409.824
0.795283	409.114
0.801088	407.463
0.806893	409.587
0.812698	409.587
0.818503	412.674
0.824308	407.699
0.830113	406.523
0.835918	416.265
0.841723	416.506
0.847528	416.265
0.853333	415.785
0.859138	415.545
0.864943	415.785
0.870748	415.785
0.876553	415.545
0.882358	415.305
0.888163	414.586
0.893968	414.346
0.899773	413.868
0.905578	413.868
0.911383	413.868
0.917188	413.629
0.922993	414.107
0.928798	414.346
0.934603	414.586
0.940408	414.825
0.946213	413.39
0.952018	412.674
0.957823	412.198
0.963628
0.969433	407.699
0.975238	407.463
0.981043	407.699
0.986848	406.523
0.992653	404.649
0.998458	402.783
1.00426	403.948
1.01007	400.463
1.01587	398.387
1.02168	399.078
1.02748	404.883
1.03329	404.182
1.03909	405.351
1.0449	408.642
1.0507	413.39
1.05651	416.747
1.06231	412.674
1.06812	412.674
1.07392	421.102
1.07973	413.39
1.08553
1.09134
1.09714
1.10295
1.10875
1.11456
1.12036
1.12617
1.13197
1.13778
1.14358	750.319
1.14939	743.846
1.15519	744.276
1.161	739.989
1.1668	738.281
1.17261	741.272
1.17841	739.134
1.18422	738.708
1.19002	739.562	371.493
1.19583	740.844	370.636
1.20163	740.844	371.065
1.20744	740.844	370.422
1.21324	739.562	369.141
1.21905	737.855	368.289
1.22485	738.281	368.927
1.23066	739.134	369.354
1.23646	738.281	368.289	1838.98
1.24227	738.708	368.927	1837.92
1.24807	738.281	368.927	1843.24
1.25388	736.577	367.863	1827.34
1.25968	734.877	366.803	1830.51
1.26549	734.453	366.379	1828.39
1.27129	732.758	364.69	1822.07
1.2771	727.697	361.544	1807.39
1.2829	727.697	357.598	1778.39
1.28871	729.38	356.566	1773.27
1.29451	726.017	356.155	1770.2
1.30032	723.505	355.333	1766.11
1.30612	739.562	354.717	1771.22
1.31193	718.093	354.513	1771.22
1.31773	713.545	356.155	1776.34
1.32354	724.342	357.185	1787.66
1.32934	356.566	1778.39
1.33515	356.772	1779.42	711.487
1.34095	355.949	1762.03	700.881
1.34676	358.425	1780.45	706.164
1.35256	362.38	1795.94	726.437
1.35837	364.69	1800.1	733.181
1.36417	366.591	1814.71	739.134
1.36998	367.014	1833.68	737.003
1.37578	368.501	1836.86	736.577
1.38159	369.567	1838.98	737.855
1.38739	368.714	1810.53	739.134
1.3932	368.501	1807.39	739.134
1.399	370.636	1856.06	739.562
1.40481	370.636	1849.64	739.134
1.41061	371.279	1863.58	741.701
1.41642	372.568	1864.66	739.989
1.42222	373.861	1866.81	749.452
1.42803	374.943	1871.13	752.924
1.43383	376.027	1875.46	754.229
1.43964	376.679	1885.23	755.101
1.44544	377.115	1889.59	755.974
1.45125	376.679	754.229
1.45705	376.462	754.665
1.46286	376.244	753.794
1.46866	376.027	752.054
1.47447	376.244	752.054
1.48027	376.462	751.62
1.48608	375.376	750.319
1.49188	373.861	747.291
1.49769	373.645	746.428
1.50349	372.353	743.846
1.5093	370.208	740.416
1.5151	369.781	739.989
1.52091	367.014	733.181
1.52671	364.69	723.087
1.53252	360.293	716.022
1.53832	356.978	714.782
1.54413	364.901	704.942
1.54993	357.185	678.573
1.55574	372.783	653.945
1.56154	378.861	640.857
1.56735	375.593	629.848
1.57315	370.85	623.333
1.57896	372.138	639.009
1.58476	371.279	654.323
1.59057	375.159	676.616
1.59637	375.159	734.029
1.60218	356.978
1.60798	365.745
1.61379	371.279
1.61959	370.636
1.6254	370.422
1.6312	369.994
1.63701	374.51	742.987
1.64281	372.138	744.706
1.64862	372.568	742.558
1.65442	371.708	738.708
1.66023	372.353	745.566
1.66603	373.861	755.101
1.67184	375.81	759.037
1.67764	360.501	753.794
1.68345	374.943	755.974
1.68925	371.279	739.562
1.69506	368.501	727.697
1.70086	374.077	733.605
1.70667	374.51	744.276
1.71247	373.645	733.181
1.71828	372.999	724.76
1.72408	376.462	734.453
1.72989	368.927	738.281
1.73569	368.927	743.846
1.7415	371.279	744.276
1.7473	363.009	747.291
1.75311	369.354	750.752
1.75891	376.897	751.186
1.76472	375.376	749.02
1.77052	370.636	739.989
1.77633	364.058	741.272
1.78213	364.058	738.281
1.78794	359.877	737.855
1.79374	361.753	711.898
1.79955	369.141	718.508
1.80535	359.877	708.207
1.81116	368.927	688.045
1.81696	365.956	733.181	342.634
1.82277	374.726	704.942	341.055
1.82857	366.591	728.959	340.464
1.83438	371.065	342.634
1.84018	376.679	339.286
1.84599	389.963	337.527
1.85179	364.479	338.308
1.8576	338.699
1.8634	339.875
1.86921	340.464	681.322
1.87501	341.055	682.504
1.88082	342.041	685.269
1.88662	342.634	686.854
1.89243	343.229	686.457
1.89823	343.824	686.457
1.90404	343.824	688.841
1.90984	342.041	688.443
1.91565	340.858	684.873
1.92145	340.268	682.898
1.92726	339.679	680.929
1.93306	338.699	679.75
1.93887	339.09	679.75
1.94467	338.895	677.398
1.95048	339.09	678.181
1.95628	339.286	679.357
1.96209	339.09	678.181
1.96789	338.699	677.398
1.9737	337.722	675.444
1.9795	336.165	673.107
1.98531	335.389	671.554
1.99111	334.809	670.391
1.99692	333.843	667.686
2.00272	331.729	662.691
2.00853	330.772	660.78
2.01433	329.437	657.354
2.02014	329.247	657.354
2.02594	328.677	658.114
2.03175	326.973	654.701
2.03755	327.351	654.701
2.04336	325.653	652.436
2.04916	324.714	649.428
2.05497	323.778	647.93
2.06077	322.471	644.942
2.06658	320.984	640.857
2.07238	319.874	640.117
2.07819	317.664	639.379
2.08399	317.481	638.271
2.0898	316.383	632.765
2.0956	314.924	628.031
2.10141	312.568	628.758
2.10721	313.11	625.136
2.11302	312.388	623.333
2.11882	312.207	622.973
2.12463	309.693	619.385
2.13043	306.844	614.752
2.13624	305.605	609.448
2.14204	304.9	607.691
2.14785	303.319	604.19
2.15365	300.355	601.752
2.15946	298.453	595.184
2.16526	297.249	592.098
2.17107	297.249	588.008
2.17687	294.684	586.313
2.18268	293.834	585.298
2.18848	290.124	577.907
2.19429	290.627	575.575
2.20009	292.818	564.055
2.2059	294.344	566.014
2.2117	286.957	553.725
2.21751	284.318	566.995
2.22331	290.292
2.22912	299.143
2.23492
2.24073
2.24653
2.25234
2.25814	646.061
2.26395	653.568
2.26975	680.929
2.27556	644.942
2.28136	679.357
2.28717	678.181
2.29297	682.504
2.29878	686.061
2.30458	677.398
2.31039	644.57
2.31619	656.974
2.322	646.434
2.3278	649.428
2.33361	656.595
2.33941	646.808
2.34522	641.598
2.35102	649.804
2.35683	644.198
2.36263	635.696
2.36844	644.57
2.37424	633.863
2.38005	646.434
2.38585	671.554
2.39166	668.844
2.39746	670.004
2.40327	663.457
2.40907	638.271
2.41488	667.301
2.42068	643.454
2.42649	662.309
2.43229
2.4381
2.4439
2.44971
2.45551
2.46132
2.46712
2.47293
2.47873
2.48454
2.49034
2.49615
2.50195
2.50776
2.51356
2.51937
2.52517
2.53098
2.53678
2.54258
2.54839
2.55419
2.56
2.5658
2.57161
2.57741
2.58322
2.58902
2.59483
2.60063
2.60644
2.61224
2.61805
2.62385
2.62966
2.63546
2.64127
2.64707
2.65288
2.65868
2.66449
2.67029
2.6761
2.6819
2.68771
2.69351
2.69932
2.70512
2.71093
2.71673
2.72254
2.72834
2.73415
2.73995
2.74576
2.75156
2.75737
2.76317
2.76898
2.77478
2.78059
2.78639
2.7922
2.798
2.80381
2.80961
2.81542
2.82122
2.82703
2.83283
2.83864
2.84444
2.85025
2.85605
2.86186
2.86766
2.87347
2.87927
2.88508
2.89088
2.89669
2.90249
2.9083
2.9141
2.91991
2.92571
2.93152
2.93732
2.94313
2.94893
2.95474
2.96054
2.96635
2.97215
2.97796
2.98376
2.98957
2.99537
3.00118
3.00698
3.01279
3.01859
3.0244
3.0302
3.03601
3.04181
3.04762
3.05342
3.05923
3.06503
3.07084
3.07664
3.08245
3.08825
3.09406
3.09986
3.10567
3.11147
3.11728
3.12308
3.12889
3.13469
3.1405
3.1463
3.15211
3.15791
3.16372
3.16952
3.17533
3.18113
3.18694
3.19274
3.19855
3.20435
3.21016
3.21596
3.22177
3.22757
3.23338
3.23918
3.24499
3.25079
3.2566
3.2624
3.26821
3.27401
3.27982
3.28562
3.29143
3.29723
3.30304
3.30884
3.31465
3.32045	404.883
3.32626	397.467
3.33206	392.222
3.33787	405.585
3.34367	421.345
3.34948	402.086
3.35528	400.926
3.36109	402.551
3.36689	403.482
3.3727	416.265
3.3785	415.305
3.38431	417.469
3.39011	427.968
3.39592	411.009
3.40172	424.521
3.40753	429.454
3.41333	430.696
3.41914	432.691
3.42494	440.763
3.43075	442.038
3.43655	446.658
3.44236	446.658
3.44816	445.37
3.45397	445.113
3.45977	447.433
3.46558	446.4
3.47138	445.627
3.47719	446.4
3.48299	442.805
3.4888	439.746
3.4946	437.466
3.50041	437.213
3.50621	435.952
3.51202	435.197
3.51782	432.941
3.52363	431.194
3.52943	431.942
3.53524	428.958
3.54104	429.454
3.54685	427.227
3.55265	423.053
3.55846	421.102
3.56426	425.012
3.57007	425.012
3.57587	422.808
3.58168	420.13
3.58748	420.373
3.59329	416.265
3.59909	416.987
3.6049	416.265
3.6107	409.351
3.61651	408.878
3.62231	405.117
3.62812	404.649
3.63392	406.288
3.63973	404.182
3.64553	396.321
3.65134	386.822
3.65714	391.543
3.66295	391.317
3.66875	396.092
3.67456	391.091
3.68036	373.645
3.68617	366.591
3.69197	374.294
3.69778	384.372
3.70358	387.269
3.70939	385.929
3.71519	383.485
3.721	381.497
3.7268	375.376	734.877
3.73261	385.484	740.416
3.73841	378.205	739.989
3.74422	383.707	737.003
3.75002	367.227	766.97
3.75583	370.208	773.644
3.76163	366.803	726.856
3.76744	364.901	730.645
3.77324	362.799	730.645
3.77905	360.918	730.645
3.78485	361.544	732.335
3.79066	358.011	718.093
3.79646	355.333	710.255
3.80227	352.878	729.38
3.80807	356.36	706.98
3.81388	361.962	723.505
3.81968	360.501	723.087
3.82549	363.848	713.545
3.83129	356.566	716.022
3.8371	350.643	706.164
3.8429	348.221	701.286
3.84871	347.819	697.247
3.85451	344.818	696.04
3.86032	358.425	711.076
3.86612	361.126	733.605
3.87193	363.848	746.428
3.87773	731.489
3.88354	762.993
3.88934	761.232
3.89515	709.845
3.90095	720.17
3.90676	726.017
3.91256	711.076
3.91837	700.072
3.92417
3.92998
3.93578
3.94159
3.94739
3.9532
3.959
3.96481
3.97061
3.97642
3.98222
3.98803
3.99383
3.99964
4.00544
4.01125
4.01705
4.02286
4.02866
4.03447
4.04027
4.04608
4.05188
4.05769
4.06349
4.0693
4.0751
4.08091
4.08671
4.09252
4.09832
4.10413
4.10993
4.11574
4.12154
4.12735
4.13315
4.13896
4.14476
4.15057
4.15637
4.16218
4.16798
4.17379
4.17959
4.1854
4.1912
4.19701
4.20281
4.20862
4.21442
4.22023
4.22603
4.23184
4.23764
4.24345
4.24925
4.25506
4.26086
4.26667
4.27247
4.27828
4.28408
4.28989
4.29569
4.3015
4.3073
4.31311
4.31891
4.32472
4.33052
4.33633
4.34213
4.34794
4.35374
4.35955
4.36535
4.37116
4.37696
4.38277
4.38857
4.39438
4.40018
4.40599
4.41179
4.4176
4.4234
4.42921
4.43501
4.44082
4.44662
4.45243
4.45823
4.46404
4.46984
4.47565
4.48145
4.48726
4.49306
4.49887
4.50467
4.51048
4.51628
4.52209
4.52789
4.5337
4.5395
4.54531
4.55111
4.55692
4.56272
4.56853
4.57433
4.58014
4.58594
4.59175
4.59755
4.60336
4.60916
4.61497
4.62077
4.62658
4.63238
4.63819
4.64399
4.6498
4.6556
4.66141
4.66721
4.67302
4.67882
4.68463
4.69043
4.69624
4.70204
4.70785
4.71365
4.71946
4.72526
4.73107
4.73687
4.74268
4.74848
4.75429
4.76009
4.7659
4.7717
4.77751
4.78331
4.78912
4.79492
4.80073
4.80653
4.81234
4.81814
4.82395
4.82975
4.83556
4.84136
4.84717
4.85297
4.85878
4.86458
4.87039
4.87619
4.882
4.8878
4.89361
4.89941
4.90522
4.91102
4.91683
4.92263
4.92844
4.93424
4.94005
4.94585
4.95166
4.95746
4.96327
4.96907
4.97487
4.98068
4.98649
4.99229
4.9981
5.0039
5.00971
5.01551
5.02132
5.02712
5.03293
5.03873
5.04454
5.05034
5.05615
5.06195
5.06776
5.07356
5.07936
5.08517
5.09097
5.09678
5.10258
5.10839
5.11419
5.12
5.1258
5.13161
5.13741
5.14322
5.14902
5.15483
5.16063
5.16644
5.17225
5.17805
5.18385
5.18966
5.19546
5.20127
5.20707
5.21288
5.21868
5.22449
5.23029
5.2361
5.2419
5.24771
5.25351
5.25932
5.26512
5.27093
5.27673
5.28254
5.28834
5.29415
5.29995
5.30576
5.31156
5.31737
5.32317
5.32898
5.33478
5.34059
5.34639
5.3522
5.358
5.36381
5.36961
5.37542
5.38122
5.38703
5.39283
5.39864
5.40444
5.41025
5.41605
5.42186
5.42766
5.43347
5.43927
5.44508
5.45088
5.45669
5.46249
5.4683
5.4741
5.47991
5.48571
5.49152
5.49732
5.50313
5.50893
5.51474
5.52054
5.52635
5.53215
5.53796
5.54376
5.54957
5.55537
5.56118
5.56698
5.57279
5.57859
5.5844
5.5902
5.59601
5.60181
5.60762
5.61342
5.61923
5.62503
5.63084
5.63664
5.64245
5.64825
5.65406
5.65986
5.66567
5.67147
5.67728
5.68308
5.68889
5.69469
5.7005
5.7063
5.71211
5.71791
5.72372
5.72952
5.73533
5.74113
5.74694
5.75274
5.75855
5.76435
5.77016
5.77596
5.78177
5.78757
5.79338
5.79918
5.80499
5.81079
5.8166
5.8224
5.82821
5.83401
5.83982
5.84562
5.85143
5.85723
5.86304
5.86884
5.87465
5.88045
5.88626
5.89206
5.89787
5.90367
5.90948
5.91528
5.92109
5.92689
5.9327
5.9385
5.94431
5.95011
5.95592
5.96172
5.96753
5.97333
5.97914
5.98494
5.99075
5.99655
6.00236
6.00816
6.01397
6.01977
6.02558
6.03138
6.03719
6.04299
6.0488
6.0546
6.06041
6.06621
6.07202
6.07782
6.08363
6.08943
6.09524
6.10104
6.10685
6.11265
6.11846
6.12426
6.13007
6.13587
6.14168
6.14748
6.15329
6.15909
6.1649
6.1707
6.17651
6.18231
6.18812
6.19392
6.19973
6.20553
6.21134
6.21714
6.22295
6.22875
6.23456
6.24036
6.24617
6.25197
6.25778
6.26358
6.26939
6.27519
6.281
6.2868
6.29261
6.29841
6.30422
6.31002
6.31583
6.32163
6.32744
6.33324
6.33905
6.34485
6.35066
6.35646
6.36227
6.36807
6.37388
6.37968
6.38549
6.39129
6.3971
6.4029
6.40871
6.41451
6.42032
6.42612
6.43193
6.43773
6.44354
6.44934
6.45515
6.46095
6.46676
6.47256
6.47837
6.48417
6.48998
6.49578
6.50159
6.50739
6.5132
6.519
6.52481
6.53061
6.53642
6.54222
6.54803
6.55383
6.55964
6.56544
6.57125
6.57705
6.58286
6.58866
6.59447
6.60027
6.60608
6.61188
6.61769
6.62349
6.6293
6.6351
6.64091
6.64671
6.65252
6.65832
6.66413
6.66993
6.67574
6.68154
6.68735
6.69315
6.69896
6.70476
6.71057
6.71637
6.72218
6.72798
6.73379
6.73959	308.978
6.7454	308.087
6.7512	311.487
6.75701	310.409
6.76281	307.909
6.76862	305.076
6.77442	305.782
6.78023	303.144
6.78603	307.198
6.79184	311.667
6.79764	316.2	450.545
6.80345	333.65	435.952
6.80925	329.818	433.441
6.81506	321.541	429.454
6.82086	317.298	430.945
6.82667	317.848	431.692
6.83247	318.583	429.454
6.83828	317.848	426.241
6.84408	305.076	425.258
6.84989	307.198	420.859
6.85569	317.481	423.542
6.8615	423.297
6.8673	422.564
6.87311	423.786
6.87891	427.474
6.88472	425.749
6.89052	425.503
6.89633	425.995
6.90213	425.995
6.90794	425.503
6.91374	425.258
6.91955	423.542
6.92535	423.542
6.93116	423.786
6.93696	423.542
6.94277	420.13
6.94857	418.435
6.95438	419.645
6.96018	420.616
6.96599	418.919
6.97179	419.161
6.9776	416.506
6.9834	411.246
6.98921	412.198
6.99501	413.868
7.00082	414.586
7.00662	414.586
7.01243	413.151
7.01823	408.642
7.02404	408.406
7.02984	409.587
7.03565	409.824
7.04145	407.699
7.04726	406.288
7.05306	407.934
7.05887	406.288
7.06467	404.883
7.07048	405.117
7.07628	402.551
7.08209	398.847
7.08789	396.779
7.0937	392.902
7.0995	392.675	780.376
7.10531	393.811	785.351
7.11111	392.222	786.258
7.11692	388.614	779.025
7.12272	387.493	772.305
7.12853	381.276	774.538
7.13433	380.616	770.077
7.14014	381.717	763.875
7.14594	380.396	759.037
7.15175	378.424	756.411
7.15755	376.897	751.62
7.16336	372.999	744.706
7.16916	372.353	746.428
7.17497	371.065	739.989
7.18077	371.708	741.701
7.18658	368.714	737.429
7.19238	367.863	733.181
7.19819	367.439	727.697
7.20399	367.439	729.38
7.2098	359.669	730.645
7.2156	363.428	730.645
7.22141	355.127	711.487
7.22721	353.49	707.389
7.23302	349.834	699.668
7.23882	350.036	700.477
7.24463	347.016	691.232
7.25043	345.616	688.841
7.25624	347.819	685.665
7.26204	361.126	682.898
7.26785	355.127	703.315
7.27365	344.619	682.898
7.27946	333.073	661.926
7.28526	323.03	640.857
7.29107	323.591	638.271
7.29687	333.265	636.798
7.30268	345.416	614.397
7.30848	338.699	607.34
7.31429	350.238	587.669
7.32009	351.454	584.96
7.3259	343.427	576.24
7.3317	346.816	578.575
7.33751	345.217	572.921
7.34331	347.217	576.24
7.34912	348.422	575.907
7.35492	343.031	568.307
7.36073	354.717	554.365
7.36653	356.155	554.686
7.37234	348.624
7.37814	339.482
7.38395	332.88
7.38975	331.92
7.39556	328.487
7.40136	327.729
7.40717	329.437
7.41297	333.073
7.41878	334.036
7.42458	334.229
7.43039	332.88
7.43619	339.875
7.442	344.221
7.4478	335.196
7.45361	329.818
7.45941	328.677
7.46522	334.036
7.47102	328.108
7.47683	323.965
7.48263	327.54
7.48844	327.729
7.49424	323.404
7.50005	326.218
7.50585	321.17
7.51166	328.297
7.51746	326.407
7.52327	333.265
7.52907	336.748
7.53487	339.482
7.54068	340.071
7.54648	351.657
7.55229	351.048
7.55809	347.417
7.5639	346.616
7.56971	349.632
7.57551	345.616
7.58132	349.632
7.58712	333.265
7.59293	343.229
7.59873	340.464
7.60454
7.61034
7.61615
7.62195
7.62776
7.63356
7.63936
7.64517
7.65097
7.65678
7.66258
7.66839
7.67419
7.68
7.6858
7.69161
7.69741
7.70322
7.70902
7.71483
7.72063
7.72644
7.73224
7.73805
7.74385
7.74966
7.75546
7.76127
7.76707
7.77288
7.77868
7.78449
7.79029
7.7961
7.8019
7.80771
7.81351
7.81932
7.82512
7.83093
7.83673
7.84254
7.84834
7.85415
7.85995
7.86576
7.87156
7.87737
7.88317
7.88898
7.89478
7.90059
7.90639
7.9122
7.918
7.92381
7.92961
7.93542
7.94122
7.94703
7.95283
7.95864
7.96444
7.97025
7.97605
7.98186
7.98766
7.99347
7.99927
8.00508
8.01088
8.01669
8.02249
8.0283
8.0341
8.03991
8.04571
8.05152
8.05732
8.06313
8.06893
8.07474
8.08054
8.08635
8.09215
8.09796
8.10376
8.10957
8.11537
8.12118
8.12698
8.13279
8.13859
8.1444
8.1502
8.15601
8.16181
8.16762
8.17342
8.17923
8.18503
8.19084
8.19664
8.20245
8.20825
8.21406
8.21986
8.22567
8.23147
8.23728
8.24308
8.24889
8.25469
8.2605
8.2663
8.27211
8.27791
8.28372
8.28952
8.29533
8.30113
8.30694
8.31274
8.31855
8.32435
8.33016
8.33596
8.34177
8.34757
8.35338
8.35918
8.36499
8.37079
8.3766
8.3824
8.38821
8.39401
8.39982
8.40562
8.41143
8.41723
8.42304
8.42884
8.43465
8.44045
8.44626
8.45206
8.45787
8.46367
8.46948
8.47528
8.48109
8.48689
8.4927
8.4985
8.50431
8.51011
8.51592
8.52172
8.52753
8.53333
8.53914
8.54494
8.55075
8.55655
8.56236
8.56816
8.57397
8.57977
8.58558
8.59138
8.59719
8.60299
8.6088
8.6146
8.62041
8.62621
8.63202
8.63782
8.64363
8.64943
8.65524
8.66104
8.66685
8.67265
8.67846
8.68426
8.69007
8.69587
8.70168
8.70748
8.71329
8.71909
8.7249
8.7307
8.73651
8.74231
8.74812
8.75392
8.75973
8.76553
8.77134
8.77714
8.78295
8.78875
8.79456
8.80036
8.80617
8.81197
8.81778
8.82358
8.82939
8.83519
8.841
8.8468
8.85261
8.85841
8.86422
8.87002
8.87583
8.88163
8.88744
8.89324
8.89905
8.90485
8.91066
8.91646
8.92227
8.92807
8.93388
8.93968
8.94549
8.95129
8.9571
8.9629
8.96871
8.97451
8.98032
8.98612
8.99193
8.99773
9.00354
9.00934
9.01515
9.02095
9.02676
9.03256
9.03837
9.04417
9.04998
9.05578
9.06159
9.06739
9.0732
9.079
9.08481
9.09061
9.09642
9.10222
9.10803
9.11383
9.11964
9.12544
9.13125
9.13705
9.14286
9.14866
9.15447
9.16027
9.16608
9.17188
9.17769
9.18349
9.1893
9.1951
9.20091
9.20671
9.21252
9.21832
9.22413
9.22993
9.23574
9.24154
9.24735
9.25315
9.25896
9.26476
9.27057
9.27637
9.28218
9.28798
9.29379
9.29959
9.3054
9.3112
9.31701
9.32281
9.32862
9.33442
9.34023
9.34603
9.35184
9.35764
9.36345
9.36925
9.37506
9.38086
9.38667
9.39247
9.39828
9.40408
9.40989
9.41569
9.4215
9.4273
9.43311
9.43891
9.44472
9.45052
9.45633
9.46213
9.46794
9.47374
9.47955
9.48535
9.49116
9.49696
9.50277
9.50857
9.51438
9.52018
9.52599
9.53179
9.5376
9.5434
9.54921
9.55501
9.56082
9.56662
9.57243
9.57823
9.58404
9.58984
9.59565
9.60145
9.60726
9.61306
9.61887
9.62467
9.63048
9.63628
9.64209
9.64789
9.6537
9.6595
9.66531
9.67111
9.67692
9.68272
9.68853
9.69433
9.70014
9.70594
9.71175
9.71755
9.72336
9.72916
9.73497
9.74077
9.74658
9.75238
9.75819
9.76399
9.7698
9.7756
9.78141
9.78721
9.79302
9.79882
9.80463
9.81043
9.81624
9.82204
9.82785
9.83365
9.83946
9.84526
9.85107
9.85687
9.86268
9.86848
9.87429
9.88009
9.8859
9.8917
9.89751
9.90331
9.90912
9.91492
9.92073
9.92653
9.93234
9.93814
9.94394
9.94975
9.95555
9.96136
9.96716
9.97297
9.97878
9.98458
9.99039
9.99619	413.151
10.002	399.539
10.0078	391.995
10.0136	399.078
10.0194	392.222
10.0252	406.054
10.031	382.821
10.0368	387.493
10.0426	382.821
10.0484	376.679
10.0542	365.111
10.06	364.69
10.0659	363.218
10.0717	379.957
10.0775	399.539
10.0833	393.356
10.0891	383.928
10.0949	383.928
10.1007	390.865
10.1065	391.543
10.1123	380.616	405.585
10.1181	363.638	387.717
10.1239	396.321
10.1297	402.783
10.1355	407.463
10.1413	413.868
10.1471	416.025
10.1529	414.825
10.1587	413.868
10.1645	412.198
10.1703	412.913	363.848
10.1761	413.868	368.714
10.1819	416.265	374.294
10.1878	417.228	371.279
10.1936	411.96	366.167
10.1994	415.545	364.69
10.2052	413.629	365.322
10.211	404.649	368.714
10.2168	398.847	371.493
10.2226	408.17	358.632
10.2284	409.351	361.126
10.2342	403.482	363.848
10.24	401.854	371.923
10.2458	417.952	372.999
10.2516	403.715	381.938
10.2574	416.747	371.923
10.2632	428.215	372.999
10.269	431.194	369.781
10.2748	446.658	367.014
10.2806	448.467	354.717
10.2864	449.245	350.441
10.2922	439.238	345.816
10.298	438.985	341.055
10.3039	449.245	344.023
10.3097	450.545	358.011
10.3155	450.805	366.591	549.9
10.3213	463.479	372.138	564.707
10.3271	457.362	372.568	566.668
10.3329	445.37	373.645	542.957
10.3387	441.528	368.927	540.141
10.3445	440.254	365.745	542.016	268.515
10.3503	451.326	360.709	540.141	267.123
10.3561	443.06	364.69	546.417	265.278
10.3619	442.805	371.493	542.643	266.814
10.3677	434.695	375.81	539.829	266.969
10.3735	451.587	373.214	542.33	261.626
10.3793	375.593	549.9	258.471
10.3851	375.593	550.536	267.586
10.3909	369.354	548.315	265.891
10.3967	363.638	541.391	269.759
10.4025	347.819	537.03	279.756
10.4083	334.615	516.644	271.635
10.4141	333.65	519.637	278.788
10.42	337.137	512.779	284.975
10.4258	325.653	503.388	281.052
10.4316	327.54	515.154	281.865
10.4374	511.3	280.727
10.4432	513.372	278.627	139.717
10.449	496.744	278.466	139.072	416.265
10.4548	511.3	279.595	139.475	417.228
10.4606	279.756	139.878	417.469
10.4664	278.627	139.717	417.228
10.4722	278.788	139.394	418.919
10.478	275.268	139.233	417.711
10.4838	280.565	140.121	416.025
10.4896	279.918	139.717	417.952
10.4954	280.241	138.992	420.616
10.5012	280.08	138.992	418.677
10.507	277.023	138.671	418.435
10.5128	278.788	138.591	418.435
10.5186	281.702	138.912	419.888
10.5244	284.975	141.014	421.589
10.5302	280.89	141.831	423.053
10.5361	280.727	140.445	420.859
10.5419	284.482	140.283	420.859
10.5477	284.975	140.607	420.13
10.5535	284.318	140.607	420.859
10.5593	281.702	141.177	423.542
10.5651	286.792	147.854	423.542
10.5709	282.68	145.987	422.564
10.5767	278.306	143.23	422.808
10.5825	279.433	139.959	421.345
10.5883	279.595	140.445	420.13
10.5941	278.788	139.153	419.403
10.5999	282.191	140.526	419.403
10.6057	280.89	140.851	420.373
10.6115	279.918	138.192	425.012
10.6173	279.918	139.153	421.833
10.6231	284.975	143.065	424.767
10.6289	282.028	141.667	421.833
10.6347	280.241	139.878	420.373
10.6405	281.052	141.258	424.767
10.6463	282.191	138.192	422.564
10.6522	275.586	138.192	418.677
10.658	277.183	138.752	417.711
10.6638	282.354	138.752	419.645
10.6696	276.383	140.283	421.833
10.6754	279.595	138.431	421.102
10.6812	278.949	138.832	420.13
10.687	278.949	139.636	420.13
10.6928	281.539	140.202	419.888
10.6986	275.109	139.555	420.13	838.806
10.7044	278.145	140.04	420.13	837.354
10.7102	139.636	417.952	836.87
10.716	139.233	418.919	838.321
10.7218	137.237	417.711	834.457
10.7276	416.025	831.569
10.7334	415.545	829.171
10.7392	411.96	821.543
10.745	412.198	817.756
10.7508	408.642	821.543
10.7566	410.061	820.121
10.7624	410.061	820.595
10.7683	407.228	812.107
10.7741	406.758	815.398
10.7799	406.288	813.046
10.7857	406.993	820.121
10.7915	407.463	817.756
10.7973	408.406	816.812
10.8031	407.228	811.17
10.8089	404.649	806.964
10.8147	404.883	807.896
10.8205	405.819	812.107
10.8263	404.415	811.17
10.8321	405.819	809.297
10.8379	403.715	796.314
10.8437	403.249	803.707
10.8495	402.551	807.896
10.8553	401.158	801.389
10.8611	400.695	800.002
10.8669	400.001	799.078
10.8727	397.927	797.695
10.8785	395.407	794.017
10.8844	394.722	788.988
10.8902	394.039	798.617
10.896	392.222	786.713
10.9018	388.389	771.413
10.9076	389.063	776.33
10.9134	388.614	775.882
10.9192	389.063	776.33
10.925	385.929	766.97
10.9308	382.821	762.993
10.9366	381.938	763.875
10.9424	377.987	762.112
10.9482	375.159	747.723
10.954	373.214	737.855
10.9598	369.354	739.134
10.9656	368.289	717.678
10.9714	363.009	726.437
10.9772	363.218	724.342
10.983	362.38	723.923
10.9888	359.877	715.195
10.9946	358.839
11.0005	353.082
11.0063	349.228
11.0121	347.417
11.0179	347.417
11.0237	342.437
11.0295	340.661
11.0353	338.503
11.0411	336.165
11.0469	329.818
11.0527	328.677
11.0585	323.591
11.0643	323.965
11.0701	320.984
11.0759	318.399
11.0817	313.291
11.0875	310.23
11.0933	306.312
11.0991	301.921
11.1049	316.748
11.1107	317.848
11.1166	291.131
11.1224	300.702
11.1282	307.909
11.134	305.253
11.1398	304.9
11.1456	302.27
11.1514	313.653
11.1572	314.379
11.163	318.767
11.1688	334.422
11.1746	343.625
11.1804	352.878
11.1862	340.268
11.192	336.943
11.1978	334.229
11.2036	346.215
11.2094	337.917
11.2152	346.415
11.221	336.359
11.2268	347.016
11.2327	343.031
11.2385	341.252
11.2443	347.016
11.2501	348.422
11.2559	348.624
11.2617	353.899
11.2675	352.267
11.2733	349.43
11.2791	352.674
11.2849
11.2907
11.2965
11.3023
11.3081
11.3139
11.3197
11.3255
11.3313
11.3371
11.3429
11.3488
11.3546
11.3604
11.3662
11.372
11.3778
11.3836
11.3894
11.3952
11.401
11.4068
11.4126
11.4184
11.4242
11.43
11.4358
11.4416
11.4474
11.4532
11.459
11.4649
11.4707
11.4765
11.4823
11.4881
11.4939
11.4997
11.5055
11.5113
11.5171
11.5229
11.5287
11.5345
11.5403
11.5461
11.5519
11.5577
11.5635
11.5693
11.5751
11.581
11.5868
11.5926
11.5984
11.6042
11.61
11.6158
11.6216
11.6274
11.6332
11.639
11.6448
11.6506
11.6564
11.6622
11.668
11.6738
11.6796
11.6854
11.6912
11.6971
11.7029
11.7087
11.7145
11.7203
11.7261
11.7319
11.7377
11.7435
11.7493
11.7551
11.7609
11.7667
11.7725
11.7783
11.7841
11.7899
11.7957
11.8015
11.8073
11.8132
11.819
11.8248
11.8306
11.8364
11.8422
11.848
11.8538
11.8596
11.8654
11.8712
11.877
11.8828
11.8886
11.8944
11.9002
11.906
11.9118
11.9176
11.9234
11.9293
11.9351
11.9409
11.9467
11.9525
11.9583
11.9641
11.9699
11.9757
11.9815
11.9873
11.9931
11.9989
12.0047
12.0105
12.0163
12.0221
12.0279
12.0337
12.0395
12.0454
12.0512
12.057
12.0628
12.0686
12.0744
12.0802
12.086
12.0918
12.0976
12.1034
12.1092
12.115
12.1208
12.1266
12.1324
12.1382
12.144
12.1498
12.1556
12.1615
12.1673
12.1731
12.1789
12.1847
12.1905
12.1963
12.2021
12.2079
12.2137
12.2195
12.2253
12.2311
12.2369
12.2427
12.2485
12.2543
12.2601
12.2659
12.2717
12.2776
12.2834
12.2892
12.295
12.3008
12.3066
12.3124
12.3182
12.324
12.3298
12.3356
12.3414
12.3472
12.353
12.3588
12.3646
12.3704
12.3762
12.382
12.3878
12.3937
12.3995
12.4053
12.4111
12.4169
12.4227
12.4285
12.4343
12.4401
12.4459
12.4517
12.4575
12.4633
12.4691
12.4749
12.4807
12.4865
12.4923
12.4981
12.5039
12.5098
12.5156
12.5214
12.5272
12.533
12.5388
12.5446
12.5504
12.5562
12.562
12.5678
12.5736
12.5794
12.5852
12.591
12.5968
12.6026
12.6084
12.6142
12.62
12.6258
12.6317
12.6375
12.6433
12.6491
12.6549
12.6607
12.6665
12.6723
12.6781
12.6839
12.6897
12.6955
12.7013
12.7071
12.7129
12.7187
12.7245
12.7303
12.7361
12.742
12.7478
12.7536
12.7594
12.7652
12.771
12.7768
12.7826
12.7884
12.7942
12.8
12.8058
12.8116
12.8174
12.8232
12.829
12.8348
12.8406
12.8464
12.8522
12.858
12.8639
12.8697
12.8755
12.8813
12.8871
12.8929
12.8987
12.9045
12.9103
12.9161
12.9219
12.9277
12.9335
12.9393
12.9451
12.9509
12.9567
12.9625
12.9683
12.9741
12.98
12.9858
12.9916
12.9974
13.0032
13.009
13.0148
13.0206
13.0264
13.0322
13.038
13.0438
13.0496
13.0554
13.0612
13.067
13.0728
13.0786
13.0844	386.152
13.0902	382.379
13.0961	383.042
13.1019	383.042
13.1077	385.261
13.1135	387.717
13.1193	388.389
13.1251	397.467
13.1309	399.078
13.1367	398.387
13.1425	396.55
13.1483	393.811
13.1541	390.865
13.1599	389.513
13.1657	388.389
13.1715	388.389
13.1773	388.838	387.941
13.1831	388.614	387.717
13.1889	389.063	388.389
13.1947	390.188	389.963
13.2005	391.091	391.317
13.2063	391.769	392.222
13.2122	391.995	392.222
13.218	391.769	391.769
13.2238	391.317	391.317
13.2296	390.188	390.188
13.2354	388.614	388.614
13.2412	386.375	386.599
13.247	382.6	382.6
13.2528	379.299	379.518
13.2586	379.08	379.518
13.2644	379.299
13.2702	382.158
13.276	382.821
13.2818	390.639	390.639
13.2876	392.222	392.222
13.2934	393.811	374.51
13.2992	393.811	379.299
13.305	405.351	389.513
13.3108	385.929	399.539
13.3166	402.318	400.695
13.3224	401.158	400.232
13.3283	400.695	399.078
13.3341	401.854	399.77
13.3399	406.523	395.178
13.3457	411.484	391.091
13.3515	411.722	389.288
13.3573	421.589	388.614
13.3631	415.065	389.738
13.3689	410.297	391.317
13.3747	399.308	393.356
13.3805	398.387	395.635
13.3863	395.864	396.321
13.3921	394.266	397.009
13.3979	394.722	394.722
13.4037	394.494	393.811
13.4095	393.129	392.222	260.269
13.4153	392.449	391.543	260.119
13.4211	393.811	389.963	258.471
13.4269	389.738	257.428
13.4327	388.165	257.28
13.4385	387.717	258.621
13.4444	387.717	258.322
13.4502	387.269	257.726
13.456	386.599	258.024
13.4618	386.152	257.726
13.4676	386.152	258.173
13.4734	386.822	257.577
13.4792	385.261	256.538
13.485	384.15	256.093
13.4908	384.594	255.798
13.4966	384.15	255.798
13.5024	383.928	255.65
13.5082	383.928	255.207
13.514	383.042	254.324
13.5198	384.594	258.173
13.5256	385.707	250.968
13.5314	383.928	256.389
13.5372	383.707	256.093
13.543	384.15	255.946
13.5488	385.484	255.946
13.5546	385.484	255.798
13.5605	385.929	256.538
13.5663	387.717	257.428
13.5721	389.513	258.77
13.5779	390.414	258.919
13.5837	389.738	258.621
13.5895	389.738	258.621
13.5953	390.639	258.77
13.6011	391.317	258.471
13.6069	392.222	259.069
13.6127	392.222	259.518
13.6185	392.902	259.969
13.6243	393.811	260.57
13.6301	394.494	260.871
13.6359	394.95	261.323
13.6417	394.494	261.777
13.6475	394.95	261.323
13.6533	396.092	260.419
13.6591	396.779	262.382
13.6649	396.321	258.322
13.6707	395.864	260.419
13.6766	393.811	257.28
13.6824	394.266	259.818
13.6882	394.266	260.419
13.694	396.092	263.75
13.6998	396.779	260.871
13.7056	393.356	261.022
13.7114	392.222	266.66
13.7172	391.995	259.069
13.723	391.543	262.231
13.7288	391.769	253.591
13.7346	393.811	258.621
13.7404	396.092	258.77
13.7462	397.927	257.875
13.752	399.308	252.13
13.7578	400.926	253.884
13.7636	398.157	262.534
13.7694	400.232	268.36
13.7752	399.078	797.695
13.781	399.308	798.617
13.7868	400.926	800.464
13.7927	401.622	798.156
13.7985	400.232	799.54
13.8043	398.387	799.078
13.8101	399.77	797.234
13.8159	395.178	795.394
13.8217	389.063	793.1
13.8275	387.717	791.727
13.8333	393.584	794.476
13.8391	396.779	794.476
13.8449	396.092	794.476
13.8507	393.811	794.935
13.8565	395.178	790.813
13.8623	395.407	787.167
13.8681	393.811	783.538
13.8739	389.963	779.475
13.8797	775.882	388.614
13.8855	771.859	386.599
13.8913	767.413	383.928
13.8971	766.084	382.821
13.9029	758.161	380.396
13.9088	752.924	378.205
13.9146	747.291	374.943
13.9204	739.989	370.85
13.9262	730.223	367.227
13.932	721.002	360.085
13.9378	716.436	360.085
13.9436	713.957	355.949
13.9494	704.128	353.082
13.9552	694.835	348.02
13.961	696.845	347.217
13.9668	698.86	347.819
13.9726	686.061	343.625
13.9784	674.664	338.308
13.9842	673.107	337.332
13.99	675.054	337.722
13.9958	673.107	336.748
14.0016	670.779	335.583
14.0074	671.942	335.196
14.0132	671.942	335.196	334.809
14.019	670.391	334.422	335.196
14.0249	668.458	333.843	335.389
14.0307	667.301	333.65	334.422
14.0365	665.376	333.073	332.88
14.0423	664.224	332.112	332.688
14.0481	663.841	331.92	331.92
14.0539	664.224	332.112	331.537
14.0597	665.761	332.112	331.92
14.0655	665.376	332.304	332.304
14.0713	665.761	332.688	332.88
14.0771	666.53	333.073	332.88
14.0829	666.915	333.458	333.073
14.0887	666.915	333.458	333.265
14.0945	666.145	333.265	333.265
14.1003	665.761	333.265	333.073
14.1061	665.761	332.688
14.1119	666.53	333.073
14.1177	666.915	333.458
14.1235	667.301	333.458
14.1293	666.915	332.688
14.1351	666.145	332.496
14.141	665.761	332.88
14.1468	665.376	332.688
14.1526	665.761	332.688
14.1584	665.761	332.688
14.1642	666.53	333.073
14.17	666.53	333.265
14.1758	666.53	333.458
14.1816	666.53	333.458
14.1874	666.145	333.265
14.1932	665.376	332.88
14.199	664.992	332.88
14.2048	664.224	333.65
14.2106	663.074	333.65
14.2164	663.841	334.036
14.2222	664.224	332.496
14.228	665.376	332.688
14.2338	666.53	333.265
14.2396	666.915	332.688
14.2454	668.072	333.265
14.2512	668.458	333.458
14.2571	668.072	334.036
14.2629	668.458	333.843
14.2687	667.686	333.843	310.588
14.2745	667.686	334.036	332.88
14.2803	668.458	334.615	335.196
14.2861	669.617	335.196	335.971
14.2919	671.166	335.777	336.359
14.2977	672.33	336.165	336.748
14.3035	673.496	336.748	336.943
14.3093	674.664	337.332	337.527
14.3151	675.835	338.112	337.917
14.3209	677.007	338.112	337.917
14.3267	677.007	338.308	338.112
14.3325	677.398	338.308	338.112
14.3383	676.616	337.917	337.722
14.3441	675.835	337.332
14.3499	675.444	337.137
14.3557	673.886	336.943
14.3615	673.107	336.554
14.3673	671.942	336.165
14.3732	671.554	335.971
14.379	670.779	335.777
14.3848	670.004	335.389
14.3906	670.004	335.196
14.3964	669.231	335.002
14.4022	669.617	335.002
14.408	670.004	335.196
14.4138	671.166	335.196
14.4196	670.779	335.389
14.4254	670.004	335.196
14.4312	669.617	335.196
14.437	669.617	335.196
14.4428	669.231	335.002
14.4486	669.231	334.809
14.4544	669.231	334.422
14.4602	669.231	334.422
14.466	668.458	334.229
14.4718	668.072	333.843
14.4776	668.458	333.843
14.4834	669.231	334.422
14.4893	669.617	334.809
14.4951	670.779	335.196
14.5009	671.554	335.196
14.5067	671.554	335.389
14.5125	671.942	335.583
14.5183	671.942	335.971
14.5241	672.33	336.165
14.5299	670.779	335.971
14.5357	670.779	335.583
14.5415	670.004	335.196
14.5473	668.844	334.422
14.5531	667.301	333.65
14.5589	665.761	333.65
14.5647	664.608	332.496
14.5705	663.074	331.92
14.5763	661.544	330.963
14.5821	661.926	330.581
14.5879	661.162	330.39
14.5937	660.017	329.818
14.5995	659.255	329.247
14.6054	657.734	328.867
14.6112	656.974	328.108
14.617	653.945	327.351
14.6228	653.568	326.973
14.6286	653.945	326.973
14.6344	653.568	327.351
14.6402	653.568	327.351
14.646	652.436	326.218
14.6518	651.307	325.089
14.6576	650.179	325.089
14.6634	649.804	325.277
14.6692	650.555	325.089
14.675	650.179	324.902
14.6808	649.804	326.03
14.6866	648.678	324.339
14.6924	646.808	323.404
14.6982	646.808	323.03
14.704	645.688	322.658
14.7098	644.57	322.099
14.7156	644.942	322.099
14.7215	643.454	321.355
14.7273	641.228	320.059
14.7331	639.379	319.32
14.7389	638.64	319.136
14.7447	637.166	318.583
14.7505	635.696	317.664
14.7563	633.131	316.383
14.7621	631.305	315.47
14.7679	630.94	315.288
14.7737	629.484	314.742
14.7795	627.669	313.472
14.7853	625.497	312.568
14.7911	622.613	311.487
14.7969	619.028	310.409
14.8027	618.67	309.872
14.8085	616.886	308.799
14.8143	614.752	307.376
14.8201	611.211	306.135
14.8259	611.564	306.135
14.8317	610.153	304.9
14.8376	610.153	303.319
14.8434	606.288	304.196
14.8492	603.144	301.921
14.855	602.448	301.746
14.8608	596.906	300.182
14.8666	597.596	298.281
14.8724	594.497	296.049
14.8782	594.154	295.878
14.884	592.44	295.707
14.8898	587.33	293.495
14.8956	584.622	292.48
14.9014	580.919	288.953
14.9072	578.909	289.957
14.913	573.252	288.953
14.9188	571.599	286.626
14.9246	569.621	285.14
14.9304	565.034	284.153
14.9362	563.079	281.214
14.942	565.034	279.111
14.9478	561.455	280.565
14.9537	553.086	279.111
14.9595	550.218	276.863
14.9653	549.9	275.905
14.9711	548.315	273.683
14.9769	546.102	273.051
14.9827	542.643	272.736
14.9885	541.704	272.578
14.9943	536.101	271.949
15.0001	530.555	270.539
15.0059	527.5	271.792
15.0117	529.637	269.759
15.0175	528.72	273.051
15.0233	525.068	273.683
15.0291	522.949	270.227
15.0349	523.251
15.0407	518.737
15.0465	517.839
15.0523	511.595
15.0581	516.047
15.0639	518.438
15.0697	521.14
15.0756	518.138
15.0814	520.538
15.0872	523.553
15.093
15.0988
15.1046
15.1104
15.1162
15.122
15.1278
15.1336
15.1394
15.1452
15.151
15.1568
15.1626
15.1684
15.1742
15.18
15.1859
15.1917
15.1975
15.2033
15.2091
15.2149
15.2207
15.2265
15.2323
15.2381
15.2439
15.2497
15.2555
15.2613
15.2671
15.2729
15.2787
15.2845
15.2903
15.2961
15.3019
15.3078
15.3136
15.3194
15.3252
15.331
15.3368
15.3426
15.3484
15.3542
15.36
15.3658
15.3716
15.3774
15.3832
15.389
15.3948
15.4006
15.4064
15.4122
15.418
15.4239
15.4297
15.4355
15.4413
15.4471
15.4529
15.4587
15.4645
15.4703
15.4761
15.4819
15.4877
15.4935
15.4993
15.5051
15.5109
15.5167
15.5225
15.5283
15.5341
15.54
15.5458
15.5516
15.5574
15.5632
15.569
15.5748
15.5806
15.5864
15.5922
15.598
15.6038
15.6096
15.6154
15.6212
15.627
15.6328
15.6386
15.6444
15.6502
15.6561
15.6619
15.6677
15.6735
15.6793
15.6851
15.6909
15.6967
15.7025
15.7083
15.7141
15.7199
15.7257
15.7315
15.7373
15.7431
15.7489
15.7547
15.7605
15.7663
15.7722
15.778
15.7838
15.7896
15.7954
15.8012
15.807
15.8128
15.8186
15.8244
15.8302
15.836
15.8418
15.8476
15.8534
15.8592
15.865
15.8708
15.8766
15.8824
15.8883
15.8941
15.8999
15.9057
15.9115
15.9173
15.9231
15.9289
15.9347
15.9405
15.9463
15.9521
15.9579
15.9637
15.9695
15.9753
15.9811
15.9869
15.9927
15.9985
16.0044
16.0102
16.016
16.0218
16.0276
16.0334
16.0392
16.045
16.0508
16.0566
16.0624
16.0682
16.074
16.0798
16.0856
16.0914
16.0972
16.103
16.1088
16.1146
16.1205
16.1263
16.1321
16.1379
16.1437
16.1495
16.1553
16.1611
16.1669
16.1727
16.1785
16.1843
16.1901
16.1959
16.2017
16.2075
16.2133
16.2191
16.2249
16.2307
16.2366
16.2424
16.2482
16.254
16.2598
16.2656
16.2714
16.2772
16.283
16.2888
16.2946
16.3004
16.3062
16.312
16.3178
16.3236
16.3294
16.3352
16.341
16.3468
16.3527
16.3585
16.3643
16.3701
16.3759
16.3817
16.3875
16.3933
16.3991
16.4049
16.4107
16.4165
16.4223
16.4281
16.4339
16.4397
16.4455
16.4513
16.4571
16.4629
16.4688
16.4746
16.4804
16.4862
16.492
16.4978
16.5036
16.5094
16.5152
16.521
16.5268
16.5326
16.5384
16.5442
16.55
16.5558
16.5616
16.5674
16.5732
16.579
16.5849
16.5907
16.5965
16.6023
16.6081
16.6139
16.6197
16.6255
16.6313
16.6371
16.6429
16.6487
16.6545
16.6603
16.6661
16.6719
16.6777
16.6835
16.6893
16.6951
16.701
16.7068
16.7126
16.7184
16.7242
16.73
16.7358
16.7416
16.7474
16.7532
16.759
16.7648
16.7706
16.7764
16.7822
16.788
16.7938
16.7996
16.8054
16.8112
16.8171
16.8229
16.8287
16.8345
16.8403
16.8461
16.8519
16.8577
16.8635
16.8693
16.8751
16.8809
16.8867
16.8925
16.8983
16.9041
16.9099
16.9157
16.9215
16.9273
16.9332
16.939
16.9448
16.9506
16.9564
16.9622
16.968
16.9738
16.9796
16.9854
16.9912
16.997
17.0028
17.0086
17.0144
17.0202
17.026
17.0318
17.0376
17.0434
17.0493
17.0551
17.0609
17.0667
17.0725
17.0783
17.0841
17.0899
17.0957
17.1015
17.1073
17.1131
17.1189
17.1247
17.1305
17.1363
17.1421
17.1479
17.1537
17.1595
17.1654
17.1712
17.177
17.1828
17.1886
17.1944
17.2002
17.206
17.2118
17.2176
17.2234
17.2292
17.235
17.2408
17.2466
17.2524
17.2582
17.264
17.2698
17.2756
17.2815
17.2873
17.2931
17.2989
17.3047
17.3105
17.3163
17.3221
17.3279
17.3337
17.3395
17.3453
17.3511
17.3569
17.3627
17.3685
17.3743
17.3801
17.3859
17.3917
17.3976
17.4034
17.4092
17.415
17.4208
17.4266
17.4324
17.4382
17.444
17.4498
17.4556
17.4614
17.4672
17.473
17.4788
17.4846
17.4904
17.4962
17.502
17.5078
17.5137
17.5195
17.5253
17.5311
17.5369
17.5427
17.5485
17.5543
17.5601
17.5659
17.5717
17.5775
17.5833
17.5891
17.5949
17.6007
17.6065
17.6123
17.6181
17.6239
17.6297
17.6356
17.6414
17.6472
17.653
17.6588
17.6646
17.6704
17.6762
17.682
17.6878
17.6936
17.6994
17.7052
17.711
17.7168
17.7226
17.7284
17.7342
17.74
17.7458
17.7517
17.7575
17.7633
17.7691
17.7749
17.7807
17.7865
17.7923
17.7981
17.8039
17.8097
17.8155
17.8213
17.8271
17.8329
17.8387
17.8445
17.8503
17.8561
17.8619
17.8678
17.8736
17.8794
17.8852
17.891
17.8968
17.9026
17.9084
17.9142
17.92
17.9258
17.9316
17.9374
17.9432
17.949
17.9548
17.9606
17.9664
17.9722
17.9781
17.9839
17.9897
17.9955
18.0013
18.0071
18.0129
18.0187
18.0245
18.0303
18.0361
18.0419
18.0477
18.0535
18.0593
18.0651
18.0709
18.0767
18.0825
18.0883
18.0941
18.1
18.1058
18.1116
18.1174
18.1232
18.129
18.1348
18.1406
18.1464
18.1522
18.158
18.1638
18.1696
18.1754
18.1812
18.187
18.1928
18.1986
18.2044
18.2102
18.2161
18.2219
18.2277
18.2335
18.2393
18.2451
18.2509
18.2567
18.2625
18.2683
18.2741
18.2799
18.2857
18.2915
18.2973
18.3031
18.3089
18.3147
18.3205
18.3263
18.3322
18.338
18.3438
18.3496
18.3554
18.3612
18.367
18.3728
18.3786
18.3844
18.3902
18.396
18.4018
18.4076
18.4134
18.4192
18.425
18.4308
18.4366
18.4424
18.4483
18.4541
18.4599
18.4657
18.4715
18.4773
18.4831
18.4889
18.4947
18.5005
18.5063
18.5121
18.5179
18.5237
18.5295
18.5353
18.5411
18.5469
18.5527
18.5585
18.5644
18.5702
18.576
18.5818
18.5876
18.5934
18.5992
18.605
18.6108
18.6166
18.6224
18.6282
18.634
18.6398
18.6456
18.6514
18.6572
18.663
18.6688
18.6746
18.6805
18.6863
18.6921
18.6979
18.7037
18.7095
18.7153
18.7211
18.7269
18.7327
18.7385
18.7443
18.7501
18.7559
18.7617
18.7675
18.7733
18.7791
18.7849
18.7907
18.7966
18.8024
18.8082
18.814
18.8198
18.8256
18.8314
18.8372
18.843
18.8488
18.8546
18.8604
18.8662
18.872
18.8778
18.8836
18.8894
18.8952
18.901
18.9068
18.9127
18.9185
18.9243
18.9301
18.9359
18.9417
18.9475
18.9533
18.9591
18.9649
18.9707
18.9765
18.9823
18.9881
18.9939
18.9997
19.0055
19.0113
19.0171
19.0229
19.0288
19.0346
19.0404
19.0462
19.052
19.0578
19.0636
19.0694
19.0752
19.081
19.0868
19.0926
19.0984
19.1042
19.11
19.1158
19.1216
19.1274
19.1332
19.139
19.1449
19.1507
19.1565
19.1623
19.1681
19.1739
19.1797
19.1855
19.1913
19.1971
19.2029
19.2087
19.2145
19.2203
19.2261
19.2319
19.2377
19.2435
19.2493
19.2551
19.261
19.2668
19.2726
19.2784
19.2842
19.29
19.2958
19.3016
19.3074
19.3132
19.319
19.3248
19.3306
19.3364
19.3422
19.348
19.3538
19.3596
19.3654
19.3712
19.3771
19.3829
19.3887
19.3945
19.4003
19.4061
19.4119
19.4177
19.4235
19.4293
19.4351
19.4409
19.4467
19.4525
19.4583
19.4641
19.4699
19.4757
19.4815
19.4873
19.4932
19.499
19.5048
19.5106
19.5164
19.5222
19.528
19.5338
19.5396
19.5454
19.5512
19.557
19.5628
19.5686
19.5744
19.5802
19.586
19.5918
19.5976
19.6034
19.6093
19.6151
19.6209
19.6267
19.6325
19.6383
19.6441
19.6499
19.6557
19.6615
19.6673
19.6731
19.6789
19.6847
19.6905
19.6963
19.7021
19.7079
19.7137
19.7195
19.7254
19.7312
19.737
19.7428
19.7486
19.7544
19.7602
19.766
19.7718
19.7776
19.7834
19.7892
19.795
19.8008
19.8066
19.8124
19.8182
19.824
19.8298
19.8356
19.8415
19.8473
19.8531
19.8589
19.8647
19.8705
19.8763
19.8821
19.8879
19.8937
19.8995
19.9053
19.9111
19.9169
19.9227
19.9285
19.9343
19.9401
19.9459
19.9517
19.9576
19.9634
19.9692
19.975
19.9808
19.9866
19.9924
19.9982
20.004
20.0098
20.0156
20.0214
20.0272
20.033
20.0388
20.0446
20.0504
20.0562
20.062
20.0678
20.0737
20.0795
20.0853
20.0911
20.0969
20.1027
20.1085
20.1143
20.1201
20.1259
20.1317
20.1375
20.1433
20.1491
20.1549
20.1607
20.1665
20.1723
20.1781
20.1839
20.1898
20.1956
20.2014
20.2072
20.213
20.2188
20.2246
20.2304
20.2362
20.242
20.2478
20.2536
20.2594
20.2652
20.271
20.2768
20.2826
20.2884
20.2942
20.3
20.3058
20.3117
20.3175
20.3233
20.3291
20.3349
20.3407
20.3465
20.3523
20.3581
20.3639
20.3697
20.3755
20.3813
20.3871
20.3929
20.3987
20.4045
20.4103
20.4161
20.4219
20.4278
20.4336
20.4394
20.4452
20.451
20.4568
20.4626
20.4684
20.4742
20.48
20.4858
20.4916
20.4974
20.5032
20.509
20.5148
20.5206
20.5264
20.5322
20.538
20.5439
20.5497
20.5555
20.5613
20.5671
20.5729
20.5787
20.5845
20.5903
20.5961
20.6019
20.6077
20.6135
20.6193
20.6251
20.6309
20.6367
20.6425
20.6483
20.6542
20.66
20.6658
20.6716
20.6774
20.6832
20.689
20.6948
20.7006
20.7064
20.7122
20.718
20.7238
20.7296
20.7354
20.7412
20.747
20.7528
20.7586
20.7644
20.7702
20.7761
20.7819
20.7877
20.7935
20.7993
20.8051
20.8109
20.8167
20.8225
20.8283
20.8341
20.8399
20.8457
20.8515
20.8573
20.8631
20.8689
20.8747
20.8805
20.8863
20.8922
20.898
20.9038
20.9096
20.9154
20.9212
20.927
20.9328
20.9386
20.9444
20.9502
20.956
20.9618
20.9676
20.9734
20.9792
20.985
20.9908
20.9966
21.0024
21.0083
21.0141
21.0199
21.0257
21.0315
21.0373
21.0431
21.0489
21.0547
21.0605
21.0663
21.0721
21.0779
21.0837
21.0895
21.0953
21.1011
21.1069
21.1127
21.1185
21.1244
21.1302
21.136
21.1418
21.1476
21.1534
21.1592
21.165
21.1708
21.1766
21.1824
21.1882
21.194
21.1998
21.2056
21.2114
21.2172
21.223
21.2288
21.2346
21.2405
21.2463
21.2521
21.2579
21.2637
21.2695
21.2753
21.2811
21.2869
21.2927
21.2985
21.3043
21.3101
21.3159
21.3217
21.3275
21.3333
21.3391
21.3449
21.3507
21.3566
21.3624
21.3682
21.374
21.3798
21.3856
21.3914
21.3972
21.403
21.4088
21.4146
21.4204
21.4262
21.432
21.4378
21.4436
21.4494
21.4552
21.461
21.4668
21.4727
21.4785
21.4843
21.4901
21.4959
21.5017
21.5075
21.5133
21.5191
21.5249
21.5307
21.5365
21.5423
21.5481
21.5539
21.5597
21.5655
21.5713
21.5771
21.5829
21.5888
21.5946
21.6004
21.6062
21.612
21.6178
21.6236
21.6294
21.6352
21.641
21.6468
21.6526
21.6584
21.6642
21.67
21.6758
21.6816
21.6874
21.6932
21.699
21.7049
21.7107
21.7165
21.7223
21.7281
21.7339
21.7397
21.7455
21.7513
21.7571
21.7629
21.7687
21.7745
21.7803
21.7861
21.7919
21.7977
21.8035
21.8093
21.8151
21.821
21.8268
21.8326
21.8384
21.8442
21.85
21.8558
21.8616
21.8674
21.8732
21.879
21.8848
21.8906
21.8964
21.9022
21.908
21.9138
21.9196
21.9254
21.9312
21.9371
21.9429
21.9487
21.9545
21.9603
21.9661
21.9719
21.9777
21.9835
21.9893
21.9951
22.0009
22.0067
22.0125
22.0183
22.0241
22.0299
22.0357
22.0415
22.0473
22.0532
22.059
22.0648
22.0706
22.0764
22.0822
22.088
22.0938
22.0996
22.1054
22.1112
22.117
22.1228
22.1286
22.1344
22.1402
22.146
22.1518
22.1576
22.1634
22.1693
22.1751
22.1809
22.1867
22.1925
22.1983
22.2041
22.2099
22.2157
22.2215
22.2273
22.2331
22.2389
22.2447
22.2505
22.2563
22.2621
22.2679
22.2737
22.2795
22.2854
22.2912
22.297
22.3028
22.3086
22.3144
22.3202
22.326
22.3318
22.3376
22.3434
22.3492
22.355
22.3608
22.3666
22.3724
22.3782
22.384
22.3898
22.3956
22.4015
22.4073
22.4131
22.4189
22.4247
22.4305
22.4363
22.4421
22.4479
22.4537
22.4595
22.4653
22.4711
22.4769
22.4827
22.4885
22.4943
22.5001
22.5059
22.5117
22.5176
22.5234
22.5292
22.535
22.5408
22.5466
22.5524
22.5582
22.564
22.5698
22.5756
22.5814
22.5872
22.593
22.5988
22.6046
22.6104
22.6162
22.622
22.6278
22.6336
22.6395
22.6453
22.6511
22.6569
22.6627
22.6685
22.6743
22.6801
22.6859
22.6917
22.6975
22.7033
22.7091
22.7149
22.7207
22.7265
22.7323
22.7381
22.7439
22.7498
22.7556
22.7614
22.7672
22.773
22.7788
22.7846
22.7904
22.7962
22.802
22.8078
22.8136
22.8194
22.8252
22.831
22.8368
22.8426
22.8484
22.8542
22.86
22.8659
22.8717
22.8775
22.8833
22.8891
22.8949
22.9007
22.9065
22.9123
22.9181
22.9239
22.9297
22.9355
22.9413
22.9471
22.9529
22.9587
22.9645
22.9703
22.9761
22.9819
22.9878
22.9936
22.9994
23.0052
23.011
23.0168
23.0226
23.0284
23.0342
23.04
23.0458
23.0516
23.0574
23.0632
23.069
23.0748
23.0806
23.0864
23.0922
23.098
23.1039
23.1097
23.1155
23.1213
23.1271
23.1329
23.1387
23.1445
23.1503
23.1561
23.1619
23.1677
23.1735
23.1793
23.1851
23.1909
23.1967
23.2025
23.2083
23.2141
23.22
23.2258
23.2316
23.2374
23.2432
23.249
23.2548
23.2606
23.2664
23.2722
23.278
23.2838
23.2896
23.2954
23.3012
23.307
23.3128
23.3186
23.3244
23.3302
23.3361
23.3419
23.3477
23.3535
23.3593
23.3651
23.3709
23.3767
23.3825
23.3883
23.3941
23.3999
23.4057
23.4115
23.4173
23.4231
23.4289
23.4347
23.4405
23.4463
23.4522
23.458
23.4638
23.4696
23.4754
23.4812
23.487
23.4928
23.4986
23.5044
23.5102
23.516
23.5218
23.5276
23.5334
23.5392
23.545
23.5508
23.5566
23.5624
23.5683
23.5741
23.5799
23.5857
23.5915
23.5973
23.6031
23.6089
23.6147
23.6205
23.6263
23.6321
23.6379
23.6437
23.6495
23.6553
23.6611
23.6669
23.6727
23.6785
23.6844
23.6902
23.696
23.7018
23.7076
23.7134
23.7192
23.725
23.7308	1333.06
23.7366	1278.02
23.7424	1296.61
23.7482	1287.65
23.754	1258.24
23.7598	1250.27
23.7656	1270.66
23.7714	1281.71
23.7772	1295.11
23.783	1310.16
23.7888	1324.62
23.7946	1320.8
23.8005	1329.98
23.8063	1338.46
23.8121	1329.22
23.8179	1333.06	668.844
23.8237	1340.78	673.107
23.8295	1339.23	673.496
23.8353	1339.23	673.886
23.8411	1333.06	673.886
23.8469	1334.6	671.942
23.8527	1340.01	671.942
23.8585	1338.46	671.166
23.8643	1338.46	670.779
23.8701	1338.46	668.844
23.8759	1338.46	670.779
23.8817	1340.01	671.166
23.8875	1340.01	673.886
23.8933	1340.78	671.166
23.8991	1343.88	671.942
23.9049	1341.56	670.779	334.422
23.9107	1339.23	670.004	334.422
23.9166	1336.14	669.231	334.229
23.9224	1333.83	666.53	334.615
23.9282	1339.23	668.072	334.036
23.934	1343.11	670.004	335.583
23.9398	1342.33	668.844	333.073
23.9456	1341.56	668.458	333.843
23.9514	1340.01	672.719	333.65
23.9572	1336.92	666.145	333.843
23.963	1335.37	666.145	335.777
23.9688	1335.37	666.915	332.496
23.9746	1335.37	667.686	334.229
23.9804	1337.69	669.617	334.422
23.9862	1340.01	668.844	333.65
23.992	1341.56	666.53	334.229
23.9978	1341.56	671.166	334.229
24.0036	1336.92	668.844	333.458
24.0094	1333.83	666.53	333.073
24.0152	1332.29	666.145	333.073
24.021	1326.91	664.224	332.304
24.0268	1327.68	672.33	332.304
24.0327	1327.68	671.942	332.688
24.0385	1329.98	666.915	334.036
24.0443	1330.75	664.224	332.112
24.0501	1332.29	667.686	332.688
24.0559	1331.52	661.544	331.537
24.0617	1330.75	668.844	331.92
24.0675	1323.85	669.231	331.92
24.0733	1323.09	662.309	332.688
24.0791	1325.38	661.544	332.304
24.0849	1320.03	663.074	330.963
24.0907	1312.43	656.216	328.108
24.0965	1308.65	656.974	328.108
24.1023	1301.86	657.734	327.54
24.1081	1301.11	692.431	325.277
24.1139	1294.36	665.376	323.591
24.1197	1290.63	647.181	310.947
24.1255	1280.24	640.857	314.379
24.1313	1277.28	634.962	320.429
24.1371	1266.99	632.035	318.399
24.1429	1263.34	637.535	322.658
24.1488	1256.06	328.487
24.1546	1252.44	338.895
24.1604	1240.92	328.677
24.1662	1233.06	336.165
24.172	1228.08
24.1778	1218.9
24.1836	1207.68
24.1894	1200.03
24.1952	1193.12
24.201	1190.37
24.2068	1180.78
24.2126	1185.57
24.2184	1187.62
24.2242	1193.12
24.23	1197.26
24.2358	1196.57
24.2416	1200.03
24.2474	1197.96
24.2532	1199.34
24.259	1185.57
24.2649	1301.86
24.2707	1307.14
24.2765	1331.52
24.2823	1275.81
24.2881	1280.24
24.2939
24.2997
24.3055
24.3113
24.3171
24.3229
24.3287
24.3345
24.3403
24.3461
24.3519
24.3577
24.3635
24.3693
24.3751
24.381
24.3868
24.3926
24.3984
24.4042
24.41
24.4158
24.4216
24.4274
24.4332
24.439
24.4448
24.4506
24.4564
24.4622
24.468
24.4738
24.4796
24.4854
24.4912
24.4971
24.5029
24.5087
24.5145
24.5203
24.5261
24.5319
24.5377
24.5435
24.5493
24.5551
24.5609
24.5667
24.5725
24.5783
24.5841
24.5899
24.5957
24.6015
24.6073
24.6132
24.619
24.6248
24.6306
24.6364	697.247
24.6422	695.236
24.648	696.442
24.6538	695.236
24.6596	701.692
24.6654	700.881
24.6712	695.236
24.677	696.845
24.6828	699.264
24.6886	696.845
24.6944	721.836
24.7002	747.291
24.706	747.291
24.7118	702.503
24.7176	696.04
24.7234	676.616
24.7293	696.04
24.7351	700.477
24.7409	694.434
24.7467	694.434
24.7525	698.86
24.7583	692.031
24.7641	730.223
24.7699	700.881
24.7757	671.166
24.7815	710.665
24.7873	695.236
24.7931	702.097
24.7989	705.756
24.8047	691.232
24.8105	692.031
24.8163	692.431
24.8221	701.286
24.8279	692.431
24.8337	695.236
24.8395	694.033
24.8454	702.097
24.8512	690.035
24.857	687.251
24.8628	702.097
24.8686	696.442
24.8744	698.86
24.8802	689.637
24.886	689.637
24.8918	687.648
24.8976	700.072
24.9034	705.756	406.993
24.9092	696.845	409.587
24.915	686.457	412.674
24.9208	659.636	426.981
24.9266	704.942	428.215
24.9324	705.349	433.441
24.9382	684.873	436.708
24.944	708.207	439.492
24.9498	446.658
24.9556	434.444
24.9615	428.71
24.9673	411.484
24.9731	398.847
24.9789	391.543
24.9847	388.165
24.9905	389.513
24.9963	397.009
25.0021	396.092
25.0079	397.238
25.0137	393.356
25.0195	409.587
25.0253	418.193
25.0311	415.065
25.0369	426.734
25.0427	417.711
25.0485	406.288
25.0543	417.952
25.0601	400.232
25.0659	396.321
25.0717	393.356
25.0776	395.178
25.0834	394.494
25.0892	383.485
25.095	388.614	414.825
25.1008	428.215
25.1066	426.241
25.1124	425.503
25.1182	423.786
25.124	415.545
25.1298	413.151
25.1356	412.198
25.1414	410.061
25.1472	410.535
25.153	411.96
25.1588	411.722
25.1646	407.699
25.1704	400.001
25.1762	401.39
25.182	399.539
25.1878	397.467
25.1937	395.635
25.1995	391.543
25.2053	394.039
25.2111	394.039
25.2169	394.266
25.2227	398.157
25.2285	391.543
25.2343	385.707
25.2401	390.188
25.2459	393.356
25.2517	393.129
25.2575	395.864
25.2633	400.695
25.2691	401.158
25.2749	404.415
25.2807	402.783
25.2865	403.482
25.2923	407.934	407.934
25.2981	407.699	404.182
25.3039	409.114	405.117
25.3097	409.114	405.351
25.3156	403.948	409.587
25.3214	392.902	408.406
25.3272	406.993	405.819
25.333	410.297	406.523
25.3388	411.96	409.114
25.3446	413.151	410.297
25.3504	413.868	411.722
25.3562	414.586	413.39
25.362	413.868	414.107
25.3678	412.913	412.913
25.3736	414.825	415.305
25.3794	413.629
25.3852	414.107
25.391	413.629
25.3968	411.484
25.4026	412.198
25.4084	413.629
25.4142	417.952
25.42	418.435
25.4258	417.952
25.4317	414.586	833.012
25.4375	412.913	830.609
25.4433	412.674	829.171
25.4491	411.96	828.214
25.4549	410.297	829.171
25.4607	411.722	829.65
25.4665	409.587	830.13
25.4723	411.246	829.65
25.4781	409.114	826.303
25.4839	401.39	824.872
25.4897	407.228	825.825
25.4955	399.539	829.171
25.5013	411.484	835.904	1918.19
25.5071	420.616	835.421	1978.96
25.5129	417.228	832.531	1961.89
25.5187	411.009	825.349	1952.84
25.5245	407.699	818.701	1937.11
25.5303	405.819	812.107	1920.4
25.5361	403.948	805.566	1948.34
25.542	403.482	809.765	1972.11
25.5478	406.523	814.456	1919.29
25.5536	409.587	815.869	1970.97
25.5594	408.878	819.174	1969.84
25.5652	408.878	821.543	1965.29
25.571	410.061	822.018	1965.29
25.5768	410.061	822.018	1943.84
25.5826	409.114	822.493	1890.68	1644.04
25.5884	408.878	822.968	1859.28	1645.94
25.5942	409.824	823.444	1859.28	1644.04
25.6	409.587	819.174	1859.28	1642.14
25.6058	409.824	818.228	1754.92	1639.29
25.6116	408.406	814.456	1634.57
25.6174	813.046	1631.74
25.6232	810.701	1627.03
25.629	804.636	1604.63	397.467
25.6348	797.695	1591.71	397.697
25.6406	790.813	1575.24	393.811
25.6464	779.475	1545.5	397.927
25.6522	769.633	1549.97	389.963
25.658	765.642	1542.83	390.639
25.6639	740.844	1478.27	390.414
25.6697	744.276	1489.41	375.593
25.6755	718.093	1511.95	387.269
25.6813	745.566	1531.28	377.987
25.6871	764.317	1491.13	381.056
25.6929	764.317	1531.28	381.497
25.6987	1592.63	388.614
25.7045	1585.29	390.639
25.7103	398.387
25.7161	396.779
25.7219	398.387
25.7277	411.722	786.713
25.7335	402.551	798.617
25.7393	405.819	819.174
25.7451	399.539	819.647
25.7509	402.318	822.968
25.7567	394.494	819.647
25.7625	405.819	815.869
25.7683	404.182	810.701
25.7741	412.913	830.13
25.78	410.061	809.765
25.7858	410.772	791.27
25.7916	403.948	805.566
25.7974	401.158	804.636
25.8032	400.463	804.172
25.809	402.318	793.559
25.8148	399.77	799.078
25.8206	400.232	792.185
25.8264	400.232	795.394
25.8322	408.642	806.032
25.838	403.715	807.896
25.8438	404.649	808.83
25.8496	403.948	804.172
25.8554	404.649	814.927
25.8612	406.054	816.34
25.867	407.228	817.284
25.8728	399.078	815.398
25.8786	400.695	813.986
25.8844	406.758	815.869
25.8902	407.934	813.986
25.8961	408.406	807.43
25.9019	401.622	800.927
25.9077	405.351	814.456
25.9135	413.151	827.736
25.9193	415.305	834.939
25.9251	411.009	833.012
25.9309	408.17	815.869
25.9367	408.406	813.046
25.9425	406.993	808.363
25.9483	407.934	813.516
25.9541	408.878	811.638
25.9599	405.819	808.83
25.9657	401.158	798.617
25.9715	396.321	804.172
25.9773	387.941	783.991
25.9831	811.17
25.9889	815.869
25.9947	817.756
26.0005	816.34
26.0063	804.636
26.0122	822.968
26.018	781.73
26.0238	823.444
26.0296	822.493
26.0354
26.0412
26.047
26.0528
26.0586
26.0644
26.0702
26.076
26.0818
26.0876
26.0934
26.0992
26.105
26.1108
26.1166
26.1224
26.1283	435.701
26.1341	435.701
26.1399	435.952
26.1457	434.444
26.1515	434.695
26.1573	444.342
26.1631	445.113
26.1689	445.627
26.1747	446.4
26.1805	443.316
26.1863	456.043
26.1921	457.626
26.1979	456.043
26.2037	458.685
26.2095	456.57
26.2153	456.307
26.2211	456.307
26.2269	457.098
26.2327	457.098
26.2385	455.254
26.2444	452.37
26.2502	449.765
26.256	446.658
26.2618	445.113
26.2676	443.829
26.2734	442.805
26.2792	443.573
26.285	440.509
26.2908	438.731
26.2966	438.731
26.3024	438.478
26.3082	440
26.314	440.254
26.3198	438.985
26.3256	437.213
26.3314	438.224
26.3372	441.018
26.343	442.805
26.3488	439.238
26.3546	436.456
26.3605	433.942
26.3663	434.444
26.3721	434.695
26.3779	435.449	433.942
26.3837	435.701	432.941
26.3895	436.456	431.942
26.3953	437.971	432.441
26.4011	438.478	434.946
26.4069	436.961	436.708
26.4127	433.441	435.701
26.4185	430.199	434.444
26.4243	427.721	432.941
26.4301	426.981	431.942
26.4359	428.215	430.696
26.4417	426.734	421.102
26.4475	426.241	426.241
26.4533	425.503
26.4591	428.463
26.4649	419.645	1710.88
26.4707	419.645	1713.85
26.4766	433.692	1719.8
26.4824	427.968	1710.88	856.431
26.4882	428.463	1706.94	845.128
26.494	431.443	1708.91	859.901
26.4998	428.463	1714.84	858.908
26.5056	425.749	1703.98	850.024
26.5114	429.454	1706.94	829.171
26.5172	429.95	1706.94	848.062
26.523	429.206	1692.21	844.64
26.5288	428.958	1693.19	847.083
26.5346	429.95	1703.98	849.043
26.5404	422.32	1690.26	842.204
26.5462	422.32	1678.58	838.321
26.552	418.193	1675.67	837.354
26.5578	422.808	1658.34	833.012
26.5636	423.053	1649.74	829.171
26.5694	416.265	1644.04	825.825
26.5752	418.435	1642.14	824.872
26.581	412.198	1640.24	823.444
26.5868	412.674	1643.09	826.303
26.5927	412.674	1653.56	830.13
26.5985	414.346	1664.1	832.531
26.6043	416.747	1671.81	833.493
26.6101	415.785	1670.84	833.975
26.6159	416.506	1666.02	832.531
26.6217	416.747	1664.1	833.012
26.6275	414.825	1657.39	831.569
26.6333	414.107	1657.39	830.13
26.6391	411.484	1663.14	829.171
26.6449	410.772	1665.06	830.609
26.6507	412.198	1665.06	830.609
26.6565	409.587	1663.14	833.012
26.6623	413.39	1659.3	832.531
26.6681	419.645	1607.41	826.303
26.6739	411.009	1619.53	835.421
26.6797	407.463	1630.79	827.258
26.6855	408.878	1676.64	830.13
26.6913	1665.06	833.975
26.6971	1674.71	834.939	415.305
26.7029	1671.81	841.718	423.297
26.7088	1674.71	838.806	423.542
26.7146	1660.26	832.05	427.474
26.7204	825.825	428.463
26.7262	832.531	425.995
26.732	831.089	416.747
26.7378	820.121	411.484
26.7436	399.308
26.7494	397.467
26.7552	404.415
26.761	409.114
26.7668	411.484
26.7726	423.542
26.7784	416.747
26.7842	432.691
26.79	416.987
26.7958	434.695
26.8016	425.012	402.086
26.8074	419.403	403.482
26.8132	418.193	425.258
26.819	413.629	423.053
26.8249	414.346	423.053
26.8307	414.586	422.076
26.8365	415.065	417.228
26.8423	416.987	415.545	831.089
26.8481	415.305	416.506	830.609
26.8539	415.305	416.025	832.05
26.8597	415.305	415.785	833.493
26.8655	416.265	416.747	835.421
26.8713	416.987	416.987	838.321
26.8771	417.469	417.711	837.837
26.8829	417.469	417.952	836.87
26.8887	416.747	417.711	837.837
26.8945	418.919	838.321
26.9003	417.469	836.87
26.9061	416.747	833.493
26.9119	416.265	829.171
26.9177	415.545	829.65
26.9235	415.305	830.13
26.9293	414.107	832.05
26.9351	416.506	832.531
26.941	414.346	829.65
26.9468	415.065	830.609
26.9526	418.919	834.457
26.9584	419.403	833.012
26.9642	419.161	834.939
26.97	417.228	836.87
26.9758	416.987	837.837
26.9816	417.228	839.29
26.9874	419.403	841.718
26.9932	423.542	844.64
26.999	423.297	844.64
27.0048	423.053	844.64
27.0106	422.076	843.665
27.0164	419.888	844.152
27.0222	419.645	843.178
27.028	419.888	839.775
27.0338	418.677	836.87
27.0396	417.228	834.457
27.0454	416.025	832.531
27.0512	415.305	832.531
27.0571	414.825	831.089
27.0629	413.151	824.872
27.0687	412.674	823.92
27.0745	410.772	818.701	410.772
27.0803	409.824	819.174	411.009
27.0861	408.878	816.812	409.351
27.0919	406.523	812.107	407.934
27.0977	405.117	808.83	405.351
27.1035	406.054	812.576	405.819
27.1093	405.351	809.765	404.883
27.1151	404.649	810.233	403.016
27.1209	401.39	805.566	401.854
27.1267	398.847	800.002	398.617
27.1325	399.078	797.695	397.927
27.1383	398.387	794.476	397.009
27.1441	395.407	789.444	394.039
27.1499	394.039	786.258	393.129
27.1557	393.129	783.991	392.449
27.1615	390.865	778.575	392.449
27.1673	774.986	387.046
27.1732	770.968	385.484
27.179	767.413	384.816
27.1848	766.084	383.707
27.1906	764.758	382.821
27.1964	760.793	380.616
27.2022	756.411	378.643
27.208	747.291	376.679
27.2138	739.562	372.999
27.2196	733.181	368.714
27.2254	732.335	366.803
27.2312	733.605	367.014
27.237	728.117	361.126
27.2428	711.898	355.127
27.2486	703.721	353.286
27.2544	700.477	346.616
27.2602	675.835	339.679
27.266	663.841	332.304
27.2718	653.19	330.009
27.2776	659.255	328.487
27.2834	644.942	322.471
27.2893	637.903	321.355
27.2951	638.271	320.614
27.3009	640.857	324.714
27.3067	643.826	322.844
27.3125	635.329	317.298
27.3183	639.379	316.383
27.3241	647.93	328.867
27.3299	664.224	326.973
27.3357	666.145	329.818
27.3415	679.75
27.3473	652.813
27.3531
27.3589
27.3647
27.3705
27.3763
27.3821
27.3879
27.3937
27.3995
27.4054
27.4112
27.417
27.4228
27.4286
27.4344
27.4402
27.446
27.4518
27.4576
27.4634
27.4692
27.475
27.4808
27.4866
27.4924
27.4982
27.504
27.5098
27.5156
27.5215
27.5273
27.5331
27.5389
27.5447
27.5505	445.37
27.5563	444.599
27.5621	443.06
27.5679	443.06
27.5737	441.783
27.5795	443.829
27.5853	444.599
27.5911	444.342
27.5969	444.856
27.6027	445.627
27.6085	445.37
27.6143	446.916
27.6201	444.856
27.6259	444.085
27.6317	443.829
27.6376	441.783
27.6434	439.746
27.6492	444.342
27.655	438.478
27.6608	435.701
27.6666	429.95
27.6724	423.297
27.6782	416.747
27.684	406.054
27.6898	412.198
27.6956	410.772
27.7014	409.587
27.7072	411.96
27.713	419.161	382.379
27.7188	412.436	373.861
27.7246	397.467	368.501
27.7304	393.584	375.593
27.7362	389.288	365.322	718.093
27.742	386.822	367.227	730.645
27.7478	402.783	374.294	741.701
27.7537	408.17	381.938	768.3
27.7595	390.414	786.258
27.7653	395.407	794.935
27.7711	400.232	798.617
27.7769	403.715	807.43
27.7827	408.17	816.34
27.7885	409.587	823.444
27.7943	412.674	823.92
27.8001	415.545	830.13
27.8059	416.747	832.531
27.8117	417.469	829.171
27.8175	417.952	831.089
27.8233	419.645	828.214
27.8291	422.32	839.29
27.8349	421.833	845.617
27.8407	421.589	844.64
27.8465	418.677	835.421
27.8523	416.025	829.65
27.8581	416.025	817.756
27.8639	416.987	802.779
27.8698	416.265	788.532
27.8756	413.151	797.695
27.8814	414.107	804.636
27.8872	411.009	825.349
27.893	412.913	818.701
27.8988	416.025	797.234
27.9046	416.506	789.9
27.9104	420.859	804.636
27.9162	425.749	801.852
27.922	424.031	827.258
27.9278	425.012	806.032	847.083
27.9336	424.031	841.232	843.178
27.9394	418.677	847.573
27.9452	414.346	847.573
27.951	420.859	845.617
27.9568	422.808	843.178
27.9626	428.215	843.178
27.9684	426.734	840.746
27.9742	427.227	835.904
27.98	422.32	832.531
27.9858	418.677	828.693
27.9917	417.228	827.736	945.342
27.9975	410.772	827.258	961.867
28.0033	402.318	826.78	959.093
28.0091	408.878	825.349	953.018
28.0149	408.642	830.13	955.222
28.0207	413.151	828.693	950.819
28.0265	417.952	828.693	941.528
28.0323	416.025	826.78	940.984
28.0381	412.674	825.349	948.624
28.0439	395.864	817.284	949.721
28.0497	411.484	819.174	951.918
28.0555	411.96	816.34	948.624
28.0613	814.927	932.328
28.0671	807.43	922.151
28.0729	806.498	919.492
28.0787	808.83	909.981
28.0845	807.43	920.023
28.0903	810.701	936.646
28.0961	820.121	942.072
28.1019	831.089	954.671	441.528
28.1078	832.531	972.481	440
28.1136	821.543	969.676	440.763
28.1194	821.543	958.539	440.509
28.1252	815.869	951.918	433.191
28.131	841.232	944.796	439.238
28.1368	833.493	964.092	439.238
28.1426	820.595	966.88	441.783
28.1484	816.34	440	393.356
28.1542	830.13	441.528	394.266
28.16	828.693	436.456	407.228
28.1658	823.444	438.985	406.993
28.1716	815.398	434.193	402.318
28.1774	821.069	432.941	403.715
28.1832	823.92	414.346	392.222
28.189	818.701	409.587	379.08
28.1948	821.069	408.642	379.08
28.2006	822.493	409.824	376.679
28.2064	814.927	409.587	373.43
28.2122	818.701	409.824	370.208
28.2181	812.107	411.484	353.49
28.2239	807.896	395.635	351.454
28.2297	806.498	404.182	353.082
28.2355	815.869	405.819	356.36
28.2413	817.284	413.39	356.36
28.2471	796.314	411.96	350.643
28.2529	798.617	410.772	352.267
28.2587	794.017	408.878	354.103
28.2645	794.935	407.463	357.391
28.2703	812.576	408.642	355.743
28.2761	815.869	408.642	350.441
28.2819	803.243	408.17	349.027
28.2877	821.069	408.878	351.86
28.2935	814.927	406.054	352.267
28.2993	810.233	404.649	345.217
28.3051	808.363	403.948	337.722
28.3109	809.765	404.649	334.229
28.3167	804.172	403.249	334.229
28.3225	803.707	404.649	338.503
28.3283	802.779	403.249	349.228
28.3341	800.927	400.695	340.071
28.34	399.77
28.3458	401.39
28.3516	402.086
28.3574	401.158
28.3632	401.854
28.369	401.39
28.3748	399.539
28.3806	400.001
28.3864	405.117
28.3922	403.482
28.398	396.092
28.4038	397.467
28.4096	396.55
28.4154	396.321
28.4212	397.697
28.427	394.494
28.4328	391.995
28.4386	391.317
28.4444	389.738
28.4502	389.063
28.4561	389.063
28.4619	389.738
28.4677	386.152
28.4735	389.738
28.4793	392.902
28.4851	392.675
28.4909	393.129
28.4967	392.449
28.5025	396.321
28.5083	395.864
28.5141	398.157
28.5199	391.317	805.101
28.5257	399.308	803.707
28.5315	397.697	810.701
28.5373	399.308	806.964
28.5431	404.415	807.43
28.5489	400.695	812.576
28.5547	402.318	812.576
28.5605	401.622	812.576
28.5663	402.318	813.046
28.5722	403.948	817.284
28.578	406.288	813.046
28.5838	406.758	822.018
28.5896	404.649	822.493
28.5954	394.722	813.986
28.6012	406.758	813.516
28.607	406.523	810.701
28.6128	405.819	807.896
28.6186	398.847	813.516
28.6244	405.819	816.812
28.6302	403.948	812.576
28.636	405.819	823.92
28.6418	407.228	818.701
28.6476	407.228	809.297
28.6534	409.351	811.17
28.6592	410.772	806.964
28.665	409.587	815.398
28.6708	410.061	805.566
28.6766	408.878	799.078
28.6824	408.878	806.032
28.6883	406.054	788.532
28.6941	404.649	799.54
28.6999	404.883	798.156
28.7057	403.482	797.234
28.7115	400.001	801.852
28.7173	400.232	800.002
28.7231	398.847	794.476
28.7289	395.635	788.077	1965.29
28.7347	393.356	788.532	1960.75
28.7405	392.449	787.167	1955.1
28.7463	391.995	784.897	1947.21
28.7521	389.288	779.475	1937.11
28.7579	386.599	781.73	1928.18
28.7637	384.15	766.97	1921.51
28.7695	382.158	768.744	1917.08
28.7753	381.938	766.97	1908.24
28.7811	380.616	766.527	1884.14
28.7869	377.333	752.924	1878.71
28.7927	372.353	740.844	1868.97
28.7985	366.591	735.302	1861.43
28.8044	364.69	726.856	1827.34
28.8102	362.799	734.029	1824.17
28.816	364.479	723.923	1812.62
28.8218	356.155	704.128	1811.57
28.8276	360.085	695.638	1831.56
28.8334	356.566	688.045	1944.96
28.8392	377.115	691.232	1884.14
28.845	366.591	712.721	1914.86
28.8508	368.927	1906.04
28.8566	359.254	1942.72
28.8624	360.501	1808.44
28.8682	366.591	1811.57
28.874	360.709	1813.67
28.8798	364.69
28.8856	391.317
28.8914	387.941
28.8972	393.584
28.903	395.864
28.9088	393.356
28.9146	402.318
28.9205	403.016
28.9263
28.9321
28.9379
28.9437
28.9495
28.9553
28.9611
28.9669
28.9727
28.9785
28.9843
28.9901
28.9959
29.0017
29.0075
29.0133
29.0191
29.0249
29.0307
29.0366
29.0424
29.0482
29.054
29.0598
29.0656
29.0714
29.0772
29.083
29.0888
29.0946
29.1004
29.1062
