0
0.00580499
0.01161
0.017415
0.02322
0.0290249
0.0348299
0.0406349
0.0464399
0.0522449
0.0580499
0.0638549
0.0696599
0.0754649
0.0812698
0.0870748
0.0928798
0.0986848
0.10449
0.110295
0.1161
0.121905
0.12771
0.133515
0.13932
0.145125
0.15093
0.156735
0.16254
0.168345
0.17415
0.179955
0.18576
0.191565
0.19737
0.203175
0.20898
0.214785
0.22059
0.226395
0.2322
0.238005
0.24381
0.249615
0.255419
0.261224
0.267029
0.272834
0.278639
0.284444
0.290249
0.296054
0.301859
0.307664
0.313469
0.319274
0.325079
0.330884
0.336689
0.342494
0.348299
0.354104
0.359909
0.365714
0.371519
0.377324
0.383129
0.388934
0.394739
0.400544
0.406349
0.412154
0.417959
0.423764
0.429569
0.435374
0.441179
0.446984
0.452789
0.458594
0.464399
0.470204
0.476009
0.481814
0.487619
0.493424
0.499229
0.505034
0.510839
0.516644
0.522449
0.528254
0.534059
0.539864
0.545669
0.551474
0.557279
0.563084
0.568889
0.574694	281.214
0.580499	296.22
0.586304	282.843
0.592109	294.174
0.597914	284.975
0.603719	293.156
0.609524	301.398
0.615329	300.529
0.621134	310.23
0.626939	310.051
0.632744	310.409
0.638549	308.799
0.644354	308.087
0.650159	299.489
0.655964	307.198
0.661769	310.947
0.667574	317.298
0.673379	323.778
0.679184	326.218
0.684989	339.286
0.690794	343.229
0.696599	331.154
0.702404	336.165
0.708209	336.748
0.714014	337.137
0.719819	349.228
0.725624	348.624
0.731429	338.112
0.737234	335.777
0.743039	335.196	1710.88
0.748844	335.971	1707.92
0.754649	334.615	1715.83
0.760454	323.591	1719.8
0.766258	311.127	1712.86
0.772063	318.767	1706.94
0.777868	309.693	1705.95
0.783673	298.453	1704.97
0.789478	308.443	1698.09
0.795283	303.845	1703.98
0.801088	1702.01
0.806893	1705.95
0.812698	1715.83
0.818503	1724.78
0.824308	1716.82
0.830113	1780.45
0.835918	1698.09
0.841723	1724.78
0.847528	1689.28
0.853333	1749.86
0.859138
0.864943
0.870748
0.876553
0.882358
0.888163
0.893968
0.899773
0.905578
0.911383
0.917188
0.922993
0.928798
0.934603
0.940408
0.946213
0.952018
0.957823
0.963628
0.969433
0.975238
0.981043
0.986848
0.992653
0.998458
1.00426
1.01007
1.01587
1.02168
1.02748
1.03329
1.03909
1.0449
1.0507
1.05651
1.06231
1.06812
1.07392
1.07973
1.08553
1.09134
1.09714
1.10295
1.10875
1.11456
1.12036
1.12617
1.13197
1.13778
1.14358
1.14939
1.15519
1.161
1.1668
1.17261
1.17841
1.18422
1.19002
1.19583
1.20163
1.20744
1.21324
1.21905
1.22485
1.23066
1.23646
1.24227
1.24807
1.25388
1.25968
1.26549
1.27129
1.2771
1.2829
1.28871
1.29451
1.30032
1.30612
1.31193
1.31773
1.32354
1.32934
1.33515
1.34095
1.34676
1.35256
1.35837
1.36417
1.36998
1.37578
1.38159
1.38739
1.3932
1.399
1.40481
1.41061
1.41642
1.42222
1.42803
1.43383
1.43964
1.44544
1.45125
1.45705
1.46286
1.46866
1.47447
1.48027
1.48608
1.49188
1.49769
1.50349
1.5093
1.5151
1.52091
1.52671
1.53252
1.53832
1.54413
1.54993
1.55574
1.56154
1.56735
1.57315
1.57896
1.58476
1.59057
1.59637
1.60218
1.60798
1.61379
1.61959
1.6254
1.6312
1.63701
1.64281
1.64862
1.65442
1.66023
1.66603
1.67184
1.67764
1.68345
1.68925
1.69506
1.70086
1.70667
1.71247
1.71828
1.72408
1.72989
1.73569
1.7415
1.7473
1.75311
1.75891
1.76472
1.77052
1.77633
1.78213
1.78794
1.79374
1.79955
1.80535
1.81116
1.81696
1.82277
1.82857
1.83438
1.84018
1.84599
1.85179
1.8576
1.8634
1.86921
1.87501
1.88082
1.88662
1.89243
1.89823
1.90404
1.90984
1.91565
1.92145
1.92726
1.93306
1.93887
1.94467
1.95048
1.95628
1.96209
1.96789
1.9737
1.9795
1.98531
1.99111
1.99692
2.00272
2.00853
2.01433
2.02014
2.02594
2.03175
2.03755
2.04336
2.04916
2.05497
2.06077
2.06658
2.07238
2.07819
2.08399
2.0898
2.0956
2.10141
2.10721
2.11302
2.11882
2.12463
2.13043
2.13624
2.14204
2.14785
2.15365
2.15946
2.16526
2.17107
2.17687
2.18268
2.18848
2.19429
2.20009
2.2059
2.2117
2.21751
2.22331
2.22912
2.23492
2.24073
2.24653
2.25234
2.25814
2.26395
2.26975
2.27556
2.28136
2.28717
2.29297
2.29878
2.30458
2.31039
2.31619
2.322
2.3278
2.33361
2.33941
2.34522
2.35102
2.35683
2.36263
2.36844
2.37424
2.38005
2.38585
2.39166
2.39746
2.40327
2.40907
2.41488
2.42068
2.42649
2.43229
2.4381
2.4439
2.44971
2.45551
2.46132
2.46712
2.47293
2.47873
2.48454
2.49034
2.49615
2.50195
2.50776
2.51356
2.51937
2.52517
2.53098
2.53678
2.54258
2.54839
2.55419
2.56
2.5658
2.57161
2.57741
2.58322
2.58902
2.59483
2.60063
2.60644
2.61224
2.61805
2.62385
2.62966
2.63546
2.64127
2.64707
2.65288
2.65868
2.66449
2.67029
2.6761
2.6819
2.68771
2.69351
2.69932
2.70512
2.71093
2.71673
2.72254
2.72834
2.73415
2.73995
2.74576
2.75156
2.75737
2.76317
2.76898
2.77478
2.78059
2.78639
2.7922
2.798
2.80381
2.80961
2.81542
2.82122
2.82703
2.83283
2.83864
2.84444
2.85025
2.85605
2.86186
2.86766
2.87347
2.87927
2.88508
2.89088
2.89669
2.90249
2.9083
2.9141
2.91991
2.92571
2.93152
2.93732
2.94313
2.94893
2.95474
2.96054
2.96635
2.97215
2.97796
2.98376
2.98957
2.99537
3.00118
3.00698
3.01279
3.01859
3.0244
3.0302
3.03601
3.04181
3.04762
3.05342
3.05923
3.06503
3.07084
3.07664
3.08245
3.08825
3.09406
3.09986
3.10567
3.11147
3.11728
3.12308
3.12889
3.13469
3.1405
3.1463
3.15211
3.15791
3.16372
3.16952
3.17533
3.18113
3.18694
3.19274
3.19855
3.20435
3.21016
3.21596
3.22177
3.22757
3.23338
3.23918
3.24499
3.25079
3.2566
3.2624
3.26821
3.27401
3.27982
3.28562
3.29143
3.29723
3.30304
3.30884
3.31465
3.32045
3.32626
3.33206
3.33787
3.34367
3.34948
3.35528
3.36109
3.36689
3.3727
3.3785
3.38431
3.39011
3.39592
3.40172
3.40753
3.41333
3.41914
3.42494
3.43075
3.43655
3.44236
3.44816
3.45397
3.45977
3.46558
3.47138
3.47719
3.48299
3.4888
3.4946
3.50041
3.50621
3.51202
3.51782
3.52363
3.52943
3.53524
3.54104
3.54685
3.55265
3.55846
3.56426
3.57007
3.57587
3.58168
3.58748
3.59329
3.59909
3.6049
3.6107
3.61651
3.62231
3.62812
3.63392
3.63973
3.64553
3.65134
3.65714
3.66295
3.66875
3.67456
3.68036
3.68617
3.69197
3.69778
3.70358
3.70939
3.71519
3.721
3.7268
3.73261
3.73841
3.74422
3.75002
3.75583
3.76163
3.76744
3.77324
3.77905
3.78485
3.79066
3.79646
3.80227
3.80807
3.81388
3.81968
3.82549
3.83129
3.8371
3.8429
3.84871
3.85451
3.86032
3.86612
3.87193
3.87773
3.88354
3.88934
3.89515
3.90095
3.90676
3.91256
3.91837
3.92417
3.92998
3.93578
3.94159
3.94739
3.9532
3.959
3.96481
3.97061
3.97642
3.98222
3.98803
3.99383
3.99964
4.00544
4.01125
4.01705
4.02286
4.02866
4.03447
4.04027
4.04608
4.05188	1878.71
4.05769	1885.23
4.06349	1899.44
4.0693	1874.37
4.0751	1857.13
4.08091	1851.77
4.08671	1846.43	1221.72
4.09252	1837.92	1222.42
4.09832	1827.34	1222.42
4.10413	1837.92	1221.01
4.10993	1847.5	1218.9
4.11574	1848.57	1216.79
4.12154	1835.8	1216.08
4.12735	1819.96	1216.08
4.13315	1850.71	1215.38
4.13896	1879.79	1214.68
4.14476	1891.78	1214.68
4.15057	1213.98
4.15637	1213.98
4.16218	1213.98	1878.71
4.16798	1214.68	1876.54
4.17379	1217.49	1875.46
4.17959	1218.19	1875.46
4.1854	1221.01	1874.37
4.1912	1226.67	1874.37
4.19701	1233.06	1875.46
4.20281	1236.63	1876.54
4.20862	1235.2	1883.06
4.21442	1244.51	1900.54
4.22023	1900.54
4.22603	1885.23
4.23184	1884.14
4.23764	1887.41
4.24345	1886.32
4.24925	1885.23
4.25506	1881.97
4.26086	1883.06
4.26667	1887.41
4.27247	1892.87
4.27828	1872.21
4.28408	1865.73
4.28989	1829.45
4.29569
4.3015
4.3073
4.31311
4.31891
4.32472
4.33052
4.33633
4.34213
4.34794
4.35374
4.35955
4.36535
4.37116
4.37696
4.38277
4.38857
4.39438
4.40018
4.40599
4.41179
4.4176
4.4234
4.42921
4.43501
4.44082
4.44662
4.45243
4.45823
4.46404
4.46984
4.47565
4.48145
4.48726
4.49306
4.49887
4.50467
4.51048
4.51628
4.52209
4.52789
4.5337
4.5395
4.54531
4.55111
4.55692
4.56272
4.56853
4.57433
4.58014
4.58594
4.59175
4.59755
4.60336
4.60916
4.61497
4.62077
4.62658
4.63238
4.63819
4.64399
4.6498
4.6556
4.66141
4.66721
4.67302
4.67882
4.68463
4.69043
4.69624
4.70204
4.70785
4.71365
4.71946
4.72526
4.73107
4.73687
4.74268
4.74848
4.75429
4.76009
4.7659
4.7717
4.77751
4.78331
4.78912
4.79492
4.80073
4.80653
4.81234
4.81814
4.82395
4.82975
4.83556
4.84136
4.84717
4.85297
4.85878
4.86458
4.87039
4.87619
4.882
4.8878
4.89361
4.89941
4.90522
4.91102
4.91683
4.92263
4.92844
4.93424
4.94005
4.94585
4.95166
4.95746
4.96327
4.96907
4.97487
4.98068
4.98649
4.99229
4.9981
5.0039
5.00971
5.01551
5.02132
5.02712
5.03293
5.03873
5.04454
5.05034
5.05615
5.06195
5.06776
5.07356
5.07936
5.08517
5.09097
5.09678
5.10258
5.10839
5.11419
5.12
5.1258
5.13161
5.13741
5.14322
5.14902
5.15483
5.16063
5.16644
5.17225
5.17805
5.18385
5.18966
5.19546
5.20127
5.20707
5.21288
5.21868
5.22449
5.23029
5.2361
5.2419
5.24771
5.25351
5.25932
5.26512
5.27093
5.27673
5.28254
5.28834
5.29415
5.29995
5.30576
5.31156
5.31737
5.32317
5.32898
5.33478
5.34059
5.34639
5.3522
5.358
5.36381
5.36961
5.37542
5.38122
5.38703
5.39283
5.39864
5.40444
5.41025
5.41605
5.42186
5.42766
5.43347
5.43927
5.44508
5.45088
5.45669
5.46249
5.4683
5.4741
5.47991
5.48571
5.49152
5.49732
5.50313
5.50893
5.51474
5.52054
5.52635
5.53215
5.53796
5.54376
5.54957
5.55537
5.56118
5.56698
5.57279
5.57859
5.5844
5.5902
5.59601
5.60181
5.60762
5.61342
5.61923
5.62503
5.63084
5.63664
5.64245
5.64825
5.65406
5.65986
5.66567
5.67147
5.67728
5.68308
5.68889
5.69469
5.7005
5.7063
5.71211
5.71791
5.72372
5.72952
5.73533
5.74113
5.74694
5.75274
5.75855
5.76435
5.77016
5.77596
5.78177
5.78757
5.79338
5.79918
5.80499
5.81079
5.8166
5.8224
5.82821
5.83401
5.83982
5.84562
5.85143
5.85723
5.86304
5.86884
5.87465
5.88045
5.88626
5.89206
5.89787
5.90367
5.90948
5.91528
5.92109
5.92689
5.9327
5.9385
5.94431
5.95011
5.95592
5.96172
5.96753
5.97333
5.97914
5.98494
5.99075
5.99655
6.00236
6.00816
6.01397
6.01977
6.02558
6.03138
6.03719
6.04299
6.0488
6.0546
6.06041
6.06621
6.07202
6.07782
6.08363
6.08943
6.09524
6.10104
6.10685
6.11265
6.11846
6.12426
6.13007
6.13587
6.14168
6.14748
6.15329
6.15909
6.1649
6.1707
6.17651
6.18231
6.18812
6.19392
6.19973
6.20553
6.21134
6.21714
6.22295
6.22875
6.23456
6.24036
6.24617
6.25197
6.25778
6.26358
6.26939
6.27519
6.281
6.2868
6.29261
6.29841
6.30422
6.31002
6.31583
6.32163
6.32744
6.33324
6.33905
6.34485
6.35066
6.35646
6.36227
6.36807
6.37388
6.37968
6.38549
6.39129
6.3971
6.4029
6.40871
6.41451
6.42032
6.42612
6.43193
6.43773
6.44354
6.44934
6.45515
6.46095
6.46676
6.47256
6.47837
6.48417
6.48998
6.49578
6.50159
6.50739
6.5132
6.519
6.52481
6.53061
6.53642
6.54222
6.54803
6.55383
6.55964
6.56544
6.57125
6.57705
6.58286
6.58866
6.59447
6.60027
6.60608
6.61188
6.61769
6.62349
6.6293
6.6351
6.64091
6.64671
6.65252
6.65832
6.66413
6.66993
6.67574
6.68154
6.68735
6.69315
6.69896
6.70476
6.71057
6.71637
6.72218
6.72798
6.73379
6.73959
6.7454
6.7512
6.75701
6.76281
6.76862
6.77442
6.78023
6.78603
6.79184
6.79764
6.80345
6.80925
6.81506
6.82086
6.82667
6.83247
6.83828
6.84408
6.84989
6.85569
6.8615
6.8673
6.87311
6.87891
6.88472
6.89052
6.89633
6.90213
6.90794
6.91374
6.91955
6.92535
6.93116
6.93696
6.94277
6.94857
6.95438
6.96018
6.96599
6.97179
6.9776
6.9834
6.98921
6.99501
7.00082
7.00662
7.01243
7.01823
7.02404
7.02984
7.03565
7.04145
7.04726
7.05306
7.05887
7.06467
7.07048
7.07628
7.08209
7.08789
7.0937
7.0995
7.10531
7.11111
7.11692
7.12272
7.12853
7.13433
7.14014
7.14594
7.15175
7.15755
7.16336
7.16916
7.17497
7.18077
7.18658
7.19238
7.19819
7.20399
7.2098
7.2156
7.22141	403.948
7.22721	399.308
7.23302	399.539
7.23882	403.016
7.24463	401.854
7.25043	405.351
7.25624	405.585
7.26204	399.539
7.26785	401.39
7.27365	394.95
7.27946	396.321
7.28526	393.584
7.29107	405.819	1572.52
7.29687	415.065	1585.29
7.30268	432.941	1579.8
7.30848	418.677	1584.37
7.31429	402.318	1589.87
7.32009	1587.12
7.3259	1613.93
7.3317	1614.86
7.33751	1632.68
7.34331	1572.52
7.34912	1541.93
7.35492	1564.36
7.36073	1554.45
7.36653	1631.74
7.37234	1630.79
7.37814	1635.51
7.38395	1648.79
7.38975	1625.15
7.39556	1633.62
7.40136	1620.47
7.40717	1582.54
7.41297	1561.65
7.41878	1557.15
7.42458	1559.85
7.43039	1567.98
7.43619	1573.43
7.442	1573.43
7.4478	1577.98
7.45361	1588.03
7.45941	1629.85
7.46522	1627.03
7.47102	1622.34
7.47683	1618.59
7.48263	1615.79
7.48844	1622.34
7.49424	1626.09
7.50005	1627.03
7.50585	1621.4
7.51166	1627.97
7.51746
7.52327
7.52907
7.53487
7.54068
7.54648
7.55229
7.55809
7.5639
7.56971
7.57551
7.58132
7.58712
7.59293
7.59873
7.60454
7.61034	146.494
7.61615	139.475
7.62195	145.902
7.62776	153.068
7.63356	152.979
7.63936	155.025
7.64517	156.013
7.65097	156.827
7.65678	156.736
7.66258	157.917
7.66839	159.752
7.67419	159.384
7.68	159.752
7.6858	160.492
7.69161	161.982
7.69741	161.422
7.70322	162.545
7.70902	162.827
7.71483	163.865
7.72063	165.482
7.72644	164.054
7.73224	164.244
7.73805	163.675	435.197
7.74385	437.466
7.74966	439.492
7.75546	441.018
7.76127	445.627
7.76707	441.018
7.77288	446.658
7.77868	435.449
7.78449	426.734
7.79029	431.443
7.7961	440.509
7.8019	439.492	406.993
7.80771	440.509	401.158
7.81351	434.695	378.424
7.81932	450.805	403.715
7.82512	442.805	402.783
7.83093	444.342	399.77
7.83673	440.254	393.811
7.84254	428.71	391.769	194.307
7.84834	405.351	401.158	191.521
7.85415	417.469	406.993	201.741
7.85995	415.785	408.878	204.085
7.86576	414.346	208.133
7.87156	418.193	210.187
7.87737	424.031	212.998
7.88317	430.199	215.472
7.88898	442.038	220.636
7.89478	451.848	225.924
7.90059	458.42	229.078
7.90639	468.052	234.026
7.9122	475.959	237.979
7.918	483.44	241.58
7.92381	492.743	246.372
7.92961	502.226	251.403
7.93542	509.531	254.471
7.94122	514.856	257.131
7.94703	518.737	258.621
7.95283	523.251	261.173
7.95864	525.371	262.837
7.96444	527.195	263.598
7.97025	528.414	264.513
7.97605	528.414	264.818
7.98186	529.331	264.665
7.98766	529.025	264.36
7.99347	529.025	264.055
7.99927	527.195	263.598
8.00508	526.586	263.293
8.01088	526.586	263.293
8.01669	526.891	263.293
8.02249	525.371	262.837
8.0283	525.978	263.141
8.0341	525.371	262.686
8.03991	523.856	262.079
8.04571	521.742	261.022
8.05152	520.237	260.419
8.05732	519.337	259.818
8.06313	518.737	259.518
8.06893	518.438	258.77
8.07474	515.749	258.173
8.08054	515.452	257.726
8.08635	514.559	257.131
8.09215	511.891	256.241
8.09796	511.891	256.241
8.10376	512.779	256.093
8.10957	512.483	256.241
8.11537	256.538
8.12118	256.686
8.12698	256.834
8.13279	256.982
8.13859	256.982
8.1444	256.982
8.1502	257.131
8.15601	257.428
8.16181	257.428
8.16762	260.119
8.17342	261.777	246.229
8.17923	262.686	243.683
8.18503	261.777	241.441
8.19084	263.902	242.419
8.19664	263.902	249.523
8.20245	264.055	253.445
8.20825	264.36	254.913
8.21406	263.902	254.178
8.21986	264.055	254.766
8.22567	263.598	255.502
8.23147	263.141	254.471
8.23728	261.626	252.422
8.24308	260.419	249.523
8.24889	257.726	244.811
8.25469	255.355	245.378
8.2605	253.298	245.661
8.2663	252.86	245.945
8.27211	251.113	245.661
8.27791	247.513	244.953
8.28372	244.246	243.542
8.28952	241.023	240.606
8.29533	238.944	249.378
8.30113	236.745	244.105
8.30694	239.358	242.98
8.31274	232.544	237.705
8.31855	235.518	239.635
8.32435	238.255	238.392
8.33016	237.019	237.156
8.33596	240.467	240.189
8.34177	235.926	235.79
8.34757
8.35338
8.35918
8.36499
8.37079
8.3766
8.3824
8.38821
8.39401
8.39982
8.40562
8.41143
8.41723
8.42304
8.42884
8.43465
8.44045
8.44626
8.45206
8.45787
8.46367
8.46948
8.47528
8.48109
8.48689
8.4927
8.4985
8.50431
8.51011
8.51592
8.52172
8.52753
8.53333
8.53914
8.54494
8.55075
8.55655
8.56236
8.56816
8.57397
8.57977
8.58558
8.59138	128.937
8.59719	128.863
8.60299	125.92
8.6088	129.236
8.6146	129.46
8.62041	129.909
8.62621	132.333
8.63202	133.716
8.63782	135.504
8.64363	136.999
8.64943	137.634
8.65524	138.112
8.66104	138.832
8.66685	139.475
8.67265	139.636
8.67846	138.431
8.68426	138.192
8.69007	139.797
8.69587	137.873
8.70168	136.999
8.70748	139.959
8.71329	139.959
8.71909	142.652
8.7249	141.177
8.7307
8.73651
8.74231
8.74812
8.75392
8.75973
8.76553
8.77134
8.77714	142.323
8.78295	138.271
8.78875	134.103
8.79456	132.639
8.80036	132.486
8.80617	132.409
8.81197	133.022
8.81778	133.561
8.82358	134.568	120.164
8.82939	135.426	120.303
8.83519	141.34	120.095
8.841	134.724	119.817
8.8468	133.948	120.025
8.85261	136.762	120.164
8.85841	135.426	120.095
8.86422	136.289	119.887
8.87002	139.636	120.651
8.87583	139.636	122.123
8.88163	143.562	123.756
8.88744	125.05
8.89324	126.211
8.89905	127.751
8.90485	128.714
8.91066	129.46
8.91646	130.059
8.92227	132.715
8.92807	132.792
8.93388	132.027
8.93968	129.161
8.94549	127.825
8.95129	127.236
8.9571	127.604
8.9629
8.96871
8.97451
8.98032
8.98612
8.99193
8.99773
9.00354
9.00934
9.01515
9.02095
9.02676
9.03256
9.03837
9.04417
9.04998
9.05578
9.06159
9.06739
9.0732
9.079
9.08481
9.09061
9.09642
9.10222
9.10803
9.11383
9.11964
9.12544
9.13125
9.13705
9.14286
9.14866
9.15447
9.16027
9.16608
9.17188
9.17769
9.18349
9.1893
9.1951
9.20091
9.20671
9.21252
9.21832
9.22413
9.22993
9.23574
9.24154
9.24735
9.25315
9.25896
9.26476
9.27057
9.27637
9.28218
9.28798
9.29379
9.29959
9.3054
9.3112
9.31701
9.32281
9.32862
9.33442
9.34023
9.34603
9.35184
9.35764
9.36345
9.36925
9.37506
9.38086
9.38667
9.39247
9.39828
9.40408
9.40989
9.41569
9.4215
9.4273
9.43311
9.43891
9.44472
9.45052
9.45633
9.46213
9.46794
9.47374
9.47955
9.48535
9.49116
9.49696
9.50277
9.50857
9.51438
9.52018
9.52599
9.53179
9.5376
9.5434
9.54921
9.55501
9.56082
9.56662
9.57243
9.57823
9.58404
9.58984
9.59565
9.60145
9.60726
9.61306
9.61887
9.62467
9.63048
9.63628
9.64209
9.64789
9.6537
9.6595
9.66531
9.67111
9.67692
9.68272
9.68853
9.69433
9.70014
9.70594
9.71175
9.71755
9.72336
9.72916
9.73497
9.74077
9.74658
9.75238
9.75819
9.76399
9.7698
9.7756
9.78141
9.78721
9.79302
9.79882
9.80463
9.81043
9.81624
9.82204
9.82785
9.83365
9.83946
9.84526
9.85107
9.85687
9.86268
9.86848
9.87429
9.88009
9.8859
9.8917
9.89751
9.90331
9.90912
9.91492
9.92073
9.92653
9.93234
9.93814
9.94394
9.94975
9.95555
9.96136
9.96716
9.97297
9.97878
9.98458
9.99039
9.99619
10.002
10.0078
10.0136
10.0194
10.0252
10.031
10.0368
10.0426
10.0484
10.0542
10.06
10.0659
10.0717
10.0775
10.0833
10.0891
10.0949
10.1007
10.1065
10.1123
10.1181
10.1239
10.1297
10.1355
10.1413
10.1471
10.1529
10.1587
10.1645
10.1703
10.1761
10.1819
10.1878
10.1936
10.1994
10.2052
10.211
10.2168
10.2226
10.2284
10.2342
10.24
10.2458
10.2516
10.2574
10.2632
10.269
10.2748
10.2806
10.2864
10.2922
10.298
10.3039
10.3097
10.3155
10.3213
10.3271
10.3329
10.3387
10.3445
10.3503
10.3561
10.3619
10.3677
10.3735
10.3793
10.3851
10.3909
10.3967
10.4025
10.4083
10.4141
10.42
10.4258
10.4316
10.4374
10.4432
10.449
10.4548
10.4606
10.4664
10.4722
10.478
10.4838
10.4896
10.4954
10.5012
10.507
10.5128
10.5186
10.5244
10.5302
10.5361
10.5419
10.5477
10.5535
10.5593
10.5651
10.5709
10.5767
10.5825
10.5883
10.5941
10.5999
10.6057
10.6115
10.6173
10.6231
10.6289
10.6347
10.6405
10.6463
10.6522
10.658
10.6638
10.6696
10.6754
10.6812
10.687
10.6928
10.6986
10.7044
10.7102
10.716
10.7218
10.7276
10.7334
10.7392
10.745
10.7508
10.7566
10.7624
10.7683
10.7741
10.7799
10.7857
10.7915
10.7973
10.8031
10.8089
10.8147
10.8205
10.8263
10.8321
10.8379
10.8437
10.8495
10.8553
10.8611
10.8669
10.8727
10.8785
10.8844
10.8902
10.896
10.9018
10.9076
10.9134
10.9192
10.925
10.9308
10.9366
10.9424
10.9482
10.954
10.9598
10.9656
10.9714
10.9772	161.982
10.983	164.244
10.9888	171.317
10.9946	176.643
11.0005	184.677
11.0063	192.742
11.0121	201.275
11.0179	208.614
11.0237	215.846
11.0295	222.814
11.0353	230.804
11.0411	237.567
11.0469	245.803
11.0527	252.568
11.0585	257.875
11.0643	265.431
11.0701	270.539
11.0759	273.367
11.0817	278.306
11.0875	281.865
11.0933	284.811
11.0991	287.954
11.1049	292.987
11.1107	298.108
11.1166	302.969
11.1224	309.693
11.1282	312.929
11.134	317.298
11.1398	321.355
11.1456	324.527
11.1514	326.595
11.1572	328.297
11.163	327.729
11.1688	318.399
11.1746	312.568
11.1804	312.749
11.1862	322.285
11.192	323.404
11.1978	324.714
11.2036
11.2094
11.2152
11.221
11.2268
11.2327
11.2385
11.2443
11.2501
11.2559
11.2617
11.2675
11.2733
11.2791
11.2849
11.2907
11.2965
11.3023
11.3081
11.3139
11.3197
11.3255
11.3313
11.3371
11.3429
11.3488
11.3546
11.3604
11.3662
11.372
11.3778
11.3836	296.22
11.3894	290.795
11.3952	310.051
11.401	315.106
11.4068	322.658
11.4126	328.867
11.4184	334.615
11.4242	344.023
11.43	348.02
11.4358	351.454
11.4416	353.286
11.4474	359.877
11.4532	366.167
11.459	373.861
11.4649	377.115
11.4707	369.781
11.4765	387.717
11.4823	400.695	271.949
11.4881	402.318	272.263
11.4939	407.934	274.316
11.4997	407.934	275.586
11.5055	423.786	276.383
11.5113	414.107	277.023	554.045
11.5171	277.183	554.045
11.5229	276.703	553.406
11.5287	276.543	554.045
11.5345	276.863	554.045
11.5403	277.663	555.006
11.5461	276.383	548.948
11.5519	273.999	557.577
11.5577	274.316	553.406
11.5635	273.051	546.733
11.5693	273.367	546.102
11.5751	272.893	546.733
11.581	273.841	547.681
11.5868	274.474	547.998	645.315
11.5926	273.999	549.9	641.969
11.5984	273.999	547.681	639.379
11.6042	272.578	544.527	632.035
11.61	271.322	542.643	614.397
11.6158	270.383	540.766	608.042
11.6216	270.383	535.482	606.638
11.6274	269.136	530.249	605.938
11.6332	270.695	541.391	605.238
11.639	273.367	538.584	605.238
11.6448	279.111	525.371	603.842
11.6506	284.318	539.518	604.889
11.6564	522.044	606.288
11.6622	538.584	607.34
11.668	519.637	608.744
11.6738	500.488	612.271
11.6796	503.388	614.397	762.112
11.6854	510.12	614.042	761.232
11.6912	615.462	763.875
11.6971	618.67	770.522
11.7029	620.459	770.968
11.7087	617.956	771.859
11.7145	622.973	770.077
11.7203	625.136	770.522
11.7261	626.582	766.97
11.7319	629.848	763.434
11.7377	634.229	764.758
11.7435	638.271	765.2
11.7493	641.228	764.317
11.7551	645.315	767.413
11.7609	648.678	767.413
11.7667	650.93	767.857
11.7725	654.323	767.857
11.7783	657.354	762.553
11.7841	657.354	753.794
11.7899	658.114	771.413
11.7957	661.544	762.112
11.8015	661.162	748.587
11.8073	664.608	765.642
11.8132	671.166	766.97
11.819	662.309	770.968	241.58
11.8248	663.841	751.62	244.246
11.8306	661.162	736.152	243.964
11.8364	658.114	734.029	244.387
11.8422	667.686	758.599	252.568
11.848	682.11	762.993	254.766
11.8538	696.04	766.97	255.798
11.8596	694.835	766.084	255.65
11.8654	702.097	770.077	256.389
11.8712	708.616	768.744	256.686
11.877	701.692	767.413	256.834
11.8828	709.845	771.859	255.946
11.8886	706.164	770.968	255.355
11.8944	711.898	765.2	254.913
11.9002	707.389	770.077	254.471
11.906	697.247	254.324
11.9118	696.442	253.445
11.9176	704.534	253.006
11.9234	696.442	252.714
11.9293	681.716	253.152
11.9351	682.504	255.355
11.9409	690.434	256.093
11.9467	704.534	255.946
11.9525	692.031	255.502
11.9583	696.845	256.538
11.9641	704.128	257.131
11.9699	708.207	257.577
11.9757	714.369	258.322
11.9815	703.315	258.322
11.9873	716.436	259.219
11.9931	704.128	259.668
11.9989	721.002	259.969
12.0047	260.419
12.0105	261.323
12.0163	262.382
12.0221	263.445
12.0279	263.75
12.0337	263.598
12.0395	263.75
12.0454	264.36
12.0512	264.36
12.057	264.818
12.0628	265.278
12.0686	265.584
12.0744	266.199
12.0802	266.045
12.086	266.66
12.0918	266.506
12.0976	266.814
12.1034	266.969
12.1092	267.586
12.115	267.895
12.1208	268.205
12.1266	268.515
12.1324	268.205
12.1382	268.515
12.144	268.981
12.1498	269.136
12.1556	269.136
12.1615	269.759
12.1673	270.227
12.1731	269.759
12.1789	266.969
12.1847	264.818
12.1905	266.814
12.1963	265.125
12.2021	264.36
12.2079	264.055
12.2137	265.125
12.2195	261.928	631.305
12.2253	261.173	627.669
12.2311	263.293	626.582
12.2369	263.293	621.535
12.2427	264.055	619.028
12.2485	263.75	614.397
12.2543	262.382	612.625
12.2601	257.131	610.505	204.675
12.2659	608.393	197.589
12.2717	606.638	198.161
12.2776	610.153	197.133
12.2834	610.858	193.97
12.2892	611.211	193.411
12.295	606.288	193.635
12.3008	606.288	191.19
12.3066	606.638	189.212
12.3124	606.989	187.905
12.3182	609.448	186.284
12.324	608.042	183.401
12.3298	608.042	181.085
12.3356	606.638	175.829
12.3414	609.8	174.513
12.3472	614.042	166.248
12.353	621.177	166.152
12.3588	629.848	170.134
12.3646	646.808	174.715
12.3704	655.458	181.609
12.3762	660.017
12.382	660.398
12.3878	658.494
12.3937	657.734
12.3995	661.544
12.4053	663.457
12.4111	664.224
12.4169	660.398
12.4227	660.398
12.4285	663.074
12.4343	656.216
12.4401	663.457
12.4459	671.942
12.4517	678.181
12.4575	672.719
12.4633	671.942
12.4691	672.33
12.4749	669.617
12.4807	654.323
12.4865	647.555
12.4923	636.431
12.4981	633.863
12.5039
12.5098	647.181
12.5156	633.131
12.5214	633.863
12.5272	633.131
12.533	625.136
12.5388	617.599
12.5446	613.333	151.572
12.5504	613.333	152.803
12.5562	613.333	154.4
12.562	614.752	156.284
12.5678	619.385	157.462
12.5736	621.535	158.924
12.5794	617.956	159.752
12.5852	614.042	161.702
12.591	603.144	163.959
12.5968	598.632	167.115
12.6026	600.364	169.839
12.6084	600.017	172.31
12.6142	612.271	175.524
12.62	632.765	179.835
12.6258	641.969	183.295
12.6317	634.962	185.425
12.6375	638.271	187.147
12.6433	189.103
12.6491	190.198
12.6549	192.075
12.6607	193.635
12.6665	194.531
12.6723	194.644
12.6781	194.419
12.6839	193.076
12.6897	192.631
12.6955	191.079
12.7013	189.212
12.7071	187.905
12.7129	186.823
12.7187	185.425
12.7245	183.613
12.7303	182.45
12.7361	181.085
12.742	180.459
12.7478	181.714
12.7536	176.235
12.7594	173.91
12.7652	172.111
12.771	169.741
12.7768	167.986
12.7826	166.44
12.7884	164.624
12.7942	160.678
12.8	157.553
12.8058	153.156
12.8116	149.831
12.8174	146.409
12.8232	143.562
12.829	140.688
12.8348	139.233
12.8406	138.752
12.8464	137.079
12.8522	136.289
12.858	132.639
12.8639	130.21
12.8697	129.385
12.8755	128.714
12.8813	127.015
12.8871	127.015
12.8929	125.774
12.8987	124.833
12.9045	123.828
12.9103	122.264
12.9161	120.303
12.9219	118.236
12.9277	118.51
12.9335	116.138	383.928
12.9393	114.737	411.96
12.9451	112.832	407.463
12.9509	114.341	402.551
12.9567	113.223	394.95
12.9625	112.897	391.769
12.9683	110.254	389.063
12.9741	109.873	386.152
12.98	110.957	383.928
12.9858	109.746	383.485
12.9916	107.24	381.938
12.9974	106.376	381.276
13.0032	106.992	381.717
13.009	381.938
13.0148	381.276	476.509
13.0206	379.957	475.684
13.0264	379.08	472.398
13.0322	382.379	474.038
13.038	369.141	472.398
13.0438	371.279	452.109	113.354
13.0496	362.589	450.284	116.205
13.0554	357.185	457.891	116.138
13.0612	356.772	462.676	116.608
13.067	351.454	465.895	116.946
13.0728	353.694	460.012	117.895
13.0786	354.103	468.864	118.51
13.0844	358.425	467.242	119.748
13.0902	360.918	484.838	121.07
13.0961	369.141	494.74	122.76
13.1019	373.645	501.936	124.043
13.1077	378.205	506.889	126.065
13.1135	380.177	507.768	127.456
13.1193	385.707	514.559	129.609
13.1251	391.091	519.337	130.511
13.1309	398.157	527.195	131.647
13.1367	389.513	528.109	132.18
13.1425	392.675	533.013	134.646
13.1483	407.228	542.643	136.053
13.1541	410.535	546.733	136.999
13.1599	413.629	549.583	137.555
13.1657	421.589	555.969	139.233
13.1715	425.012	562.754	140.851
13.1773	422.564	562.754	141.014
13.1831	427.721	563.079	141.585
13.1889	427.968	568.635	143.811
13.1947	445.37	572.59	145.146
13.2005	442.038	589.028	145.818
13.2063	444.599	587.33	147.087
13.2122	448.467	585.636	148.538
13.218	451.065	592.098	149.226
13.2238	452.631	593.811	149.658
13.2296	452.893	610.505	151.31
13.2354	454.465	608.042	150.96
13.2412	456.307	609.8	151.397
13.247	455.254	614.397	151.484
13.2528	456.307	598.287	151.135
13.2586	459.746	579.578	150.786
13.2644	459.215	576.24	148.367
13.2702	455.78	583.61	147.683
13.276	427.968	590.732	147.342
13.2818	428.215	588.348	146.24
13.2876	425.258	583.61	143.479
13.2934	418.435	590.391	142.077
13.2992	426.734	586.99	139.797
13.305	422.564	585.298	140.526
13.3108	430.199	586.99	141.422
13.3166	434.193	578.909	141.749
13.3224	435.197	568.307	141.749
13.3283	450.545	569.951	141.177
13.3341	447.691	571.929	142.57	136.368
13.3399	449.765	573.252	144.477	134.646
13.3457	435.197	570.609	133.407
13.3515	438.731	555.969	129.759
13.3573	433.191	528.414	129.012
13.3631	422.076	518.737	129.46
13.3689	516.942	129.535
13.3747	129.535
13.3805	130.059
13.3863	131.495
13.3921	132.18
13.3979	134.724
13.4037	135.348
13.4095	135.582
13.4153	134.335
13.4211	134.258
13.4269	134.025
13.4327	136.683
13.4385	139.475
13.4444	138.591
13.4502
13.456
13.4618
13.4676
13.4734
13.4792
13.485
13.4908
13.4966
13.5024
13.5082
13.514
13.5198
13.5256
13.5314
13.5372
13.543
13.5488
13.5546
13.5605
13.5663
13.5721
13.5779
13.5837
13.5895
13.5953
13.6011
13.6069
13.6127
13.6185
13.6243
13.6301
13.6359
13.6417
13.6475
13.6533
13.6591
13.6649
13.6707
13.6766
13.6824
13.6882
13.694
13.6998
13.7056
13.7114
13.7172
13.723
13.7288
13.7346
13.7404
13.7462
13.752
13.7578
13.7636
13.7694
13.7752
13.781
13.7868
13.7927
13.7985
13.8043
13.8101
13.8159
13.8217
13.8275
13.8333
13.8391
13.8449
13.8507
13.8565
13.8623
13.8681
13.8739
13.8797
13.8855
13.8913
13.8971
13.9029
13.9088
13.9146
13.9204
13.9262
13.932
13.9378
13.9436
13.9494
13.9552
13.961
13.9668
13.9726
13.9784
13.9842
13.99
13.9958
14.0016
14.0074
14.0132
14.019
14.0249
14.0307
14.0365
14.0423
14.0481
14.0539
14.0597
14.0655
14.0713
14.0771
14.0829
14.0887
14.0945
14.1003
14.1061
14.1119
14.1177
14.1235
14.1293
14.1351
14.141
14.1468
14.1526
14.1584
14.1642
14.17
14.1758
14.1816
14.1874
14.1932
14.199
14.2048
14.2106
14.2164
14.2222
14.228
14.2338
14.2396
14.2454
14.2512
14.2571
14.2629
14.2687
14.2745
14.2803
14.2861
14.2919
14.2977
14.3035
14.3093
14.3151
14.3209
14.3267
14.3325
14.3383
14.3441
14.3499
14.3557
14.3615
14.3673
14.3732
14.379
14.3848
14.3906
14.3964
14.4022
14.408
14.4138
14.4196
14.4254
14.4312
14.437
14.4428
14.4486
14.4544
14.4602
14.466
14.4718
14.4776
14.4834
14.4893
14.4951
14.5009
14.5067
14.5125
14.5183
14.5241
14.5299
14.5357
14.5415
14.5473
14.5531
14.5589
14.5647
14.5705
14.5763
14.5821
14.5879
14.5937
14.5995
14.6054
14.6112
14.617
14.6228
14.6286
14.6344
14.6402
14.646
14.6518
14.6576
14.6634
14.6692
14.675
14.6808
14.6866
14.6924
14.6982
14.704
14.7098
14.7156
14.7215
14.7273
14.7331
14.7389
14.7447
14.7505
14.7563
14.7621
14.7679
14.7737
14.7795
14.7853
14.7911
14.7969
14.8027
14.8085
14.8143
14.8201
14.8259
14.8317
14.8376
14.8434
14.8492
14.855
14.8608
14.8666
14.8724
14.8782
14.884
14.8898
14.8956
14.9014
14.9072
14.913
14.9188
14.9246
14.9304
14.9362
14.942
14.9478
14.9537
14.9595
14.9653
14.9711
14.9769
14.9827
14.9885
14.9943
15.0001
15.0059
15.0117
15.0175
15.0233
15.0291
15.0349
15.0407
15.0465
15.0523
15.0581
15.0639
15.0697
15.0756
15.0814
15.0872
15.093
15.0988
15.1046
15.1104
15.1162
15.122
15.1278
15.1336
15.1394
15.1452
15.151
15.1568
15.1626
15.1684
15.1742
15.18
15.1859
15.1917
15.1975
15.2033
15.2091
15.2149
15.2207
15.2265
15.2323
15.2381
15.2439
15.2497
15.2555
15.2613
15.2671
15.2729
15.2787
15.2845
15.2903
15.2961
15.3019
15.3078
15.3136
15.3194
15.3252
15.331
15.3368
15.3426
15.3484
15.3542
15.36
15.3658
15.3716
15.3774
15.3832
15.389
15.3948
15.4006
15.4064
15.4122
15.418
15.4239
15.4297
15.4355
15.4413
15.4471
15.4529
15.4587
15.4645
15.4703
15.4761
15.4819
15.4877
15.4935
15.4993
15.5051
15.5109
15.5167
15.5225
15.5283
15.5341
15.54
15.5458
15.5516
15.5574
15.5632
15.569
15.5748
15.5806
15.5864
15.5922
15.598
15.6038
15.6096
15.6154
15.6212
15.627
15.6328
15.6386
15.6444
15.6502
15.6561
15.6619
15.6677
15.6735
15.6793
15.6851
15.6909
15.6967
15.7025
15.7083
15.7141
15.7199
15.7257
15.7315
15.7373
15.7431
15.7489
15.7547
15.7605
15.7663
15.7722
15.778
15.7838
15.7896
15.7954
15.8012
15.807
15.8128
15.8186
15.8244
15.8302
15.836
15.8418
15.8476
15.8534
15.8592
15.865
15.8708
15.8766
15.8824
15.8883
15.8941
15.8999
15.9057
15.9115
15.9173
15.9231
15.9289
15.9347
15.9405
15.9463
15.9521
15.9579
15.9637
15.9695
15.9753
15.9811
15.9869
15.9927
15.9985
16.0044
16.0102
16.016
16.0218
16.0276
16.0334
16.0392
16.045
16.0508
16.0566
16.0624
16.0682
16.074
16.0798
16.0856
16.0914
16.0972
16.103
16.1088
16.1146
16.1205
16.1263
16.1321
16.1379
16.1437
16.1495
16.1553
16.1611
16.1669
16.1727
16.1785
16.1843
16.1901
16.1959
16.2017
16.2075
16.2133
16.2191
16.2249
16.2307	1512.82
16.2366	1518.95
16.2424	1523.34
16.2482	1510.2
16.254	1549.97
16.2598	1587.12
16.2656	1580.71
16.2714	1555.35
16.2772	1555.35
16.283	1558.05
16.2888	1567.08
16.2946	1581.63
16.3004	1591.71
16.3062	1597.23
16.312	1600.93
16.3178	1604.63
16.3236	1607.41
16.3294	1610.2
16.3352	1611.13
16.341	1612.06
16.3468	1613.93
16.3527	1615.79
16.3585	1615.79
16.3643	1614.86
16.3701	1615.79
16.3759	1615.79
16.3817	1616.73
16.3875	1616.73
16.3933	1619.53
16.3991	1612.06
16.4049	1595.39
16.4107	1588.95
16.4165	1587.12
16.4223	1584.37
16.4281	1580.71
16.4339	1578.89
16.4397	1576.15
16.4455
16.4513
16.4571
16.4629
16.4688
16.4746
16.4804
16.4862
16.492
16.4978
16.5036
16.5094
16.5152
16.521
16.5268
16.5326
16.5384
16.5442
16.55
16.5558
16.5616
16.5674
16.5732
16.579
16.5849
16.5907
16.5965
16.6023
16.6081
16.6139
16.6197
16.6255
16.6313
16.6371
16.6429
16.6487
16.6545
16.6603
16.6661
16.6719
16.6777
16.6835
16.6893
16.6951
16.701
16.7068
16.7126
16.7184
16.7242
16.73
16.7358
16.7416
16.7474
16.7532
16.759
16.7648
16.7706
16.7764
16.7822
16.788
16.7938
16.7996
16.8054
16.8112
16.8171
16.8229
16.8287
16.8345
16.8403
16.8461
16.8519
16.8577
16.8635
16.8693
16.8751
16.8809
16.8867
16.8925
16.8983
16.9041
16.9099
16.9157
16.9215
16.9273
16.9332
16.939
16.9448
16.9506
16.9564
16.9622
16.968
16.9738
16.9796
16.9854
16.9912
16.997
17.0028
17.0086
17.0144
17.0202
17.026
17.0318
17.0376
17.0434
17.0493
17.0551
17.0609
17.0667
17.0725
17.0783
17.0841
17.0899
17.0957
17.1015
17.1073
17.1131
17.1189
17.1247
17.1305
17.1363
17.1421
17.1479
17.1537
17.1595
17.1654
17.1712
17.177
17.1828
17.1886
17.1944
17.2002
17.206
17.2118
17.2176
17.2234
17.2292
17.235
17.2408
17.2466
17.2524
17.2582
17.264
17.2698
17.2756
17.2815
17.2873
17.2931
17.2989
17.3047
17.3105
17.3163
17.3221
17.3279
17.3337
17.3395
17.3453
17.3511
17.3569
17.3627
17.3685
17.3743
17.3801
17.3859
17.3917
17.3976
17.4034
17.4092
17.415
17.4208
17.4266
17.4324
17.4382
17.444
17.4498
17.4556
17.4614
17.4672
17.473
17.4788
17.4846
17.4904
17.4962
17.502
17.5078
17.5137
17.5195
17.5253
17.5311
17.5369
17.5427
17.5485
17.5543
17.5601
17.5659
17.5717
17.5775
17.5833
17.5891
17.5949
17.6007
17.6065
17.6123
17.6181
17.6239
17.6297
17.6356
17.6414
17.6472
17.653
17.6588
17.6646
17.6704
17.6762
17.682
17.6878
17.6936
17.6994
17.7052
17.711
17.7168
17.7226
17.7284
17.7342
17.74
17.7458
17.7517
17.7575
17.7633
17.7691
17.7749
17.7807
17.7865
17.7923
17.7981
17.8039
17.8097
17.8155
17.8213
17.8271
17.8329
17.8387
17.8445
17.8503
17.8561
17.8619
17.8678
17.8736
17.8794
17.8852
17.891
17.8968
17.9026
17.9084
17.9142
17.92
17.9258
17.9316
17.9374
17.9432
17.949
17.9548
17.9606
17.9664
17.9722
17.9781
17.9839
17.9897
17.9955
18.0013
18.0071
18.0129
18.0187
18.0245
18.0303
18.0361
18.0419
18.0477
18.0535
18.0593
18.0651
18.0709
18.0767
18.0825
18.0883
18.0941
18.1
18.1058
18.1116
18.1174
18.1232
18.129
18.1348
18.1406
18.1464
18.1522
18.158
18.1638
18.1696
18.1754
18.1812
18.187
18.1928
18.1986
18.2044
18.2102
18.2161
18.2219
18.2277
18.2335
18.2393
18.2451
18.2509
18.2567
18.2625
18.2683
18.2741
18.2799
18.2857
18.2915
18.2973
18.3031
18.3089
18.3147
18.3205
18.3263
18.3322
18.338
18.3438
18.3496
18.3554
18.3612
18.367
18.3728
18.3786
18.3844
18.3902
18.396
18.4018
18.4076
18.4134
18.4192
18.425
18.4308
18.4366
18.4424
18.4483
18.4541
18.4599
18.4657
18.4715
18.4773
18.4831
18.4889
18.4947
18.5005
18.5063
18.5121
18.5179
18.5237
18.5295
18.5353
18.5411
18.5469
18.5527
18.5585
18.5644
18.5702
18.576
18.5818
18.5876
18.5934
18.5992
18.605
18.6108
18.6166
18.6224
18.6282
18.634
18.6398
18.6456
18.6514
18.6572
18.663
18.6688
18.6746
18.6805
18.6863
18.6921
18.6979
18.7037
18.7095
18.7153
18.7211
18.7269
18.7327
18.7385
18.7443
18.7501
18.7559
18.7617
18.7675
18.7733
18.7791
18.7849
18.7907
18.7966
18.8024
18.8082
18.814
18.8198
18.8256
18.8314
18.8372
18.843
18.8488
18.8546
18.8604
18.8662
18.872
18.8778
18.8836
18.8894
18.8952
18.901
18.9068
18.9127
18.9185
18.9243
18.9301
18.9359
18.9417
18.9475
18.9533
18.9591
18.9649
18.9707
18.9765
18.9823
18.9881
18.9939
18.9997
19.0055
19.0113
19.0171
19.0229
19.0288
19.0346
19.0404
19.0462
19.052
19.0578
19.0636
19.0694
19.0752
19.081
19.0868
19.0926
19.0984
19.1042
19.11
19.1158
19.1216
19.1274
19.1332
19.139
19.1449
19.1507
19.1565
19.1623
19.1681
19.1739
19.1797
19.1855
19.1913
19.1971
19.2029
19.2087
19.2145
19.2203
19.2261
19.2319
19.2377
19.2435
19.2493
19.2551
19.261
19.2668
19.2726
19.2784
19.2842
19.29
19.2958
19.3016
19.3074
19.3132
19.319
19.3248
19.3306
19.3364
19.3422
19.348
19.3538
19.3596
19.3654
19.3712
19.3771
19.3829
19.3887
19.3945
19.4003
19.4061
19.4119
19.4177
19.4235
19.4293
19.4351
19.4409
19.4467
19.4525
19.4583
19.4641
19.4699
19.4757
19.4815
19.4873
19.4932
19.499
19.5048
19.5106
19.5164
19.5222
19.528
19.5338
19.5396
19.5454
19.5512
19.557
19.5628
19.5686
19.5744
19.5802
19.586
19.5918
19.5976
19.6034
19.6093
19.6151
19.6209
19.6267
19.6325
19.6383
19.6441
19.6499
19.6557
19.6615
19.6673
19.6731
19.6789
19.6847
19.6905
19.6963
19.7021
19.7079
19.7137
19.7195
19.7254
19.7312
19.737
19.7428
19.7486
19.7544
19.7602
19.766
19.7718
19.7776
19.7834
19.7892
19.795
19.8008
19.8066
19.8124
19.8182
19.824
19.8298
19.8356
19.8415
19.8473
19.8531
19.8589
19.8647
19.8705
19.8763
19.8821
19.8879
19.8937
19.8995
19.9053
19.9111
19.9169
19.9227
19.9285
19.9343
19.9401
19.9459
19.9517
19.9576
19.9634
19.9692
19.975
19.9808
19.9866
19.9924
19.9982
20.004
20.0098
20.0156
20.0214
20.0272
20.033
20.0388
20.0446
20.0504
20.0562
20.062
20.0678
20.0737
20.0795
20.0853
20.0911
20.0969
20.1027
20.1085
20.1143
20.1201
20.1259
20.1317
20.1375
20.1433
20.1491
20.1549
20.1607
20.1665
20.1723
20.1781
20.1839
20.1898
20.1956
20.2014
20.2072
20.213
20.2188
20.2246
20.2304
20.2362
20.242
20.2478
20.2536
20.2594
20.2652
20.271
20.2768
20.2826
20.2884
20.2942
20.3
20.3058
20.3117
20.3175
20.3233
20.3291
20.3349
20.3407
20.3465
20.3523
20.3581	649.428
20.3639	646.061
20.3697	640.487
20.3755	637.903
20.3813	638.64
20.3871	636.798
20.3929	637.903
20.3987	637.903
20.4045	636.431
20.4103	636.431
20.4161	636.798
20.4219	637.166
20.4278	627.306
20.4336	636.063
20.4394	632.4
20.4452	632.4
20.451	630.94
20.4568	626.944
20.4626	623.693
20.4684	620.818
20.4742	620.818
20.48	641.969
20.4858	655.08
20.4916	693.632
20.4974	708.616
20.5032	656.595
20.509	656.595
20.5148
20.5206
20.5264
20.5322
20.538
20.5439
20.5497
20.5555
20.5613	487.084
20.5671	486.241
20.5729	485.96
20.5787	485.96
20.5845	486.521
20.5903	487.647
20.5961	487.647
20.6019	487.929
20.6077	486.803
20.6135	491.322
20.6193	494.454
20.6251	501.357
20.6309	507.182
20.6367	513.075	140.364
20.6425	511.891	141.177
20.6483	508.943	145.314
20.6542	503.388	147.939
20.66	512.779	149.572
20.6658	511.005	150.438
20.6716	507.182	151.923
20.6774	525.978	153.599
20.6832	524.461	155.294
20.689	517.839	157.189
20.6948	517.839	158.832
20.7006	508.943	160.122
20.7064	529.025	161.422
20.7122	544.842	163.109
20.718	164.528
20.7238	167.792
20.7296	168.764
20.7354	165.195
20.7412	164.814
20.747	157.644
20.7528	159.384
20.7586	160.678
20.7644
20.7702
20.7761
20.7819
20.7877
20.7935
20.7993
20.8051
20.8109
20.8167
20.8225
20.8283	248.085
20.8341	252.714
20.8399	264.36
20.8457	267.277
20.8515	267.277
20.8573	270.071
20.8631	279.756
20.8689	286.295
20.8747	289.12
20.8805	291.805
20.8863	294.855
20.8922	298.281
20.898	302.619
20.9038	306.135
20.9096	306.666
20.9154	306.666
20.9212	304.372
20.927	302.095
20.9328	300.529
20.9386	296.734
20.9444	290.124
20.9502	303.845
20.956	303.319
20.9618	304.724
20.9676
20.9734
20.9792
20.985
20.9908
20.9966
21.0024
21.0083
21.0141
21.0199
21.0257	277.183
21.0315	274.157
21.0373	269.136
21.0431	265.278
21.0489	267.277
21.0547	268.826
21.0605	271.949
21.0663	277.503
21.0721	284.482
21.0779	287.455
21.0837	288.453
21.0895	289.622
21.0953	289.455
21.1011	291.805
21.1069	297.249
21.1127	302.27
21.1185	307.021
21.1244	309.872
21.1302	312.568
21.136	315.652
21.1418	318.032
21.1476	320.799
21.1534	322.471
21.1592	323.965
21.165	325.653
21.1708	326.218
21.1766	324.527
21.1824	320.984
21.1882	317.114
21.194	314.924
21.1998	312.207
21.2056	310.23
21.2114	309.514
21.2172	309.693
21.223	310.051
21.2288	311.127
21.2346	312.568
21.2405	313.472
21.2463	312.929
21.2521	311.487
21.2579	309.156
21.2637	306.844
21.2695	305.076
21.2753	303.67
21.2811	302.27
21.2869	300.355
21.2927	299.316
21.2985	297.936
21.3043	295.537
21.3101	292.142
21.3159	289.789
21.3217	288.12
21.3275	286.13
21.3333	283.989
21.3391	282.843
21.3449	281.865
21.3507	280.89
21.3566	279.433
21.3624	278.949
21.3682	278.145
21.374	277.663
21.3798	277.183
21.3856	278.306
21.3914	278.627
21.3972	280.08
21.403	282.028
21.4088	283.825
21.4146	286.626
21.4204	289.455
21.4262	292.649
21.432	294.344
21.4378	296.563
21.4436	298.798
21.4494	299.835
21.4552	301.572
21.461	303.845
21.4668	306.489
21.4727	307.909
21.4785	309.872
21.4843	312.207
21.4901	314.56
21.4959	316.565
21.5017	317.664
21.5075	320.244
21.5133	321.17
21.5191	322.658
21.5249	322.844
21.5307	322.658
21.5365	320.429
21.5423	316.2
21.5481	314.016
21.5539	312.929
21.5597	306.312
21.5655	305.959
21.5713	307.909
21.5771	314.56
21.5829	313.291
21.5888	315.652
21.5946	321.17
21.6004
21.6062
21.612
21.6178
21.6236
21.6294
21.6352
21.641	317.298
21.6468	324.527
21.6526	317.664
21.6584	301.224
21.6642	303.319
21.67	299.662
21.6758	300.529
21.6816	301.05
21.6874	301.746
21.6932	301.921
21.699	301.224
21.7049	301.05
21.7107	301.224
21.7165	301.05
21.7223	300.876
21.7281	301.05
21.7339	298.971
21.7397	299.662
21.7455	301.572
21.7513	299.662
21.7571	298.108
21.7629	299.489
21.7687	297.249
21.7745
21.7803
21.7861
21.7919
21.7977
21.8035
21.8093	295.366
21.8151	293.495
21.821	296.049
21.8268	298.625
21.8326	300.182
21.8384	300.702
21.8442	300.355
21.85	300.009
21.8558	300.009
21.8616	299.316
21.8674	298.108
21.8732	297.077
21.879	296.049
21.8848	294.684
21.8906	292.818
21.8964	289.789
21.9022	287.123
21.908	284.318
21.9138	279.433
21.9196	276.863
21.9254	274.791
21.9312	275.427	550.536
21.9371	276.224	549.583
21.9429	276.863	554.045
21.9487	277.663	553.725
21.9545	276.703	553.406
21.9603	276.383	551.491
21.9661	275.905	550.536
21.9719	275.427	550.218
21.9777	275.427	550.218
21.9835	273.525	548.948
21.9893	272.578	548.315
21.9951	271.165	543.584
22.0009	271.322	544.527
22.0067	273.209	542.957
22.0125	270.071	540.141
22.0183	271.008	540.766
22.0241	271.635	541.704
22.0299	270.852	540.141
22.0357	269.915	539.518
22.0415	271.165	542.016
22.0473	271.478	542.016
22.0532	271.792	542.957
22.059	271.322	542.643
22.0648	271.008	540.453
22.0706	270.852	540.141
22.0764	271.478	542.643
22.0822	272.421	544.527
22.088	273.051	547.049	271.165
22.0938	271.792	548.948	271.949
22.0996	273.367	552.766	273.209
22.1054	279.595	560.807	280.241
22.1112	282.354	566.668	283.007
22.117	284.153	569.621	284.482
22.1228	285.8	572.921	286.295
22.1286	288.12	577.907	288.287
22.1344	290.459	582.263	291.468
22.1402	294.514	589.369	294.344
22.146	298.108	597.251	297.764
22.1518	302.27	603.144	301.746
22.1576	306.666	612.979	305.429
22.1634	310.409	620.459	310.051
22.1693	313.653	626.944	313.653
22.1751	634.962	317.114
22.1809	641.969	320.614
22.1867	646.808	323.03
22.1925	650.179	325.653
22.1983	653.568	327.729
22.2041	660.78	330.581
22.2099	665.376	332.304
22.2157	670.004	334.229
22.2215	673.496	335.583
22.2273	675.444	337.527
22.2331	674.275	337.722
22.2389	671.942	336.165
22.2447	666.915	333.65
22.2505	659.636	330.199
22.2563	650.179	325.841
22.2621	638.271	320.429
22.2679	641.598	320.614
22.2737	632.035	312.207
22.2795	624.775	320.059
22.2854	626.944	316.017
22.2912	627.669	313.291
22.297	634.962	314.197	300.182
22.3028	602.796	299.835
22.3086	297.592
22.3144	295.707
22.3202	291.636
22.326	288.453
22.3318	284.811
22.3376	281.214
22.3434	277.183
22.3492	273.841
22.355	270.852
22.3608	268.36
22.3666	264.36
22.3724	264.665
22.3782	266.66
22.384	269.447
22.3898	271.949	543.27
22.3956	272.263	544.213
22.4015	272.893	546.733
22.4073	274.316	549.583
22.4131	276.064	553.086
22.4189	277.984	556.611
22.4247	280.08	561.455
22.4305	281.377	564.381
22.4363	282.843	566.668
22.4421	284.482	569.951
22.4479	286.295	573.583
22.4537	289.12	580.248
22.4595	290.292	581.59
22.4653	290.795	581.255
22.4711	291.131	583.61
22.4769	291.468	583.61
22.4827	289.455	579.578
22.4885	287.954	577.24
22.4943	285.8	572.26
22.5001	283.17	567.651
22.5059	280.565	563.73
22.5117	276.543	554.365
22.5176	273.051	545.156
22.5234	268.05	536.41
22.5292	262.837	527.195
22.535	258.173	514.559
22.5408	251.403	502.516
22.5466	242.559	484.838
22.5524	236.882	471.036
22.5582	227.233	461.076
22.564	217.473
22.5698
22.5756
22.5814
22.5872
22.593
22.5988
22.6046
22.6104
22.6162
22.622
22.6278
22.6336
22.6395
22.6453
22.6511
22.6569
22.6627
22.6685
22.6743
22.6801
22.6859
22.6917
22.6975
22.7033
22.7091
22.7149
22.7207
22.7265
22.7323
22.7381
22.7439
22.7498
22.7556
22.7614
22.7672
22.773
22.7788
22.7846
22.7904
22.7962
22.802
22.8078
22.8136
22.8194
22.8252
22.831
22.8368
22.8426
22.8484
22.8542
22.86
22.8659
22.8717
22.8775
22.8833
22.8891
22.8949
22.9007
22.9065
22.9123
22.9181
22.9239
22.9297
22.9355
22.9413
22.9471
22.9529
22.9587
22.9645
22.9703
22.9761
22.9819
22.9878
22.9936
22.9994
23.0052
23.011
23.0168
23.0226
23.0284
23.0342
23.04
23.0458
23.0516
23.0574
23.0632
23.069
23.0748
23.0806
23.0864
23.0922
23.098
23.1039
23.1097
23.1155
23.1213
23.1271
23.1329
23.1387
23.1445
23.1503
23.1561
23.1619
23.1677
23.1735
23.1793
23.1851
23.1909
23.1967
23.2025
23.2083
23.2141
23.22
23.2258
23.2316
23.2374
23.2432
23.249
23.2548
23.2606
23.2664
23.2722
23.278
23.2838
23.2896
23.2954
23.3012
23.307
23.3128
23.3186
23.3244
23.3302
23.3361
23.3419
23.3477
23.3535
23.3593
23.3651
23.3709
23.3767
23.3825
23.3883
23.3941
23.3999
23.4057
23.4115
23.4173
23.4231
23.4289
23.4347
23.4405
23.4463
23.4522
23.458
23.4638
23.4696
23.4754
23.4812
23.487
23.4928
23.4986
23.5044
23.5102
23.516
23.5218
23.5276
23.5334
23.5392
23.545
23.5508
23.5566
23.5624
23.5683
23.5741
23.5799
23.5857
23.5915
23.5973
23.6031
23.6089
23.6147
23.6205
23.6263
23.6321
23.6379
23.6437
23.6495
23.6553
23.6611
23.6669
23.6727
23.6785
23.6844
23.6902
23.696
23.7018	434.193
23.7076	435.449
23.7134	437.719
23.7192	439.238
23.725	438.985
23.7308	439.492
23.7366	440.509
23.7424	438.985
23.7482	438.985
23.754	440.509
23.7598	438.731
23.7656	437.213
23.7714	436.204
23.7772	436.204
23.783	433.692
23.7888	431.692
23.7946	430.945
23.8005	429.454
23.8063	426.241
23.8121	426.487
23.8179	428.463
23.8237	429.454
23.8295	434.444
23.8353	437.971
23.8411	438.478
23.8469	439.746
23.8527	440
23.8585	441.018
23.8643	441.783
23.8701	441.273
23.8759	441.273
23.8817	440.763
23.8875	440.509
23.8933	439.746
23.8991	438.478
23.9049	437.971
23.9107	436.456
23.9166	434.193
23.9224	432.191
23.9282	430.199
23.934	428.958
23.9398	429.206
23.9456	431.443
23.9514	435.197
23.9572	438.224
23.963	439.238
23.9688	441.018
23.9746	441.528
23.9804	443.573
23.9862	441.273
23.992	442.805
23.9978	442.293
24.0036	439.492
24.0094	439.492
24.0152	439.746
24.021	436.456
24.0268	434.444
24.0327	435.952
24.0385	432.191
24.0443	428.463
24.0501	415.305
24.0559	418.435
24.0617	422.32
24.0675	415.065	210.065
24.0733	428.463	217.348
24.0791	447.95	224.752
24.0849	445.885	233.621
24.0907	434.946	239.082
24.0965	444.599	243.401
24.1023	438.731	247.513
24.1081	446.4	251.549
24.1139	437.213	255.06
24.1197	422.32	259.219
24.1255	264.665	528.414
24.1313	269.759	538.584
24.1371	272.893	545.471
24.1429	274.791	547.365
24.1488	273.367	555.006
24.1546	271.949	559.836
24.1604	271.949	554.045	437.213
24.1662	277.343	556.611	435.449
24.172	278.306	549.9	432.191
24.1778	271.792	547.681	425.258
24.1836	271.792	548.315	417.952
24.1894	260.72	544.213	412.436
24.1952	526.586	409.824
24.201	511.595	411.246
24.2068	500.488	412.436
24.2126	491.039	418.677
24.2184	489.34	428.71
24.2242	489.623	435.449
24.23	487.365	436.961
24.2358	483.44	435.449
24.2416	475.959	439.492	259.818
24.2474	441.273	263.902
24.2532	440.509	264.207
24.259	442.293	266.353
24.2649	442.293	265.125
24.2707	440	274.157
24.2765	442.549	279.595
24.2823	436.456	283.17
24.2881	439.746	286.13
24.2939	437.719	290.124
24.2997	434.946	291.973
24.3055	434.193	294.004
24.3113	434.946	297.592
24.3171	440.763	300.876
24.3229	434.946	303.845
24.3287	439.492	306.312
24.3345	437.213	306.312
24.3403	439.492	305.782
24.3461	440	305.076
24.3519	435.701	304.372
24.3577	440	303.144
24.3635	443.316	301.746
24.3693	437.971	301.572
24.3751	436.961	301.224
24.381	437.213	301.05
24.3868	434.193	299.835
24.3926	441.528	296.905
24.3984	444.085	290.963
24.4042	445.113	288.12
24.41	442.293	285.634
24.4158	441.273	284.811
24.4216	438.224	281.865
24.4274	436.961	279.918
24.4332	436.961	277.663
24.439	442.549	274.157
24.4448	440	267.895
24.4506	435.952	263.293
24.4564	439.492	260.871
24.4622	442.293	257.726
24.468	444.342	255.946
24.4738	453.941	254.766
24.4796	440.509	253.591
24.4854	424.521	252.86
24.4912	424.521	253.152
24.4971	414.586	252.276
24.5029	251.549
24.5087	251.549
24.5145	252.568
24.5203	253.884
24.5261	255.946
24.5319	258.322
24.5377	261.928
24.5435	265.278
24.5493	268.67
24.5551	273.367
24.5609	278.306
24.5667	283.17
24.5725	287.954
24.5783	290.963
24.5841	295.707
24.5899	299.143
24.5957	303.144
24.6015	309.156
24.6073	312.749
24.6132	317.481
24.619	320.799
24.6248	319.689
24.6306	318.399
24.6364	320.799
24.6422	319.874
24.648	316.748
24.6538	312.207
24.6596	316.565
24.6654	316.383
24.6712	318.767
24.677	320.244
24.6828
24.6886
24.6944
24.7002
24.706
24.7118
24.7176
24.7234	302.969
24.7293	316.565
24.7351	318.583
24.7409	311.127
24.7467	304.548
24.7525	284.646
24.7583	281.214
24.7641	276.543
24.7699	272.578
24.7757	266.045
24.7815	260.57
24.7873	256.982
24.7931	254.031
24.7989	250.823
24.8047	248.947
24.8105	247.942
24.8163	247.37
24.8221	247.799
24.8279	247.513
24.8337	247.799
24.8395	248.516
24.8454	249.667	249.234
24.8512	250.244	248.803
24.857	250.389	248.659
24.8628	251.113	249.811
24.8686	253.738	254.618
24.8744	255.65	256.389
24.8802	256.389	257.577
24.886	258.173	258.919
24.8918	259.969	259.818
24.8976	260.871	260.269
24.9034	261.022	260.72
24.9092	262.686	262.382
24.915	265.431	265.278
24.9208	268.05	268.205
24.9266	271.322	271.165
24.9324	272.736	272.893
24.9382	272.421
24.944	271.008
24.9498	268.05
24.9556	264.513
24.9615	260.57
24.9673	256.389
24.9731	252.422
24.9789	247.656
24.9847	241.999
24.9905	237.156
24.9963	231.873
25.0021	227.233
25.0079	222.814
25.0137	218.48
25.0195	215.846
25.0253	213.984
25.0311	213.244
25.0369	212.998
25.0427	212.875
25.0485	213.121
25.0543	213.737
25.0601	214.479
25.0659	215.722
25.0717	218.733
25.0776	220.636
25.0834	221.914
25.0892	222.942
25.095	223.329
25.1008	223.458
25.1066	223.587
25.1124	223.716
25.1182	223.587
25.124	223.458
25.1298	222.942
25.1356	223.846
25.1414	224.623
25.1472	224.882
25.153	224.363
25.1588	223.587
25.1646	222.942
25.1704	222.942
25.1762	223.2
25.182	223.329
25.1878	223.329
25.1937	222.942
25.1995	222.043
25.2053	221.402
25.2111	220.891
25.2169	220.382
25.2227	220
25.2285	220.254
25.2343	220.382
25.2401	220.509
25.2459	221.786
25.2517	224.363
25.2575	226.708
25.2633	228.945
25.2691	232.678	672.33
25.2749	234.568	674.664
25.2807	236.882	669.617
25.2865	663.841	237.842
25.2923	647.555	236.199
25.2981	641.228	236.472
25.3039	660.398	233.351
25.3097	650.93	231.873
25.3156	663.457	226.054
25.3214	671.166	223.329
25.3272	667.301	219.619
25.333	650.93	215.846
25.3388	634.595	212.506
25.3446	625.497	207.652
25.3504	609.448	203.379
25.3562	591.756	198.39
25.362	583.273	193.299
25.3678	560.807	187.363
25.3736	542.643	181.609
25.3794	538.273	176.643
25.3852	537.651	171.317
25.391	517.241	164.244
25.3968	160.122
25.4026	158.924
25.4084	154.221
25.4142	154.132
25.42	154.4
25.4258	154.578
25.4317	154.221
25.4375	426.734	153.156
25.4433	433.191	152.891
25.4491	428.215	154.757
25.4549	421.345	155.204
25.4607	416.025	154.757
25.4665	411.246	155.474
25.4723	413.39	156.013
25.4781	411.246	156.646
25.4839	409.824	156.646
25.4897	406.054	156.374
25.4955	403.482	156.465
25.5013	401.158	157.008
25.5071	401.854	158.466
25.5129	398.847	160.029
25.5187	397.009	162.357
25.5245	395.635	164.528
25.5303	396.779	165.577
25.5361	394.494	166.248
25.542	392.222	167.211
25.5478	390.188	167.598
25.5536	390.639	168.861
25.5594	389.963	169.839
25.5652	389.063	171.317
25.571	388.838	172.908
25.5768	391.769	175.626
25.5826	392.449	178.077
25.5884	390.414	178.696
25.5942	390.188	179.938
25.6	392.449	183.084
25.6058	392.449	185.639
25.6116	377.769	188.122
25.6174	383.485	192.075
25.6232	388.389	193.299
25.629	397.927	197.932
25.6348	405.819	201.857
25.6406	414.107	204.557
25.6464	417.469	207.053
25.6522	420.13	204.912
25.658	431.692	204.557
25.6639	432.191	198.504
25.6697	429.95	188.884
25.6755	425.995	182.767
25.6813	422.564	181.085
25.6871	416.987	180.146
25.6929	410.297	180.251
25.6987	406.758	179.731
25.7045	405.585	181.295
25.7103	403.249
25.7161	391.769
25.7219	399.539
25.7277	393.811
25.7335	394.494
25.7393	393.129
25.7451	394.039
25.7509	388.838
25.7567	389.288
25.7625	389.963
25.7683	386.375
25.7741	389.063
25.78	385.039
25.7858	384.816
25.7916	382.821	160.771
25.7974	381.276	160.585
25.8032	382.821	159.66
25.809	379.738	156.013
25.8148	383.707	154.668
25.8206	379.957	151.923
25.8264	367.014	151.048
25.8322	369.781	149.745
25.838	372.138	149.399	318.583
25.8438	370.422	147.598	319.32
25.8496	359.046	145.818	321.355
25.8554	368.289	145.146	317.664
25.8612	367.863	146.071	316.931
25.867	369.994	146.917	314.379
25.8728	361.753	144.978	313.291
25.8786	144.06	311.667
25.8844	142.323	310.051
25.8902	141.014	307.909
25.8961	140.607	305.782
25.9019	140.607	305.782
25.9077	140.607	303.494
25.9135	141.014	304.548
25.9193	138.832	304.372
25.9251	137.952	303.319
25.9309	137.714	302.969
25.9367	137.793	307.198
25.9425	138.032	307.198
25.9483	137.475	310.051
25.9541	136.21	306.135
25.9599	136.132	303.319
25.9657	135.975	306.489
25.9715	136.604	303.494
25.9773	137.634	306.666
25.9831	136.999	302.794
25.9889	136.999	302.095
25.9947	136.053	303.144
26.0005	135.504	300.529
26.0063	135.975	301.746
26.0122	134.724	299.316
26.018	134.802	308.621
26.0238	134.568	292.142
26.0296	133.484	300.009
26.0354	131.495	294.174
26.0412	129.834	294.514
26.047	127.899
26.0528	128.64
26.0586	126.211
26.0644	127.236
26.0702	122.335
26.076	120.86
26.0818	121.14
26.0876	120.651
26.0934	127.604
26.0992	123.471
26.105	125.05	297.764
26.1108	125.05	296.391
26.1166	125.05	295.195
26.1224	125.05	294.855
26.1283	127.309	293.834
26.1341	127.456	293.326
26.1399	292.987
26.1457	293.326
26.1515	293.834
26.1573	292.48
26.1631	290.292
26.1689	289.287
26.1747	286.13
26.1805	281.377
26.1863	280.89
26.1921	273.367
26.1979	274.316
26.2037	265.584
26.2095	271.165
26.2153	275.586
26.2211	277.343
26.2269	277.503
26.2327	272.263
26.2385	269.603
26.2444	266.045
26.2502	278.788
26.256	277.023
26.2618	269.603
26.2676	278.949
26.2734
26.2792
26.285
26.2908
26.2966	122.194
26.3024	122.194
26.3082	124.33
26.314	124.905
26.3198	127.236
26.3256	130.662
26.3314	131.191
26.3372	133.176
26.343	133.793
26.3488	135.818
26.3546	135.896
26.3605	135.661
26.3663	135.896
26.3721	136.447
26.3779	137.555
26.3837	138.112
26.3895	138.511
26.3953	139.072
26.4011	140.202
26.4069	141.831
26.4127	143.562
26.4185	145.398
26.4243	147.172
26.4301	148.281
26.4359	149.054
26.4417	149.658
26.4475	150.178
26.4533	150.091
26.4591	150.091
26.4649	150.525
26.4707	150.96
26.4766	150.612
26.4824	150.525
26.4882	150.351	526.891
26.494	149.831	529.331
26.4998	149.399	532.705
26.5056	531.169	147.854
26.5114	529.943	146.155
26.5172	532.705	144.56
26.523	533.629	142.405
26.5288	532.705	139.878
26.5346	535.482	137.952
26.5404	535.172	134.568
26.5462	533.937	131.343
26.552	536.41	129.609
26.5578	538.895	127.015
26.5636	539.206	125.122
26.5694	542.33	123.186
26.5752	541.391	122.76
26.581	543.584	122.194
26.5868	546.733	122.547
26.5927	548.315	122.831
26.5985	547.681	122.973
26.6043	547.365	122.973
26.6101	549.583	123.186
26.6159	562.754	123.4
26.6217	553.725	123.614
26.6275	552.128	123.542
26.6333	549.9	123.328
26.6391	550.536	123.542
26.6449	545.156	123.4
26.6507	554.365	123.828
26.6565	553.725	123.828
26.6623	542.016	123.685
26.6681	537.962	125.05
26.6739	541.078	125.194
26.6797	541.704	125.484
26.6855	531.476	125.339
26.6913	537.341	125.629
26.6971	538.273	125.92
26.7029	535.172	125.629
26.7088	543.898	126.503
26.7146	549.583	127.309
26.7204	562.754	127.53
26.7262	554.365	127.973
26.732	553.725	128.714
26.7378	543.898	129.31
26.7436	520.237	129.609
26.7494	519.937	129.759
26.7552	513.075	130.285
26.761	519.337	130.586
26.7668	520.538	130.21
26.7726	521.742	130.059
26.7784	519.937	130.511
26.7842	526.891	131.419
26.79	528.72	131.571	401.854
26.7958	529.025	132.18	401.158
26.8016	529.025	132.409	394.95
26.8074	530.862	132.562	394.95
26.8132	531.783	133.099	395.178
26.819	536.72	134.258	390.414
26.8249	537.651	134.724	389.738
26.8307	537.341	135.27	391.995
26.8365	542.33	135.113	391.995
26.8423	544.842	135.348	389.963
26.8481	539.206	135.035	391.769
26.8539	546.102	134.957	394.266
26.8597	539.206	135.896	404.649
26.8655	540.141	136.447	406.288
26.8713	542.016	135.818	403.249
26.8771	539.206	136.053	406.758
26.8829	532.09	134.646	402.086
26.8887	526.282	133.561	401.854
26.8945	527.195	133.484	400.926
26.9003	522.949	132.639	397.467
26.9061	519.637	137.396	393.129
26.9119	506.011	129.012	382.379
26.9177	499.045	135.661	387.941
26.9235	492.459	140.77	384.372
26.9293	501.646	135.661	371.065
26.9351	502.226	137.634	393.356
26.941	499.622	139.394	406.288
26.9468	515.154	144.143	406.523	111.021
26.9526	507.768	111.021
26.9584	503.388	109.619
26.9642	512.483	106.93
26.97	523.553	104.911
26.9758	516.346	103.706
26.9816	519.637	103.886
26.9874	516.942	103.706
26.9932	516.346	103.109
26.999	508.649	102.634
27.0048	516.644	103.407
27.0106	514.856	103.587
27.0164	521.742	104.187
27.0222	524.765	104.669
27.028	522.345	105.033
27.0338	515.154	105.519
27.0396	510.71	105.397
27.0454	523.553	105.641
27.0512	526.282	106.069
27.0571	532.09	106.499
27.0629	536.72	106.869
27.0687	531.476	107.178
27.0745	535.482	107.363
27.0803	107.798
27.0861	108.235
27.0919	108.486
27.0977	108.737
27.1035	109.051
27.1093	109.24
27.1151	109.24
27.1209	108.988
27.1267	108.36
27.1325	108.235
27.1383	108.048
27.1441	108.048
27.1499	107.736
27.1557	107.861
27.1615	108.674
27.1673	109.114
27.1732	109.051
27.179	109.556
27.1848	109.81
27.1906	109.746
27.1964	109.556
27.2022	109.81
27.208	109.619
27.2138	109.936
27.2196	110.318
27.2254	111.021
27.2312	110.064
27.237
27.2428
27.2486
27.2544
27.2602
27.266
27.2718
27.2776
27.2834
27.2893
27.2951
27.3009
27.3067
27.3125
27.3183
27.3241
27.3299
27.3357
27.3415
27.3473
27.3531
27.3589
27.3647
27.3705
27.3763
27.3821
27.3879
27.3937
27.3995
27.4054
27.4112
27.417
27.4228
27.4286
27.4344
27.4402
27.446
27.4518
27.4576
27.4634
27.4692
27.475
27.4808
27.4866
27.4924
27.4982
27.504
27.5098
27.5156
27.5215
27.5273
27.5331
27.5389
27.5447
27.5505
27.5563
27.5621
27.5679
27.5737
27.5795
27.5853
27.5911
27.5969
27.6027
27.6085
27.6143
27.6201
27.6259
27.6317
27.6376
27.6434
27.6492
27.655
27.6608
27.6666
27.6724
27.6782
27.684
27.6898
27.6956
27.7014
27.7072
27.713
27.7188
27.7246
27.7304
27.7362
27.742
27.7478
27.7537
27.7595
27.7653
27.7711
27.7769
27.7827
27.7885
27.7943
27.8001
27.8059
27.8117
27.8175
27.8233
27.8291
27.8349
27.8407
27.8465
27.8523
27.8581
27.8639
27.8698
27.8756
27.8814
27.8872
27.893
27.8988
27.9046
27.9104
27.9162
27.922
27.9278
27.9336
27.9394
27.9452
27.951
27.9568
27.9626
27.9684
27.9742
27.98
27.9858
27.9917
27.9975
28.0033
28.0091
28.0149
28.0207
28.0265
28.0323
28.0381
28.0439
28.0497
28.0555
28.0613
28.0671
28.0729
28.0787
28.0845
28.0903
28.0961
28.1019
28.1078
28.1136
28.1194
28.1252
28.131
28.1368
28.1426
28.1484
28.1542
28.16
28.1658
28.1716
28.1774
28.1832
28.189
28.1948
28.2006
28.2064
28.2122
28.2181
28.2239
28.2297
28.2355
28.2413
28.2471
28.2529
28.2587
28.2645
28.2703
28.2761
28.2819
28.2877
28.2935
28.2993
28.3051
28.3109
28.3167
28.3225
28.3283
28.3341
28.34
28.3458
28.3516
28.3574
28.3632
28.369
28.3748
28.3806
28.3864
28.3922
28.398
28.4038
28.4096
28.4154
28.4212
28.427
28.4328
28.4386
28.4444
28.4502
28.4561
28.4619
28.4677
28.4735
28.4793
28.4851
28.4909
28.4967
28.5025
28.5083
28.5141
28.5199
28.5257
28.5315
28.5373
28.5431
28.5489
28.5547
28.5605
28.5663
28.5722
28.578
28.5838
28.5896
28.5954
28.6012
28.607
28.6128
28.6186
28.6244
28.6302
28.636
28.6418
28.6476
28.6534
28.6592
28.665
28.6708
28.6766
28.6824
28.6883
28.6941
28.6999
28.7057
28.7115
28.7173
28.7231
28.7289
28.7347
28.7405
28.7463
28.7521
28.7579
28.7637
28.7695
28.7753
28.7811
28.7869
28.7927
28.7985
28.8044
28.8102
28.816
28.8218
28.8276
28.8334
28.8392
28.845
28.8508
28.8566
28.8624
28.8682
28.874
28.8798
28.8856
28.8914
28.8972
28.903
28.9088
28.9146
28.9205
28.9263
28.9321
28.9379
28.9437
28.9495
28.9553
28.9611
28.9669
28.9727
28.9785
28.9843
28.9901
28.9959
29.0017
29.0075
29.0133
29.0191
29.0249
29.0307
29.0366
29.0424
29.0482
29.054
29.0598
29.0656
29.0714
29.0772
29.083
29.0888
29.0946
29.1004
29.1062
29.112
29.1178
29.1236
29.1294
29.1352
29.141
29.1468
29.1527
29.1585
29.1643
29.1701
29.1759
29.1817
29.1875
29.1933
29.1991
29.2049
29.2107
29.2165
29.2223
29.2281
29.2339
29.2397
29.2455
29.2513
29.2571
29.2629
29.2688
29.2746
29.2804
29.2862
29.292
29.2978
29.3036
29.3094
29.3152
29.321
29.3268
29.3326
29.3384
29.3442
29.35
29.3558
29.3616
29.3674
29.3732
29.379
29.3849
29.3907
29.3965
29.4023
29.4081
29.4139
29.4197
29.4255
29.4313
29.4371
29.4429
29.4487
29.4545
29.4603
29.4661
29.4719
29.4777
29.4835
29.4893
29.4951
29.501
29.5068
29.5126
29.5184
29.5242
29.53
29.5358
29.5416
29.5474
29.5532
29.559
29.5648
29.5706
29.5764
29.5822
29.588
29.5938
29.5996
29.6054
29.6112
29.6171
29.6229
29.6287
29.6345
29.6403
29.6461
29.6519
29.6577
29.6635
29.6693
29.6751
29.6809
29.6867
29.6925
29.6983
29.7041
29.7099
29.7157
29.7215
29.7273
29.7332
29.739
29.7448
29.7506
29.7564
29.7622
29.768
29.7738
29.7796
29.7854
29.7912
29.797
29.8028
29.8086
29.8144
29.8202
29.826
29.8318
29.8376
29.8434
29.8493
29.8551
29.8609
29.8667
29.8725
29.8783
29.8841
29.8899
29.8957
29.9015
29.9073
29.9131
29.9189
29.9247
29.9305
29.9363
29.9421
29.9479
29.9537
29.9595
29.9654
29.9712
29.977
29.9828
29.9886
29.9944
30.0002
30.006
30.0118
30.0176
30.0234
30.0292
30.035
30.0408
30.0466
