0
0.00580499
0.01161
0.017415
0.02322
0.0290249
0.0348299
0.0406349
0.0464399	762.112
0.0522449	763.434
0.0580499	761.672
0.0638549	767.857
0.0696599	764.758
0.0754649	759.037
0.0812698	759.475
0.0870748	756.411
0.0928798	750.752
0.0986848	741.272
0.10449	737.855
0.110295	733.605
0.1161	727.697
0.121905	728.959
0.12771	729.801
0.133515	720.17
0.13932	736.152
0.145125	724.342
0.15093	713.133
0.156735	752.054
0.16254	753.794
0.168345	759.475
0.17415	762.993
0.179955	742.987
0.18576	745.566
0.191565	757.285
0.19737	769.633
0.203175	770.522
0.20898	773.644
0.214785	779.475
0.22059	777.228
0.226395	770.522
0.2322	771.859
0.238005	774.986
0.24381	768.744
0.249615	778.126
0.255419	788.988
0.261224	794.935
0.267029	785.804
0.272834	764.317
0.278639	759.914
0.284444	755.538
0.290249	756.411
0.296054	774.091
0.301859	790.357
0.307664	795.854
0.313469	810.701
0.319274	752.924
0.325079	768.3
0.330884	747.291
0.336689	746.859
0.342494	399.77
0.348299	399.539
0.354104	406.993
0.359909	409.351
0.365714	411.96
0.371519	411.96
0.377324	412.198
0.383129	413.868
0.388934	414.825
0.394739	411.009
0.400544	410.061
0.406349	405.351
0.412154	403.016	807.896
0.417959	399.308	800.927
0.423764	396.321	795.394
0.429569	395.635	797.234
0.435374	395.178	797.695
0.441179	393.584	791.27
0.446984	391.543	783.086
0.452789	391.769	783.086
0.458594	391.543	779.025
0.464399	388.838	775.882
0.470204	386.152	772.751
0.476009	386.375	773.644
0.481814	387.717	771.859
0.487619	385.707	769.188
0.493424	384.15	767.857
0.499229	384.372	769.188
0.505034	391.995	770.968
0.510839	383.928	770.968
0.516644	390.414	778.575
0.522449	383.707	787.167
0.528254	381.717	779.926
0.534059	376.244	754.665
0.539864	370.422	744.276
0.545669	375.159	750.319
0.551474	381.056	766.527
0.557279	382.158	774.091
0.563084	387.493	775.434
0.568889	385.484	768.3
0.574694	388.389	774.538
0.580499	388.389	775.434
0.586304	379.738	759.914
0.592109	382.821	763.875
0.597914	383.928	766.527
0.603719	367.227	734.453
0.609524	360.293	720.17
0.615329	366.591	723.923
0.621134	359.877	711.076
0.626939	349.027	703.721
0.632744	350.441	704.128
0.638549	681.322
0.644354	655.837
0.650159	658.874
0.655964	669.231
0.661769	659.255
0.667574	651.307
0.673379	625.497
0.679184	629.848
0.684989	618.67
0.690794	616.886
0.696599	613.687
0.702404	616.174
0.708209	624.054
0.714014	641.228
0.719819	641.228
0.725624	641.228
0.731429
0.737234
0.743039
0.748844
0.754649
0.760454
0.766258
0.772063
0.777868
0.783673
0.789478
0.795283
0.801088
0.806893
0.812698
0.818503
0.824308
0.830113
0.835918
0.841723
0.847528
0.853333
0.859138
0.864943
0.870748
0.876553
0.882358
0.888163
0.893968
0.899773
0.905578
0.911383
0.917188
0.922993
0.928798
0.934603
0.940408
0.946213
0.952018
0.957823
0.963628
0.969433
0.975238
0.981043
0.986848
0.992653
0.998458
1.00426
1.01007
1.01587
1.02168
1.02748
1.03329
1.03909
1.0449
1.0507
1.05651
1.06231
1.06812
1.07392
1.07973
1.08553
1.09134
1.09714
1.10295
1.10875
1.11456
1.12036
1.12617
1.13197
1.13778
1.14358
1.14939
1.15519
1.161
1.1668
1.17261
1.17841
1.18422
1.19002
1.19583
1.20163
1.20744
1.21324
1.21905
1.22485
1.23066
1.23646
1.24227
1.24807
1.25388
1.25968
1.26549
1.27129
1.2771
1.2829
1.28871
1.29451
1.30032
1.30612
1.31193
1.31773
1.32354
1.32934
1.33515
1.34095
1.34676
1.35256
1.35837
1.36417
1.36998
1.37578
1.38159
1.38739
1.3932
1.399
1.40481
1.41061
1.41642
1.42222
1.42803
1.43383
1.43964
1.44544
1.45125
1.45705
1.46286
1.46866	403.948
1.47447	402.086
1.48027	398.157
1.48608	392.222
1.49188	384.15
1.49769	381.056
1.50349	374.077
1.5093	384.372
1.5151	384.372
1.52091	383.264
1.52671	379.518
1.53252	378.424
1.53832	376.462
1.54413	373.861
1.54993	370.208
1.55574	367.439	853.961
1.56154	374.51	855.936
1.56735	374.51	847.573
1.57315	372.138	846.105
1.57896	387.493	847.573
1.58476	367.227	851.498
1.59057	355.743	856.926
1.59637	349.228	856.926
1.60218	350.643	849.533
1.60798	350.238	844.152
1.61379	874.426
1.61959	838.806
1.6254	838.806
1.6312	838.806
1.63701	838.806
1.64281
1.64862
1.65442
1.66023
1.66603
1.67184
1.67764
1.68345
1.68925
1.69506
1.70086
1.70667
1.71247
1.71828
1.72408
1.72989	402.086
1.73569	401.158
1.7415	400.463
1.7473	400.463
1.75311	401.854
1.75891	403.715
1.76472	405.117
1.77052	406.054
1.77633	406.523
1.78213	404.649
1.78794	405.819
1.79374	404.182
1.79955	402.318
1.80535	401.622
1.81116	400.001
1.81696	398.387
1.82277	394.722
1.82857	394.039
1.83438	391.995
1.84018	391.543
1.84599	388.389
1.85179	387.269
1.8576	385.929
1.8634	384.372
1.86921	381.497
1.87501	377.987
1.88082	375.376
1.88662	372.568
1.89243	369.567
1.89823	366.379
1.90404	364.479
1.90984	361.335
1.91565	360.293
1.92145	358.839
1.92726	356.36
1.93306	354.103
1.93887	351.86
1.94467	350.643
1.95048	350.036
1.95628	350.238
1.96209	350.441
1.96789	351.251
1.9737	354.717
1.9795	356.36
1.98531	370.636	393.584
1.99111	378.643	379.299
1.99692	382.379	382.158
2.00272	383.928	383.928
2.00853	385.261	385.261
2.01433	387.269	387.269
2.02014	389.963	389.738
2.02594	392.675	392.675
2.03175	394.266	394.266
2.03755	394.039	394.039
2.04336	392.902	392.902
2.04916	392.222	392.222	758.161
2.05497	391.995	391.091	769.633
2.06077	393.129	392.449	778.575
2.06658	394.266	393.356	783.538
2.07238	395.635	395.407	788.077
2.07819	396.779	396.321	788.988
2.08399	396.092	395.635	786.713
2.0898	393.356	392.675	781.279
2.0956	389.288	388.838	777.228
2.10141	387.046	387.269	777.677
2.10721	386.375	387.046	780.376
2.11302	387.493	780.376
2.11882	388.838	779.025
2.12463	390.865	777.677
2.13043	391.769	776.779
2.13624	390.865	777.228
2.14204	390.188	779.025
2.14785	389.963	781.73
2.15365	389.963	782.634
2.15946	389.963	781.73
2.16526	390.188	780.376
2.17107	390.414	779.025
2.17687	390.414	778.575
2.18268	390.188	779.475
2.18848	389.963	781.73
2.19429	389.513	783.086
2.20009	389.063	783.086
2.2059	387.941	779.025
2.2117	386.599	774.091
2.21751	386.822	773.197	773.197
2.22331	387.717	774.091	774.091
2.22912	388.389	774.538	774.538
2.23492	388.614	774.538	774.538
2.24073	388.165	772.305	772.305
2.24653	387.046	768.3	768.3
2.25234	385.707	764.317	764.317
2.25814	384.15	759.914	759.914
2.26395	382.6	755.974	755.974
2.26975	381.497	753.794	753.794
2.27556	380.836	751.62	751.62
2.28136	373.861	747.723	747.723
2.28717	370.422	740.844
2.29297	730.223
2.29878	723.505
2.30458	728.538
2.31039	704.128
2.31619	770.077
2.322	734.029
2.3278	705.756
2.33361	721.419
2.33941	769.633	705.349
2.34522	773.644	688.443
2.35102	771.859	667.301
2.35683	779.475	643.454
2.36263	634.595
2.36844	622.973
2.37424	644.198
2.38005	622.973
2.38585	626.582
2.39166	619.385
2.39746	607.34
2.40327	602.796
2.40907	587.33	192.186
2.41488	582.599	192.853
2.42068	568.307	192.631
2.42649	566.341	189.65
2.43229	564.055	190.528
2.4381	562.104	191.19
2.4439	566.341	191.742
2.44971	564.381	190.418
2.45551	568.307	190.418
2.46132	562.104	187.797
2.46712	564.381	189.103
2.47293	186.715
2.47873	182.872
2.48454	186.499
2.49034	187.147
2.49615	190.088
2.50195	194.869
2.50776	192.965
2.51356	192.519
2.51937	192.519
2.52517
2.53098
2.53678
2.54258
2.54839
2.55419
2.56
2.5658
2.57161
2.57741
2.58322
2.58902
2.59483
2.60063
2.60644
2.61224
2.61805
2.62385
2.62966
2.63546
2.64127
2.64707
2.65288
2.65868
2.66449
2.67029
2.6761
2.6819
2.68771
2.69351
2.69932
2.70512
2.71093
2.71673
2.72254
2.72834
2.73415
2.73995
2.74576
2.75156
2.75737
2.76317
2.76898
2.77478
2.78059
2.78639
2.7922
2.798
2.80381
2.80961
2.81542
2.82122
2.82703
2.83283
2.83864
2.84444
2.85025
2.85605
2.86186
2.86766
2.87347
2.87927
2.88508
2.89088
2.89669
2.90249
2.9083
2.9141
2.91991
2.92571
2.93152
2.93732
2.94313
2.94893
2.95474
2.96054
2.96635
2.97215
2.97796
2.98376
2.98957
2.99537
3.00118
3.00698
3.01279
3.01859
3.0244
3.0302
3.03601
3.04181
3.04762
3.05342
3.05923
3.06503
3.07084
3.07664
3.08245
3.08825
3.09406
3.09986
3.10567
3.11147
3.11728
3.12308
3.12889
3.13469
3.1405
3.1463
3.15211
3.15791
3.16372
3.16952
3.17533
3.18113
3.18694
3.19274
3.19855
3.20435
3.21016
3.21596
3.22177
3.22757
3.23338
3.23918
3.24499
3.25079
3.2566
3.2624
3.26821
3.27401
3.27982	625.497
3.28562	606.989
3.29143	621.177
3.29723	620.459
3.30304	634.962
3.30884	660.017
3.31465	676.616
3.32045	670.779
3.32626	694.835
3.33206	711.898
3.33787	726.437
3.34367	734.029
3.34948	752.924
3.35528	754.229
3.36109	753.359
3.36689	771.859
3.3727	774.986
3.3785	791.27
3.38431	806.498
3.39011	790.813
3.39592	782.182
3.40172	779.025
3.40753	750.752
3.41333	715.195
3.41914
3.42494
3.43075
3.43655
3.44236
3.44816
3.45397
3.45977
3.46558
3.47138	775.882
3.47719	777.228
3.48299	772.751
3.4888	773.197
3.4946	767.857
3.50041	760.793
3.50621	771.859
3.51202	765.642
3.51782	773.644
3.52363	767.857
3.52943	767.857
3.53524	761.672
3.54104	765.642
3.54685	770.077
3.55265	776.779
3.55846	776.779
3.56426	776.779
3.57007	771.859
3.57587	768.3	344.619
3.58168	780.376	339.09
3.58748	785.804	340.464
3.59329	776.779	343.031
3.59909	779.926	345.416
3.6049	773.197	353.286
3.6107	757.723	363.218
3.61651	745.997	370.422
3.62231	745.997	376.027
3.62812	762.993	374.943
3.63392	768.3	379.738
3.63973	773.197	371.923
3.64553	770.968	381.276
3.65134	766.97	378.424
3.65714	763.875	375.81
3.66295	792.185	372.783	495.884
3.66875	788.077	369.354	501.936
3.67456	367.227	535.791
3.68036	365.322	519.637
3.68617	360.709	517.839
3.69197	342.239	514.856
3.69778	337.137	508.943
3.70358	337.527	499.045
3.70939	342.437	487.929
3.71519	346.616	481.489
3.721	347.217	480.378
3.7268	352.267	483.719
3.73261	349.834	491.322
3.73841	345.018	494.74
3.74422	351.86	502.807
3.75002	349.834	487.365
3.75583	353.694	506.889
3.76163	347.016	494.169
3.76744	348.825	481.211
3.77324	351.657	464.819
3.77905	345.416	465.357
3.78485	330.581
3.79066	334.809
3.79646	335.971	273.051
3.80227	326.784	274.157
3.80807	333.458	282.354
3.81388	323.591	293.665
3.81968	329.628	298.281
3.82549	336.554	300.355
3.83129	341.844	303.67
3.8371	336.359	303.845
3.8429	335.971	308.621
3.84871	330.199	310.768
3.85451	332.88	313.472
3.86032	342.437	317.664
3.86612	337.917	322.844
3.87193	322.844	327.918
3.87773	340.464	342.634
3.88354	344.221	346.215
3.88934	358.011	361.544
3.89515	361.126	366.379
3.90095	367.227	386.375
3.90676	366.167	391.769	1182.83
3.91256	369.567	384.816	1149.82
3.91837	368.714	388.165	1122.91
3.92417	371.279	390.865	1187.62
3.92998	372.138	385.707	1137.27
3.93578	372.138	381.276	1140.56
3.94159	371.065	388.614	1135.96
3.94739	371.923	398.387	1135.96
3.9532	370.85	399.539	1126.81
3.959	370.636	394.722	1124.86
3.96481	369.354	384.15	1114.51
3.97061	368.501	374.726	1116.44
3.97642	369.781	371.065	1119.03
3.98222	371.279	370.85	1128.11
3.98803	370.636	369.781	1133.99
3.99383	377.115	364.479	1135.3
3.99964	370.422	364.901	1133.34
4.00544	376.244	363.848	1126.81
4.01125	369.567	357.598	1105.53
4.01705	371.708	355.333	1120.32
4.02286	389.288	359.046	1163.85
4.02866	390.865	367.651	1177.38
4.03447	374.51	369.994	1136.61
4.04027	377.987	374.943	1145.18
4.04608	383.485	372.999	1129.41
4.05188	368.501	368.501	1125.51
4.05769	359.254	1128.11
4.06349	359.461	1130.07
4.0693	363.428	1137.27
4.0751	378.205	1171.27
4.08091	357.804	1165.87
4.08671	354.513	1227.37
4.09252	360.085
4.09832	355.127
4.10413	362.38	708.616
4.10993	366.379	723.505
4.11574	367.439	729.801
4.12154	383.485	701.692
4.12735	382.379	700.881
4.13315	377.987	718.923
4.13896	364.269	722.67
4.14476	367.863	701.286
4.15057	371.923	677.398
4.15637	357.185	682.11	658.874
4.16218	700.477	691.631
4.16798	683.687	682.11
4.17379	672.33	671.166
4.17959	684.478	631.305
4.1854	691.631	630.94
4.1912	720.586	640.857
4.19701	727.276	633.497
4.20281	709.435	623.693
4.20862	698.86	612.271
4.21442	684.082	606.638
4.22023	718.508	613.687
4.22603	616.53
4.23184	618.67
4.23764	606.638
4.24345	623.693
4.24925	622.254
4.25506	620.101
4.26086	619.385
4.26667	645.688
4.27247	649.804
4.27828	654.701
4.28408	648.678
4.28989	669.231
4.29569	661.926
4.3015	677.789
4.3073	698.053
4.31311	670.391
4.31891	647.93
4.32472	650.555
4.33052	663.841
4.33633	659.255
4.34213	686.457
4.34794	677.007
4.35374	665.376
4.35955	680.535
4.36535	678.965
4.37116	675.835
4.37696	675.444
4.38277
4.38857
4.39438
4.40018
4.40599
4.41179
4.4176
4.4234
4.42921
4.43501
4.44082
4.44662
4.45243
4.45823
4.46404
4.46984
4.47565
4.48145
4.48726
4.49306
4.49887
4.50467
4.51048
4.51628
4.52209
4.52789
4.5337
4.5395
4.54531
4.55111
4.55692
4.56272
4.56853
4.57433
4.58014
4.58594
4.59175
4.59755
4.60336
4.60916
4.61497
4.62077
4.62658
4.63238
4.63819
4.64399
4.6498
4.6556
4.66141
4.66721
4.67302
4.67882
4.68463
4.69043
4.69624
4.70204
4.70785
4.71365
4.71946
4.72526
4.73107
4.73687
4.74268
4.74848
4.75429
4.76009
4.7659
4.7717
4.77751
4.78331
4.78912
4.79492
4.80073
4.80653
4.81234
4.81814
4.82395
4.82975
4.83556
4.84136
4.84717
4.85297
4.85878
4.86458
4.87039
4.87619
4.882
4.8878
4.89361
4.89941
4.90522
4.91102
4.91683
4.92263
4.92844
4.93424
4.94005
4.94585
4.95166
4.95746
4.96327
4.96907
4.97487
4.98068
4.98649
4.99229
4.9981
5.0039
5.00971
5.01551
5.02132
5.02712
5.03293
5.03873	301.05
5.04454	284.646
5.05034	296.563
5.05615	300.182
5.06195	302.619
5.06776	303.144
5.07356	312.388
5.07936	320.244
5.08517	324.527
5.09097	341.844
5.09678	350.643
5.10258	363.218
5.10839	367.863
5.11419	381.938
5.12	385.707
5.1258	390.639
5.13161	393.356
5.13741	402.551
5.14322	403.016
5.14902	404.415
5.15483	405.351
5.16063	403.016
5.16644	402.783
5.17225	400.463
5.17805	398.387
5.18385	389.513
5.18966	380.177
5.19546	378.424
5.20127	369.354
5.20707	356.772
5.21288	348.825
5.21868	355.949
5.22449	360.085
5.23029	345.416
5.2361	339.286
5.2419	342.239
5.24771	341.252
5.25351	343.427
5.25932	348.624
5.26512	346.816
5.27093	360.918
5.27673	365.322
5.28254	367.014
5.28834	363.428
5.29415	357.185
5.29995	348.02
5.30576	354.103
5.31156	361.335
5.31737	353.082
5.32317	348.624
5.32898	350.441
5.33478	350.036
5.34059	344.42
5.34639	337.722	1427.09
5.3522	328.297	1339.23
5.358	326.973	1260.42
5.36381	346.616	1199.34
5.36961	360.918	1206.99
5.37542	366.591	1213.28
5.38122	388.389	1187.62
5.38703	1169.92
5.39283	1160.5
5.39864	1139.9
5.40444	1145.18
5.41025	1144.52
5.41605	1128.76
5.42186	1138.58
5.42766	1150.48
5.43347	1141.22
5.43927	1137.93
5.44508	1163.18
5.45088	1174.66
5.45669	1148.49
5.46249	1164.53
5.4683	1146.5
5.4741	1157.15
5.47991	1158.49
5.48571	1152.48
5.49152	1118.38
5.49732	1056.83
5.50313	391.091
5.50893	398.387
5.51474	387.046
5.52054	383.264
5.52635	380.616
5.53215	378.424
5.53796	379.957
5.54376	386.152
5.54957	382.6
5.55537	376.244
5.56118	381.497
5.56698	385.929
5.57279	387.046
5.57859	400.463
5.5844	406.054
5.5902	405.351
5.59601	396.321
5.60181	413.39
5.60762	393.129
5.61342	383.042
5.61923	379.08
5.62503	378.861
5.63084	376.897
5.63664	372.999
5.64245	374.077
5.64825	372.783
5.65406	370.208
5.65986	359.669
5.66567	358.011
5.67147	341.252
5.67728	350.643	176.439
5.68308	177.872
5.68889	171.813
5.69469	172.31
5.7005	172.011
5.7063	171.813
5.71211	174.614
5.71791	174.211
5.72372	172.908
5.72952	172.609
5.73533	173.608
5.74113	173.91
5.74694	173.809
5.75274	173.608
5.75855	174.111
5.76435	181.399
5.77016	177.256
5.77596	176.541
5.78177	177.872
5.78757	178.077
5.79338	179.42	820.595
5.79918	177.256	806.498
5.80499	172.409	809.297
5.81079	171.416	792.185
5.8166	167.695	775.434
5.8224	163.675	772.305
5.82821	167.792	756.848
5.83401	166.152	744.706
5.83982	163.959	738.281
5.84562	164.528	738.281
5.85143	160.214	738.281
5.85723	163.486	738.281
5.86304	169.252	751.62
5.86884	172.609	771.413
5.87465	174.01	767.413
5.88045	170.823	773.197
5.88626	172.31	774.091
5.89206	167.115	752.924
5.89787	175.018	774.538
5.90367	174.513	748.587
5.90948	170.823
5.91528	161.982
5.92109	161.982
5.92689	166.152
5.9327	166.536
5.9385	167.695
5.94431	169.447
5.95011	169.252
5.95592	166.633
5.96172	161.609
5.96753	162.076
5.97333	163.581
5.97914	166.922
5.98494	166.922
5.99075	166.922
5.99655	164.054
6.00236
6.00816
6.01397
6.01977
6.02558
6.03138
6.03719
6.04299
6.0488
6.0546
6.06041
6.06621
6.07202
6.07782
6.08363
6.08943
6.09524
6.10104
6.10685
6.11265
6.11846
6.12426
6.13007
6.13587
6.14168
6.14748
6.15329
6.15909
6.1649
6.1707
6.17651
6.18231
6.18812
6.19392
6.19973
6.20553
6.21134
6.21714
6.22295
6.22875
6.23456
6.24036
6.24617
6.25197
6.25778
6.26358
6.26939
6.27519
6.281
6.2868
6.29261
6.29841
6.30422
6.31002
6.31583
6.32163
6.32744
6.33324
6.33905
6.34485
6.35066
6.35646
6.36227
6.36807
6.37388
6.37968
6.38549
6.39129
6.3971
6.4029
6.40871
6.41451
6.42032
6.42612
6.43193
6.43773
6.44354
6.44934
6.45515
6.46095
6.46676
6.47256
6.47837
6.48417
6.48998
6.49578
6.50159
6.50739
6.5132
6.519
6.52481
6.53061
6.53642
6.54222
6.54803
6.55383
6.55964
6.56544
6.57125
6.57705
6.58286
6.58866
6.59447
6.60027
6.60608
6.61188
6.61769	1715.83
6.62349	1721.79
6.6293	1701.03
6.6351	1696.12
6.64091	1703
6.64671	1703
6.65252	1703.98
6.65832	1715.83
6.66413	1720.8	410.297
6.66993	1723.78	403.016
6.67574	1732.76	405.351
6.68154	1697.1	403.715	343.031
6.68735	1722.78	408.878	349.632
6.69315	1738.78	416.025	372.783
6.69896	1724.78	419.888	375.593
6.70476	1736.77	413.868	376.244
6.71057	1709.9	406.758	375.376
6.71637	1725.77	418.919	386.152
6.72218	1723.78	419.888	382.6
6.72798	1728.77	423.053	376.897
6.73379	1728.77	429.702	374.077
6.73959	1732.76	431.942	371.065
6.7454	1738.78	432.441	370.636
6.7512	1726.77	431.942	366.379
6.75701	1706.94	446.4	365.111
6.76281	1713.85	433.191	364.269
6.76862	1732.76	435.197	363.218
6.77442	1729.76	457.626	367.014
6.78023	1737.78	465.895	357.185
6.78603	1705.95	360.501
6.79184	1703.98	354.717
6.79764	1717.82	346.016
6.80345	1735.77	349.228
6.80925	1741.8	341.449
6.81506	1729.76	347.417
6.82086	1707.92	339.875
6.82667	339.09
6.83247	342.041
6.83828	347.618
6.84408	351.048
6.84989	354.308
6.85569	347.217
6.8615	342.832
6.8673	325.089
6.87311	338.503
6.87891	338.503
6.88472	337.332
6.89052	348.825
6.89633	359.461
6.90213	362.38
6.90794	359.046
6.91374	353.899
6.91955	350.036
6.92535	354.513
6.93116	358.011
6.93696	356.566
6.94277	360.293
6.94857	365.322
6.95438	364.69
6.96018	368.289
6.96599	367.651
6.97179	373.43
6.9776	363.009
6.9834	352.471
6.98921
6.99501
7.00082
7.00662
7.01243
7.01823
7.02404
7.02984
7.03565
7.04145
7.04726
7.05306
7.05887
7.06467
7.07048
7.07628
7.08209
7.08789
7.0937
7.0995
7.10531
7.11111
7.11692	341.646
7.12272	340.071
7.12853	339.679
7.13433	335.196
7.14014	354.922
7.14594	348.221
7.15175	363.428
7.15755	374.077
7.16336	380.396
7.16916	379.299
7.17497	387.046
7.18077	391.995
7.18658	391.091
7.19238	386.599
7.19819	380.396
7.20399	376.244
7.2098	363.848
7.2156	366.379
7.22141	372.999
7.22721	386.152
7.23302	391.091
7.23882	389.513
7.24463	393.584
7.25043	391.317
7.25624	388.614	779.475
7.26204	379.738	774.986	384.816
7.26785	392.902	770.522	404.649
7.27365	405.819	774.091	388.838
7.27946	393.811	780.827	391.317
7.28526	393.584	779.926	397.467
7.29107	384.15	771.859	405.351
7.29687	385.484	771.413	388.838
7.30268	385.929	766.084	388.838
7.30848	385.929	760.793	387.717
7.31429	402.086	768.3	387.046
7.32009	411.246	759.475	386.152
7.3259	764.758	384.15
7.3317	760.353	381.056
7.33751	752.489	378.205
7.34331	753.359	377.551
7.34912	753.794	375.159
7.35492	757.723	376.897
7.36073	749.02	371.923
7.36653	741.701	370.208
7.37234	733.181	369.354
7.37814	734.453	369.141
7.38395	745.566	371.065
7.38975	743.846	371.923
7.39556	748.155	373.645
7.40136	750.319	374.294
7.40717	749.885	377.551
7.41297	744.706	374.943
7.41878	751.186	375.593
7.42458	755.974	375.593
7.43039	755.974	375.593
7.43619	755.974
7.442
7.4478
7.45361
7.45941
7.46522
7.47102
7.47683
7.48263	368.289
7.48844	378.643	190.748
7.49424	374.943	188.448
7.50005	376.462	187.363
7.50585	372.783	187.255
7.51166	366.591	197.589
7.51746	366.379	193.523
7.52327	362.589	190.859
7.52907	363.848	204.557
7.53487	364.269	201.508
7.54068	362.38	205.623
7.54648	363.428	203.379
7.55229	363.638	214.727
7.55809	348.221	228.549
7.5639	338.308	232.141
7.56971	345.416	227.364
7.57551	345.018	217.85
7.58132	354.922	210.794
7.58712	351.048	208.494
7.59293	355.333	213.737
7.59873	368.289	222.299
7.60454	374.294	216.47
7.61034	380.396	213.984
7.61615	395.407	222.556	714.369
7.62195	395.407	225.793	698.053
7.62776	389.738	220	682.504
7.63356	225.924	667.686
7.63936	221.658	632.765
7.64517	217.348	637.166
7.65097	217.599	642.34
7.65678	221.147	657.354
7.66258	226.316	654.701
7.66839	215.971	635.329
7.67419	632.4
7.68	641.598
7.6858	662.691
7.69161	640.857
7.69741	633.497
7.70322	650.93
7.70902	650.93
7.71483	652.06
7.72063	643.826
7.72644	650.555
7.73224	663.457
7.73805	640.117
7.74385	651.683
7.74966	655.08
7.75546	652.436
7.76127	652.436
7.76707	657.734
7.77288	659.255
7.77868	655.837
7.78449	666.145
7.79029	642.711
7.7961	628.394
7.8019	617.599
7.80771
7.81351
7.81932
7.82512
7.83093
7.83673
7.84254
7.84834
7.85415
7.85995
7.86576
7.87156
7.87737
7.88317
7.88898
7.89478
7.90059
7.90639
7.9122
7.918
7.92381
7.92961
7.93542
7.94122
7.94703
7.95283
7.95864
7.96444
7.97025
7.97605
7.98186
7.98766
7.99347
7.99927
8.00508
8.01088
8.01669
8.02249
8.0283
8.0341
8.03991
8.04571
8.05152
8.05732
8.06313
8.06893
8.07474
8.08054
8.08635
8.09215
8.09796
8.10376
8.10957
8.11537
8.12118
8.12698
8.13279
8.13859
8.1444
8.1502
8.15601
8.16181
8.16762
8.17342
8.17923
8.18503
8.19084
8.19664
8.20245
8.20825
8.21406
8.21986
8.22567
8.23147
8.23728
8.24308	1907.14
8.24889	1908.24
8.25469	1904.94
8.2605	1900.54
8.2663	1903.84
8.27211	1904.94
8.27791	1906.04
8.28372	1902.74
8.28952	1898.34
8.29533	1899.44
8.30113	1907.14
8.30694	1911.55
8.31274	1893.96
8.31855	1925.96
8.32435	1919.29
8.33016	1892.87
8.33596	1900.54
8.34177	1896.15
8.34757	1867.89
8.35338	1867.89
8.35918
8.36499
8.37079
8.3766
8.3824
8.38821
8.39401
8.39982
8.40562
8.41143
8.41723	375.81
8.42304	385.039
8.42884	370.636
8.43465	376.027
8.44045	372.568
8.44626	372.353
8.45206	391.091
8.45787	388.165	780.376
8.46367	384.816	768.744
8.46948	383.928	761.672
8.47528	382.6	756.848
8.48109	384.594	760.793
8.48689	383.485	761.232
8.4927	383.264	766.084
8.4985	381.938	761.232
8.50431	375.81	753.359
8.51011	374.077	745.136
8.51592	370.422	740.844
8.52172	363.009	728.117
8.52753	369.781	739.989
8.53333	359.877	719.754	1290.63
8.53914	359.461	720.586	1285.42
8.54494	354.922	718.093	1293.62
8.55075	360.709	718.508	1304.12
8.55655	363.848	728.538	1310.16
8.56236	360.709	721.419	1313.19
8.56816	358.218	719.338	1310.92
8.57397	358.011	718.923	1323.85
8.57977	358.218	713.957	1305.63
8.58558	357.185	710.665	1264.07
8.59138	356.566	708.207	1296.61
8.59719	352.267	704.534	1284.68
8.60299	354.513	704.534	1303.37
8.6088	356.566	714.369	1304.87
8.6146	358.632	725.179	1301.11
8.62041	729.38	1273.6
8.62621	718.093	1241.64
8.63202	735.302	1241.64	382.379
8.63782	1248.83	388.389
8.64363	390.865
8.64943	386.152
8.65524	384.372
8.66104	382.379
8.66685	381.497
8.67265	372.999
8.67846	373.43
8.68426	386.375
8.69007	401.158
8.69587	399.078
8.70168	400.232
8.70748	397.927
8.71329	397.927
8.71909	401.39
8.7249	405.351
8.7307	407.463
8.73651	400.001
8.74231	398.387
8.74812	397.697
8.75392	398.157
8.75973	399.078
8.76553	396.779
8.77134	390.188
8.77714	386.375
8.78295	384.372
8.78875	383.264
8.79456	381.938
8.80036	379.738
8.80617	381.717
8.81197	378.861
8.81778	377.551
8.82358	367.863
8.82939	368.714
8.83519	389.963
8.841	385.039
8.8468	381.276
8.85261	382.6
8.85841	376.679
8.86422	385.039
8.87002	382.6
8.87583	380.836
8.88163	383.707
8.88744	381.717
8.89324	381.056
8.89905	382.821
8.90485	387.493
8.91066	390.188
8.91646	394.722
8.92227	391.317
8.92807	393.356
8.93388	389.513
8.93968	394.95
8.94549	394.722
8.95129	382.6
8.9571	388.614
8.9629	385.929
8.96871	395.178
8.97451	391.317
8.98032	387.493
8.98612	390.188
8.99193	393.811
8.99773	396.092	380.177
9.00354	387.493	381.497
9.00934	394.95	384.594
9.01515	377.115	380.177
9.02095	374.726	374.294
9.02676	388.614	376.897
9.03256	388.838	383.707
9.03837	392.902	388.165
9.04417	399.308	390.188
9.04998	411.009	387.493
9.05578	395.407	389.513
9.06159	395.407	393.129
9.06739	411.722	392.222
9.0732	421.589	391.543	779.926
9.079	444.342	390.188	780.827
9.08481	388.165	777.677
9.09061	385.484	772.751
9.09642	384.594	770.968
9.10222	383.485	767.857
9.10803	382.821	766.97
9.11383	381.717	765.2
9.11964	377.769	758.161
9.12544	372.568	743.846
9.13125	365.322	734.029
9.13705	363.218	728.538
9.14286	358.218	716.849
9.14866	354.922	707.798
9.15447	350.643	697.65
9.16027	346.816	693.632
9.16608	354.308	699.668
9.17188	350.036	694.434
9.17769	349.43	694.434
9.18349	352.471	703.315
9.1893	354.922	710.665
9.1951	352.267	704.128
9.20091	349.632	697.65
9.20671	359.461	719.754
9.21252	364.69	730.223
9.21832	363.428	729.38
9.22413	358.218	728.117	381.276
9.22993	360.293	720.586	367.439
9.23574	375.593	752.054	368.927
9.24154	377.769	761.672	372.138
9.24735	380.396	761.672	379.957
9.25315	379.738	380.616
9.25896	380.396	380.177
9.26476	380.396	381.056
9.27057	382.821	383.928
9.27637	386.822	386.822
9.28218	387.493	389.063
9.28798	388.614	390.865
9.29379	390.639	391.995
9.29959	390.865	391.317
9.3054	388.614	389.288
9.3112	388.614	388.389
9.31701	388.838
9.32281	387.717
9.32862	385.039
9.33442	383.928
9.34023	385.707
9.34603	386.822	434.444
9.35184	390.414	429.702
9.35764	381.276	426.734
9.36345	379.957	425.995
9.36925	386.152	425.258
9.37506	381.056	415.545
9.38086	411.484
9.38667	412.913
9.39247	413.151
9.39828	408.406
9.40408	415.785
9.40989	406.758
9.41569	390.865
9.4215	374.943
9.4273	374.943
9.43311	374.943
9.43891	374.943
9.44472	391.543
9.45052	389.738
9.45633	385.261
9.46213	385.929
9.46794	386.152
9.47374	386.375
9.47955	383.264
9.48535	383.485
9.49116	379.08
9.49696	381.276
9.50277	381.938
9.50857	382.821
9.51438	385.484
9.52018	381.938
9.52599	384.372
9.53179	385.261
9.5376	385.039
9.5434	383.264
9.54921
9.55501
9.56082
9.56662
9.57243
9.57823
9.58404
9.58984
9.59565
9.60145
9.60726
9.61306
9.61887
9.62467
9.63048
9.63628
9.64209
9.64789
9.6537
9.6595
9.66531
9.67111
9.67692
9.68272
9.68853
9.69433
9.70014
9.70594
9.71175
9.71755
9.72336
9.72916
9.73497
9.74077
9.74658
9.75238
9.75819
9.76399
9.7698
9.7756
9.78141
9.78721
9.79302
9.79882
9.80463
9.81043
9.81624
9.82204
9.82785
9.83365
9.83946
9.84526
9.85107
9.85687
9.86268
9.86848
9.87429
9.88009
9.8859
9.8917
9.89751
9.90331
9.90912
9.91492
9.92073
9.92653
9.93234
9.93814
9.94394
9.94975
9.95555
9.96136
9.96716
9.97297
9.97878
9.98458
9.99039
9.99619
10.002
10.0078
10.0136
10.0194
10.0252
10.031
10.0368
10.0426
10.0484
10.0542
10.06
10.0659
10.0717
10.0775
10.0833
10.0891
10.0949
10.1007
10.1065
10.1123
10.1181
10.1239
10.1297
10.1355
10.1413
10.1471
10.1529
10.1587
10.1645
10.1703
10.1761
10.1819	406.758
10.1878	392.902
10.1936	387.941
10.1994	390.414
10.2052	386.152
10.211	376.244
10.2168	378.861
10.2226	382.6
10.2284	389.513
10.2342	391.995
10.24	392.449
10.2458	394.95
10.2516	394.039
10.2574	394.95
10.2632	396.092
10.269	395.864
10.2748	396.321
10.2806	397.238
10.2864	396.779
10.2922	395.407
10.298	392.902
10.3039	389.513
10.3097	387.046
10.3155	385.707
10.3213	383.042
10.3271	378.205
10.3329	373.214
10.3387	370.636
10.3445	367.014
10.3503	365.956
10.3561	381.276
10.3619	383.042
10.3677	381.276
10.3735	383.042
10.3793
10.3851	427.968
10.3909	428.463
10.3967	403.948
10.4025	399.078
10.4083	403.249
10.4141	377.551
10.42	387.269
10.4258	392.222
10.4316	402.086
10.4374	403.016
10.4432	404.182
10.449	398.847
10.4548	398.617	797.695
10.4606	398.157	796.774
10.4664	398.387	795.854
10.4722	398.617	794.935
10.478	396.779	791.727
10.4838	394.95	781.279
10.4896	385.261	772.305
10.4954	383.707	768.3
10.5012	385.707	767.413
10.507	385.484	772.751
10.5128	385.484	771.859
10.5186	385.039	770.522
10.5244	385.929	771.859
10.5302	383.264	767.413
10.5361	387.717	765.2
10.5419	762.553
10.5477	763.875
10.5535	798.156
10.5593	782.634
10.5651	784.897	370.636
10.5709	775.882	369.567
10.5767	784.897	365.956
10.5825	788.988	366.803
10.5883	771.413	366.591
10.5941	758.161	367.014
10.5999	369.994
10.6057	371.923
10.6115	376.027
10.6173	372.999
10.6231	373.645
10.6289	379.957
10.6347	380.396
10.6405	381.938
10.6463	374.294
10.6522	378.643
10.658	376.462
10.6638	376.027
10.6696	368.501
10.6754	365.322
10.6812	364.69
10.687	364.901
10.6928	360.709
10.6986	355.127
10.7044	342.832
10.7102	349.43
10.716	341.252
10.7218	344.42
10.7276	336.554
10.7334	335.583
10.7392	333.843
10.745	333.65
10.7508	335.777
10.7566	335.196
10.7624	337.137
10.7683	341.844
10.7741	343.824
10.7799	342.239
10.7857	341.646
10.7915	340.858
10.7973	342.041
10.8031	344.619
10.8089	347.618
10.8147	354.922
10.8205	354.103
10.8263	362.38	359.461
10.8321	366.167	368.501
10.8379	372.783	379.08
10.8437	381.497	381.497
10.8495	385.484	385.929
10.8553	387.941	389.288
10.8611	389.738	391.091
10.8669	393.811	394.494
10.8727	391.769	396.779
10.8785	393.584	396.779
10.8844	392.675	394.266
10.8902	393.584	394.039
10.896	397.697	396.092
10.9018	397.697
10.9076	398.847
10.9134	395.635
10.9192	393.584
10.925	392.222
10.9308	391.769
10.9366	390.865
10.9424	389.063
10.9482	389.063
10.954	388.165
10.9598	385.261
10.9656	383.928
10.9714	383.264
10.9772	381.717
10.983	382.379
10.9888	374.51
10.9946	377.115
11.0005	375.81
11.0063	374.51
11.0121	373.645
11.0179	374.077
11.0237	375.81
11.0295	374.294
11.0353	372.568
11.0411	371.923
11.0469	369.354	1343.11
11.0527	367.863	1336.92
11.0585	368.927	1325.38
11.0643	370.85	1324.62
11.0701	369.781	1330.75
11.0759	368.714	1329.98
11.0817	368.501	1314.71
11.0875	365.111	1305.63
11.0933	363.218	1310.92
11.0991	361.335	1336.92
11.1049	361.544	1361.07
11.1107	360.501	1316.99
11.1166	358.218	1315.47
11.1224	356.36	1314.71
11.1282	352.064	1302.61
11.134	345.217	1331.52
11.1398	339.482	1331.52
11.1456	335.196	1293.62
11.1514	331.154	1320.03
11.1572	333.073	1365.8
11.163	335.583
11.1688	356.36	656.595
11.1746	374.294	641.228
11.1804	365.745	634.962
11.1862	639.748
11.192	632.4
11.1978	641.598
11.2036	672.719
11.2094	677.398
11.2152	666.53
11.221	664.992
11.2268	681.322
11.2327	695.638
11.2385	718.923
11.2443	704.534
11.2501	703.721
11.2559	706.164
11.2617	705.349
11.2675	718.093
11.2733	702.503
11.2791	718.923
11.2849	711.898
11.2907	711.898
11.2965	682.898
11.3023	692.431
11.3081	701.286
11.3139	698.053
11.3197	692.431
11.3255	694.835
11.3313	722.67
11.3371	696.442
11.3429	684.478
11.3488	707.389
11.3546	707.389
11.3604	696.442
11.3662	698.456
11.372	701.286
11.3778	686.061
11.3836	697.247
11.3894	705.349
11.3952	708.616
11.401	690.035
11.4068	681.716
11.4126	691.232
11.4184	689.637
11.4242	695.638
11.43	706.572
11.4358	709.845
11.4416	712.309
11.4474	718.923
11.4532	704.534
11.459	704.534
11.4649	713.957
11.4707
11.4765
11.4823
11.4881
11.4939
11.4997
11.5055
11.5113
11.5171
11.5229
11.5287
11.5345
11.5403
11.5461
11.5519
11.5577
11.5635
11.5693
11.5751
11.581
11.5868
11.5926
11.5984
11.6042
11.61
11.6158
11.6216
11.6274
11.6332
11.639
11.6448
11.6506
11.6564
11.6622
11.668
11.6738
11.6796
11.6854
11.6912
11.6971
11.7029
11.7087
11.7145
11.7203
11.7261
11.7319
11.7377
11.7435
11.7493
11.7551
11.7609
11.7667
11.7725
11.7783
11.7841
11.7899
11.7957
11.8015
11.8073
11.8132
11.819
11.8248
11.8306
11.8364
11.8422
11.848
11.8538
11.8596
11.8654
11.8712
11.877
11.8828
11.8886
11.8944
11.9002
11.906
11.9118
11.9176
11.9234
11.9293
11.9351
11.9409
11.9467
11.9525
11.9583
11.9641
11.9699
11.9757
11.9815
11.9873
11.9931
11.9989
12.0047
12.0105
12.0163
12.0221
12.0279
12.0337
12.0395
12.0454
12.0512
12.057
12.0628
12.0686
12.0744
12.0802
12.086
12.0918
12.0976
12.1034
12.1092
12.115
12.1208
12.1266
12.1324
12.1382
12.144
12.1498
12.1556
12.1615
12.1673
12.1731
12.1789
12.1847
12.1905
12.1963
12.2021
12.2079
12.2137
12.2195
12.2253
12.2311
12.2369
12.2427
12.2485
12.2543
12.2601
12.2659
12.2717
12.2776
12.2834
12.2892
12.295
12.3008
12.3066
12.3124
12.3182
12.324
12.3298
12.3356
12.3414	772.305
12.3472	794.935
12.353	816.34
12.3588	819.174
12.3646	779.025
12.3704	804.636
12.3762	805.101
12.382	794.476
12.3878	777.677
12.3937	773.644
12.3995	781.279	819.647
12.4053	757.285	834.457
12.4111	743.416	835.421
12.4169	710.665	835.421
12.4227	749.885	824.396
12.4285	796.314	825.349	206.099
12.4343	786.713	822.018	204.794
12.4401	823.444	201.392
12.4459	799.54	198.504
12.4517	777.677	208.735
12.4575	791.27	209.701
12.4633	784.444	198.963
12.4691	794.017	194.531
12.4749	817.284	196.792
12.4807	830.13	197.019
12.4865	817.284	197.019
12.4923	810.233	191.742
12.4981	787.167	191.411
12.5039	760.353	188.448
12.5098	801.852	189.979
12.5156	834.939	190.748
12.5214	190.969
12.5272	191.19
12.533	187.58
12.5388	196.565
12.5446	198.849
12.5504	198.161
12.5562	197.133
12.562	204.203
12.5678	198.504
12.5736	196.565
12.5794	202.792
12.5852	195.885
12.591	187.363
12.5968	187.688
12.6026	188.448
12.6084
12.6142
12.62
12.6258
12.6317
12.6375
12.6433
12.6491
12.6549
12.6607
12.6665
12.6723
12.6781	396.55
12.6839	386.599
12.6897	390.639
12.6955	399.539
12.7013	373.214
12.7071	398.157
12.7129	397.697	397.697
12.7187	396.321	396.321
12.7245	399.539	399.77
12.7303	411.722	409.114
12.7361	407.228	434.946
12.742	405.585	432.941
12.7478	400.001	431.443
12.7536	404.649	435.197
12.7594	413.151	439.746
12.7652	404.649	441.273
12.771	397.927	440.254	803.707
12.7768	398.157	438.985	800.927
12.7826	397.697	438.224	800.464
12.7884	394.266	432.941	795.394
12.7942	394.039	432.441	788.988
12.8	394.039	426.487	785.804
12.8058	394.95	444.085	784.897
12.8116	397.238	450.284	791.727
12.8174	398.617	456.307	832.531
12.8232	397.927	458.42	856.926
12.829	399.77	456.307	838.321
12.8348	397.927	452.631	833.493
12.8406	402.318	456.307	840.746
12.8464	409.824	464.015	846.594
12.8522	411.009	464.283	843.665
12.858	393.129	464.551	856.926
12.8639	409.824	457.098	839.775
12.8697	402.783	467.782	831.089
12.8755	406.288	820.595
12.8813	391.995	825.825
12.8871	403.482	823.92
12.8929	405.351	807.896
12.8987	392.449	783.538
12.9045	377.333	783.538	382.379
12.9103	374.294	791.727	372.999
12.9161	370.208	792.185	368.927
12.9219	366.803	788.988	366.803
12.9277	359.877	776.33	362.171
12.9335	361.335	767.857	364.269
12.9393	373.214	759.475	370.85
12.9451	378.424	759.914	369.994
12.9509	381.276	759.914	376.897
12.9567	386.599	766.97	377.333
12.9625	392.902	784.444	363.428
12.9683	391.995	773.644	366.803
12.9741	391.769	773.644	363.009
12.98	388.165	773.644	361.126
12.9858	388.165	773.644	356.566
12.9916	388.165	773.644	346.215
12.9974	394.95	360.501
13.0032	393.356	346.016
13.009	360.918
13.0148	354.717
13.0206	350.036
13.0264	348.221
13.0322	348.825
13.038	350.846
13.0438	361.544
13.0496	366.803	397.467
13.0554	356.566	383.485
13.0612	348.624	386.599
13.067	347.016	386.152
13.0728	343.625	387.493
13.0786	348.624	393.811
13.0844	347.217	396.321
13.0902	348.221	395.407
13.0961	350.643	396.092
13.1019	356.155	387.493
13.1077	358.632	385.929
13.1135	371.923	387.046
13.1193	372.999	381.938
13.1251	387.941	390.414
13.1309	393.811	403.249
13.1367	378.861	405.117
13.1425	380.616	417.228
13.1483	388.165	425.749
13.1541	391.317	412.198
13.1599
13.1657
13.1715
13.1773
13.1831
13.1889
13.1947
13.2005
13.2063
13.2122
13.218
13.2238
13.2296
13.2354
13.2412
13.247
13.2528	413.39
13.2586	414.346
13.2644	417.711
13.2702	418.193
13.276	407.228
13.2818	394.039
13.2876	397.697
13.2934	400.926
13.2992	399.539
13.305	399.539	1603.7
13.3108	401.158	1613.93
13.3166	396.092	1651.65
13.3224	384.594	1664.1
13.3283	383.485	1648.79
13.3341	380.396	1626.09	383.485
13.3399	376.462	1626.09	403.948
13.3457	375.159	1621.4	404.415
13.3515	369.567	1611.13	402.783
13.3573	364.901	1599.08	402.551
13.3631	356.36	1597.23	400.232
13.3689	377.115	1595.39	399.078
13.3747	360.709	1594.47	397.697	798.617
13.3805	354.308	1584.37	395.635	784.444
13.3863	354.103	1581.63	396.321	790.357
13.3921	354.308	1588.03	397.009	794.476
13.3979	361.753	1587.12	398.157	788.532
13.4037	352.471	1577.98	396.092	780.376
13.4095	357.185	1541.93	393.584	773.644
13.4153	377.333	1516.32	389.063	757.285
13.4211	1503.24	375.81	750.752
13.4269	1491.99	374.726	754.229
13.4327	1479.98	374.51	756.411
13.4385	1481.69	376.679	755.974
13.4444	1469.75	379.738	767.413
13.4502	1472.3	373.645	808.363
13.456	1479.12	372.138	847.573
13.4618	1491.13	375.81	842.204
13.4676	1525.11	379.299	848.062
13.4734	1535.71	381.717	842.691
13.4792	1517.2	388.614	814.456
13.485	1484.26	392.222	812.107
13.4908	1531.28	384.594	837.837
13.4966	1495.45	385.929
13.5024	1547.29	386.822
13.5082	1546.4	395.407
13.514	1531.28	389.063
13.5198	1568.89	383.707
13.5256	398.617
13.5314	399.539
13.5372	396.779
13.543	399.539
13.5488	401.854
13.5546	392.449
13.5605	387.493
13.5663	398.157
13.5721	411.484
13.5779	417.711	387.046
13.5837	376.897
13.5895	371.923
13.5953	369.141
13.6011	365.533
13.6069	358.011
13.6127	345.217
13.6185	333.458
13.6243	319.32
13.6301	307.021
13.6359	299.143
13.6417	293.665
13.6475	291.805
13.6533	291.3
13.6591	287.621
13.6649	281.377
13.6707	279.272
13.6766	279.595
13.6824	282.517
13.6882	292.311
13.694	292.649
13.6998	295.707
13.7056	290.292
13.7114	301.398
13.7172	299.316
13.723	308.978
13.7288	309.693
13.7346	307.198
13.7404	308.978
13.7462	299.835
13.752	304.196
13.7578	307.553
13.7636	304.548
13.7694	306.489
13.7752	322.285
13.781	310.947
13.7868	310.768
13.7927	310.23
13.7985	318.032
13.8043	312.568
13.8101	301.398
13.8159	301.05
13.8217	299.489
13.8275	309.156
13.8333	310.051
13.8391	303.845
13.8449	302.444
13.8507	304.548	361.335
13.8565	307.376	371.708
13.8623	314.016	356.155
13.8681	314.016	356.155
13.8739	311.487	353.899
13.8797	304.372	358.632
13.8855	297.249	361.335
13.8913	306.312	366.167
13.8971	312.929	377.115
13.9029	378.643
13.9088	376.027
13.9146	373.645
13.9204	364.901
13.9262	372.138
13.932	382.821
13.9378	383.485
13.9436	375.81
13.9494	384.816
13.9552	387.493
13.961	386.152
13.9668	387.493
13.9726	394.266
13.9784	398.617
13.9842	395.864
13.99	394.039
13.9958	394.266
14.0016	397.467
14.0074	400.463
14.0132	404.649
14.019	399.078
14.0249	392.675
14.0307	377.333
14.0365	392.675
14.0423	393.129
14.0481	387.941
14.0539	383.485
14.0597	384.816
14.0655	381.056
14.0713	379.299
14.0771	382.379
14.0829	383.042
14.0887	383.707
14.0945	385.707
14.1003	384.15
14.1061	382.379
14.1119	385.261
14.1177	388.165
14.1235	383.042
14.1293	388.614
14.1351	385.929
14.141	385.707
14.1468	386.375
14.1526	391.543
14.1584	389.063
14.1642	387.717
14.17	388.838
14.1758	391.769
14.1816	388.614
14.1874	388.614
14.1932	390.865
14.199	396.55
14.2048	397.009
14.2106	402.783
14.2164	403.482
14.2222	403.482
14.228	399.77
14.2338	399.77
14.2396	402.783
14.2454	407.228
14.2512	409.351
14.2571	392.902
14.2629	394.722
14.2687	396.55
14.2745	392.675
14.2803	395.635
14.2861	402.551
14.2919	382.6
14.2977	388.165
14.3035	389.513
14.3093	384.594
14.3151	379.957
14.3209	379.299
14.3267	385.261
14.3325	386.599
14.3383	386.152
14.3441	378.861
14.3499	376.897
14.3557	376.244
14.3615	380.836
14.3673	379.957
14.3732	373.645
14.379	373.645
14.3848	383.042
14.3906	389.513
14.3964	389.288
14.4022	393.811
14.408	385.261
14.4138
14.4196	767.857
14.4254	775.882
14.4312	776.779
14.437	769.188
14.4428	757.723
14.4486	752.924
14.4544	754.665
14.4602	757.723
14.466	773.644
14.4718	790.357
14.4776	787.167
14.4834	792.185	397.238
14.4893	796.314	381.276
14.4951	780.827	391.317
14.5009	773.197	385.484
14.5067	770.968	383.928
14.5125	790.357	379.299
14.5183	804.636	375.376
14.5241	808.363	379.738
14.5299	840.261	378.861
14.5357	836.387	375.593
14.5415	808.363	380.177
14.5473	803.707	383.928
14.5531	806.964	393.356
14.5589	804.636	407.699
14.5647	785.351	410.061
14.5705	816.812	411.009
14.5763	814.927	409.824
14.5821	808.363	406.054
14.5879	829.65	404.883
14.5937	803.243	401.622
14.5995	796.314	396.092
14.6054	791.727	396.092
14.6112	784.897	393.129
14.617	786.258	389.513
14.6228	771.859	388.165
14.6286	783.086	383.485
14.6344	768.744	383.707
14.6402	379.08
14.646	379.518
14.6518	376.462
14.6576	373.214
14.6634	369.994
14.6692	372.353
14.675	387.717
14.6808	378.643
14.6866	381.056	709.845
14.6924	381.056	705.756
14.6982	381.497	678.965
14.704	375.593	678.181
14.7098	375.593	677.007
14.7156	376.244	680.929
14.7215	376.244	689.239
14.7273	376.679	672.719
14.7331	361.962	659.255
14.7389	352.471	701.286
14.7447	350.036	702.097
14.7505	351.251	698.053
14.7563	688.841
14.7621	678.181
14.7679	667.301	339.482
14.7737	672.719	342.437
14.7795	661.544	343.031
14.7853	672.33	341.646
14.7911	646.808	340.858
14.7969	656.595	339.679
14.8027	658.114	339.286
14.8085	651.307	344.023
14.8143	667.686	342.634
14.8201	667.686	347.217
14.8259	360.501
14.8317	346.616
14.8376	346.616
14.8434	337.917
14.8492	339.875
14.855	340.661
14.8608	358.011
14.8666	357.598
14.8724	354.922
14.8782	354.922
14.884	364.901
14.8898	382.379
14.8956	397.697
14.9014	392.222
14.9072	393.129
14.913	379.957
14.9188	377.115
14.9246	374.726
14.9304	372.568
14.9362	378.424
14.942	383.928
14.9478	387.717
14.9537	406.523
14.9595	405.117
14.9653	399.539
14.9711	402.318
14.9769	402.086
14.9827	401.39
14.9885	402.086
14.9943	403.249
15.0001	406.054
15.0059	415.545
15.0117	420.13
15.0175	414.107
15.0233	415.065
15.0291	415.785	822.493
15.0349	399.308	858.908
15.0407	400.463	803.707
15.0465	402.086	815.398
15.0523	398.157	803.243
15.0581	395.178	792.185
15.0639	391.317	778.126
15.0697	385.707	769.633
15.0756	383.264	763.434
15.0814	386.375	775.434
15.0872	387.493	776.33
15.093	386.822	769.633
15.0988	385.929	770.968
15.1046	383.707	766.527
15.1104	383.928	764.317
15.1162	380.836	759.914
15.122	380.396	759.914
15.1278	380.616	760.353
15.1336	381.938	763.875
15.1394	385.261	770.522
15.1452	386.152	772.305
15.151	389.738	776.779
15.1568	395.635	780.827
15.1626	394.95	780.827
15.1684	389.963	780.376
15.1742	389.963	764.317
15.18	371.923	741.701
15.1859	380.616	763.434	376.897
15.1917	385.929	773.644	401.854
15.1975	391.091	780.827	404.415
15.2033	379.299	786.713	398.847
15.2091	386.152	780.376	400.232
15.2149	386.822	793.1	401.158
15.2207	400.463	800.927	401.39
15.2265	398.617	796.314	398.617
15.2323	397.009	792.642	397.467
15.2381	402.783	802.316	396.779
15.2439	409.587	819.174	402.086
15.2497	409.114	825.825	402.783
15.2555	401.39	796.774	401.854
15.2613	779.926	399.539
15.2671	785.804	394.494	779.926
15.2729	811.17	401.854	770.968
15.2787	397.927	749.452
15.2845	399.77	744.706
15.2903	398.387	751.186
15.2961	393.129	701.286
15.3019	394.494	676.225
15.3078	394.95	670.779
15.3136	394.266	671.554
15.3194	390.865	652.06
15.3252	394.722	684.082
15.331	405.117	675.054
15.3368	394.039	673.496
15.3426	394.039	682.898
15.3484	385.484	696.845
15.3542	388.165	690.434
15.36	669.617
15.3658	660.78	389.963
15.3716	657.354	396.321
15.3774	659.636	399.539
15.3832	659.636	403.016
15.389	659.636	405.585
15.3948	688.841	412.436
15.4006	408.17
15.4064	428.463
15.4122	433.441	389.513
15.418	424.031	383.485
15.4239	419.888	382.6
15.4297	416.987	375.593
15.4355	417.711	376.244
15.4413	429.206	381.717
15.4471	421.589	387.269
15.4529	391.769
15.4587	390.639
15.4645	385.261
15.4703	385.484
15.4761	386.375
15.4819	395.407
15.4877	391.317
15.4935	381.276
15.4993	383.042
15.5051	386.152
15.5109	379.08
15.5167	379.299
15.5225	372.568
15.5283	376.244
15.5341	379.518
15.54	389.063
15.5458	387.269
15.5516	391.317
15.5574	394.95
15.5632	398.847
15.569	398.847
15.5748	383.264
15.5806	375.159
15.5864	377.551
15.5922	378.205
15.598	388.838	379.299
15.6038	378.861	372.568
15.6096	390.865	369.141
15.6154	399.539	371.065
15.6212	396.779	373.645
15.627	406.523	351.454
15.6328	404.415	356.36
15.6386	417.952	362.38
15.6444	413.39	367.651
15.6502	372.999
15.6561	374.51
15.6619	375.376
15.6677	376.027
15.6735	373.861
15.6793	377.987
15.6851	378.643
15.6909	377.333
15.6967	377.987
15.7025	379.08
15.7083	378.643
15.7141	378.861
15.7199	383.042
15.7257	383.928
15.7315	379.08
15.7373	390.414
15.7431	394.95
15.7489	389.288
15.7547	388.838
15.7605	384.15
15.7663	387.269
15.7722	386.599
15.778	390.639
15.7838	390.639
15.7896	391.543
15.7954	394.039
15.8012	392.675
15.807	394.039
15.8128	395.407
15.8186	391.091
15.8244	392.222
15.8302	391.769
15.836	388.614
15.8418	388.838
15.8476	394.039
15.8534	389.738
15.8592	393.811
15.865	394.039
15.8708	393.129
15.8766	396.55
15.8824	388.389
15.8883	393.129
15.8941	392.675
15.8999	394.039	392.902
15.9057	390.188	390.639
15.9115	391.995	391.317
15.9173	389.063	391.769
15.9231	392.222	392.675
15.9289	391.769	391.091
15.9347	391.769	392.675
15.9405	391.317	393.129
15.9463	379.08	393.584
15.9521	387.493	391.317
15.9579	389.063	393.356
15.9637	388.838	391.317
15.9695	389.288	390.414
15.9753	375.81	391.543
15.9811	390.865	394.494
15.9869	391.317	394.039
15.9927	384.15	385.707
15.9985	385.484	392.902
16.0044	381.497	390.865
16.0102	380.616	387.269
16.016	379.08	381.717
16.0218	377.551	380.616
16.0276	375.593	381.056
16.0334	378.861	376.462
16.0392	386.152	386.152
16.045	392.902	392.675	363.848
16.0508	393.584	393.584	351.86
16.0566	387.493	391.995	327.918
16.0624	395.178	397.467	329.247
16.0682	390.188	329.437
16.074	386.152	341.055
16.0798	390.865	359.461
16.0856	392.449	370.85
16.0914	750.752
16.0972	775.882
16.103	780.827
16.1088	779.926
16.1146	777.228
16.1205	775.882
16.1263	775.434
16.1321	775.882
16.1379	776.33
16.1437	770.077	395.635
16.1495	783.991	392.222
16.1553	776.33	389.513
16.1611	775.882	390.414
16.1669	790.357	393.584
16.1727	794.476	396.092
16.1785	784.897	395.635
16.1843	777.677	390.865	394.266
16.1901	784.897	396.092	401.158
16.1959	791.27	403.948	393.584
16.2017	783.538	399.308	390.865
16.2075	773.644	405.585	387.941
16.2133	771.413	389.513	389.063
16.2191	773.197	389.963	389.513
16.2249	761.672	393.129	394.722
16.2307	728.538	388.838	389.063
16.2366	704.128	389.288	390.865
16.2424	661.926	389.963	392.222
16.2482	390.865	392.902
16.254	391.543	388.838
16.2598	388.389	387.717
16.2656	386.599
16.2714	386.152
16.2772	391.317
16.283	391.769
16.2888	390.639
16.2946	390.865
16.3004	386.822
16.3062	383.928
16.312	381.938
16.3178	377.115
16.3236	373.861
16.3294	377.769
16.3352	367.014
16.341	359.046
16.3468	355.538
16.3527	353.899	387.493
16.3585	348.624	387.493
16.3643	345.616	390.414
16.3701	345.018	386.375
16.3759	349.027	365.322
16.3817	336.748	348.825
16.3875	336.748	353.082
16.3933	342.437	350.036
16.3991	344.42	346.816
16.4049	333.843	334.422
16.4107	331.92	343.229	377.115
16.4165	335.196	340.268	378.643
16.4223	343.427	343.824	375.81
16.4281	346.215	346.616	380.396
16.4339	348.624	348.825	384.816
16.4397	349.027	349.027	383.485
16.4455	336.165	336.359	392.449
16.4513	322.658	329.628	388.165
16.4571	327.918	327.918	389.513
16.4629	327.918	327.918	392.222
16.4688	385.929
16.4746	379.518
16.4804	389.288
16.4862	388.838
16.492	389.288
16.4978	387.717
16.5036	387.717
16.5094	387.717
16.5152	391.769
16.521	381.938
16.5268	375.81
16.5326	391.769
16.5384	392.449
16.5442	390.414
16.55	388.389
16.5558	391.995
16.5616	389.288
16.5674	390.865
16.5732	377.551
16.579	383.042
16.5849	385.707
16.5907	389.288
16.5965	389.963
16.6023	381.056	379.738
16.6081	377.987	357.391
16.6139	387.493	341.449
16.6197	403.249	346.415
16.6255	404.415	352.471
16.6313	394.039	359.461
16.6371	390.639	369.781
16.6429	397.697	383.264
16.6487	393.129	386.152
16.6545	393.811	389.063
16.6603	393.811	391.317
16.6661	390.865	391.543
16.6719	397.927	390.414
16.6777	403.249	387.717
16.6835	383.707	385.707
16.6893	391.995	389.513
16.6951	411.96	384.372
16.701	383.707	772.751
16.7068	382.821	770.522
16.7126	383.042	781.73
16.7184	390.865	787.167
16.7242	376.027	777.677
16.73	365.956	773.197
16.7358	374.077	772.305
16.7416	381.276	761.232
16.7474	379.738	737.003
16.7532	382.158	727.276
16.759	382.379	735.302
16.7648	381.717	751.62
16.7706	380.616	762.553
16.7764	379.08	755.538
16.7822	383.042	727.697
16.788	367.439	730.223
16.7938	364.269	734.877	1547.29
16.7996	376.897	756.411	1557.15
16.8054	376.679	753.359	1554.45
16.8112	377.987	763.434	1547.29
16.8171	379.299	754.665	1567.08
16.8229	377.333	751.62	1500.64
16.8287	381.497	760.793	1509.33
16.8345	393.811	765.2	1518.95
16.8403	386.152	766.527	1520.71
16.8461	385.484	770.968	1533.94
16.8519	389.513	776.779	1546.4
16.8577	389.063	772.305	1525.99
16.8635	755.101	1504.11
16.8693	752.054	1479.98
16.8751	770.968	1521.59
16.8809	759.037	1522.46
16.8867	756.411	1518.95
16.8925	783.538	1525.11
16.8983	783.086	1504.98
16.9041	774.986	1533.05
16.9099	765.2	1536.6
16.9157	784.444	1533.94
16.9215	807.43	1467.21	391.091
16.9273	843.178	1523.34	402.783
16.9332	873.921	1450.36	391.543
16.939	815.869	1468.91	396.55
16.9448	800.002	1518.07	391.995
16.9506	1502.37	395.178
16.9564	1495.45	386.822
16.9622	1500.64	380.177
16.968	1442.84	381.276
16.9738	1384.86	381.276
16.9796	377.333
16.9854	367.439
16.9912	367.863
16.997	364.058
17.0028	352.267
17.0086	350.036
17.0144	344.42
17.0202	335.583
17.026	332.88
17.0318	316.748
17.0376	309.156
17.0434	301.921
17.0493	295.025
17.0551	322.844
17.0609	316.2
17.0667	308.621
17.0725	310.947
17.0783	315.47	394.039
17.0841	318.767	381.938
17.0899	378.424
17.0957	382.821
17.1015	385.484
17.1073	388.389
17.1131	385.929
17.1189	381.497
17.1247	381.938
17.1305	378.205
17.1363	382.379
17.1421	390.188
17.1479	384.372
17.1537	396.55
17.1595	397.009
17.1654	387.493
17.1712	384.372
17.177	385.484
17.1828	390.639
17.1886	378.643
17.1944	375.376
17.2002	379.957
17.206	379.738
17.2118	383.928
17.2176	375.593
17.2234	388.614
17.2292	400.926
17.235	393.356
17.2408	403.948
17.2466	404.649	340.268
17.2524	408.878	359.669
17.2582	410.061	359.046
17.264	400.926	356.36
17.2698	400.926	358.218
17.2756	400.926	365.533
17.2815	404.415	371.708
17.2873	412.913	373.645
17.2931	407.463	373.43
17.2989	373.861
17.3047	373.43
17.3105	374.294
17.3163	372.138
17.3221	361.753
17.3279	362.171
17.3337	363.218
17.3395	365.956
17.3453	361.544
17.3511	348.02
17.3569	354.717
17.3627	366.167
17.3685	384.15
17.3743	367.439
17.3801	375.593
17.3859	376.897
17.3917	373.214
17.3976	372.353
17.4034	382.158
17.4092	387.269
17.415	383.042
17.4208	375.376
17.4266	372.138
17.4324	375.81
17.4382	376.244
17.444	387.941
17.4498	385.261
17.4556	396.55
17.4614	409.114
17.4672	409.824
17.473	410.297
17.4788	397.697
17.4846	381.938
17.4904	379.299
17.4962	380.177
17.502	384.594
17.5078	387.046
17.5137	384.816
17.5195	371.923
17.5253	385.261
17.5311	381.717
17.5369	384.372
17.5427	381.276
17.5485	377.769
17.5543	377.769
17.5601	377.115
17.5659	375.81
17.5717	375.81
17.5775	384.594
17.5833	385.039
17.5891	380.177
17.5949	383.707
17.6007	380.836
17.6065	382.158
17.6123	373.214
17.6181	376.462
17.6239	378.205
17.6297	377.551
17.6356	385.261
17.6414	383.264
17.6472	383.264
17.653	381.717
17.6588	374.943
17.6646	377.333
17.6704	377.551
17.6762	376.244
17.682	381.717
17.6878	376.679
17.6936	382.379
17.6994	386.822
17.7052	392.902
17.711	384.372
17.7168	374.294
17.7226	383.264
17.7284	386.599
17.7342	380.616
17.74	377.115
17.7458	382.379
17.7517	386.152
17.7575	375.81
17.7633	373.43
17.7691	373.645
17.7749	374.077
17.7807	366.167
17.7865	380.836
17.7923	370.422
17.7981	370.636
17.8039	372.783
17.8097	373.214	409.351
17.8155	370.85	401.39
17.8213	371.708	397.009
17.8271	364.901	398.387
17.8329	376.244	398.157
17.8387	398.847
17.8445	382.158
17.8503	383.485
17.8561	380.836
17.8619	384.15
17.8678	382.379
17.8736	380.836
17.8794	379.738
17.8852	379.08
17.891	380.177
17.8968	374.726
17.9026	379.299
17.9084	378.861
17.9142	385.707
17.92	389.513
17.9258	389.513
17.9316	383.264
17.9374	393.129
17.9432	394.494
17.949	396.092
17.9548	393.584
17.9606	394.266
17.9664	395.407
17.9722	411.722
17.9781	407.699	383.042
17.9839	411.246	387.941
17.9897	397.697	365.322
17.9955	402.551	379.957
18.0013	385.039	381.056
18.0071	387.046	380.177
18.0129	390.188	376.027
18.0187	377.551	374.943
18.0245	373.861	368.927
18.0303	366.591
18.0361	364.269
18.0419	360.501
18.0477	364.69
18.0535	361.126
18.0593	360.085
18.0651	359.461
18.0709	354.717
18.0767	359.254
18.0825	356.772
18.0883	361.753
18.0941	353.286
18.1	359.669
18.1058	357.804
18.1116	356.566
18.1174	355.538
18.1232	351.454
18.129	351.454
18.1348	351.657
18.1406	347.618
18.1464	352.267
18.1522	352.878
18.158	353.286
18.1638	354.103
18.1696	350.846
18.1754	351.048
18.1812	357.185
18.187	360.918
18.1928	362.589
18.1986	363.009
18.2044	361.962
18.2102	352.674
18.2161	353.082
18.2219	355.538
18.2277
18.2335
18.2393
18.2451
18.2509
18.2567
18.2625
18.2683
18.2741
18.2799
18.2857
18.2915
18.2973	385.484
18.3031	383.928
18.3089	389.513
18.3147	373.43
18.3205	397.927
18.3263	394.039
18.3322	392.902
18.338	391.769
18.3438	384.594
18.3496	406.523
18.3554	402.783
18.3612	402.783
18.367	409.114
18.3728	415.545
18.3786	423.053
18.3844	412.674
18.3902	400.695
18.396	396.092
18.4018	406.993
18.4076	396.779
18.4134	388.614
18.4192	387.269
18.425	383.928
18.4308	380.396
18.4366	376.897
18.4424	378.424
18.4483	361.544
18.4541	353.49
18.4599	367.227
18.4657	353.286
18.4715	362.171
18.4773	365.322
18.4831	360.709
18.4889	361.126
18.4947	368.076
18.5005	366.379
18.5063	361.962
18.5121	361.335
18.5179	363.638
18.5237	366.379
18.5295	366.803
18.5353	367.014
18.5411	372.568
18.5469	367.227
18.5527	366.591
18.5585	376.244
18.5644	368.927
18.5702	364.901
18.576	370.85
18.5818	368.714
18.5876	372.353
18.5934	368.927
18.5992	368.289
18.605	368.289
18.6108	368.501
18.6166	373.214
18.6224	371.708
18.6282	371.708
18.634	369.994
18.6398	372.999
18.6456	382.821
18.6514	384.372
18.6572	383.485
18.663	375.593
18.6688	377.115
18.6746	386.375
18.6805	385.261
18.6863	383.485
18.6921	380.616
18.6979	371.279
18.7037	369.567
18.7095	364.269
18.7153	363.009
18.7211	360.709
18.7269	360.709
18.7327	362.171
18.7385	360.293
18.7443	358.632
18.7501	358.632
18.7559	358.632
18.7617	373.861
18.7675	366.803
18.7733	355.743
18.7791	353.694
18.7849	355.333
18.7907	359.046
18.7966	359.254
18.8024	353.49
18.8082	339.875
18.814	348.02
18.8198	353.286
18.8256	345.018
18.8314	346.016
18.8372	367.651
18.843
18.8488
18.8546
18.8604
18.8662
18.872
18.8778	1084.03
18.8836	1090.31
18.8894	1100.44
18.8952	1083.41
18.901	1093.47
18.9068	1112.58
18.9127	1101.71
18.9185	1092.83
18.9243	1076.55
18.9301	1090.31
18.9359	1086.54
18.9417	1086.54
18.9475	1137.27
18.9533	1070.34
18.9591	1070.96
18.9649	1082.16
18.9707	1081.53
18.9765	1092.83
18.9823	1129.41
18.9881	1148.49
18.9939	1128.11
18.9997	1118.38
19.0055	1113.22
19.0113	1107.45
19.0171	1107.45
19.0229	1101.71
19.0288	1092.2
19.0346	1089.68
19.0404	1080.91
19.0462	1045.9
19.052	1102.34
19.0578
19.0636
19.0694
19.0752
19.081
19.0868
19.0926
19.0984
19.1042
19.11
19.1158
19.1216
19.1274
19.1332
19.139
19.1449
19.1507
19.1565
19.1623
19.1681
19.1739
19.1797
19.1855
19.1913
19.1971
19.2029
19.2087
19.2145
19.2203
19.2261
19.2319
19.2377
19.2435
19.2493
19.2551
19.261
19.2668
19.2726
19.2784
19.2842
19.29
19.2958
19.3016
19.3074
19.3132
19.319
19.3248
19.3306
19.3364
19.3422
19.348
19.3538
19.3596
19.3654
19.3712
19.3771
19.3829
19.3887
19.3945
19.4003
19.4061
19.4119
19.4177
19.4235
19.4293
19.4351
19.4409
19.4467
19.4525
19.4583
19.4641
19.4699
19.4757
19.4815
19.4873
19.4932
19.499
19.5048
19.5106
19.5164
19.5222
19.528
19.5338
19.5396
19.5454
19.5512
19.557
19.5628
19.5686
19.5744
19.5802
19.586
19.5918
19.5976
19.6034
19.6093
19.6151
19.6209
19.6267
19.6325
19.6383
19.6441
19.6499
19.6557
19.6615
19.6673
19.6731
19.6789
19.6847
19.6905
19.6963
19.7021
19.7079
19.7137
19.7195
19.7254
19.7312
19.737
19.7428
19.7486
19.7544
19.7602
19.766
19.7718
19.7776
19.7834
19.7892
19.795
19.8008
19.8066
19.8124
19.8182
19.824
19.8298
19.8356
19.8415
19.8473
19.8531
19.8589
19.8647
19.8705
19.8763
19.8821
19.8879
19.8937
19.8995
19.9053
19.9111
19.9169
19.9227
19.9285
19.9343
19.9401
19.9459
19.9517
19.9576
19.9634
19.9692
19.975
19.9808
19.9866
19.9924
19.9982
20.004
20.0098
20.0156
20.0214
20.0272
20.033
20.0388
20.0446
20.0504
20.0562
20.062
20.0678
20.0737
20.0795
20.0853
20.0911
20.0969
20.1027
20.1085
20.1143
20.1201
20.1259
20.1317
20.1375
20.1433
20.1491
20.1549
20.1607
20.1665
20.1723
20.1781
20.1839
20.1898
20.1956
20.2014
20.2072
20.213
20.2188
20.2246
20.2304
20.2362
20.242
20.2478
20.2536
20.2594
20.2652
20.271
20.2768
20.2826
20.2884
20.2942
20.3
20.3058
20.3117
20.3175
20.3233
20.3291
20.3349
20.3407
20.3465
20.3523
20.3581
20.3639
20.3697
20.3755
20.3813
20.3871
20.3929
20.3987
20.4045
20.4103
20.4161
20.4219
20.4278
20.4336
20.4394
20.4452
20.451
20.4568
20.4626
20.4684
20.4742
20.48
20.4858
20.4916
20.4974
20.5032
20.509
20.5148
20.5206
20.5264
20.5322
20.538
20.5439
20.5497
20.5555
20.5613
20.5671
20.5729
20.5787
20.5845
20.5903
20.5961
20.6019
20.6077
20.6135
20.6193
20.6251
20.6309
20.6367
20.6425
20.6483
20.6542
20.66
20.6658
20.6716
20.6774
20.6832
20.689
20.6948
20.7006
20.7064
20.7122
20.718
20.7238
20.7296
20.7354
20.7412
20.747
20.7528
20.7586
20.7644
20.7702
20.7761
20.7819
20.7877
20.7935
20.7993
20.8051
20.8109
20.8167
20.8225
20.8283
20.8341
20.8399
20.8457
20.8515
20.8573
20.8631
20.8689
20.8747
20.8805
20.8863
20.8922
20.898
20.9038
20.9096
20.9154
20.9212
20.927
20.9328
20.9386
20.9444
20.9502
20.956
20.9618
20.9676
20.9734
20.9792
20.985
20.9908
20.9966
21.0024
21.0083
21.0141
21.0199
21.0257
21.0315
21.0373
21.0431
21.0489
21.0547
21.0605
21.0663
21.0721
21.0779
21.0837
21.0895
21.0953
21.1011
21.1069
21.1127
21.1185
21.1244
21.1302
21.136
21.1418
21.1476
21.1534
21.1592
21.165
21.1708
21.1766
21.1824
21.1882
21.194
21.1998
21.2056
21.2114
21.2172
21.223
21.2288
21.2346
21.2405
21.2463
21.2521
21.2579
21.2637
21.2695
21.2753
21.2811
21.2869
21.2927
21.2985
21.3043
21.3101
21.3159
21.3217
21.3275
21.3333
21.3391
21.3449
21.3507
21.3566
21.3624
21.3682
21.374
21.3798
21.3856
21.3914
21.3972
21.403
21.4088
21.4146
21.4204
21.4262
21.432
21.4378
21.4436
21.4494
21.4552
21.461
21.4668
21.4727
21.4785
21.4843
21.4901
21.4959
21.5017
21.5075
21.5133
21.5191
21.5249
21.5307
21.5365
21.5423
21.5481
21.5539
21.5597
21.5655
21.5713
21.5771
21.5829
21.5888
21.5946
21.6004
21.6062
21.612
21.6178
21.6236
21.6294
21.6352
21.641
21.6468
21.6526
21.6584
21.6642
21.67
21.6758
21.6816
21.6874
21.6932
21.699
21.7049
21.7107
21.7165
21.7223
21.7281
21.7339
21.7397
21.7455
21.7513
21.7571
21.7629
21.7687
21.7745
21.7803
21.7861
21.7919
21.7977
21.8035	1177.38
21.8093	1184.2
21.8151	1185.57
21.821	1230.92
21.8268	1243.79
21.8326	1248.83
21.8384	1248.83
21.8442	1250.99
21.85	1255.34
21.8558	1253.89
21.8616	1258.24
21.8674	1266.99
21.8732	1269.19
21.879	1264.07
21.8848	1261.88
21.8906	1261.88
21.8964	1261.15
21.9022	1265.53
21.908	1272.86
21.9138	1275.07
21.9196	1263.34
21.9254	1307.14
21.9312	1266.99
21.9371	1266.99
21.9429	1243.07
21.9487	1261.88
21.9545
21.9603
21.9661
21.9719
21.9777
21.9835
21.9893
21.9951
22.0009
22.0067
22.0125
22.0183
22.0241
22.0299
22.0357
22.0415
22.0473
22.0532
22.059
22.0648
22.0706
22.0764
22.0822
22.088
22.0938
22.0996
22.1054
22.1112
22.117
22.1228
22.1286
22.1344
22.1402
22.146
22.1518
22.1576
22.1634
22.1693
22.1751
22.1809
22.1867
22.1925
22.1983
22.2041
22.2099
22.2157
22.2215
22.2273
22.2331
22.2389
22.2447
22.2505
22.2563
22.2621
22.2679
22.2737
22.2795
22.2854
22.2912
22.297
22.3028
22.3086
22.3144
22.3202
22.326
22.3318
22.3376
22.3434
22.3492
22.355
22.3608
22.3666
22.3724
22.3782
22.384
22.3898
22.3956
22.4015
22.4073
22.4131
22.4189
22.4247
22.4305
22.4363
22.4421
22.4479
22.4537
22.4595
22.4653
22.4711
22.4769
22.4827
22.4885
22.4943
22.5001
22.5059
22.5117
22.5176
22.5234
22.5292
22.535
22.5408
22.5466
22.5524
22.5582
22.564
22.5698
22.5756
22.5814
22.5872
22.593
22.5988
22.6046
22.6104
22.6162
22.622
22.6278
22.6336
22.6395
22.6453
22.6511
22.6569
22.6627
22.6685
22.6743
22.6801
22.6859
22.6917
22.6975
22.7033
22.7091
22.7149
22.7207
22.7265
22.7323
22.7381
22.7439
22.7498
22.7556
22.7614
22.7672
22.773
22.7788
22.7846
22.7904
22.7962
22.802
22.8078
22.8136
22.8194
22.8252
22.831
22.8368
22.8426
22.8484
22.8542
22.86
22.8659
22.8717
22.8775
22.8833
22.8891
22.8949
22.9007
22.9065
22.9123
22.9181
22.9239
22.9297
22.9355
22.9413
22.9471
22.9529
22.9587
22.9645
22.9703
22.9761
22.9819
22.9878
22.9936
22.9994
23.0052
23.011
23.0168
23.0226
23.0284
23.0342
23.04
23.0458
23.0516
23.0574
23.0632
23.069
23.0748
23.0806
23.0864
23.0922
23.098
23.1039
23.1097
23.1155
23.1213
23.1271
23.1329
23.1387
23.1445
23.1503
23.1561
23.1619
23.1677
23.1735
23.1793
23.1851
23.1909
23.1967
23.2025
23.2083
23.2141
23.22
23.2258
23.2316
23.2374
23.2432
23.249
23.2548
23.2606
23.2664
23.2722
23.278
23.2838
23.2896
23.2954
23.3012
23.307
23.3128
23.3186
23.3244
23.3302
23.3361
23.3419
23.3477
23.3535
23.3593
23.3651
23.3709
23.3767
23.3825
23.3883
23.3941
23.3999
23.4057
23.4115
23.4173
23.4231
23.4289
23.4347
23.4405
23.4463
23.4522
23.458
23.4638
23.4696
23.4754
23.4812
23.487
23.4928
23.4986
23.5044
23.5102
23.516
23.5218
23.5276
23.5334
23.5392
23.545
23.5508
23.5566
23.5624
23.5683
23.5741
23.5799
23.5857
23.5915
23.5973
23.6031
23.6089
23.6147
23.6205
23.6263
23.6321
23.6379
23.6437
23.6495
23.6553
23.6611
23.6669
23.6727
23.6785
23.6844
23.6902
23.696
23.7018
23.7076
23.7134
23.7192
23.725
23.7308
23.7366
23.7424
23.7482
23.754
23.7598
23.7656
23.7714
23.7772
23.783
23.7888
23.7946
23.8005
23.8063
23.8121
23.8179
23.8237
23.8295
23.8353
23.8411
23.8469
23.8527
23.8585
23.8643
23.8701
23.8759
23.8817
23.8875
23.8933
23.8991
23.9049
23.9107
23.9166
23.9224
23.9282
23.934
23.9398
23.9456
23.9514
23.9572
23.963
23.9688
23.9746
23.9804
23.9862
23.992
23.9978
24.0036
24.0094
24.0152
24.021
24.0268
24.0327
24.0385
24.0443
24.0501
24.0559
24.0617
24.0675
24.0733
24.0791
24.0849
24.0907
24.0965
24.1023
24.1081
24.1139
24.1197
24.1255
24.1313
24.1371
24.1429
24.1488
24.1546
24.1604
24.1662
24.172
24.1778
24.1836
24.1894
24.1952
24.201
24.2068
24.2126
24.2184
24.2242
24.23
24.2358
24.2416
24.2474
24.2532
24.259
24.2649
24.2707
24.2765
24.2823
24.2881
24.2939
24.2997
24.3055
24.3113
24.3171
24.3229
24.3287
24.3345
24.3403
24.3461
24.3519
24.3577
24.3635
24.3693
24.3751
24.381
24.3868
24.3926
24.3984
24.4042
24.41
24.4158
24.4216
24.4274
24.4332
24.439
24.4448
24.4506
24.4564
24.4622
24.468
24.4738
24.4796
24.4854
24.4912
24.4971
24.5029
24.5087
24.5145
24.5203
24.5261
24.5319
24.5377
24.5435
24.5493
24.5551
24.5609
24.5667
24.5725
24.5783
24.5841
24.5899
24.5957
24.6015
24.6073
24.6132
24.619
24.6248
24.6306
24.6364
24.6422
24.648
24.6538
24.6596
24.6654
24.6712
24.677
24.6828
24.6886
24.6944
24.7002
24.706
24.7118
24.7176
24.7234
24.7293
24.7351
24.7409
24.7467
24.7525
24.7583
24.7641
24.7699
24.7757
24.7815
24.7873
24.7931
24.7989
24.8047
24.8105
24.8163
24.8221
24.8279
24.8337
24.8395
24.8454
24.8512
24.857
24.8628
24.8686
24.8744
24.8802
24.886
24.8918
24.8976
24.9034
24.9092
24.915
24.9208
24.9266
24.9324
24.9382
24.944
24.9498
24.9556
24.9615
24.9673
24.9731
24.9789
24.9847
24.9905
24.9963
25.0021
25.0079
25.0137
25.0195
25.0253
25.0311
25.0369
25.0427
25.0485
25.0543
25.0601
25.0659
25.0717
25.0776
25.0834
25.0892
25.095
25.1008
25.1066
25.1124
25.1182
25.124
25.1298
25.1356
25.1414
25.1472
25.153
25.1588
25.1646
25.1704
25.1762
25.182
25.1878
25.1937
25.1995
25.2053
25.2111
25.2169
25.2227
25.2285
25.2343
25.2401
25.2459
25.2517
25.2575
25.2633
25.2691
25.2749
25.2807
25.2865	607.691
25.2923	611.211
25.2981	611.564
25.3039	611.917
25.3097	603.493
25.3156	606.288
25.3214	608.393
25.3272	608.393
25.333	608.744
25.3388	609.448
25.3446	610.153
25.3504	615.462
25.3562	613.333
25.362	612.979
25.3678	615.818
25.3736	617.599
25.3794	616.174
25.3852	614.752
25.391	615.818
25.3968	619.385
25.4026	635.329
25.4084	642.34
25.4142	637.535
25.42	653.19
25.4258	668.844
25.4317	628.394
25.4375	628.394
25.4433	663.841
25.4491	676.225
25.4549	677.398
25.4607
25.4665
25.4723
25.4781
25.4839
25.4897
25.4955
25.5013
25.5071	440.509
25.5129	425.258
25.5187	396.321	396.321
25.5245	399.77	399.77
25.5303	399.078	399.078
25.5361	407.463	410.061
25.542	391.091	431.692
25.5478	384.372	423.053
25.5536	380.616	425.012
25.5594	392.675	419.888
25.5652	385.929	422.808
25.571	390.865	423.542
25.5768	393.584	424.276
25.5826	392.675	423.053
25.5884	401.622	413.151
25.5942	406.054	406.523
25.6	407.699	407.463
25.6058	409.824	409.114
25.6116	408.878	408.642
25.6174	407.228	407.463
25.6232	403.249	403.715
25.629	398.847	398.617
25.6348	396.092	400.695
25.6406	402.086	402.086
25.6464	400.463
25.6522	397.467
25.658	394.494
25.6639	392.902
25.6697	395.864
25.6755	397.697
25.6813	395.864
25.6871	397.238
25.6929	394.95
25.6987	394.95
25.7045	393.356
25.7103	394.95
25.7161	398.617
25.7219	399.078
25.7277	396.321
25.7335	395.178
25.7393	392.222	495.312
25.7451	389.738	508.355
25.7509	390.865	502.516
25.7567	390.865	515.749
25.7625	388.838	497.893
25.7683	396.779	508.649
25.7741	395.635	518.438
25.78	391.091	517.241
25.7858	391.995	512.483
25.7916	388.838	510.415
25.7974	391.769	506.889
25.8032	394.039	499.333
25.809	389.288	493.028
25.8148	387.046	489.623
25.8206	384.15	494.169
25.8264	377.115	489.34
25.8322	385.929	504.552
25.838	385.929	506.889
25.8438	391.543	495.884
25.8496	391.091	483.44
25.8554	389.288	485.118
25.8612	382.6	490.755
25.867	387.493	497.031
25.8728	395.864	500.778
25.8786	389.963	509.826
25.8844	377.333	500.199
25.8902	388.614	477.06
25.8961	484.838
25.9019	488.211
25.9077	494.169
25.9135	482.882
25.9193	499.333
25.9251	490.755
25.9309	502.226
25.9367	497.893
25.9425	480.656
25.9483	499.911
25.9541	480.378
25.9599	498.181
25.9657	497.606
25.9715	495.598
25.9773	482.882	388.165
25.9831	472.671	387.269
25.9889	461.875	388.389
25.9947	462.944	389.963
26.0005	450.024	389.513
26.0063	456.043	391.995
26.0122	448.209	398.387
26.018	438.224	395.407
26.0238	421.102	412.674
26.0296	393.584	410.535
26.0354	412.913
26.0412	414.346
26.047	411.484
26.0528	403.948
26.0586	399.308
26.0644	402.783
26.0702	405.351
26.076	406.993
26.0818	404.649
26.0876	405.117
26.0934	404.182
26.0992	400.926
26.105	399.539
26.1108	396.092
26.1166	400.695
26.1224	392.449
26.1283	390.639
26.1341	390.639
26.1399	389.963
26.1457	387.717
26.1515	384.372
26.1573	382.158
26.1631	381.938
26.1689	383.928
26.1747	384.15
26.1805	381.056
26.1863	376.462
26.1921	376.462
26.1979	378.643
26.2037	377.987
26.2095	378.643
26.2153	374.294
26.2211	368.714
26.2269	367.227
26.2327	376.244
26.2385	378.643
26.2444	374.943
26.2502	373.861
26.256	373.861
26.2618	372.138
26.2676	368.501
26.2734	368.714
26.2792	370.422
26.285	367.651
26.2908	367.863
26.2966	364.901
26.3024	364.69
26.3082	367.227
26.314	369.354
26.3198	369.354
26.3256	371.065
26.3314	363.428
26.3372	361.126
26.343	359.669	705.349
26.3488	356.155	711.898
26.3546	354.922	708.616
26.3605	355.949	703.315
26.3663	347.819	696.845
26.3721	344.221	687.251
26.3779	341.252	679.357
26.3837	335.389	676.616
26.3895	328.297	670.779
26.3953	344.619	666.53
26.4011	341.844	660.017
26.4069	334.422	664.608
26.4127	332.496	665.376
26.4185	328.108	659.255
26.4243	323.591	658.494
26.4301	340.071	685.269
26.4359	330.772	682.504
26.4417	312.929	688.045
26.4475	308.621	698.456
26.4533	303.494	734.453
26.4591	691.631
26.4649	671.166
26.4707
26.4766
26.4824
26.4882
26.494
26.4998
26.5056
26.5114
26.5172
26.523
26.5288
26.5346
26.5404
26.5462
26.552
26.5578
26.5636
26.5694
26.5752
26.581
26.5868
26.5927
26.5985
26.6043
26.6101
26.6159
26.6217
26.6275
26.6333
26.6391
26.6449
26.6507
26.6565
26.6623
26.6681
26.6739
26.6797
26.6855
26.6913
26.6971
26.7029
26.7088
26.7146
26.7204
26.7262
26.732
26.7378
26.7436
26.7494
26.7552
26.761
26.7668
26.7726
26.7784
26.7842
26.79
26.7958
26.8016
26.8074
26.8132
26.819
26.8249
26.8307
26.8365
26.8423
26.8481
26.8539
26.8597
26.8655
26.8713
26.8771
26.8829
26.8887
26.8945
26.9003
26.9061
26.9119
26.9177
26.9235
26.9293
26.9351
26.941
26.9468
26.9526
26.9584
26.9642
26.97
26.9758
26.9816
26.9874
26.9932
26.999
27.0048
27.0106
27.0164
27.0222
27.028
27.0338
27.0396
27.0454
27.0512
27.0571
27.0629
27.0687
27.0745
27.0803
27.0861
27.0919
27.0977
27.1035
27.1093
27.1151
27.1209
27.1267
27.1325
27.1383
27.1441
27.1499
27.1557
27.1615
27.1673
27.1732
27.179
27.1848
27.1906
27.1964
27.2022
27.208
27.2138
27.2196
27.2254
27.2312
27.237
27.2428
27.2486
27.2544
27.2602
27.266
27.2718
27.2776
27.2834
27.2893
27.2951
27.3009
27.3067
27.3125
27.3183
27.3241
27.3299
27.3357
27.3415
27.3473
27.3531
27.3589
27.3647
27.3705
27.3763
27.3821
27.3879
27.3937
27.3995
27.4054
27.4112
27.417
27.4228
27.4286
27.4344
27.4402
27.446
27.4518
27.4576
27.4634
27.4692
27.475
27.4808
27.4866
27.4924
27.4982
27.504
27.5098
27.5156
27.5215
27.5273
27.5331
27.5389
27.5447
27.5505
27.5563
27.5621
27.5679
27.5737
27.5795
27.5853
27.5911
27.5969
27.6027
27.6085
27.6143
27.6201
27.6259
27.6317
27.6376
27.6434
27.6492
27.655
27.6608
27.6666
27.6724
27.6782
27.684
27.6898
27.6956
27.7014
27.7072
27.713
27.7188
27.7246
27.7304
27.7362
27.742
27.7478
27.7537
27.7595
27.7653
27.7711
27.7769
27.7827
27.7885
27.7943
27.8001
27.8059
27.8117
27.8175
27.8233
27.8291
27.8349
27.8407
27.8465
27.8523
27.8581
27.8639
27.8698
27.8756
27.8814
27.8872
27.893
27.8988
27.9046
27.9104
27.9162
27.922
27.9278
27.9336
27.9394
27.9452
27.951
27.9568
27.9626
27.9684
27.9742
27.98
27.9858
27.9917
27.9975
28.0033
28.0091
28.0149
28.0207
28.0265
28.0323
28.0381
28.0439
28.0497
28.0555
28.0613
28.0671
28.0729
28.0787
28.0845
28.0903
28.0961
28.1019
28.1078
28.1136
28.1194
28.1252
28.131
28.1368
28.1426
28.1484
28.1542
28.16
28.1658
28.1716
28.1774
28.1832
28.189
28.1948
28.2006
28.2064
28.2122
28.2181
28.2239
28.2297
28.2355
28.2413
28.2471
28.2529
28.2587
28.2645
28.2703
28.2761
28.2819
28.2877
28.2935
28.2993
28.3051
28.3109
28.3167
28.3225
28.3283
28.3341
28.34
28.3458
28.3516
28.3574
28.3632
28.369
28.3748
28.3806
28.3864
28.3922
28.398
28.4038
28.4096
28.4154
28.4212
28.427
28.4328
28.4386
28.4444
28.4502
28.4561
28.4619
28.4677
28.4735
28.4793
28.4851
28.4909
28.4967
28.5025
28.5083
28.5141
28.5199
28.5257
28.5315
28.5373
28.5431
28.5489
28.5547
28.5605
28.5663
28.5722
28.578
28.5838
28.5896
28.5954
28.6012
28.607
28.6128
28.6186
28.6244
28.6302
28.636
28.6418
28.6476
28.6534
28.6592
28.665
28.6708
28.6766
28.6824
28.6883
28.6941
28.6999
28.7057
28.7115
28.7173
28.7231
28.7289
28.7347
28.7405
28.7463
28.7521
28.7579
28.7637
28.7695
28.7753
28.7811
28.7869
28.7927
28.7985
28.8044
28.8102
28.816
28.8218
28.8276
28.8334
28.8392
28.845
28.8508
28.8566
28.8624
28.8682
28.874
28.8798
28.8856
28.8914
28.8972
28.903
28.9088
28.9146
28.9205
28.9263
28.9321
28.9379
28.9437
28.9495
28.9553
28.9611
28.9669
28.9727
28.9785
28.9843
28.9901
28.9959
29.0017
29.0075
29.0133
29.0191
29.0249
29.0307
29.0366
29.0424
29.0482
29.054
29.0598
29.0656
29.0714
29.0772
29.083
29.0888
29.0946
29.1004
29.1062
29.112
29.1178
29.1236
29.1294
29.1352
29.141
29.1468
29.1527	858.412
29.1585	839.29
29.1643	806.032
29.1701	795.854
29.1759	794.476
29.1817	784.444
29.1875	776.779
29.1933	771.859
29.1991	774.986
29.2049	774.091
29.2107	773.644
29.2165	766.97
29.2223	783.991
29.2281	803.707
29.2339	766.97
29.2397	781.73
29.2455	776.33
29.2513	805.566
29.2571	798.156
29.2629	802.779
29.2688	758.599
29.2746	746.428
29.2804	764.758
29.2862	745.566
29.292	747.723
29.2978	754.665
29.3036	777.228
29.3094	780.827
29.3152	760.793
29.321	744.706
29.3268	756.411	175.322
29.3326	766.527	176.032
29.3384	767.857	177.461
29.3442	776.33	176.745
29.35	813.516	173.208
29.3558	766.084	169.839
29.3616	765.2	168.959
29.3674	747.291	168.471
29.3732	783.538	166.44
29.379	164.719
29.3849	162.17
29.3907	166.248
29.3965	159.2
29.4023	156.013	771.859
29.4081	153.422	776.779
29.4139	158.009	779.475
29.4197	163.203	772.751
29.4255	168.277	770.077
29.4313	176.643	764.317
29.4371	176.745	762.112
29.4429	179.523	760.793	378.424
29.4487	761.232	359.461
29.4545	735.302	361.335
29.4603	700.477	360.501
29.4661	712.721	361.962
29.4719	726.856	363.848
29.4777	731.489	366.167
29.4835	731.912	366.379
29.4893	733.605	368.927
29.4951	735.727	369.781
29.501	748.587	371.708
29.5068	765.2	371.708
29.5126	749.885	371.493
29.5184	753.359	373.861
29.5242	748.155	376.027
29.53	767.857	380.616
29.5358	771.413	380.616
29.5416	768.744	382.821
29.5474	774.091	385.039
29.5532	777.228	388.165
29.559	780.827	388.838
29.5648	787.622	388.838
29.5706	781.279	388.614
29.5764	779.025	390.639
29.5822	777.677	390.414
29.588	781.279	390.414
29.5938	777.228	390.865
29.5996	773.197	387.046
29.6054	766.97	388.614
29.6112	783.991	393.811
29.6171	781.279	392.675
29.6229	781.279	391.317
29.6287	779.025	390.188
29.6345	777.677	389.738
29.6403	779.475	387.941
29.6461	774.538	387.493
29.6519	769.633	384.372
29.6577	764.317	382.379
29.6635	764.758	383.042
29.6693	766.527	385.707
29.6751	768.3	387.269
29.6809	765.642	385.929
29.6867	758.599	379.518
29.6925	757.723	377.987
29.6983	755.101	376.897
29.7041	758.161	377.551
29.7099	757.285	376.462
29.7157	755.974	375.376
29.7215	754.229	377.115
29.7273	751.186	373.645
29.7332	737.429	372.138
29.739	733.605	371.493
29.7448	755.101	377.333
29.7506	747.723	374.077
29.7564	737.855	368.501
29.7622	719.754	363.009
29.768	707.389	369.994
29.7738	708.207	362.589
29.7796	713.133	358.425
29.7854	694.835	348.422
29.7912	693.231	346.415
29.797	698.86	347.819
29.8028	698.86	349.632
29.8086	678.965	343.229
29.8144	670.391	334.229
29.8202	667.301	333.073
29.826	660.78	330.581
29.8318	665.376	325.465
29.8376	666.145	327.351
29.8434	669.617	344.023
29.8493	688.841	348.825
29.8551	707.389	353.899
29.8609	705.756	360.085
29.8667	381.276
29.8725	381.056
29.8783	382.821
29.8841	380.396
29.8899	383.485
29.8957	376.897
29.9015	376.897
29.9073	376.897
29.9131	349.43
29.9189
29.9247
29.9305
29.9363
29.9421
29.9479
29.9537
29.9595
29.9654
29.9712
29.977
29.9828
29.9886
29.9944
30.0002
30.006
30.0118
30.0176
30.0234
30.0292
30.035
30.0408
30.0466
