0
0.00580499
0.01161
0.017415
0.02322
0.0290249
0.0348299
0.0406349
0.0464399
0.0522449
0.0580499
0.0638549
0.0696599
0.0754649
0.0812698
0.0870748
0.0928798
0.0986848
0.10449
0.110295
0.1161
0.121905
0.12771
0.133515
0.13932
0.145125
0.15093
0.156735
0.16254
0.168345
0.17415
0.179955
0.18576
0.191565
0.19737
0.203175
0.20898
0.214785
0.22059
0.226395
0.2322
0.238005
0.24381
0.249615
0.255419
0.261224
0.267029
0.272834
0.278639
0.284444
0.290249
0.296054
0.301859
0.307664
0.313469
0.319274
0.325079
0.330884
0.336689
0.342494
0.348299
0.354104
0.359909	338.895
0.365714	340.661
0.371519	343.229
0.377324	334.615
0.383129	329.818
0.388934	344.818
0.394739	355.538
0.400544	337.527
0.406349	337.527
0.412154	352.471
0.417959	352.471
0.423764	352.471
0.429569
0.435374
0.441179
0.446984
0.452789
0.458594
0.464399
0.470204
0.476009
0.481814
0.487619
0.493424
0.499229
0.505034
0.510839
0.516644
0.522449
0.528254
0.534059
0.539864
0.545669
0.551474
0.557279
0.563084
0.568889
0.574694
0.580499
0.586304
0.592109
0.597914
0.603719
0.609524
0.615329
0.621134
0.626939
0.632744
0.638549
0.644354
0.650159
0.655964
0.661769
0.667574
0.673379
0.679184
0.684989
0.690794
0.696599
0.702404
0.708209
0.714014
0.719819
0.725624
0.731429
0.737234
0.743039
0.748844
0.754649
0.760454
0.766258
0.772063
0.777868
0.783673
0.789478
0.795283
0.801088
0.806893
0.812698
0.818503
0.824308
0.830113
0.835918
0.841723
0.847528
0.853333
0.859138
0.864943
0.870748
0.876553
0.882358
0.888163
0.893968
0.899773
0.905578
0.911383
0.917188
0.922993
0.928798
0.934603
0.940408
0.946213
0.952018
0.957823
0.963628
0.969433
0.975238
0.981043
0.986848
0.992653
0.998458
1.00426
1.01007
1.01587
1.02168
1.02748
1.03329
1.03909
1.0449
1.0507
1.05651
1.06231
1.06812
1.07392
1.07973
1.08553
1.09134
1.09714
1.10295
1.10875
1.11456
1.12036
1.12617
1.13197
1.13778
1.14358
1.14939
1.15519
1.161
1.1668
1.17261
1.17841
1.18422
1.19002
1.19583
1.20163
1.20744
1.21324
1.21905
1.22485
1.23066
1.23646
1.24227
1.24807
1.25388
1.25968
1.26549
1.27129
1.2771
1.2829
1.28871
1.29451
1.30032
1.30612
1.31193
1.31773
1.32354
1.32934
1.33515
1.34095
1.34676
1.35256
1.35837
1.36417
1.36998
1.37578
1.38159
1.38739
1.3932
1.399
1.40481
1.41061
1.41642
1.42222
1.42803
1.43383
1.43964
1.44544
1.45125
1.45705
1.46286
1.46866
1.47447
1.48027
1.48608
1.49188
1.49769
1.50349
1.5093
1.5151
1.52091
1.52671
1.53252
1.53832
1.54413
1.54993
1.55574
1.56154
1.56735
1.57315
1.57896
1.58476
1.59057
1.59637
1.60218
1.60798
1.61379
1.61959
1.6254
1.6312
1.63701
1.64281
1.64862
1.65442
1.66023
1.66603
1.67184
1.67764
1.68345
1.68925
1.69506
1.70086
1.70667
1.71247
1.71828
1.72408
1.72989
1.73569
1.7415
1.7473
1.75311
1.75891
1.76472
1.77052
1.77633
1.78213
1.78794
1.79374
1.79955
1.80535
1.81116
1.81696
1.82277
1.82857
1.83438
1.84018
1.84599
1.85179
1.8576
1.8634
1.86921
1.87501
1.88082
1.88662
1.89243
1.89823
1.90404
1.90984
1.91565
1.92145
1.92726
1.93306
1.93887
1.94467
1.95048
1.95628
1.96209
1.96789
1.9737
1.9795
1.98531
1.99111
1.99692
2.00272
2.00853
2.01433
2.02014
2.02594
2.03175
2.03755
2.04336
2.04916
2.05497
2.06077
2.06658
2.07238
2.07819
2.08399
2.0898
2.0956
2.10141
2.10721
2.11302
2.11882
2.12463
2.13043
2.13624
2.14204
2.14785
2.15365
2.15946
2.16526
2.17107
2.17687
2.18268
2.18848
2.19429
2.20009
2.2059
2.2117
2.21751
2.22331
2.22912
2.23492
2.24073
2.24653
2.25234
2.25814
2.26395
2.26975
2.27556
2.28136
2.28717
2.29297
2.29878
2.30458
2.31039
2.31619
2.322
2.3278
2.33361
2.33941
2.34522
2.35102
2.35683
2.36263
2.36844
2.37424
2.38005
2.38585
2.39166
2.39746
2.40327
2.40907
2.41488
2.42068
2.42649
2.43229
2.4381
2.4439
2.44971
2.45551
2.46132
2.46712
2.47293
2.47873
2.48454
2.49034
2.49615
2.50195
2.50776
2.51356
2.51937
2.52517
2.53098
2.53678
2.54258
2.54839
2.55419
2.56
2.5658
2.57161
2.57741
2.58322
2.58902
2.59483
2.60063
2.60644
2.61224
2.61805
2.62385
2.62966
2.63546
2.64127
2.64707
2.65288
2.65868
2.66449
2.67029
2.6761
2.6819
2.68771
2.69351
2.69932
2.70512
2.71093
2.71673
2.72254
2.72834
2.73415
2.73995
2.74576
2.75156
2.75737
2.76317
2.76898
2.77478
2.78059
2.78639
2.7922
2.798
2.80381
2.80961	370.208
2.81542	353.082
2.82122	360.709
2.82703	351.251
2.83283	333.073
2.83864	331.346
2.84444	345.416
2.85025	352.267
2.85605
2.86186
2.86766
2.87347
2.87927
2.88508
2.89088
2.89669
2.90249
2.9083
2.9141
2.91991
2.92571
2.93152
2.93732
2.94313
2.94893
2.95474
2.96054
2.96635
2.97215
2.97796
2.98376
2.98957
2.99537
3.00118
3.00698
3.01279
3.01859
3.0244
3.0302
3.03601
3.04181
3.04762
3.05342
3.05923
3.06503
3.07084
3.07664
3.08245
3.08825
3.09406
3.09986
3.10567
3.11147
3.11728
3.12308
3.12889
3.13469
3.1405
3.1463
3.15211
3.15791
3.16372
3.16952
3.17533
3.18113
3.18694
3.19274
3.19855
3.20435
3.21016
3.21596
3.22177
3.22757
3.23338
3.23918
3.24499
3.25079
3.2566
3.2624
3.26821
3.27401
3.27982
3.28562
3.29143
3.29723
3.30304
3.30884
3.31465
3.32045
3.32626
3.33206
3.33787
3.34367
3.34948
3.35528
3.36109
3.36689
3.3727
3.3785
3.38431
3.39011
3.39592
3.40172
3.40753
3.41333
3.41914
3.42494
3.43075
3.43655
3.44236
3.44816
3.45397
3.45977
3.46558
3.47138
3.47719
3.48299
3.4888
3.4946
3.50041
3.50621
3.51202
3.51782
3.52363
3.52943
3.53524
3.54104
3.54685
3.55265
3.55846
3.56426
3.57007
3.57587
3.58168
3.58748
3.59329
3.59909
3.6049
3.6107
3.61651
3.62231
3.62812
3.63392
3.63973
3.64553
3.65134
3.65714
3.66295
3.66875
3.67456
3.68036
3.68617
3.69197
3.69778
3.70358
3.70939
3.71519
3.721
3.7268
3.73261
3.73841
3.74422
3.75002
3.75583
3.76163
3.76744
3.77324
3.77905
3.78485
3.79066
3.79646
3.80227
3.80807
3.81388
3.81968
3.82549
3.83129
3.8371	302.444
3.8429	302.619
3.84871	304.021
3.85451	305.959
3.86032	305.782
3.86612	307.731
3.87193	308.087
3.87773	308.978
3.88354	308.443
3.88934	310.23
3.89515	307.376
3.90095	309.693
3.90676	321.913
3.91256	315.47
3.91837	305.605
3.92417	308.799
3.92998	302.27	321.913
3.93578	296.22	328.487
3.94159	310.947	328.677
3.94739	310.947	327.918
3.9532	310.947	325.841
3.959	324.902
3.96481	324.152
3.97061	322.471
3.97642	319.874
3.98222	320.244
3.98803	321.727
3.99383	323.591
3.99964	326.407
4.00544	328.677
4.01125	331.346
4.01705	333.458
4.02286	335.583
4.02866	337.137
4.03447	338.503
4.04027	341.449
4.04608	344.619
4.05188	347.618
4.05769	351.048
4.06349	355.538
4.0693	359.669
4.0751	364.479
4.08091	368.289
4.08671	372.138
4.09252	375.159
4.09832	377.115
4.10413	378.643
4.10993	379.299
4.11574	379.957
4.12154	380.177
4.12735	381.056
4.13315	381.717
4.13896	382.379
4.14476	383.042
4.15057	383.928
4.15637	384.816
4.16218	385.484
4.16798	386.152
4.17379	386.375
4.17959	386.599
4.1854	384.816
4.1912	383.928
4.19701	381.938
4.20281	383.485
4.20862	383.707
4.21442	383.042
4.22023	380.396
4.22603	381.938
4.23184	383.485
4.23764	382.821
4.24345	382.6
4.24925	381.276
4.25506	380.177
4.26086	380.616
4.26667	382.6
4.27247	382.379
4.27828	380.836	410.297
4.28408	403.482
4.28989	383.707
4.29569	385.261
4.3015	381.717
4.3073	387.493
4.31311	397.238
4.31891	399.078
4.32472	393.584
4.33052	391.769
4.33633	391.091
4.34213	388.165
4.34794	379.08
4.35374	382.379
4.35955	386.152
4.36535	385.929
4.37116	383.707
4.37696	383.707	355.949
4.38277	383.707	341.646
4.38857	380.396	349.834
4.39438	377.769	364.69
4.40018	368.714	370.208
4.40599	371.708	371.279
4.41179	377.115	372.568
4.4176	364.479	370.422
4.4234	363.848	365.111
4.42921	362.171	361.544
4.43501	359.254	359.046
4.44082	358.011	355.538
4.44662	356.772	355.333
4.45243	354.308	354.103
4.45823	353.694
4.46404	356.772
4.46984	355.333
4.47565	356.155
4.48145	356.772
4.48726	357.804
4.49306	358.839
4.49887	362.171
4.50467	363.428
4.51048	364.479
4.51628	366.803
4.52209	368.501
4.52789	369.567
4.5337	370.208
4.5395	371.493
4.54531	372.138
4.55111	371.923
4.55692	371.493
4.56272	371.279
4.56853	372.783
4.57433	373.861
4.58014	375.159
4.58594	376.897
4.59175	377.769
4.59755	378.424
4.60336	379.518
4.60916	379.957
4.61497	379.738
4.62077	379.518
4.62658	378.424
4.63238	376.897
4.63819	374.726
4.64399	371.923
4.6498	370.422
4.6556	370.85
4.66141	371.493
4.66721	371.923
4.67302	372.783
4.67882	374.077
4.68463	374.726
4.69043	374.943
4.69624	376.679
4.70204	378.643
4.70785	379.299
4.71365	380.616
4.71946	383.264
4.72526	385.707
4.73107
4.73687
4.74268
4.74848
4.75429
4.76009
4.7659
4.7717
4.77751
4.78331
4.78912	481.767
4.79492	473.491
4.80073	475.684
4.80653	488.493
4.81234	477.611
4.81814	469.135
4.82395	467.242
4.82975	469.949
4.83556	470.22
4.84136	468.594
4.84717	464.551
4.85297	454.465
4.85878	444.599
4.86458	434.695
4.87039	427.227
4.87619	419.645
4.882	412.436
4.8878	406.288
4.89361	401.854
4.89941	400.695
4.90522	400.926
4.91102	402.086
4.91683	404.883
4.92263	408.406
4.92844	411.96
4.93424	416.987
4.94005	420.616
4.94585	424.521
4.95166	428.71
4.95746	433.191
4.96327	436.708
4.96907	440.509
4.97487	443.316
4.98068	445.37
4.98649	448.467
4.99229	451.587
4.9981	455.254
5.0039	458.95
5.00971	464.551
5.01551	469.949
5.02132	475.959
5.02712	477.887
5.03293	476.234
5.03873	472.125
5.04454	469.406
5.05034	470.764
5.05615	467.782
5.06195	464.551
5.06776	464.015
5.07356	462.676
5.07936
5.08517
5.09097
5.09678
5.10258	472.125
5.10839	470.764
5.11419	465.895
5.12	451.587
5.1258	444.085
5.13161	434.444
5.13741	434.193
5.14322	433.441
5.14902	431.194
5.15483	427.721
5.16063	425.503
5.16644	423.542
5.17225	421.833
5.17805	420.373
5.18385	421.345
5.18966	422.564
5.19546	423.542
5.20127	425.012
5.20707	425.258
5.21288	425.749
5.21868	424.276
5.22449	429.454
5.23029	432.191
5.2361	433.692
5.2419	431.942
5.24771	419.403
5.25351	407.699
5.25932
5.26512	421.833
5.27093	423.297
5.27673	419.161
5.28254	415.065
5.28834	413.39
5.29415	409.824
5.29995	405.819
5.30576	392.449
5.31156	383.485
5.31737	386.822
5.32317	384.372
5.32898	383.928
5.33478	383.042
5.34059	381.717
5.34639	385.484
5.3522	384.372
5.358	382.158
5.36381	386.152	380.177
5.36961	383.707	380.396
5.37542	383.707	376.027
5.38122	393.129	373.861
5.38703	374.726	373.645
5.39283	371.493	371.065
5.39864	369.141	369.141
5.40444	367.651	367.651
5.41025	365.956	365.956
5.41605	365.533	365.533
5.42186	364.901	365.111
5.42766	365.956	365.956
5.43347	368.076	367.651
5.43927	368.501
5.44508	369.781
5.45088	370.85
5.45669	374.726
5.46249	379.957
5.4683	384.816
5.4741	387.046
5.47991	385.261
5.48571	377.769
5.49152	372.568
5.49732	382.821
5.50313	387.046
5.50893
5.51474
5.52054
5.52635
5.53215
5.53796
5.54376
5.54957
5.55537
5.56118
5.56698
5.57279
5.57859
5.5844
5.5902
5.59601
5.60181
5.60762
5.61342
5.61923
5.62503
5.63084
5.63664
5.64245	378.643
5.64825	376.897
5.65406	376.897
5.65986	376.679
5.66567	376.679
5.67147	376.897
5.67728	377.551
5.68308	378.424
5.68889	379.738
5.69469	379.957
5.7005	380.836
5.7063	381.938
5.71211	382.379
5.71791	382.379
5.72372	381.717
5.72952	379.518
5.73533	373.861
5.74113	374.077
5.74694	378.861
5.75274	379.738
5.75855	384.372
5.76435	384.594
5.77016	384.15
5.77596	380.177
5.78177
5.78757
5.79338
5.79918
5.80499
5.81079
5.8166
5.8224	379.738
5.82821	382.158
5.83401	385.707
5.83982	387.046
5.84562	385.039
5.85143	391.091
5.85723	395.407
5.86304	400.926
5.86884	402.783
5.87465	401.39
5.88045	396.321
5.88626	391.317
5.89206	384.816
5.89787	378.643
5.90367	372.568
5.90948	370.208
5.91528	368.714
5.92109	368.501
5.92689	370.636
5.9327	374.294
5.9385	383.707
5.94431	403.948
5.95011	422.564
5.95592	434.946
5.96172	446.658
5.96753	451.848
5.97333	453.678
5.97914	448.986
5.98494	451.065
5.99075	448.467
5.99655	454.465
6.00236	468.864
6.00816	453.678
6.01397
6.01977
6.02558
6.03138
6.03719
6.04299
6.0488
6.0546
6.06041
6.06621	380.836
6.07202	382.821
6.07782	400.926
6.08363	420.373
6.08943	417.228
6.09524	416.747
6.10104	413.629
6.10685	413.151
6.11265	410.772
6.11846	408.17
6.12426	405.819
6.13007	400.463
6.13587	395.407
6.14168	394.039
6.14748	393.129
6.15329	392.222
6.15909	393.811
6.1649	396.092
6.1707	398.387
6.17651	402.551
6.18231	406.758
6.18812	409.114
6.19392	409.351
6.19973	401.158
6.20553	398.847
6.21134	405.117
6.21714	406.054
6.22295	390.865
6.22875
6.23456
6.24036
6.24617
6.25197
6.25778
6.26358
6.26939
6.27519
6.281
6.2868
6.29261
6.29841
6.30422
6.31002
6.31583
6.32163
6.32744	371.493
6.33324	370.85
6.33905	370.85
6.34485	369.567
6.35066	369.141
6.35646	368.289
6.36227	368.714
6.36807	367.227
6.37388	367.227
6.37968	367.439
6.38549	367.439
6.39129	369.354
6.3971	372.138
6.4029	374.51
6.40871	376.679
6.41451	376.679
6.42032	375.376
6.42612	373.43
6.43193	372.138
6.43773	368.289
6.44354	362.589
6.44934	355.949
6.45515	349.43
6.46095	341.646
6.46676	332.112
6.47256	323.778
6.47837	314.379
6.48417	304.724
6.48998	299.143
6.49578	292.48
6.50159	288.287
6.50739	285.8
6.5132	283.825
6.519	282.68
6.52481	282.843
6.53061	283.17
6.53642	284.318
6.54222	285.634
6.54803	286.626
6.55383	287.455
6.55964	287.954
6.56544	288.787
6.57125	289.957
6.57705	290.459
6.58286	289.957
6.58866	289.287
6.59447	289.622
6.60027	289.455
6.60608	289.287
6.61188	288.953
6.61769	288.453
6.62349	287.954
6.6293	287.455
6.6351	286.957
6.64091	286.626
6.64671	286.295
6.65252	285.634
6.65832	284.482
6.66413	283.17
6.66993	282.517
6.67574	282.028
6.68154	281.702
6.68735	281.539
6.69315	281.865
6.69896	282.354
6.70476	282.68
6.71057	283.007
6.71637	283.17
6.72218	282.843
6.72798	282.517
6.73379	282.191
6.73959	283.661
6.7454	283.498
6.7512	284.646
6.75701	284.482
6.76281	284.811
6.76862	284.811
6.77442	284.811
6.78023	286.13
6.78603	288.62	313.472
6.79184	290.124
6.79764	296.391
6.80345	299.835
6.80925	303.494	302.27
6.81506	306.844	306.666
6.82086	309.514	310.947
6.82667	314.379	312.929
6.83247	316.565
6.83828	320.244
6.84408	322.844
6.84989	323.217
6.85569	322.658
6.8615	320.799
6.8673	317.664
6.87311	314.379
6.87891	313.291
6.88472	322.844	290.124
6.89052	322.099	285.305
6.89633	319.874	281.214
6.90213	319.32	276.863
6.90794	317.481	273.051
6.91374	312.207	273.051
6.91955	307.909	270.695
6.92535	293.834	271.792
6.93116	275.427	273.209
6.93696	277.023	274.791
6.94277	277.824	277.023
6.94857	279.433	279.272
6.95438	281.214	281.214
6.96018	283.498	283.661
6.96599	286.295	286.461
6.97179	289.287	289.455
6.9776	291.636	291.805
6.9834	294.174
6.98921	295.195
6.99501	296.905
7.00082	298.625
7.00662	300.009
7.01243	303.319
7.01823	305.076
7.02404	304.9
7.02984	304.9
7.03565	305.429
7.04145	306.312
7.04726	307.198
7.05306	308.978
7.05887	310.588
7.06467	311.127
7.07048	311.847
7.07628	312.207
7.08209	312.388
7.08789	312.027
7.0937	312.207
7.0995	312.388
7.10531	312.929
7.11111	312.929
7.11692	312.929
7.12272	313.11
7.12853	312.749
7.13433	312.388
7.14014	312.388
7.14594	312.027
7.15175	311.487
7.15755	310.947
7.16336	309.693
7.16916	309.156
7.17497	313.653
7.18077	309.335
7.18658	307.021
7.19238	305.959
7.19819	307.021
7.20399	310.23
7.2098	309.156
7.2156	307.553
7.22141
7.22721
7.23302
7.23882
7.24463
7.25043
7.25624
7.26204
7.26785
7.27365	289.287
7.27946	289.287
7.28526	285.8
7.29107	283.334
7.29687	281.865
7.30268	280.08
7.30848	278.306
7.31429	277.343
7.32009	274.95
7.3259	272.263
7.3317	269.136
7.33751	265.431
7.34331	260.57
7.34912	255.946
7.35492	250.389
7.36073	245.378
7.36653	241.023
7.37234	237.293
7.37814	234.026
7.38395	232.947
7.38975	234.703
7.39556	236.472
7.40136	238.806
7.40717	241.023
7.41297	243.401
7.41878	242.279
7.42458	240.328
7.43039	240.05
7.43619	240.884
7.442	241.023
7.4478	241.999
7.45361	241.999
7.45941	241.58
7.46522	242.139
7.47102	240.467
7.47683	240.745
7.48263	239.22
7.48844
7.49424
7.50005
7.50585
7.51166
7.51746
7.52327
7.52907
7.53487
7.54068	292.142
7.54648	290.627
7.55229	290.459
7.55809	291.973
7.5639	292.311
7.56971	292.818
7.57551	293.326
7.58132	293.834
7.58712	294.174
7.59293	294.855
7.59873	295.025
7.60454	295.537
7.61034	296.563
7.61615	296.734
7.62195	297.077
7.62776	296.734
7.63356	295.878
7.63936	295.195
7.64517	293.665
7.65097	291.468
7.65678	289.287
7.66258	287.455
7.66839	285.14
7.67419	283.334
7.68	282.191
7.6858	281.052
7.69161	280.08
7.69741	280.403
7.70322	281.052
7.70902	283.17
7.71483	284.811
7.72063	285.965	577.907
7.72644	287.123	577.573
7.73224	289.957	580.583
7.73805	290.963	580.248
7.74385	290.627	580.583
7.74966	290.795	580.919
7.75546	290.963	581.59
7.76127	291.468	582.263
7.76707	291.805	583.61
7.77288	293.156	586.651
7.77868	293.834	587.33
7.78449	295.025	588.348
7.79029	298.453	597.596
7.7961	298.798	598.978
7.8019	299.316	599.671
7.80771	299.316	599.671
7.81351	299.316	598.287
7.81932	299.316	599.671
7.82512	297.249	593.125
7.83093	296.22	591.415
7.83673	297.249	589.369
7.84254	295.366	585.636
7.84834	292.987	585.974
7.85415	293.834	587.33
7.85995	294.004	587.669
7.86576	295.025	590.732
7.87156	296.905	593.468
7.87737	298.453	598.287
7.88317	297.936	598.632
7.88898	296.391	592.098
7.89478	289.455	580.583
7.90059	285.965	578.575
7.90639	282.68	574.247
7.9122	277.663	572.59
7.918	565.687
7.92381
7.92961
7.93542
7.94122
7.94703
7.95283
7.95864
7.96444
7.97025
7.97605	344.221
7.98186	338.308
7.98766	332.304
7.99347	326.03
7.99927	317.848
8.00508	315.106
8.01088	309.514
8.01669	306.135
8.02249	302.794
8.0283	299.662
8.0341	296.391
8.03991	294.174
8.04571	291.131
8.05152	288.62
8.05732	286.461
8.06313	284.646
8.06893	283.989
8.07474	283.007
8.08054	283.007
8.08635	283.17
8.09215	284.153
8.09796	284.811
8.10376	285.305
8.10957	286.461
8.11537	286.792
8.12118	286.792
8.12698	289.287
8.13279	286.295
8.13859	289.455
8.1444	284.153
8.1502	283.007
8.15601	286.13
8.16181	286.792
8.16762
8.17342
8.17923
8.18503
8.19084
8.19664
8.20245
8.20825
8.21406
8.21986
8.22567
8.23147
8.23728
8.24308
8.24889
8.25469
8.2605	194.419
8.2663	190.969
8.27211	188.775
8.27791	187.688
8.28372	187.039
8.28952	186.284
8.29533	186.069
8.30113	186.607
8.30694	186.715
8.31274	186.607
8.31855	186.823
8.32435	186.284
8.33016	185.747
8.33596	185.425
8.34177	185.318
8.34757	185.211
8.35338	185.854
8.35918	186.607	373.861
8.36499	187.363	374.077
8.37079	188.448	376.462
8.3766	189.54	378.424
8.3824	189.979	379.299
8.38821	190.198	381.276
8.39401	190.198	380.836
8.39982	190.418	381.717
8.40562	190.859	381.717
8.41143	190.859	381.717
8.41723	190.638	381.276
8.42304	190.308	380.396
8.42884	190.198	379.957
8.43465	189.979	379.518
8.44045	189.869	379.518
8.44626	189.759	379.738
8.45206	189.759	378.861
8.45787	189.759	378.643
8.46367	189.759	378.643
8.46948	190.088	379.518
8.47528	190.418	380.396
8.48109	190.969	381.276
8.48689	190.969	381.276
8.4927	190.418	381.497
8.4985	189.979	380.616
8.50431	189.54	380.177
8.51011	190.088	380.616
8.51592	190.528	381.497
8.52172	191.411	382.821
8.52753	191.853	384.594
8.53333	192.075	385.039
8.53914	192.297	385.039
8.54494	192.408	384.816
8.55075	192.408	385.039
8.55655	192.408	385.261
8.56236	192.297	385.484
8.56816	191.964	384.816
8.57397	191.632	382.158
8.57977	192.519	392.675
8.58558	193.523	384.816
8.59138	192.742	381.056
8.59719	192.519	381.056
8.60299	190.308
8.6088	190.198	379.738
8.6146	189.65	377.987
8.62041	188.557	380.177
8.62621	188.34	382.158
8.63202	189.103	383.264
8.63782	186.499	385.707
8.64363	186.176	383.485
8.64943	183.189	386.599
8.65524	379.738
8.66104	383.042	217.724
8.66685	382.821	205.03
8.67265	382.158	204.912
8.67846	386.822	208.976
8.68426	387.493	211.282
8.69007	385.261	213.121
8.69587	384.372	214.355
8.70168	381.717	205.98
8.70748	382.158	206.099
8.71329	390.188	205.623
8.71909	400.001	207.293
8.7249	406.288	207.413
8.7307	410.297	207.772
8.73651	423.297	209.217
8.74231	422.32	210.429
8.74812	423.542	211.526
8.75392	423.053	212.016
8.75973	423.542	212.506
8.76553	424.767	212.752
8.77134	425.749	212.875
8.77714	425.503	212.752
8.78295	424.767	212.506
8.78875	423.053	212.138
8.79456	422.076	211.16
8.80036	421.345	210.794
8.80617	419.888	210.187
8.81197	418.677	209.701
8.81778	418.677	209.58
8.82358	417.228	208.976
8.82939	416.025	208.133
8.83519	412.198	206.456
8.841	406.054	213.737
8.8468	399.308	216.846	192.408
8.85261	408.878	201.974	180.563
8.85841	389.513	204.085	191.742
8.86422	386.822	204.085	194.419
8.87002	386.599	194.531
8.87583	383.485	192.186
8.88163	382.158	191.079
8.88744	379.957	189.869
8.89324	188.666
8.89905	187.363
8.90485	186.284
8.91066	184.784
8.91646	184.357
8.92227	184.57
8.92807	185.318
8.93388	187.58
8.93968	191.19
8.94549	197.133
8.95129	199.654
8.9571	203.027
8.9629	205.861
8.96871	208.976
8.97451	211.038
8.98032	212.998
8.98612	214.355
8.99193	214.727
8.99773	215.472
9.00354	216.221
9.00934	215.224
9.01515	213.244
9.02095	211.893
9.02676	209.459
9.03256	206.695
9.03837	204.439	190.308
9.04417	204.085	189.759
9.04998	211.771	193.746
9.05578	213.737	192.519
9.06159	214.851	192.186
9.06739	223.329	190.969
9.0732	220.891	190.088
9.079	214.231	188.557
9.08481	211.038	188.231
9.09061	189.212
9.09642	189.759
9.10222	190.308
9.10803	189.869
9.11383	189.65
9.11964	190.528
9.12544	191.853
9.13125	190.308
9.13705	188.448
9.14286	188.448
9.14866	188.448
9.15447
9.16027
9.16608
9.17188
9.17769
9.18349
9.1893
9.1951
9.20091
9.20671	236.609
9.21252	235.654
9.21832	236.199
9.22413	233.756
9.22993	231.873
9.23574	232.141
9.24154	231.873
9.24735	232.947
9.25315	233.891
9.25896	234.839
9.26476	236.472
9.27057	236.609
9.27637	236.882
9.28218	235.246
9.28798	236.063
9.29379	238.944
9.29959	237.979
9.3054	238.53
9.3112	241.441
9.31701	244.811
9.32281
9.32862
9.33442
9.34023
9.34603
9.35184
9.35764
9.36345
9.36925
9.37506
9.38086
9.38667
9.39247
9.39828
9.40408
9.40989
9.41569
9.4215
9.4273
9.43311
9.43891
9.44472
9.45052	270.539
9.45633	288.287
9.46213	289.287
9.46794	290.963
9.47374	292.818
9.47955	294.684
9.48535	294.855
9.49116	295.025
9.49696	295.025
9.50277	294.514
9.50857	293.665
9.51438	292.649
9.52018	291.131
9.52599	289.622
9.53179	288.453
9.5376	287.455
9.5434	286.957
9.54921	286.792
9.55501	287.289
9.56082	287.787
9.56662	288.12
9.57243	288.953
9.57823	289.789
9.58404	289.622
9.58984	288.953
9.59565	289.287
9.60145	288.62
9.60726	287.954
9.61306	286.461
9.61887	285.14
9.62467	285.305
9.63048	284.811
9.63628	284.318
9.64209	284.318
9.64789	284.318
9.6537	283.17
9.6595	282.354
9.66531	282.191
9.67111	282.68
9.67692	283.007
9.68272	282.68
9.68853	282.68
9.69433	282.843
9.70014	282.517
9.70594	281.539
9.71175	281.214
9.71755	281.702
9.72336	282.191
9.72916	282.68
9.73497	282.028
9.74077	280.727
9.74658	279.595
9.75238	280.08
9.75819	283.334
9.76399	284.811
9.7698	285.965
9.7756	282.028
9.78141	285.14
9.78721	285.14
9.79302	288.787
9.79882
9.80463
9.81043
9.81624
9.82204
9.82785
9.83365
9.83946
9.84526
9.85107
9.85687
9.86268
9.86848
9.87429
9.88009
9.8859
9.8917
9.89751
9.90331
9.90912
9.91492
9.92073
9.92653
9.93234	335.389
9.93814	332.88
9.94394	322.099
9.94975	317.848
9.95555	314.924
9.96136	310.588
9.96716	307.909
9.97297	303.67
9.97878	297.592
9.98458	297.936
9.99039	295.366
9.99619	292.48
10.002	291.468
10.0078	291.131
10.0136	290.459
10.0194	288.787
10.0252	288.787
10.031	289.957
10.0368	290.963
10.0426	292.818
10.0484	295.537
10.0542	297.077
10.06	298.108
10.0659	298.453
10.0717	298.281
10.0775	298.281
10.0833	293.834
10.0891	285.14
10.0949	290.292
10.1007	288.787
10.1065	288.12
10.1123	286.957
10.1181	285.14
10.1239	278.788
10.1297
10.1355
10.1413
10.1471
10.1529
10.1587
10.1645
10.1703
10.1761
10.1819
10.1878
10.1936	188.666
10.1994	187.797
10.2052	189.759
10.211	187.905
10.2168	188.014
10.2226	185.639
10.2284	185.639
10.2342	185.425
10.24	185.425
10.2458	184.997
10.2516	183.825
10.2574	184.038
10.2632	184.357
10.269	184.677
10.2748	185.747
10.2806	185.854
10.2864	185.639
10.2922	185.854
10.298	186.499
10.3039	187.039
10.3097	187.363
10.3155	187.255
10.3213	186.931
10.3271	186.607
10.3329	186.823
10.3387	186.715
10.3445	186.607
10.3503	186.499
10.3561	186.607
10.3619	186.715
10.3677	187.147
10.3735	188.014
10.3793	188.994
10.3851	189.979
10.3909	190.638
10.3967	191.521
10.4025	192.186
10.4083	192.742
10.4141	192.519
10.42	191.853
10.4258	191.19
10.4316	190.638
10.4374	189.979
10.4432	189.54
10.449	187.905
10.4548	187.797
10.4606	187.147
10.4664	188.448
10.4722	189.759
10.478	188.994
10.4838	190.528
10.4896	190.198
10.4954	191.3
10.5012	190.859
10.507	190.638
10.5128	188.775
10.5186	188.557
10.5244	188.884
10.5302	191.079
10.5361	193.299
10.5419	194.195
10.5477	192.186	383.485
10.5535	190.088	397.927
10.5593	189.979	391.317
10.5651	191.19	388.165
10.5709	387.046
10.5767	387.717
10.5825	388.389
10.5883	389.063
10.5941	380.836
10.5999	382.821
10.6057	387.046
10.6115	393.584
10.6173	396.321	205.623
10.6231	410.297	205.505
10.6289	407.934	204.912
10.6347	408.406	204.321
10.6405	407.934	203.849
10.6463	404.883	203.027
10.6522	402.551	201.508
10.658	403.249	201.275
10.6638	406.054	202.441
10.6696	404.883	201.857
10.6754	402.318	201.159
10.6812	400.926	200
10.687	400.232	200
10.6928	399.078	199.424
10.6986	397.238	198.504
10.7044	393.811	197.247
10.7102	391.317	195.658
10.716	387.941	194.083
10.7218	385.039	193.076
10.7276	381.497	190.528
10.7334	377.987	188.884
10.7392	374.51	187.363
10.745	371.708	186.069
10.7508	370.85	185.639
10.7566	370.636	185.104
10.7624	369.994	185.104
10.7683	370.422	184.997
10.7741	368.289	183.825
10.7799	365.322	182.134
10.7857	360.918	180.876
10.7915	363.009	180.459
10.7973	370.422	182.24
10.8031	363.428	188.884
10.8089	372.783	189.431
10.8147	373.214	188.666
10.8205	380.177	185.639
10.8263	380.616	187.58
10.8321	382.6	189.759
10.8379	383.928	191.411
10.8437	384.372
10.8495	383.042
10.8553	382.379
10.8611	382.158
10.8669	386.152
10.8727	386.599
10.8785	387.046
10.8844	386.599
10.8902	380.836	213.614
10.896	378.424	214.231
10.9018	375.159	205.861
10.9076	374.943	203.614
10.9134	391.543	214.975
10.9192	400.232	215.597	432.441
10.925	397.927	216.345	432.691
10.9308	397.467	216.221	432.191
10.9366	393.129	216.47	434.695
10.9424	393.356	217.724	436.204
10.9482	411.484	218.48	437.213
10.954	408.642	218.607	437.466
10.9598	412.436	217.473	436.456
10.9656	423.542	217.222	431.942
10.9714	437.971	215.099	437.719
10.9772	435.449	215.224	436.961
10.983	216.345	436.708
10.9888	217.222	436.204
10.9946	217.097	435.952
11.0005	215.846	432.941
11.0063	212.016	434.946
11.0121	435.449
11.0179	438.224
11.0237	443.573
11.0295	430.945
11.0353	437.971
11.0411	436.204
11.0469	429.702
11.0527	427.474
11.0585	428.958
11.0643	436.456
11.0701	433.692
11.0759	430.696
11.0817	425.503
11.0875	425.503
11.0933	414.586
11.0991	389.513
11.1049	381.497
11.1107	385.929
11.1166	383.928
11.1224	406.054
11.1282
11.134	184.357
11.1398	184.251
11.1456	182.556
11.1514	184.144
11.1572	185.747
11.163	176.541
11.1688	179.109
11.1746	182.134
11.1804	179.42
11.1862	178.902
11.192	180.355
11.1978	182.45
11.2036	183.932
11.2094	184.57
11.2152	185.747
11.221	186.607
11.2268	187.255
11.2327	188.014
11.2385	189.431
11.2443	191.079
11.2501	192.186
11.2559	192.519
11.2617	192.853
11.2675	193.746
11.2733	194.531
11.2791	195.094
11.2849	197.247
11.2907	197.361
11.2965	198.734
11.3023	198.963
11.3081	199.193
11.3139	198.161	419.161
11.3197	196.906	395.864
11.3255	196.111	394.039
11.3313	195.545	391.091
11.3371	194.756	389.738
11.3429	194.531	389.288
11.3488	192.742	385.707
11.3546	192.075	383.485
11.3604	189.979	379.299
11.3662	189.54	379.08
11.372	188.557	377.551
11.3778	188.34	377.769
11.3836	188.994	377.333
11.3894	188.448	377.333
11.3952	188.448	376.462
11.401	189.431	379.299
11.4068	189.321	379.08
11.4126	191.079	383.264
11.4184	193.523	380.836
11.4242	195.885	389.963
11.43	197.019	386.599
11.4358	197.475	387.046
11.4416	199.77	399.078
11.4474	199.885	401.622
11.4532	200.579	403.016
11.459	200.811	402.086
11.4649	201.392	403.482
11.4707	201.974	403.948
11.4765	202.441	405.117
11.4823	202.558	406.288
11.4881	203.027	406.054
11.4939	201.624	403.249
11.4997	199.654	402.318
11.5055	198.046	397.927
11.5113	195.545	387.046
11.5171	193.97	386.375
11.5229	192.965	386.152
11.5287	192.408	384.372
11.5345	191.079	391.995
11.5403	191.3	385.039
11.5461	189.869	382.158
11.5519	191.632	385.261
11.5577	191.853	384.15
11.5635	191.742	382.821
11.5693	193.188	385.707
11.5751	195.885	383.928
11.581	196.792	385.261	203.732
11.5868	198.734	382.6	208.253
11.5926	208.012	383.042	210.794
11.5984	212.138	384.594	214.231
11.6042	212.752	399.539	218.733
11.61	218.733	391.769	221.147
11.6158	224.493	392.222	224.234
11.6216	229.21	393.129	228.681
11.6274	235.11	391.317	236.609
11.6332	243.542	400.001	242.98
11.639	249.378	394.266	248.085
11.6448	254.913	407.699	255.06
11.6506	259.969	419.645	261.323
11.6564	266.353	422.808	268.205
11.6622	435.197	270.383
11.668	271.165
11.6738	276.383
11.6796	291.468
11.6854	302.969
11.6912	308.978
11.6971
11.7029
11.7087
11.7145
11.7203
11.7261
11.7319
11.7377
11.7435
11.7493
11.7551
11.7609
11.7667
11.7725
11.7783
11.7841
11.7899
11.7957
11.8015
11.8073
11.8132
11.819
11.8248
11.8306	321.913
11.8364	299.662
11.8422	321.355
11.848	334.809
11.8538	342.041
11.8596	346.816
11.8654	342.041
11.8712	335.971
11.877	328.487
11.8828	325.841
11.8886	322.285
11.8944	321.17
11.9002	320.614
11.906	319.874
11.9118	320.059
11.9176	319.874
11.9234	318.032
11.9293	314.742
11.9351	313.472
11.9409	310.947
11.9467	315.47
11.9525	325.465	291.973
11.9583	321.913	291.131
11.9641	322.285	290.963
11.9699	313.653	290.963
11.9757	329.628	288.953
11.9815	325.841	288.787
11.9873	324.152	289.789
11.9931	326.973	292.142
11.9989	292.649
12.0047	294.174
12.0105	293.834
12.0163	290.627
12.0221	290.292
12.0279	289.622
12.0337	288.287
12.0395	286.957
12.0454	284.811
12.0512	283.825
12.057	282.354
12.0628	274.157
12.0686	268.36
12.0744	260.119
12.0802	247.942
12.086	238.117
12.0918	235.654	228.022
12.0976	221.402	220.891
12.1034	217.85	213.861
12.1092	217.097	205.03
12.115	203.379	199.77
12.1208	198.619	196.678
12.1266	196.111	195.998
12.1324	192.408	193.076
12.1382	193.411	189.759
12.144	187.039	186.607
12.1498	184.144	366.591
12.1556	182.767	362.171
12.1615	181.924	365.745
12.1673	181.819	365.956
12.1731	182.029	363.428
12.1789	181.295	362.38
12.1847	181.295	362.589
12.1905	181.819	363.218
12.1963	181.924	363.848
12.2021	181.609	363.218
12.2079	182.45	365.111
12.2137	184.144	368.501
12.2195	184.89	369.354
12.2253	185.854	371.708
12.2311	185.854	371.065
12.2369	186.069	371.923
12.2427	186.499	372.999
12.2485	186.607	373.645
12.2543	186.392	372.568
12.2601	185.747	371.065
12.2659	184.89	368.927
12.2717	183.932	367.439
12.2776	183.084	365.745
12.2834	182.556	364.69
12.2892	181.924	363.848
12.295	182.029	363.638
12.3008	182.661	365.111
12.3066	184.144	368.501
12.3124	185.961	371.279
12.3182	187.363	374.077
12.324	188.34	376.462
12.3298	189.759	379.299
12.3356	191.521	382.158
12.3414	192.631	385.484
12.3472	193.746	387.493
12.353	193.97	387.941
12.3588	193.746	388.165
12.3646	193.746	386.822
12.3704	193.858	387.493
12.3762	192.853	385.929
12.382	191.521	383.707
12.3878	190.638	381.497
12.3937	189.869	379.518
12.3995	189.321	379.08
12.4053	188.666	378.424
12.4111	188.34	375.81
12.4169	187.797	371.708
12.4227	187.147	367.863
12.4285	188.557	379.518
12.4343	188.448	382.379
12.4401	188.122	403.715
12.4459	188.557	422.564
12.4517	189.979
12.4575	190.638
12.4633	193.523
12.4691	195.094
12.4749	757.285
12.4807	759.037
12.4865	761.672
12.4923	760.793
12.4981	755.101
12.5039	750.319
12.5098	745.997
12.5156	755.538
12.5214	763.434	190.969
12.5272	766.527	193.188
12.533	766.527	195.771
12.5388	768.744	200.116
12.5446	767.413	206.934
12.5504	774.538	206.695
12.5562	766.084	207.173
12.562	760.793	207.173
12.5678	774.091	208.614
12.5736	769.633	210.916
12.5794	791.727	211.526
12.5852	789.9	212.506
12.591	789.444	212.383
12.5968	792.642	212.998
12.6026	749.885	213.737
12.6084	749.885	214.851
12.6142	730.223	215.099
12.62	731.489	215.224
12.6258	214.727
12.6317	213.737
12.6375	212.752
12.6433	212.138
12.6491	211.771
12.6549	210.794
12.6607	210.065
12.6665	209.338
12.6723	208.133
12.6781	206.814
12.6839	205.149
12.6897	204.912
12.6955	204.203
12.7013	208.735
12.7071	214.231	184.677
12.7129	211.038	194.307
12.7187	208.614	188.014
12.7245	208.614	192.853
12.7303	193.523
12.7361	193.635
12.742	192.742
12.7478	192.408
12.7536	192.297
12.7594	193.299
12.7652	194.195
12.771	195.771
12.7768	197.133
12.7826	198.734
12.7884	200.463
12.7942	202.441
12.8	203.732
12.8058	204.557
12.8116	206.456
12.8174	207.892
12.8232	209.097
12.829	210.916
12.8348	212.383
12.8406	214.851
12.8464	216.47
12.8522	218.102
12.858	218.986
12.8639	217.976
12.8697	217.976
12.8755	216.47
12.8813	214.975
12.8871	216.096
12.8929	211.648
12.8987	215.348
12.9045	214.355
12.9103	213.49
12.9161	213.367
12.9219	214.603
12.9277	217.097	353.49
12.9335	356.36
12.9393	362.171
12.9451	356.566
12.9509	362.38
12.9567	385.484
12.9625	385.707
12.9683	385.707
12.9741	383.707
12.98	378.424
12.9858	373.43
12.9916	376.244
12.9974	379.518
13.0032	389.513
13.009	386.822
13.0148	379.957
13.0206	387.493
13.0264	384.372
13.0322	380.177
13.038	379.957
13.0438	382.379
13.0496	386.152	229.078
13.0554	378.643	231.606
13.0612	381.938	233.756
13.067	384.372	233.756
13.0728	386.375	233.891
13.0786	379.518	234.568
13.0844	387.493	234.297
13.0902	379.299	234.703
13.0961	368.927	235.382
13.1019	375.81	236.472
13.1077	371.923	237.567
13.1135	372.783	239.358
13.1193	378.643	240.745
13.1251	382.158	241.999
13.1309	389.288	242.84
13.1367	397.009	240.745
13.1425	381.497	229.475
13.1483	380.616	232.947
13.1541	384.594	235.246
13.1599	387.046
13.1657	391.317	726.437
13.1715	720.17
13.1773	719.338
13.1831	720.17
13.1889	719.754
13.1947	718.508
13.2005	718.093
13.2063	716.436
13.2122	719.338
13.218	723.087
13.2238	715.608
13.2296	717.264
13.2354	720.17
13.2412	722.253
13.247	714.369
13.2528	729.801
13.2586	732.335
13.2644	722.67
13.2702	735.727
13.276	770.522
13.2818	750.319
13.2876	725.179
13.2934
13.2992
13.305
13.3108
13.3166	276.383
13.3224	275.586
13.3283	277.023
13.3341	280.241
13.3399	281.702
13.3457	281.702
13.3515	281.052
13.3573	281.052
13.3631	280.241
13.3689	279.111
13.3747	278.306
13.3805	277.663
13.3863	276.224
13.3921	275.905
13.3979	275.268
13.4037	274.95
13.4095	275.268
13.4153	275.586
13.4211	276.224
13.4269	276.383	551.809
13.4327	276.383	553.406
13.4385	284.318	552.447
13.4444	276.224	552.447
13.4502	268.981	553.086
13.456	554.045
13.4618	554.686
13.4676	554.686
13.4734	555.006
13.4792	554.365
13.485	553.406
13.4908	553.406	275.905
13.4966	553.725	275.586
13.5024	553.406	274.157
13.5082	554.365	276.224
13.514	549.9	276.863
13.5198	553.725	278.949
13.5256	559.836	279.272
13.5314	559.836	280.241	1763.05
13.5372	563.73	281.214	1751.89
13.543	564.055	280.727	1718.81
13.5488	563.079	284.811	1720.8
13.5546	542.957	288.453	1738.78
13.5605	557.577	290.795	1742.8
13.5663	580.248	290.292	1736.77
13.5721	573.583	288.12	1726.77
13.5779	575.907	287.289	1719.8
13.5837	577.573	285.965	1717.82
13.5895	573.252	286.626	1720.8
13.5953	571.929	286.792	1722.78
13.6011	572.59	286.792	1724.78
13.6069	574.91	286.792	1725.77
13.6127	574.578	286.626	1724.78
13.6185	572.921	286.461	1722.78
13.6243	570.609	285.965	1729.76
13.6301	566.995	286.957	1687.33
13.6359	579.578	289.789	1742.8
13.6417	590.391	287.954	1750.87	240.884
13.6475	598.978	281.865	241.302	723.505
13.6533	601.058	241.72	723.505
13.6591	568.307	242.279	725.179
13.6649	242.419	726.437
13.6707	242.419	726.017
13.6766	241.86	722.67
13.6824	241.162	719.338
13.6882	240.745	718.508
13.694	241.441	723.923
13.6998	242.699	734.029
13.7056	243.401	735.302
13.7114	241.86	728.538
13.7172	241.302	726.017
13.723	241.58	721.419
13.7288	241.302	722.253
13.7346	240.884	719.754
13.7404	241.999	723.923
13.7462	242.699	725.179
13.752	239.358	719.338
13.7578	239.496	713.545
13.7636	236.336	706.572
13.7694	239.082	716.436	315.106
13.7752	237.43	715.608	328.108
13.781	237.019	707.389	321.913
13.7868	237.43	705.756	345.816
13.7927	247.942	698.456	340.858
13.7985	254.031	683.293	334.229
13.8043	254.031	670.779	331.729
13.8101	268.05	662.309	328.487
13.8159	655.837	326.595
13.8217	652.436	325.277
13.8275	646.808	322.471
13.8333	646.061	318.951
13.8391	634.595	316.931
13.8449	626.944	314.379
13.8507	620.101	311.487
13.8565	617.242	307.553
13.8623	610.505	304.9
13.8681	601.752	299.316
13.8739	594.154	295.195
13.8797	576.906	289.622
13.8855	569.621	285.8
13.8913	561.455	281.702
13.8971	558.221	278.306
13.9029	550.854	275.586
13.9088	546.102	272.106
13.9146	541.078	270.383
13.9204	539.829	269.447
13.9262	538.273	269.759
13.932	541.078	270.852
13.9378	542.33	271.635
13.9436	543.584	271.949
13.9494	544.213	270.383
13.9552	541.391	267.277
13.961	536.41	277.023
13.9668	553.406	274.474
13.9726	548.315	277.984
13.9784	553.406	280.403
13.9842	542.33
13.99	540.141
13.9958	530.862
14.0016	523.553
14.0074
14.0132
14.019
14.0249
14.0307
14.0365
14.0423
14.0481
14.0539	196.111
14.0597	187.688
14.0655	184.677
14.0713	183.189
14.0771	183.084
14.0829	182.556
14.0887	182.134
14.0945	181.504
14.1003	180.459
14.1061	179.938
14.1119	179.835
14.1177	180.042
14.1235	180.459
14.1293	180.772
14.1351	181.085
14.141	181.924	362.799
14.1468	181.714	363.218
14.1526	182.134	363.848
14.1584	182.134	364.901
14.1642	181.924	364.69
14.17	182.134	363.848
14.1758	181.924	362.799
14.1816	182.134	363.848
14.1874	182.661	365.111
14.1932	183.189	367.014
14.199	184.038	368.289
14.2048	184.997	370.208
14.2106	185.961	371.708
14.2164	186.931	374.077
14.2222	187.905	375.593
14.228	188.34	376.462
14.2338	188.666	377.551
14.2396	188.884	377.769
14.2454	188.994	378.424
14.2512	189.54	379.299
14.2571	189.103	379.738
14.2629	188.775	379.738
14.2687	189.103	379.299
14.2745	189.212	379.08
14.2803	189.759	378.643
14.2861	189.869	376.679
14.2919	188.34	375.81
14.2977	187.905	376.027
14.3035	188.34	374.943
14.3093	189.54	377.769
14.3151	191.19	379.957
14.3209	190.859	364.69
14.3267	190.198	363.848
14.3325	188.884	360.085
14.3383	188.122	365.111
14.3441	188.557	366.591
14.3499	188.448	369.141
14.3557	188.34
14.3615	186.284
14.3673	184.038
14.3732	182.978
14.379	182.556	431.692
14.3848	183.719	402.551
14.3906	187.688	387.493
14.3964	188.666	385.707
14.4022	385.707
14.408	384.816
14.4138	385.707
14.4196	385.707
14.4254	382.6
14.4312	382.821
14.437	386.375
14.4428	394.95
14.4486	397.238
14.4544	398.157	218.986
14.4602	379.957	205.623
14.466	390.188	211.038
14.4718	389.963	214.479
14.4776	406.993	216.47
14.4834	393.811	218.228
14.4893	387.493	218.102
14.4951	389.063	216.596
14.5009	403.016	215.472
14.5067	402.783	213.737
14.5125	404.883	212.016
14.5183	406.288	212.261
14.5241	410.061	211.771
14.5299	421.102	210.551
14.5357	419.645	209.823
14.5415	417.228	208.133
14.5473	413.39	205.149
14.5531	406.054	202.91
14.5589	419.888	201.043
14.5647	198.849
14.5705	196.111
14.5763	192.075
14.5821	189.431
14.5879	187.147
14.5937	185.425
14.5995	183.507
14.6054	184.677
14.6112	186.069
14.617	188.666
14.6228	188.014
14.6286	186.931
14.6344	186.607
14.6402	186.392
14.646	188.994
14.6518	188.448
14.6576	187.58
14.6634	192.297
14.6692
14.675
14.6808	209.097
14.6866	207.413
14.6924	204.794
14.6982	204.794
14.704	206.099
14.7098	207.173
14.7156	209.097
14.7215	209.217
14.7273	210.187
14.7331	210.187
14.7389	211.282
14.7447	211.771
14.7505	212.383
14.7563	213.121
14.7621	213.614
14.7679	214.727
14.7737	214.975
14.7795	214.975
14.7853	215.099
14.7911	215.472
14.7969	213.984
14.8027	213.737
14.8085	212.752
14.8143	215.722
14.8201	216.345
14.8259	217.85
14.8317	218.48
14.8376	214.851
14.8434	213.244	191.19
14.8492	219.366	193.076
14.855	218.102	193.635
14.8608	214.975	193.858
14.8666	214.355	196.111
14.8724	196.451
14.8782	195.771
14.884	193.411
14.8898	189.103
14.8956	190.859	379.518
14.9014	189.979	383.707
14.9072	190.859	387.717
14.913	191.079	381.717
14.9188	191.853	381.938
14.9246	190.859	383.264
14.9304	190.638	382.821
14.9362	190.088	378.861
14.942	190.198	383.264
14.9478	192.075	385.929
14.9537	192.742	379.738
14.9595	190.088	375.159
14.9653	195.771	367.863
14.9711	193.635	371.708	184.784
14.9769	191.521	370.85	186.284
14.9827	186.823	369.781	191.079
14.9885	186.823	369.994	183.507
14.9943	184.677	367.014	183.613
15.0001	183.084	366.803	183.613
15.0059	184.144	368.501	184.89
15.0117	185.854	371.279	184.997
15.0175	185.532	372.783	185.318
15.0233	188.775	376.679	185.854
15.0291	185.961	371.923	185.747
15.0349	187.688	372.999	186.499
15.0407	187.039	373.43	186.715
15.0465	187.471	374.077	187.471
15.0523	187.58	374.294	187.688
15.0581	374.294	187.471
15.0639	375.159	187.688
15.0697	376.679	188.34
15.0756	379.518	189.979
15.0814	381.497	191.079
15.0872	383.928	192.075
15.093	383.928	191.853
15.0988	383.707	192.075
15.1046	384.594	192.408
15.1104	385.039	192.297
15.1162	383.707	191.742
15.122	382.6	191.411
15.1278	380.836	190.528
15.1336	378.424	189.759
15.1394	376.027	188.448
15.1452	374.294	187.255
15.151	371.493	186.176
15.1568	369.354	184.997
15.1626	370.422	185.532
15.1684	372.353	186.284
15.1742	373.861	186.715
15.18	376.027	188.014
15.1859	376.679	188.557
15.1917	376.679	188.448
15.1975	379.738	190.638
15.2033	381.938	191.3
15.2091	377.551	189.431
15.2149	378.424	189.431
15.2207	380.177	190.748
15.2265	379.738	189.869
15.2323	381.276	191.19
15.2381	378.424	192.186
15.2439	379.957	193.97
15.2497	375.81	189.54
15.2555	383.707	194.307
15.2613	386.599	193.188
15.2671	389.963	193.858
15.2729	388.389	195.207
15.2787	390.865	195.094
15.2845	391.317	194.531
15.2903	389.513	194.307
15.2961	386.375	192.186
15.3019	383.928	191.964
15.3078	383.264	191.079
15.3136	381.276	190.638
15.3194	379.738	190.198
15.3252	377.769	190.528
15.331	376.462	190.308
15.3368	377.115	190.308
15.3426	377.551	189.759
15.3484	377.987	189.869
15.3542	376.244	189.54
15.36	376.027	190.198
15.3658	376.244	190.088
15.3716	378.205	190.638
15.3774	378.861	190.859
15.3832	378.205	191.521
15.389	380.177	190.638
15.3948	379.957	190.198
15.4006	380.177	190.528
15.4064	379.957	190.308
15.4122	380.396	190.418
15.418	380.177	190.528
15.4239	381.717	190.748
15.4297	382.379	191.079
15.4355	388.838	190.859
15.4413	385.929	191.853
15.4471	387.046	192.075
15.4529	387.493	191.964
15.4587	387.046	191.964
15.4645	384.15	192.075
15.4703	383.707	192.742
15.4761	385.484	192.519
15.4819	383.707	192.631
15.4877	378.205	192.742
15.4935	377.551	192.519
15.4993	377.769	193.188
15.5051	377.333	190.638
15.5109	379.738	190.418
15.5167	375.159	191.079
15.5225	381.056	192.297
15.5283	381.276	194.195
15.5341	377.115	194.644
15.54
15.5458
15.5516
15.5574
15.5632
15.569
15.5748
15.5806
15.5864
15.5922
15.598
15.6038
15.6096
15.6154
15.6212
15.627
15.6328
15.6386
15.6444
15.6502
15.6561
15.6619
15.6677
15.6735
15.6793
15.6851
15.6909
15.6967
15.7025
15.7083
15.7141
15.7199
15.7257
15.7315
15.7373
15.7431
15.7489
15.7547
15.7605
15.7663
15.7722
15.778
15.7838
15.7896
15.7954
15.8012
15.807
15.8128
15.8186
15.8244
15.8302
15.836
15.8418
15.8476
15.8534
15.8592
15.865
15.8708
15.8766
15.8824
15.8883
15.8941
15.8999
15.9057
15.9115
15.9173
15.9231
15.9289
15.9347
15.9405
15.9463
15.9521
15.9579
15.9637
15.9695
15.9753
15.9811
15.9869
15.9927
15.9985
16.0044
16.0102
16.016
16.0218
16.0276
16.0334
16.0392
16.045
16.0508
16.0566
16.0624
16.0682
16.074
16.0798
16.0856
16.0914
16.0972
16.103
16.1088
16.1146
16.1205
16.1263
16.1321
16.1379
16.1437
16.1495
16.1553
16.1611
16.1669
16.1727
16.1785
16.1843
16.1901
16.1959
16.2017
16.2075
16.2133
16.2191
16.2249
16.2307
16.2366
16.2424
16.2482
16.254
16.2598
16.2656
16.2714
16.2772
16.283
16.2888
16.2946
16.3004
16.3062
16.312
16.3178
16.3236
16.3294
16.3352
16.341
16.3468
16.3527
16.3585
16.3643
16.3701
16.3759
16.3817
16.3875
16.3933
16.3991
16.4049
16.4107
16.4165
16.4223
16.4281
16.4339
16.4397
16.4455
16.4513
16.4571
16.4629
16.4688
16.4746
16.4804
16.4862
16.492
16.4978
16.5036
16.5094
16.5152
16.521
16.5268
16.5326
16.5384
16.5442
16.55
16.5558
16.5616
16.5674
16.5732
16.579
16.5849
16.5907
16.5965
16.6023
16.6081
16.6139
16.6197
16.6255
16.6313
16.6371
16.6429
16.6487
16.6545
16.6603
16.6661
16.6719
16.6777
16.6835
16.6893
16.6951
16.701
16.7068
16.7126
16.7184
16.7242
16.73
16.7358
16.7416
16.7474
16.7532
16.759
16.7648
16.7706
16.7764
16.7822
16.788
16.7938
16.7996
16.8054
16.8112
16.8171
16.8229
16.8287
16.8345
16.8403
16.8461
16.8519
16.8577
16.8635
16.8693
16.8751
16.8809
16.8867
16.8925
16.8983
16.9041
16.9099
16.9157
16.9215
16.9273
16.9332
16.939
16.9448
16.9506
16.9564
16.9622
16.968
16.9738
16.9796
16.9854
16.9912
16.997
17.0028
17.0086
17.0144
17.0202
17.026
17.0318
17.0376
17.0434
17.0493
17.0551
17.0609
17.0667
17.0725
17.0783
17.0841
17.0899
17.0957
17.1015
17.1073
17.1131
17.1189
17.1247
17.1305
17.1363
17.1421
17.1479
17.1537
17.1595
17.1654
17.1712
17.177
17.1828
17.1886
17.1944
17.2002
17.206
17.2118
17.2176
17.2234
17.2292
17.235
17.2408
17.2466
17.2524
17.2582
17.264
17.2698
17.2756
17.2815
17.2873
17.2931
17.2989
17.3047
17.3105
17.3163
17.3221
17.3279
17.3337
17.3395
17.3453
17.3511
17.3569
17.3627
17.3685
17.3743
17.3801
17.3859
17.3917
17.3976
17.4034
17.4092
17.415
17.4208
17.4266
17.4324
17.4382
17.444
17.4498
17.4556
17.4614
17.4672
17.473
17.4788
17.4846
17.4904
17.4962
17.502
17.5078
17.5137
17.5195
17.5253
17.5311
17.5369
17.5427
17.5485
17.5543
17.5601
17.5659
17.5717
17.5775
17.5833
17.5891
17.5949
17.6007
17.6065
17.6123
17.6181
17.6239
17.6297
17.6356
17.6414
17.6472
17.653
17.6588
17.6646
17.6704
17.6762
17.682
17.6878
17.6936
17.6994
17.7052
17.711
17.7168
17.7226
17.7284
17.7342
17.74
17.7458
17.7517
17.7575
17.7633
17.7691
17.7749
17.7807
17.7865
17.7923
17.7981
17.8039
17.8097
17.8155
17.8213
17.8271
17.8329
17.8387
17.8445
17.8503
17.8561
17.8619
17.8678
17.8736
17.8794
17.8852
17.891
17.8968
17.9026
17.9084
17.9142
17.92
17.9258
17.9316
17.9374
17.9432
17.949
17.9548
17.9606
17.9664
17.9722
17.9781
17.9839
17.9897
17.9955
18.0013
18.0071
18.0129
18.0187
18.0245
18.0303
18.0361
18.0419
18.0477
18.0535
18.0593
18.0651
18.0709
18.0767
18.0825
18.0883
18.0941
18.1
18.1058
18.1116
18.1174
18.1232
18.129
18.1348
18.1406
18.1464
18.1522
18.158
18.1638
18.1696
18.1754
18.1812
18.187
18.1928
18.1986
18.2044
18.2102
18.2161
18.2219
18.2277
18.2335
18.2393
18.2451
18.2509
18.2567
18.2625
18.2683
18.2741
18.2799
18.2857
18.2915
18.2973
18.3031
18.3089
18.3147
18.3205
18.3263
18.3322
18.338
18.3438
18.3496
18.3554
18.3612
18.367
18.3728
18.3786
18.3844
18.3902
18.396
18.4018
18.4076
18.4134
18.4192
18.425
18.4308
18.4366
18.4424
18.4483
18.4541
18.4599
18.4657
18.4715
18.4773
18.4831
18.4889
18.4947
18.5005
18.5063
18.5121
18.5179
18.5237
18.5295
18.5353
18.5411
18.5469
18.5527
18.5585
18.5644
18.5702
18.576
18.5818
18.5876
18.5934
18.5992
18.605
18.6108
18.6166
18.6224
18.6282
18.634
18.6398
18.6456
18.6514
18.6572
18.663
18.6688
18.6746
18.6805
18.6863
18.6921
18.6979
18.7037
18.7095
18.7153
18.7211
18.7269
18.7327
18.7385
18.7443
18.7501
18.7559
18.7617
18.7675
18.7733
18.7791
18.7849
18.7907
18.7966
18.8024
18.8082
18.814
18.8198
18.8256
18.8314
18.8372
18.843
18.8488
18.8546
18.8604
18.8662
18.872
18.8778
18.8836
18.8894
18.8952
18.901
18.9068
18.9127
18.9185
18.9243
18.9301
18.9359
18.9417
18.9475
18.9533
18.9591
18.9649
18.9707
18.9765
18.9823
18.9881
18.9939
18.9997
19.0055
19.0113
19.0171
19.0229
19.0288
19.0346
19.0404
19.0462
19.052
19.0578
19.0636
19.0694
19.0752
19.081
19.0868
19.0926
19.0984
19.1042
19.11
19.1158
19.1216	210.308
19.1274	199.885
19.1332	200.116
19.139	201.043
19.1449	201.392
19.1507	201.392
19.1565	201.392
19.1623	202.324
19.1681	203.614
19.1739	203.967
19.1797	205.505
19.1855	211.648
19.1913	215.099	214.975
19.1971	220.382	224.104
19.2029	226.316	232.141
19.2087	234.974	236.609
19.2145	244.387	245.094
19.2203	251.403	251.694
19.2261	257.875	257.577
19.2319	266.506	266.353
19.2377	275.745	275.905
19.2435	282.354	282.68
19.2493	290.292	290.627
19.2551	300.876	300.702
19.261	314.197	314.56
19.2668	326.03	328.297
19.2726	324.714	327.351
19.2784	326.784	324.527
19.2842	321.355
19.29	293.495
19.2958	295.537
19.3016	295.537
19.3074
19.3132
19.319
19.3248
19.3306
19.3364
19.3422
19.348
19.3538
19.3596
19.3654
19.3712
19.3771
19.3829
19.3887
19.3945
19.4003	363.009
19.4061	351.86
19.4119	348.825
19.4177	347.819
19.4235	344.818
19.4293	343.625
19.4351	345.217
19.4409	345.616
19.4467	347.819
19.4525	350.643
19.4583	351.657
19.4641	354.513
19.4699	357.598
19.4757	360.918
19.4815	364.058
19.4873	367.014
19.4932	370.422
19.499	375.159
19.5048	380.836
19.5106	384.816
19.5164	387.941
19.5222	388.614
19.528	388.614
19.5338	386.822
19.5396	374.51
19.5454	364.479
19.5512	364.479
19.557
19.5628	383.707
19.5686	384.816
19.5744	380.396
19.5802	384.15	812.107
19.586	386.152	807.896
19.5918	387.493	796.314
19.5976	388.165	786.258
19.6034	387.493	785.804
19.6093	387.717	775.434
19.6151	385.261	765.642
19.6209	384.15	768.744
19.6267	384.15	771.859
19.6325	384.15	770.968
19.6383	385.261	770.077
19.6441	385.261	778.575
19.6499	386.599	779.926
19.6557	384.816	772.305
19.6615	384.15	769.633
19.6673	380.396	761.672
19.6731	373.861	759.037
19.6789	383.928	764.317	386.375
19.6847	383.264	770.522	385.261
19.6905	381.717	763.434	382.158
19.6963	374.943	759.475	376.679
19.7021	372.783	746.428	373.214
19.7079	372.999	746.859	372.138
19.7137	373.214	746.428	372.138
19.7195	373.43	746.859	372.568
19.7254	372.138	742.987	372.353
19.7312	372.138	742.558	372.783
19.737	373.861	748.155	373.861
19.7428	750.319	374.077
19.7486	748.155	373.645
19.7544	746.859	373.214
19.7602	748.587	373.861
19.766	746.428	373.214
19.7718	745.566	373.214
19.7776	745.566	373.214
19.7834	748.587	373.645
19.7892	746.859	373.214
19.795	746.428	372.783
19.8008	745.136	372.353
19.8066	743.846	372.353
19.8124	371.923
19.8182	372.568
19.824	374.077
19.8298	374.943
19.8356	375.376
19.8415	376.679
19.8473	376.897
19.8531	376.244
19.8589	374.294
19.8647	372.999
19.8705	372.353
19.8763	371.493
19.8821
19.8879	369.781
19.8937	370.208
19.8995	370.636
19.9053	371.708
19.9111	372.783
19.9169	374.943
19.9227	376.679
19.9285	378.424
19.9343	378.643
19.9401	379.299
19.9459	379.08
19.9517	378.205
19.9576	377.333
19.9634	376.244
19.9692	374.943
19.975	374.077
19.9808	372.138
19.9866	370.636
19.9924	368.927
19.9982	368.289
20.004	368.714
20.0098	371.065
20.0156	372.999
20.0214	373.861
20.0272	376.462
20.033	379.08
20.0388	379.08
20.0446	370.208
20.0504	366.591
20.0562	356.155
20.062	351.454
20.0678
20.0737
20.0795
20.0853
20.0911
20.0969
20.1027
20.1085
20.1143
20.1201
20.1259
20.1317
20.1375
20.1433
20.1491
20.1549	357.391
20.1607	351.454
20.1665	350.238
20.1723	349.632
20.1781	351.454
20.1839	353.694
20.1898	358.425
20.1956	364.058
20.2014	373.43
20.2072	384.594
20.213	400.926
20.2188	415.305
20.2246	432.441
20.2304	454.728
20.2362	474.312
20.242	482.603
20.2478	483.719
20.2536	473.764
20.2594	480.101
20.2652	489.057
20.271	491.039
20.2768	493.028	491.606
20.2826	489.057	487.084
20.2884	481.211	480.101
20.2942	467.512	468.323
20.3	451.326	450.024
20.3058	433.191	432.941
20.3117	419.645	420.373
20.3175	412.198	412.913
20.3233	409.351	409.351
20.3291	407.699	408.642
20.3349	410.772	410.297
20.3407	413.629	413.151
20.3465	416.747	416.025
20.3523	418.193	418.193
20.3581	419.161	419.403
20.3639	419.645	419.888
20.3697	420.616
20.3755	421.589
20.3813	422.076
20.3871	423.297
20.3929	424.521
20.3987	425.503
20.4045	425.749
20.4103	425.995
20.4161	425.258
20.4219	423.786
20.4278	421.833
20.4336	420.859
20.4394	419.888
20.4452	416.987
20.451	415.545
20.4568
20.4626
20.4684
20.4742
20.48
20.4858
20.4916
20.4974
20.5032
20.509
20.5148
20.5206
20.5264
20.5322
20.538
20.5439
20.5497
20.5555
20.5613
20.5671
20.5729
20.5787
20.5845
20.5903
20.5961
20.6019
20.6077
20.6135
20.6193
20.6251
20.6309
20.6367
20.6425
20.6483	373.43
20.6542	372.999
20.66	372.999
20.6658	377.115
20.6716	378.861
20.6774	379.299
20.6832	379.08
20.689	377.987
20.6948	379.957
20.7006	380.836
20.7064	380.396
20.7122	380.177
20.718	379.957
20.7238	379.738
20.7296	379.738
20.7354	380.177
20.7412	379.957
20.747	379.957
20.7528	380.396
20.7586	379.738
20.7644	381.056
20.7702	381.276
20.7761	381.276
20.7819	381.276
20.7877	381.497
20.7935	381.717
20.7993	382.158
20.8051	382.6
20.8109	382.158
20.8167	382.379
20.8225	382.158
20.8283	382.6
20.8341	383.042
20.8399	382.6
20.8457	381.497
20.8515	381.497
20.8573	380.177
20.8631	379.299	378.424
20.8689	379.518	378.205
20.8747	378.643	377.987
20.8805	374.51	375.376
20.8863	371.923	372.783
20.8922	369.781	369.994
20.898	367.014	367.227
20.9038	364.69	364.69
20.9096	362.38	362.589
20.9154	360.501	361.753
20.9212	359.669	361.335
20.927	360.709	361.753
20.9328	362.799	363.009
20.9386	364.901	364.901
20.9444	367.014	367.014
20.9502	368.714	368.714
20.956	370.636
20.9618	372.568
20.9676	373.861
20.9734	375.376
20.9792	376.679
20.985	376.897
20.9908	377.769
20.9966	377.987
21.0024	377.333
21.0083	377.115
21.0141	376.679
21.0199	375.81
21.0257	374.726
21.0315	374.51
21.0373	374.077
21.0431	373.43
21.0489	373.645
21.0547	373.645
21.0605	374.077
21.0663	375.81
21.0721	377.333
21.0779	378.424
21.0837	380.177
21.0895	382.6
21.0953	385.261
21.1011	388.838
21.1069	392.222
21.1127	397.467
21.1185	403.249
21.1244	409.587
21.1302	416.025
21.136	425.749
21.1418	434.695
21.1476	446.916
21.1534	458.95
21.1592	468.323
21.165	472.944
21.1708	477.06
21.1766	481.767
21.1824	484.558
21.1882	487.929
21.194	488.211
21.1998	488.493
21.2056	487.929
21.2114	486.803
21.2172	484.278
21.223	480.656
21.2288	475.135
21.2346	465.357
21.2405	457.626
21.2463	445.885	444.856
21.2521	484.278	441.528
21.2579	441.018
21.2637	435.449
21.2695	434.695
21.2753	432.941
21.2811	433.692
21.2869	439.746
21.2927	442.038
21.2985	439.492
21.3043	438.478
21.3101	437.719
21.3159	429.95
21.3217	420.616
21.3275	420.616
21.3333	420.616
21.3391	399.308
21.3449	394.494
21.3507
21.3566	397.009
21.3624	405.585
21.3682	408.642
21.374	407.699
21.3798	413.629
21.3856	418.193
21.3914	419.888
21.3972	419.403
21.403	416.987
21.4088	411.009
21.4146	405.117
21.4204	400.926
21.4262	395.864
21.432	391.995
21.4378	389.063
21.4436	385.484
21.4494	381.717
21.4552	379.299
21.461	379.08
21.4668	380.396
21.4727	380.836
21.4785	379.957
21.4843	379.299
21.4901	381.056
21.4959	383.264
21.5017	385.261
21.5075	386.375
21.5133	385.484
21.5191	386.822
21.5249	388.389
21.5307	384.816
21.5365	385.039
21.5423	384.372
21.5481	384.372
21.5539	384.15
21.5597	384.15
21.5655	384.372
21.5713	383.928
21.5771	383.485
21.5829	384.594
21.5888	386.152
21.5946	384.594
21.6004	395.178
21.6062	388.838
21.612	385.261
21.6178	381.938
21.6236	380.396
21.6294	379.738
21.6352	379.738
21.641	380.836
21.6468	381.717
21.6526	382.158
21.6584	382.6
21.6642	382.158
21.67	381.497
21.6758	380.177
21.6816	377.551
21.6874	374.51
21.6932	370.85
21.699	365.111
21.7049	359.877
21.7107	354.513
21.7165	347.417
21.7223	340.268
21.7281	330.963
21.7339	320.799
21.7397	311.847
21.7455	304.021
21.7513	294.514
21.7571	288.453
21.7629	283.498
21.7687	280.89
21.7745	278.788
21.7803	276.383
21.7861	273.999
21.7919	275.109
21.7977	275.586
21.8035	278.145
21.8093	280.89
21.8151	283.825
21.821	286.295
21.8268	287.289
21.8326	287.621
21.8384	287.455
21.8442	287.621
21.85	287.289
21.8558	286.295
21.8616	290.963
21.8674	294.855
21.8732	294.174	294.855
21.879	297.249
21.8848	301.05
21.8906	302.444
21.8964	303.67
21.9022	304.372
21.908	304.021
21.9138	302.794
21.9196	301.224
21.9254	299.662
21.9312	296.905
21.9371	294.514
21.9429	291.636
21.9487	289.622
21.9545	285.634
21.9603	282.354
21.9661	279.272
21.9719	276.703
21.9777	274.157
21.9835	272.106
21.9893	270.852
21.9951	270.695
22.0009	271.322
22.0067	273.367
22.0125	275.905
22.0183	277.824
22.0241	274.791
22.0299	275.586
22.0357	276.064
22.0415	280.403
22.0473	279.918
22.0532	281.377
22.059	283.007
22.0648	279.111	381.938
22.0706	280.89	381.056
22.0764	284.318	381.276
22.0822	286.13	381.276
22.088	285.47	379.299
22.0938	367.227
22.0996	367.227
22.1054	365.956
22.1112	363.848
22.117	359.046
22.1228	353.286
22.1286	347.217
22.1344	339.679
22.1402	333.073
22.146	326.218
22.1518	317.114
22.1576	310.051
22.1634	299.316
22.1693	287.954
22.1751	279.111
22.1809	274.316
22.1867	272.106
22.1925	270.852
22.1983	269.292
22.2041	270.539
22.2099	273.841
22.2157	276.863
22.2215	281.214
22.2273	285.47
22.2331	291.636
22.2389	297.764
22.2447	310.409
22.2505	317.114
22.2563	323.03
22.2621	328.108
22.2679	327.54
22.2737	328.297
22.2795
22.2854	321.541
22.2912	310.947
22.297	306.312
22.3028	302.619
22.3086	303.144
22.3144	301.921
22.3202	300.009
22.326	300.355
22.3318	303.67
22.3376	309.514
22.3434	311.667
22.3492	315.106
22.355	321.17
22.3608	325.465
22.3666	328.867
22.3724	331.729
22.3782	333.458
22.384	333.65
22.3898	333.073
22.3956	332.88
22.4015	332.112
22.4073	329.247
22.4131	324.339
22.4189	320.244
22.4247	314.197
22.4305	311.487
22.4363	310.947
22.4421	311.847
22.4479	312.568
22.4537	312.027
22.4595	307.376
22.4653	305.782
22.4711	310.768
22.4769	313.834
22.4827	314.197
22.4885	308.087
22.4943	305.253
22.5001	305.959
22.5059	306.135
22.5117
22.5176
22.5234
22.5292
22.535
22.5408
22.5466
22.5524
22.5582
22.564
22.5698
22.5756
22.5814
22.5872
22.593	296.563
22.5988	294.855
22.6046	294.855
22.6104	295.878
22.6162	296.734
22.622	297.077
22.6278	296.563
22.6336	296.22
22.6395	295.878
22.6453	295.707
22.6511	295.366
22.6569	295.537
22.6627	295.707
22.6685	295.195
22.6743	294.855
22.6801	294.514
22.6859	293.834
22.6917	292.818
22.6975	292.142	479.546
22.7033	292.142	480.378
22.7091	291.468	481.211
22.7149	291.468	481.767
22.7207	290.795	482.046
22.7265	289.287	482.324
22.7323	288.287	482.046
22.7381	288.62	481.767
22.7439	287.289	481.767
22.7498	286.626	481.489
22.7556	286.792	481.489
22.7614	287.289	481.489
22.7672	287.621	481.767
22.773	287.289	480.933
22.7788	287.123	478.163
22.7846	288.12	478.993
22.7904	288.287	485.96
22.7962	287.621	479.546
22.802	287.954	470.764
22.8078	288.62	455.517
22.8136	288.287	475.959	573.583
22.8194	289.789	479.269	579.578
22.8252	290.124	467.512	579.913
22.831	290.459	468.864	580.919
22.8368	290.795	456.57	580.919
22.8426	290.795	454.465	580.248
22.8484	290.292	453.416	579.244
22.8542	289.287	578.575
22.86	289.12	578.241
22.8659	287.621	575.242
22.8717	285.965	571.269
22.8775	284.646	570.28
22.8833	566.014	282.843
22.8891	560.807	280.565
22.8949	555.006	277.663
22.9007	545.786	274.474
22.9065	538.584	269.603
22.9123	532.705	269.915
22.9181	525.978	262.989
22.9239	516.644	257.428
22.9297	508.062	253.884
22.9355	500.199	249.378
22.9413	496.457	245.661
22.9471	484.558	242.699
22.9529	482.882	240.328
22.9587	478.993	239.773
22.9645	474.038	238.53
22.9703	469.949	238.392
22.9761	471.58	238.944
22.9819	472.398	238.53
22.9878	477.336	238.117
22.9936	474.86	237.979
22.9994	478.163	237.842
23.0052	480.933	238.944
23.011	479.546	240.328
23.0168	471.308	243.401
23.0226	492.743	243.964
23.0284	496.171	250.1	255.355
23.0342	500.778	247.799	248.516
23.04	506.011	253.152	254.913
23.0458	517.839	256.389	257.131
23.0516	516.942	249.523	259.069
23.0574	513.965	243.683	263.902
23.0632	238.944	268.36
23.069	233.486	269.447
23.0748	273.999
23.0806	277.503
23.0864	280.241
23.0922	282.68
23.098	284.975
23.1039	285.965
23.1097	284.811
23.1155	284.153
23.1213	286.13
23.1271	286.461
23.1329	285.965
23.1387	286.295
23.1445	284.153
23.1503	283.334
23.1561	282.68
23.1619	283.17
23.1677	284.318
23.1735	282.68
23.1793	285.47
23.1851	284.975
23.1909	289.455
23.1967
23.2025
23.2083
23.2141
23.22
23.2258
23.2316
23.2374
23.2432
23.249
23.2548
23.2606
23.2664
23.2722
23.278
23.2838
23.2896	349.834
23.2954	337.917
23.3012	329.247
23.307	325.089
23.3128	321.355
23.3186	319.32
23.3244	310.768
23.3302	302.969
23.3361	299.662
23.3419	294.344
23.3477	291.3
23.3535	289.287
23.3593	287.289
23.3651	285.965
23.3709	285.634
23.3767	286.626
23.3825	287.954
23.3883	288.953
23.3941	290.627
23.3999	292.311
23.4057	293.156
23.4115	292.818
23.4173	294.174
23.4231	294.004
23.4289	294.004
23.4347	294.344
23.4405	293.495
23.4463	290.124
23.4522	299.835
23.458	287.954
23.4638	284.811
23.4696	285.634
23.4754
23.4812
23.487
23.4928
23.4986
23.5044	244.246
23.5102	241.023
23.516	231.205
23.5218	223.716
23.5276	214.355
23.5334	207.413
23.5392	200.116
23.545	194.981
23.5508	192.186
23.5566	190.418
23.5624	187.905
23.5683	184.997
23.5741	183.613
23.5799	183.932
23.5857	184.57
23.5915	185.747
23.5973	185.961	371.923
23.6031	186.823	372.999
23.6089	188.34	377.333
23.6147	188.34	376.244
23.6205	188.557	376.462
23.6263	189.103	377.769
23.6321	190.638	363.428
23.6379	191.521	384.15
23.6437	191.521	383.042
23.6495	190.969	381.938
23.6553	191.079	382.158
23.6611	191.19	383.042
23.6669	191.521	383.264
23.6727	191.521	382.379
23.6785	191.521	382.6
23.6844	191.632	383.264
23.6902	191.964	383.928
23.696	191.853	383.707
23.7018	191.079	381.717
23.7076	190.638	380.396
23.7134	189.869	379.957
23.7192	189.103	377.987
23.725	188.666	377.987
23.7308	188.122	376.244
23.7366	187.471	374.943
23.7424	186.715	373.645
23.7482	186.176	372.138
23.754	186.176	372.568
23.7598	186.931	374.294
23.7656	187.471	374.726
23.7714	187.905	375.376
23.7772	187.905	376.462
23.783	188.231	376.679
23.7888	190.088	379.957
23.7946	190.528	381.276
23.8005	189.65	379.738
23.8063	189.979	380.177
23.8121	190.638	380.836
23.8179	191.19	382.158
23.8237	190.418	381.056
23.8295	189.869	380.836
23.8353	189.979	380.177
23.8411	191.079	381.717
23.8469	191.3	381.497
23.8527	190.418	380.177
23.8585	189.759	378.643
23.8643	191.632	380.396
23.8701	191.964	383.485
23.8759	191.079	379.518
23.8817	189.869	380.616
23.8875	188.994	384.15
23.8933	191.964	380.836
23.8991	190.198	379.738
23.9049	188.34	380.177
23.9107	185.961	381.056
23.9166	382.379
23.9224	384.372
23.9282	384.816	386.152
23.934	386.152	387.046
23.9398	386.375	386.152	192.186
23.9456	382.6	384.372	190.418
23.9514	383.928	191.521
23.9572	384.15	192.965
23.963	385.039	194.756
23.9688	387.046	193.746
23.9746	385.261	193.746
23.9804	390.865	193.746
23.9862	387.717	194.419
23.992	390.865	195.545
23.9978	394.494	199.539
24.0036	400.926	200.579
24.0094	400.001	200.463
24.0152	402.551	201.508
24.021	406.288	203.144
24.0268	410.297	205.149
24.0327	413.629	206.814
24.0385	415.065	207.413
24.0443	415.545	207.652
24.0501	415.785	207.772
24.0559	416.025	207.892
24.0617	415.545	207.772
24.0675	414.825	207.772
24.0733	414.346	207.413
24.0791	413.868	206.934
24.0849	413.629	206.695
24.0907	413.868	206.814
24.0965	413.868	206.934
24.1023	414.346	207.293
24.1081	416.987	208.976
24.1139	417.228	208.735
24.1197	419.161	209.217
24.1255	419.888	210.065
24.1313	419.161	210.673
24.1371	408.17	211.893
24.1429	412.198	205.742
24.1488	416.987	206.337
24.1546	406.993	205.742
24.1604	403.016	201.741
24.1662
24.172	194.869
24.1778	191.3
24.1836	188.666
24.1894	187.255
24.1952	186.176
24.201	185.211
24.2068	184.57
24.2126	184.251
24.2184	185.104
24.2242	186.823
24.23	190.418
24.2358	194.307
24.2416	198.275
24.2474	206.695
24.2532	208.735
24.259	212.506
24.2649	215.099
24.2707	216.345
24.2765	218.733
24.2823	219.619
24.2881	220.382
24.2939	221.402
24.2997	222.556
24.3055	222.556
24.3113	222.043
24.3171	221.274
24.3229	220.636
24.3287	219.873
24.3345	218.733
24.3403	216.971
24.3461	215.722
24.3519	218.48
24.3577	217.85
24.3635	220.127
24.3693	212.629
24.3751	194.756
24.381	194.531
24.3868	194.195
24.3926	193.635
24.3984	194.083
24.4042	773.197
24.41	778.126
24.4158	777.677
24.4216	776.33
24.4274	769.633
24.4332	768.744
24.439	769.633
24.4448	769.633
24.4506	766.527
24.4564	769.633
24.4622	766.97
24.468	770.968
24.4738	767.857
24.4796	743.846
24.4854	731.067
24.4912	699.264
24.4971	709.025	256.093
24.5029	722.253	240.328
24.5087	726.856	241.441
24.5145	723.505	240.606
24.5203	721.836	241.302
24.5261	723.923	241.999
24.5319	726.856	243.261
24.5377	727.697	242.84
24.5435	736.577	245.094
24.5493	736.577	241.441
24.5551	736.577	241.441
24.5609	736.577	240.606
24.5667	711.898	242.139
24.5725	722.253	234.568
24.5783
24.5841
24.5899
24.5957
24.6015
24.6073
24.6132
24.619
24.6248
24.6306
24.6364
24.6422
24.648
24.6538
24.6596
24.6654
24.6712
24.677
24.6828
24.6886
24.6944
24.7002
24.706
24.7118
24.7176
24.7234
24.7293
24.7351	293.495
24.7409	287.954
24.7467	289.12
24.7525	291.3
24.7583	292.649
24.7641	293.834
24.7699	294.174
24.7757	294.174
24.7815	294.344
24.7873	293.495
24.7931	292.987
24.7989	292.311
24.8047	290.795
24.8105	289.957
24.8163	289.12
24.8221	288.12
24.8279	286.792
24.8337	286.792
24.8395	285.14
24.8454	284.482
24.8512	284.153
24.857	283.498
24.8628	283.498
24.8686	284.153
24.8744	283.334
24.8802	283.334
24.886	283.334
24.8918	283.007
24.8976	284.153
24.9034	284.482
24.9092	283.661
24.915	284.153
24.9208	282.843
24.9266
24.9324	283.661
24.9382	285.14
24.944	290.124
24.9498	288.62
24.9556	289.287
24.9615	288.953
24.9673	289.957
24.9731	292.311
24.9789	291.3	874.932
24.9847	289.455	872.408
24.9905	289.12	869.892
24.9963	289.789	871.905
25.0021	290.795	873.921
25.0079	290.459	873.417
25.0137	290.627	874.426
25.0195	290.627	875.437
25.0253	290.627	876.449
25.0311	290.963	876.449
25.0369	291.131	878.984
25.0427	288.953	885.098
25.0485	286.792	884.076
25.0543	284.482	871.401
25.0601	283.498	870.395
25.0659	283.825	910.507
25.0717	283.989
25.0776
25.0834
25.0892
25.095
25.1008
25.1066
25.1124
25.1182
25.124
25.1298
25.1356
25.1414
25.1472
25.153
25.1588
25.1646
25.1704
25.1762
25.182
25.1878
25.1937
25.1995
25.2053
25.2111
25.2169
25.2227	353.49
25.2285	341.449
25.2343	332.496
25.2401	327.918
25.2459	326.595
25.2517	325.277
25.2575	324.339
25.2633	321.355
25.2691	316.931
25.2749	315.47
25.2807	315.288
25.2865	313.653
25.2923	309.872
25.2981	307.553
25.3039	304.372
25.3097	296.391
25.3156	290.963
25.3214	285.14
25.3272	281.214
25.333	277.824
25.3388	277.183
25.3446	274.316
25.3504	273.841
25.3562	274.791
25.362	276.703
25.3678	277.023
25.3736	278.306
25.3794	277.824
25.3852	276.383
25.391	276.064
25.3968	282.517
25.4026	284.153
25.4084	281.865
25.4142	286.626
25.42
25.4258
25.4317
25.4375
25.4433
25.4491
25.4549
25.4607
25.4665
25.4723
25.4781
25.4839	199.539
25.4897	193.97
25.4955	188.122
25.5013	185.318
25.5071	183.507
25.5129	181.609
25.5187	179.523
25.5245	178.489
25.5303	177.974
25.5361	178.18
25.542	178.592
25.5478	178.696
25.5536	178.902
25.5594	179.731
25.5652	180.563
25.571	182.661
25.5768	183.719
25.5826	185.318
25.5884	186.607
25.5942	187.363
25.6	187.905
25.6058	188.014
25.6116	188.231
25.6174	188.775
25.6232	188.994
25.629	188.448
25.6348	188.34
25.6406	188.231
25.6464	188.014	375.376
25.6522	187.905	374.943
25.658	188.34	376.679
25.6639	188.775	378.205
25.6697	188.994	377.769
25.6755	189.321	379.08
25.6813	189.54	378.643
25.6871	189.321	379.08
25.6929	188.666	377.987
25.6987	187.905	376.462
25.7045	187.255	375.81
25.7103	187.255	374.294
25.7161	186.607	373.645
25.7219	186.823	372.353
25.7277	186.607	372.783
25.7335	186.284	372.568
25.7393	186.499	372.568
25.7451	186.607	371.923
25.7509	186.931	371.493
25.7567	186.823	371.708
25.7625	187.363	374.51
25.7683	186.931	373.861
25.7741	186.392	371.708
25.78	186.392	373.43
25.7858	187.688	374.077
25.7916	187.905	374.726
25.7974	186.931	374.077
25.8032	187.363	376.244
25.809	187.471	379.738
25.8148	187.688	365.533
25.8206	191.3	375.159
25.8264	192.631	378.643
25.8322	193.411	380.616
25.838	194.307	388.389
25.8438	193.635	389.063
25.8496	192.853	387.493
25.8554	191.411	385.929
25.8612	190.748
25.867	187.471
25.8728	190.198
25.8786	188.994	383.928
25.8844	190.638	384.372
25.8902	190.859	385.484
25.8961	190.528	382.379
25.9019	192.297	384.594
25.9077	192.853	386.152
25.9135	191.964	385.929
25.9193	192.297	386.599	235.79
25.9251	190.088	385.929	233.891
25.9309	188.122	383.928	228.417
25.9367	188.34	382.379	221.53
25.9425	384.15	218.607
25.9483	386.375	220.891
25.9541	389.738	218.986
25.9599	399.078	220.764
25.9657	399.77	221.147
25.9715	414.107	222.043
25.9773	438.478	221.147
25.9831	441.273	221.274
25.9889	440.254	220.254
25.9947	438.731	218.607
26.0005	439.492	219.239
26.0063	436.204	218.354
26.0122	434.946	217.85
26.018	434.695	217.724
26.0238	433.692	217.222
26.0296	432.441	216.096
26.0354	431.942	215.971
26.0412	430.945	215.597
26.047	429.206	214.108
26.0528	425.503	211.771
26.0586	418.919	209.217
26.0644	426.487	207.532
26.0702	409.114	205.861
26.076	406.758	198.619
26.0818	395.864	197.019
26.0876	390.188	189.759
26.0934	377.551	187.255
26.0992	363.428	189.65
26.105
26.1108	191.742
26.1166	191.3
26.1224	191.853
26.1283	190.418
26.1341	191.964
26.1399	189.431
26.1457	183.719
26.1515	185.961
26.1573	190.198
26.1631	192.519
26.1689	195.658
26.1747	203.144
26.1805	211.771
26.1863	217.222	207.173
26.1921	219.112	206.218
26.1979	207.293	206.814
26.2037	206.695	207.652
26.2095	206.576	207.892
26.2153	208.494
26.2211	209.823
26.2269	211.282
26.2327	213.737
26.2385	214.231
26.2444	214.479
26.2502	215.224
26.256	214.479
26.2618	213.121
26.2676	209.338
26.2734	214.727
26.2792	214.851
26.285	214.355
26.2908	215.597
26.2966	216.971
26.3024	215.722
26.3082
26.314
26.3198
26.3256
26.3314
26.3372
26.343
26.3488	360.501
26.3546	380.616
26.3605	385.261
26.3663	387.493
26.3721	385.929
26.3779	385.261
26.3837	385.707
26.3895	385.261
26.3953	384.816
26.4011	385.484	189.869
26.4069	374.726	186.069
26.4127	371.279	185.854
26.4185	381.056	188.014
26.4243	383.485	189.65
26.4301	379.518	189.65
26.4359	382.158	191.411
26.4417	381.938	190.528
26.4475	373.861	189.431
26.4533	368.927	188.231
26.4591	367.439	183.825
26.4649	370.422	186.392
26.4707	371.923	186.284
26.4766	372.999	187.471
26.4824	373.43	187.58
26.4882	373.43	186.931
26.494	371.279	186.607
26.4998	372.783	187.039
26.5056	375.593	187.905
26.5114	377.115	188.448
26.5172	378.205	188.994
26.523	379.518	189.54
26.5288	380.836	190.418
26.5346	381.276	190.748
26.5404	381.938	191.079
26.5462	383.264	191.521
26.552	383.264	191.411
26.5578	382.379	191.19
26.5636	382.158	191.079
26.5694	381.717	190.859
26.5752	380.177	190.088
26.581	378.643	189.321
26.5868	376.462	188.557
26.5927	376.244	188.34
26.5985	374.726	187.905
26.6043	375.159	187.58
26.6101	374.943	187.58
26.6159	374.294	187.905
26.6217	375.159	188.014
26.6275	374.943	188.122
26.6333	376.897	189.321
26.6391	380.396	190.528
26.6449	382.6	191.742
26.6507	384.372	192.631
26.6565	384.816	192.519
26.6623	383.264	192.853
26.6681	385.261	192.631
26.6739	386.822	193.411
26.6797	388.165	193.858
26.6855	387.493	193.635
26.6913	389.063	193.299
26.6971	387.941	193.188
26.7029	386.152	192.631
26.7088	384.15	191.742
26.7146	382.158	191.19
26.7204	382.158	190.859
26.7262	380.836	190.638
26.732	380.396	190.638
26.7378	378.861	189.869
26.7436	378.643	189.431
26.7494	378.643	189.431
26.7552	379.738	190.088
26.761	381.056	190.418
26.7668	379.957	190.859
26.7726	379.08	190.748
26.7784	380.177	190.638
26.7842	380.396	190.528
26.79	382.379	191.079
26.7958	382.6	191.3
26.8016	381.276	190.748
26.8074	380.836	189.103
26.8132	380.177	190.198
26.819	378.205	188.775
26.8249	380.177	189.65
26.8307	378.643	189.212
26.8365	378.643	189.869
26.8423	378.205	189.54
26.8481	379.518	189.759
26.8539	380.396	189.759
26.8597	381.056	189.869
26.8655	383.485	189.979
26.8713	381.717	190.748
26.8771	382.158	191.742
26.8829	382.379	191.3
26.8887	383.707	192.408
26.8945	383.707	191.19
26.9003	385.929	190.859	212.138
26.9061	388.389	194.869	214.231
26.9119	397.697	189.869	220.636
26.9177	396.092	190.748	224.752
26.9235	383.042	188.231	228.549
26.9293	380.177	181.609	233.891
26.9351	362.171	180.772	238.392
26.941	364.269	181.819	242.98
26.9468	364.269	173.408	248.803
26.9526	377.769	173.208	255.207
26.9584	383.928	174.111	260.119
26.9642	389.738	171.614	261.323
26.97	381.276	256.982
26.9758	245.378
26.9816	254.471
26.9874	254.471
26.9932	263.598
26.999
27.0048
27.0106
27.0164
27.0222
27.028
27.0338
27.0396
27.0454
27.0512
27.0571
27.0629
27.0687
27.0745
27.0803
27.0861
27.0919
27.0977
27.1035
27.1093	316.383
27.1151	319.505
27.1209	318.951
27.1267	319.136
27.1325	315.106
27.1383	301.921
27.1441	319.874
27.1499	321.355
27.1557	323.217
27.1615	326.03
27.1673	333.65
27.1732	333.265
27.179	331.729
27.1848	330.009
27.1906	326.784
27.1964	323.404
27.2022	321.913
27.208	320.984
27.2138	319.689
27.2196	312.929
27.2254	307.731
27.2312	304.021
27.237	298.281
27.2428	293.156
27.2486	289.455
27.2544	284.811
27.2602	283.17
27.266	281.865
27.2718	281.214
27.2776	280.241
27.2834	278.949
27.2893	277.503
27.2951	278.145
27.3009	279.433
27.3067	281.214
27.3125	284.153
27.3183	285.14
27.3241	283.661
27.3299	283.661
27.3357	285.965
27.3415	286.957
27.3473	286.957
27.3531	288.12
27.3589	286.295
27.3647	284.318
27.3705	281.865
27.3763	276.703
27.3821	277.503	265.431
27.3879	262.231
27.3937	250.823
27.3995	243.12
27.4054	234.568
27.4112	223.846
27.417	216.596
27.4228	210.308
27.4286	204.085
27.4344	200.579
27.4402	194.307
27.446	191.521
27.4518	188.448
27.4576	186.607
27.4634	184.997
27.4692	183.189
27.475	183.189
27.4808	183.507
27.4866	183.932
27.4924	184.144
27.4982	184.357
27.504	184.677
27.5098	185.639	350.846
27.5156	186.823	373.861
27.5215	187.471	374.51
27.5273	188.231	375.81
27.5331	189.212	379.08
27.5389	190.198	381.276
27.5447	191.19	382.821
27.5505	191.853	385.039
27.5563	191.964	384.594
27.5621	192.075	384.15
27.5679	191.742	383.707
27.5737	191.521	383.485
27.5795	191.079	381.938
27.5853	190.528	380.836
27.5911	190.418	380.616
27.5969	190.308	380.616
27.6027	190.088	380.177
27.6085	189.979	380.396
27.6143	189.65	379.957
27.6201	188.557	377.551
27.6259	187.688	375.81
27.6317	187.58	376.027
27.6376	187.905	374.726
27.6434	188.231	376.462
27.6492	188.231	376.897
27.655	188.231	375.81
27.6608	187.905	374.294
27.6666	187.58	374.943
27.6724	186.392	369.781
27.6782	185.425	368.927
27.684	184.784	368.076
27.6898	184.784	369.354
27.6956	183.932	366.591
27.7014	182.872	365.111
27.7072	182.45	364.058
27.713	182.872	366.167
27.7188	183.507	367.863
27.7246	184.89	369.994
27.7304	185.747	371.708
27.7362	184.997	365.533
27.742	183.932	367.014
27.7478	186.176	370.85
27.7537	188.231	376.027
27.7595	188.34	381.276
27.7653	190.528	367.227
27.7711	377.987
27.7769	377.333
27.7827	377.333
27.7885	382.821
27.7943	383.928	192.853
27.8001	384.15	190.528
27.8059	385.707	192.408
27.8117	382.158	197.361
27.8175	378.861	206.099
27.8233	377.115	209.459
27.8291	381.717	210.794
27.8349	381.497	212.506
27.8407	380.396	211.16
27.8465	378.205	208.735
27.8523	388.614	208.976
27.8581	388.614	207.892
27.8639	388.614	207.892
27.8698	388.614	208.253
27.8756	208.735
27.8814	208.012
27.8872	206.695
27.893	208.253
27.8988	209.097
27.9046	209.459
27.9104	210.187
27.9162	211.526
27.922	212.752
27.9278	213.367
27.9336	213.367
27.9394	213.367
27.9452	213.244
27.951	213.614
27.9568	214.231
27.9626	215.099
27.9684	215.472
27.9742	214.851
27.98	214.108
27.9858	213.984
27.9917	213.244
27.9975	213.614
28.0033	214.479	197.361
28.0091	219.239	202.441
28.0149	202.208
28.0207	202.324
28.0265	203.027
28.0323	202.558
28.0381	199.77
28.0439	196.451
28.0497	192.408
28.0555	187.147
28.0613	183.932
28.0671	180.667
28.0729	178.902
28.0787	178.283
28.0845	179.627
28.0903	182.029
28.0961	184.997
28.1019	189.759
28.1078	191.964
28.1136	194.981
28.1194	199.654
28.1252	201.392
28.131	202.675
28.1368	203.849
28.1426	205.623
28.1484	206.934
28.1542	208.373
28.16	209.823
28.1658	211.893
28.1716	213.737
28.1774	214.479
28.1832	214.355
28.189	212.998
28.1948	211.404
28.2006	209.459
28.2064	206.337
28.2122	200.579
28.2181	209.58
28.2239	194.869
28.2297	193.635	385.484
28.2355	192.742	383.707
28.2413	191.3	379.957
28.2471	190.088	379.08
28.2529	188.775	379.08
28.2587	188.994	379.518
28.2645	189.54	380.616
28.2703	190.088	382.6
28.2761	190.198	382.158
28.2819	191.079	379.299
28.2877	186.823	389.963
28.2935	184.251	384.372
28.2993	185.211	383.264
28.3051	184.038	384.372
28.3109	188.884	383.485
28.3167	191.3	381.938
28.3225	192.519	384.372
28.3283	192.297	384.594
28.3341	193.523	385.261	236.882
28.34	203.027	387.717	236.745
28.3458	387.046	234.297
28.3516	391.091	227.627
28.3574	386.152	224.104
28.3632	399.078	230.938
28.369	377.551	232.275
28.3748	380.836	229.475
28.3806	374.294	225.663
28.3864	376.027	226.446
28.3922	366.591	225.272
28.398	223.716
28.4038	225.142
28.4096	231.071
28.4154	234.432
28.4212	232.41
28.427	235.79
28.4328	238.53
28.4386	243.964
28.4444
28.4502
28.4561
28.4619
28.4677
28.4735
28.4793
28.4851
28.4909
28.4967
28.5025
28.5083
28.5141
28.5199
28.5257
28.5315
28.5373
28.5431
28.5489
28.5547
28.5605
28.5663
28.5722
28.578
28.5838
28.5896
28.5954
28.6012	284.318
28.607	286.461
28.6128	287.621
28.6186	287.289
28.6244	285.965
28.6302	285.47
28.636	284.153
28.6418	282.354
28.6476	281.377
28.6534	279.272
28.6592	277.824
28.665	276.863
28.6708	275.268
28.6766	274.791
28.6824	274.316
28.6883	274.791
28.6941	274.95
28.6999	276.863
28.7057	278.466
28.7115	279.433	388.614
28.7173	279.595	386.822
28.7231	280.727	385.484
28.7289	282.517	387.493
28.7347	282.028	387.269
28.7405	282.68	385.929
28.7463	282.843	382.379
28.7521	282.191	382.821
28.7579	282.191	385.261
28.7637	281.052	383.264
28.7695	280.08	383.707
28.7753	278.627	384.594
28.7811	277.343	384.372
28.7869	276.064	383.928
28.7927	274.474	383.928
28.7985	272.578	385.261	273.683
28.8044	273.525	384.594	274.95
28.8102	274.791	383.485	275.745
28.816	275.745	385.039	276.064
28.8218	277.023	383.707	277.984
28.8276	277.824	383.707	278.788
28.8334	277.663	392.902	278.466
28.8392	277.984	387.046	279.111
28.845	279.595	397.697	280.08
28.8508	279.756	389.738	280.89
28.8566	281.214	385.484	281.702
28.8624	282.191	394.722	282.028
28.8682	281.702	388.838	281.865
28.874	282.191	390.639	281.865
28.8798	281.377	383.042	281.702
28.8856	279.918	383.264	279.111
28.8914	382.158	282.68
28.8972	382.821	283.498
28.903	382.158	283.334
28.9088	381.938	279.918
28.9146	380.177	277.023
28.9205	381.056	272.578
28.9263	378.861
28.9321	707.389
28.9379	712.309
28.9437	724.76
28.9495	722.253
28.9553	722.67
28.9611	727.697
28.9669	719.754
28.9727	713.545
28.9785	714.782
28.9843	724.76
28.9901	738.708
28.9959	730.223
29.0017	726.856
29.0075	730.645
29.0133	728.959
29.0191	724.76
29.0249	723.505
29.0307	734.029
29.0366	718.093
29.0424	717.264
29.0482	708.207
29.054	695.638
29.0598	714.369
29.0656	720.586	357.598
29.0714	716.849	343.824
29.0772	716.849	336.748
29.083	709.435	332.496
29.0888	718.093	329.057
29.0946	730.223	326.784
29.1004	715.608	325.653
29.1062	720.586	323.591
29.112	728.117	321.913
29.1178	716.849	312.207
29.1236	718.093	306.312
29.1294	709.025	306.135
29.1352	709.025	314.56	299.143
29.141	702.908	314.56	295.707
29.1468	718.923	314.56	292.649
29.1527	737.429	314.56	288.453
29.1585	735.727	284.153
29.1643	726.437	281.702
29.1701	719.754	280.565
29.1759	717.264	280.403
29.1817	722.67	279.756
29.1875	734.029	278.306
29.1933	714.369	279.433
29.1991	715.608	281.377
29.2049	742.987	281.702
29.2107	281.214
29.2165	280.08
29.2223	285.14
29.2281	285.965
29.2339	285.47
29.2397	285.305
29.2455	284.811
29.2513	285.965
29.2571	286.295
29.2629	286.295
29.2688	288.453
29.2746	285.8	264.513
29.2804	287.455	263.598
29.2862	286.13	251.258
29.292	285.965	250.678
29.2978	290.124	241.86
29.3036	290.459	231.071
29.3094	224.882
29.3152	217.348
29.321	210.551
29.3268	203.144
29.3326	200.232
29.3384	196.906
29.3442	193.746
29.35	192.742
29.3558	190.418
29.3616	187.58
29.3674	186.607
29.3732	186.823
29.379	187.039
29.3849	187.363
29.3907	187.905
29.3965	188.34
29.4023	188.775
29.4081	188.884
29.4139	188.666
29.4197	188.34
29.4255	188.014
29.4313	188.122
29.4371	188.666
29.4429	189.103
29.4487	189.103
29.4545	189.431
29.4603	189.431
29.4661	189.321
29.4719	189.212
29.4777	189.212
29.4835	189.54	378.643
29.4893	189.65	378.424
29.4951	189.103	378.424
29.501	188.884	377.769
29.5068	188.884	377.333
29.5126	189.212	378.424
29.5184	189.321	378.861
29.5242	189.321	378.643
29.53	189.212	378.643
29.5358	189.103	379.738
29.5416	189.103	379.299
29.5474	189.65	379.518
29.5532	190.418	380.396
29.559	190.969	381.497
29.5648	191.079	382.821
29.5706	191.411	383.042
29.5764	192.186	386.375
29.5822	193.411	387.493
29.588	193.188	386.375
29.5938	193.299	387.269
29.5996	193.746	387.493
29.6054	192.742	387.717
29.6112	192.742	385.484
29.6171	192.519	386.152
29.6229	192.408	387.493
29.6287	192.631	389.288
29.6345	193.746	387.941
29.6403	193.523	386.375
29.6461	192.297	383.042
29.6519	192.075	381.497
29.6577	191.3	380.836
29.6635	190.859
29.6693	189.979
29.6751	187.255
29.6809	183.401
29.6867	187.905
29.6925	186.499
29.6983
29.7041
29.7099
29.7157
29.7215
29.7273
29.7332
29.739
29.7448
29.7506
29.7564
29.7622
29.768
29.7738
29.7796
29.7854
29.7912
29.797
29.8028
29.8086
29.8144
29.8202
29.826
29.8318
29.8376
29.8434
29.8493
29.8551
29.8609
29.8667
