0
0.00580499
0.01161
0.017415
0.02322
0.0290249
0.0348299
0.0406349
0.0464399
0.0522449
0.0580499
0.0638549
0.0696599
0.0754649
0.0812698
0.0870748
0.0928798
0.0986848
0.10449
0.110295
0.1161
0.121905
0.12771
0.133515
0.13932
0.145125
0.15093
0.156735
0.16254
0.168345
0.17415
0.179955
0.18576
0.191565
0.19737
0.203175
0.20898
0.214785
0.22059
0.226395
0.2322
0.238005
0.24381
0.249615
0.255419
0.261224
0.267029
0.272834	330.772
0.278639	336.943
0.284444	321.913
0.290249	322.658
0.296054	318.951
0.301859	320.614
0.307664	320.799
0.313469	319.32
0.319274	318.583
0.325079	317.848
0.330884	318.583
0.336689	318.399
0.342494	319.136
0.348299	318.951
0.354104	321.17
0.359909	323.217
0.365714	325.653
0.371519	327.918	660.398
0.377324	330.581	663.841
0.383129	332.88	665.761
0.388934	334.229	669.617
0.394739	335.583	672.719
0.400544	336.943	674.275
0.406349	337.917	675.054
0.412154	337.527	673.496
0.417959	335.971	665.376
0.423764	333.265	648.678
0.429569	326.407	667.686
0.435374	331.537	668.844
0.441179	324.714	681.322
0.446984	329.818	696.845
0.452789	326.784	685.269
0.458594	340.661	693.231
0.464399	326.407	675.444
0.470204	671.942
0.476009
0.481814
0.487619
0.493424
0.499229
0.505034
0.510839
0.516644
0.522449	336.748
0.528254	338.308
0.534059	342.437
0.539864	348.02
0.545669	357.185
0.551474	364.69
0.557279	370.208	740.844
0.563084	375.376	752.924
0.568889	380.396	759.475
0.574694	384.15	768.744
0.580499	387.717	776.33
0.586304	392.222	783.538
0.592109	394.722	788.988
0.597914	397.009	793.559
0.603719	398.617	796.774
0.609524	399.77	796.314
0.615329	399.308	797.234
0.621134	398.387	796.314
0.626939	396.55	793.1
0.632744	395.178	788.532
0.638549	391.769	782.182
0.644354	389.288	780.376
0.650159	388.614	774.986
0.655964	387.046	775.882
0.661769	387.493	773.644
0.667574	388.165	774.091
0.673379	388.838	778.575
0.679184	390.865	782.634
0.684989	393.129	788.988
0.690794	394.494	789.444
0.696599	395.864	792.185
0.702404	396.321	790.357
0.708209	399.078	798.617
0.714014	398.617	801.389
0.719819	398.847	799.078
0.725624	400.232	800.002
0.731429	401.622	801.852
0.737234	401.622	803.707
0.743039	401.39	801.389
0.748844	401.622	803.707
0.754649	401.39	800.464
0.760454	400.463	802.779
0.766258	400.232	802.779
0.772063	399.308	799.078
0.777868	398.387	794.935
0.783673	397.927	798.617
0.789478	397.467	793.1
0.795283	396.092	790.357
0.801088	394.494	788.077
0.806893	392.222	784.897
0.812698	390.414	781.279
0.818503	390.414	775.882
0.824308	392.222	777.677
0.830113	395.178	780.827
0.835918	395.864	755.974
0.841723	394.494	736.152	320.059
0.847528	395.635	728.538	334.809
0.853333	396.092	732.335	334.615
0.859138	395.407	755.101	335.583
0.864943	396.321	794.476	330.963
0.870748	399.77	326.218	658.874
0.876553	400.463	325.465	654.701
0.882358	399.77	325.277	650.93
0.888163	393.129	324.902	649.053
0.893968	392.222	325.089	650.179
0.899773	392.222	325.653	652.06
0.905578	398.387	326.973	653.945
0.911383	396.779	327.351	654.701
0.917188	396.092	328.297	656.595
0.922993	395.864	329.057	658.494
0.928798	395.635	330.581	660.398
0.934603	393.811	332.688	661.162
0.940408	395.178	334.809	665.376
0.946213	395.407	336.359	668.072
0.952018	398.617	338.895	668.844
0.957823	397.238	340.268	675.054
0.963628	397.697	340.071	677.789
0.969433	395.864	341.055	684.873
0.975238	395.864	345.018	685.269
0.981043	398.847	343.427	692.431
0.986848	397.467	340.464	677.398
0.992653	397.009	334.229	665.376
0.998458	395.635	328.867	655.837
1.00426	393.584	331.92	664.608
1.01007	393.356	330.009	655.458
1.01587	396.779	328.487	655.837
1.02168	397.697	329.437	663.841
1.02748	399.308	324.902	660.78
1.03329	391.317	331.537
1.03909	391.317
1.0449	392.675
1.0507	394.722
1.05651	398.847
1.06231	400.001
1.06812	399.078
1.07392	400.232	268.981
1.07973	395.864	278.145
1.08553	275.586
1.09134	282.191
1.09714	290.627	580.248
1.10295	290.795	580.583
1.10875	290.795	581.927
1.11456	289.287	581.59
1.12036	288.787	579.913
1.12617	288.453	579.578
1.13197	287.787	579.578
1.13778	288.287	579.913
1.14358	288.953	581.255
1.14939	290.292	583.947
1.15519	291.468	585.298
1.161	291.3	582.936
1.1668	291.131	581.59
1.17261	290.795	581.255
1.17841	291.805	581.59
1.18422	290.795	582.599
1.19002	290.124	582.263
1.19583	290.292	581.59
1.20163	291.131	583.273
1.20744	291.973	583.947
1.21324	291.3	583.273
1.21905	291.131	582.263
1.22485	292.48	584.96
1.23066	293.326	586.651
1.23646	293.495	585.974
1.24227	294.514	588.688
1.24807	294.855	589.369
1.25388	294.514	588.348
1.25968	294.174	588.348
1.26549	296.049	593.468
1.27129	294.684	595.184
1.2771	296.905	597.941
1.2829	286.295	597.941
1.28871	300.876	615.462
1.29451	294.684
1.30032	294.684	328.677
1.30612	297.936	329.247
1.31193	295.878	329.437
1.31773	330.581
1.32354	331.537
1.32934	332.688
1.33515	330.963
1.34095	327.729
1.34676	325.841
1.35256	323.778
1.35837	321.355
1.36417	318.399
1.36998	314.197
1.37578	304.9
1.38159	300.355
1.38739	298.281
1.3932	301.921
1.399	316.565
1.40481	316.565
1.41061
1.41642
1.42222
1.42803
1.43383
1.43964
1.44544
1.45125
1.45705
1.46286
1.46866
1.47447
1.48027
1.48608
1.49188
1.49769
1.50349
1.5093
1.5151
1.52091	301.746
1.52671	305.782
1.53252	303.319
1.53832	301.05
1.54413	297.592
1.54993	294.684
1.55574	290.795
1.56154	287.123
1.56735	283.825
1.57315	282.191
1.57896	278.949
1.58476	272.736
1.59057	269.292
1.59637	264.513
1.60218	259.969
1.60798	257.726
1.61379	250.389
1.61959	245.945
1.6254	249.523
1.6312	248.947
1.63701	246.372
1.64281
1.64862
1.65442
1.66023
1.66603
1.67184
1.67764
1.68345
1.68925
1.69506
1.70086
1.70667
1.71247
1.71828
1.72408
1.72989
1.73569
1.7415
1.7473	580.583
1.75311	275.268	556.611
1.75891	274.316	555.969
1.76472	276.543	551.809
1.77052	274.157	546.417
1.77633	271.635	543.584
1.78213	270.852	542.643
1.78794	268.981	541.078
1.79374	267.895	538.895
1.79955	267.741	537.962
1.80535	267.432	535.791
1.81116	266.506	534.863
1.81696	265.278	532.09
1.82277	264.665	530.555
1.82857	264.513	529.637
1.83438	264.207	529.331
1.84018	264.36	529.025
1.84599	264.207	528.109
1.85179	264.36	527.805
1.8576	263.75	527.5
1.8634	263.445	526.891
1.86921	263.445	530.862
1.87501	263.445	526.282
1.88082	263.141	525.978	281.702
1.88662	262.534	525.371	279.111
1.89243	262.079	524.159	280.89
1.89823	261.777	523.553	281.865
1.90404	261.928	522.044	281.865
1.90984	261.928	523.251	283.334
1.91565	262.079	525.675	284.482
1.92145	263.141	523.856	282.517
1.92726	263.293	524.765	275.586
1.93306	264.207	525.371	284.318
1.93887	266.969	525.675	283.17
1.94467	266.353	528.109	294.855
1.95048	268.67	532.09	290.963
1.95628	266.506	536.41	288.62
1.96209	265.738	535.172	294.174
1.96789	265.584	523.553	294.004
1.9737	263.141	520.237	295.025
1.9795	271.792	513.668	293.834
1.98531	273.525	304.372
1.99111	268.36	319.32
1.99692	305.076
2.00272
2.00853	259.069
2.01433	258.471
2.02014	259.969
2.02594	263.902
2.03175	264.665
2.03755	263.75
2.04336	264.665
2.04916	261.928
2.05497	262.989
2.06077	264.207
2.06658	264.207
2.07238	266.814
2.07819	265.584
2.08399	263.598
2.0898	263.293
2.0956	264.818
2.10141	263.75
2.10721	261.323
2.11302	266.506
2.11882	265.125
2.12463
2.13043
2.13624
2.14204
2.14785
2.15365
2.15946
2.16526
2.17107
2.17687
2.18268
2.18848
2.19429
2.20009
2.2059	349.834
2.2117	357.185
2.21751	344.221
2.22331	345.018
2.22912	346.816
2.23492	345.018
2.24073	348.221
2.24653	349.834
2.25234	347.217
2.25814	345.018
2.26395	347.618
2.26975	349.834
2.27556	349.632
2.28136	347.417
2.28717	347.217
2.29297	349.632
2.29878	347.618
2.30458	348.02
2.31039	347.618
2.31619	351.86
2.322	350.036
2.3278	349.632
2.33361	350.643
2.33941	345.217
2.34522	346.016
2.35102	345.416
2.35683	346.415
2.36263	351.048
2.36844	354.717
2.37424	352.878
2.38005	354.717
2.38585	356.978
2.39166	355.538
2.39746	352.674
2.40327
2.40907
2.41488
2.42068
2.42649
2.43229
2.4381
2.4439	374.294
2.44971	360.501
2.45551	346.016
2.46132	349.834
2.46712	374.943
2.47293	366.167
2.47873	374.294
2.48454	372.353
2.49034	365.956
2.49615	362.589
2.50195	361.126	446.142
2.50776	360.501	444.342
2.51356	358.632	447.433
2.51937	352.064	448.209
2.52517	356.772	451.065
2.53098	352.064	450.805
2.53678	353.286	446.142
2.54258	352.064	447.691
2.54839	351.251	451.065
2.55419	351.048	445.885
2.56	350.238	442.293
2.5658	346.415	436.708
2.57161	344.42	440.509
2.57741	342.041	425.749
2.58322	352.471	438.478
2.58902	355.127	442.038
2.59483	348.825	442.038
2.60063	349.027	454.465
2.60644	348.422	430.696
2.61224	350.238
2.61805	363.218
2.62385
2.62966
2.63546
2.64127
2.64707
2.65288
2.65868
2.66449
2.67029
2.6761
2.6819
2.68771
2.69351
2.69932
2.70512
2.71093
2.71673
2.72254
2.72834
2.73415
2.73995
2.74576
2.75156
2.75737
2.76317
2.76898
2.77478
2.78059
2.78639
2.7922
2.798
2.80381
2.80961
2.81542
2.82122
2.82703
2.83283
2.83864
2.84444
2.85025
2.85605
2.86186
2.86766
2.87347
2.87927
2.88508
2.89088
2.89669
2.90249
2.9083
2.9141
2.91991
2.92571
2.93152
2.93732	236.609
2.94313	238.668
2.94893	238.53
2.95474	236.472
2.96054	233.756	293.665
2.96635	235.246	275.745
2.97215	227.101	280.403
2.97796	226.708	299.489
2.98376	226.708	293.156
2.98957	231.606	291.468
2.99537	232.947	290.963
3.00118	230.272	291.468
3.00698	232.41	291.973
3.01279	235.654	290.124
3.01859	230.405	289.789
3.0244	231.338	289.622
3.0302	236.745	289.622
3.03601	235.926	292.649
3.04181	234.297	285.14
3.04762	235.11	287.289
3.05342	237.43	290.124
3.05923	235.654	296.22
3.06503	235.518	299.489
3.07084	234.297	292.48
3.07664	233.486	301.398
3.08245	232.275	300.702
3.08825	236.745	299.835
3.09406	242.699	300.009
3.09986	248.516	301.05
3.10567	253.738	298.625
3.11147	247.084	286.461	341.252
3.11728	243.964	285.47	338.503
3.12308	233.217	287.954	341.449
3.12889	280.89	342.041
3.13469	280.08	345.416
3.1405	280.89	349.43
3.1463	286.461	348.825
3.15211	283.007	343.427
3.15791	299.316	349.027
3.16372	298.108	349.43
3.16952	297.42	354.103
3.17533	298.625	353.286
3.18113	297.249	354.513
3.18694	298.281	354.308
3.19274	299.662	354.513
3.19855	294.174	358.218
3.20435	295.537	359.046
3.21016	300.182	352.064
3.21596	301.398	348.825
3.22177	305.076	348.422
3.22757	300.529	348.422
3.23338	309.514	342.437
3.23918	307.731	338.895
3.24499	307.731	341.844
3.25079	307.021	344.619
3.2566	299.143	347.417
3.2624	289.957	361.335
3.26821	294.855	362.171
3.27401	289.957	361.126
3.27982	302.619	368.501
3.28562	301.921	360.501
3.29143	301.921
3.29723	311.487
3.30304	304.724
3.30884	304.021
3.31465	301.572
3.32045	304.196
3.32626	304.724
3.33206	302.095
3.33787	304.372
3.34367	317.664
3.34948	318.215	275.427
3.35528	276.543
3.36109	276.064
3.36689	281.214
3.3727	265.431
3.3785	261.928
3.38431	261.626
3.39011	261.928
3.39592	262.837
3.40172	259.369
3.40753	259.219
3.41333	260.269
3.41914	261.022
3.42494	262.534
3.43075	262.079
3.43655	259.219
3.44236	260.72
3.44816	260.72
3.45397	260.269
3.45977	262.382
3.46558	267.586
3.47138	254.913
3.47719	261.928
3.48299	261.626
3.4888	263.445
3.4946	261.022
3.50041	265.738
3.50621	266.045
3.51202	266.506
3.51782
3.52363
3.52943
3.53524
3.54104
3.54685
3.55265
3.55846
3.56426
3.57007
3.57587
3.58168
3.58748
3.59329
3.59909
3.6049
3.6107
3.61651
3.62231
3.62812
3.63392
3.63973
3.64553
3.65134
3.65714
3.66295
3.66875
3.67456
3.68036
3.68617
3.69197
3.69778
3.70358
3.70939
3.71519
3.721
3.7268
3.73261
3.73841
3.74422
3.75002
3.75583
3.76163
3.76744
3.77324
3.77905
3.78485
3.79066
3.79646
3.80227
3.80807
3.81388
3.81968
3.82549
3.83129
3.8371
3.8429
3.84871
3.85451
3.86032
3.86612
3.87193
3.87773
3.88354
3.88934
3.89515
3.90095
3.90676
3.91256
3.91837
3.92417
3.92998
3.93578
3.94159
3.94739
3.9532
3.959
3.96481
3.97061
3.97642
3.98222
3.98803
3.99383
3.99964
4.00544
4.01125
4.01705
4.02286
4.02866
4.03447
4.04027	302.969
4.04608	310.947
4.05188	312.929
4.05769	314.379
4.06349	323.03
4.0693	329.818
4.0751	334.809
4.08091	320.244
4.08671	318.951
4.09252	318.399
4.09832	320.059
4.10413	330.009
4.10993	327.162
4.11574	331.92
4.12154	333.073
4.12735	342.832
4.13315	336.165
4.13896	326.784
4.14476	328.108
4.15057	335.583
4.15637	340.464
4.16218	344.42
4.16798	330.009
4.17379	317.481
4.17959	310.051	339.09
4.1854	316.931	341.055
4.1912	323.03	340.268
4.19701	322.285	337.722
4.20281	325.841	336.165	797.234
4.20862	329.818	335.196	794.935
4.21442	345.816	331.729	784.444
4.22023	336.165	330.963	775.882
4.22603	330.581	779.926
4.23184	329.628	781.279
4.23764	329.628	783.991
4.24345	327.918	786.258
4.24925	322.658	788.532
4.25506	324.152	787.167
4.26086	323.778	790.813
4.26667	325.465	798.156
4.27247	327.351	794.935
4.27828	332.88	790.813
4.28408	334.422	799.54
4.28989	334.615	802.779
4.29569	332.304	800.464
4.3015	337.722	805.101
4.3073	332.688	824.872
4.31311	331.92	806.498
4.31891	334.422	796.314
4.32472	328.867	808.83
4.33052	330.772	809.297
4.33633	331.92	794.017	662.691
4.34213	330.581	794.017	661.162
4.34794	331.154	792.642	660.78
4.35374	329.437	789.9	660.78
4.35955	330.772	781.279	662.691
4.36535	329.437	772.305	661.926
4.37116	331.154	759.475	661.162
4.37696	332.304	774.538	656.216
4.38277	328.677	788.988	653.945
4.38857	329.247	782.182	653.19
4.39438	333.265	790.357	650.179
4.40018	335.971	779.475	664.992
4.40599	335.583	776.779	678.181
4.41179	328.108	782.634	669.231
4.4176	327.729	791.27	640.487
4.4234	317.481	783.991	640.487
4.42921	323.404	782.182	650.179
4.43501	329.628	779.926	656.216
4.44082	330.963	786.713	650.555
4.44662	793.1	656.974
4.45243	788.532	652.06
4.45823	787.622	665.761
4.46404	783.538
4.46984	774.986
4.47565	780.827
4.48145	771.859
4.48726
4.49306
4.49887
4.50467
4.51048
4.51628
4.52209
4.52789
4.5337	343.625
4.5395	338.503
4.54531	333.843
4.55111	331.154
4.55692	329.247
4.56272	329.437
4.56853	331.729
4.57433	333.458
4.58014	331.92
4.58594	328.108
4.59175	333.073
4.59755	330.009
4.60336	332.496
4.60916	332.304
4.61497	332.88
4.62077	331.729
4.62658	331.346
4.63238	331.729
4.63819	331.729
4.64399	330.199
4.6498	327.918
4.6556	330.963
4.66141	332.304
4.66721	333.265
4.67302	326.784
4.67882	330.39
4.68463	331.92
4.69043	331.92
4.69624	332.304
4.70204	328.677
4.70785	329.247
4.71365	329.437
4.71946	329.437
4.72526	322.285
4.73107	327.918	302.969
4.73687	326.03	295.537
4.74268	310.051
4.74848	309.693
4.75429	305.253
4.76009	297.936
4.7659	299.143
4.7717	296.563
4.77751	294.855
4.78331	297.936
4.78912	297.936
4.79492	297.249
4.80073	298.281
4.80653	298.281
4.81234	297.592
4.81814	298.625
4.82395	300.529
4.82975	300.702
4.83556	292.649
4.84136	282.191
4.84717	287.954
4.85297	291.973
4.85878	303.144
4.86458	305.959
4.87039	299.662
4.87619	284.646
4.882	281.377
4.8878	274.474
4.89361	266.353
4.89941	266.353
4.90522	259.219
4.91102	243.683
4.91683	244.105
4.92263
4.92844
4.93424
4.94005
4.94585
4.95166
4.95746
4.96327
4.96907
4.97487
4.98068
4.98649
4.99229
4.9981
5.0039	333.65
5.00971	332.88
5.01551	333.265
5.02132	332.496
5.02712	332.688
5.03293	333.458
5.03873	332.112
5.04454	331.346
5.05034	330.39
5.05615	330.772
5.06195	328.297
5.06776	328.108
5.07356	327.918
5.07936	324.152
5.08517	324.152
5.09097	328.297
5.09678	323.778
5.10258	324.152
5.10839	330.963
5.11419	320.059
5.12	316.383
5.1258	317.848
5.13161	322.099
5.13741	324.152
5.14322	323.965
5.14902	323.778
5.15483	320.799
5.16063	324.714
5.16644	327.918
5.17225	320.059
5.17805	319.505
5.18385	312.749
5.18966	316.931
5.19546	318.767
5.20127	320.244
5.20707	320.059
5.21288	324.152
5.21868	321.727
5.22449	318.215
5.23029	317.114	598.632
5.2361	320.614	583.947
5.2419	320.614	582.936
5.24771	323.778	588.688
5.25351	310.23	579.244
5.25932	314.924	585.974
5.26512	314.924	577.573
5.27093	313.291	565.687
5.27673	320.059	567.651
5.28254	313.472	565.36	351.454
5.28834	310.947	561.131	347.819
5.29415	321.541	555.006	349.632
5.29995	326.218	558.221	351.86	258.322
5.30576	550.854	350.846	259.369
5.31156	534.554	352.064	260.72
5.31737	511.3	350.643	259.668
5.32317	518.438	351.251	259.518
5.32898	524.159	351.86	260.269
5.33478	525.371	353.082	258.621
5.34059	524.461	353.49	257.726
5.34639	529.331	352.878	257.726
5.3522	525.371	352.267	261.323
5.358	521.742	348.422	262.989
5.36381	521.742	347.217	264.818
5.36961	525.675	347.217	264.971
5.37542	525.675	347.819	266.814
5.38122	526.282	345.616	267.123
5.38703	527.195	342.832	268.981
5.39283	532.09	343.625	267.123
5.39864	528.109	351.048	268.205
5.40444	541.391	348.221	268.515
5.41025	531.169	350.441	270.539
5.41605	525.978	344.023	265.584
5.42186	533.629	350.441	266.045
5.42766	362.171	266.353
5.43347	359.461	263.902
5.43927	354.308	262.837
5.44508	262.382
5.45088	262.837
5.45669	262.382
5.46249	261.777
5.4683	260.119
5.4741	260.119
5.47991	259.818
5.48571	257.577
5.49152	258.471
5.49732	258.024
5.50313	256.982
5.50893	256.686
5.51474	258.024
5.52054	263.598
5.52635	261.173
5.53215	259.969
5.53796	260.269
5.54376	257.726
5.54957	256.982
5.55537	254.766
5.56118	251.403
5.56698	245.661
5.57279	242.84
5.57859	244.67
5.5844	251.985
5.5902	255.355
5.59601	257.428
5.60181	258.621
5.60762	253.298
5.61342	249.234
5.61923	240.745
5.62503	249.234
5.63084
5.63664
5.64245
5.64825
5.65406
5.65986
5.66567
5.67147
5.67728
5.68308
5.68889
5.69469
5.7005
5.7063
5.71211
5.71791
5.72372
5.72952
5.73533
5.74113
5.74694
5.75274
5.75855
5.76435
5.77016
5.77596
5.78177
5.78757
5.79338
5.79918
5.80499
5.81079
5.8166
5.8224
5.82821
5.83401
5.83982
5.84562
5.85143
5.85723
5.86304
5.86884
5.87465
5.88045
5.88626
5.89206
5.89787
5.90367
5.90948
5.91528
5.92109
5.92689
5.9327
5.9385
5.94431
5.95011
5.95592
5.96172
5.96753
5.97333
5.97914
5.98494
5.99075
5.99655
6.00236
6.00816
6.01397
6.01977
6.02558
6.03138
6.03719
6.04299
6.0488
6.0546
6.06041
6.06621
6.07202
6.07782
6.08363
6.08943
6.09524
6.10104
6.10685
6.11265
6.11846
6.12426
6.13007
6.13587
6.14168
6.14748
6.15329
6.15909
6.1649
6.1707
6.17651
6.18231
6.18812
6.19392
6.19973
6.20553
6.21134
6.21714
6.22295
6.22875
6.23456
6.24036
6.24617
6.25197
6.25778
6.26358
6.26939
6.27519
6.281
6.2868
6.29261
6.29841
6.30422
6.31002
6.31583
6.32163
6.32744
6.33324
6.33905
6.34485
6.35066
6.35646
6.36227
6.36807
6.37388
6.37968
6.38549
6.39129
6.3971
6.4029
6.40871
6.41451
6.42032
6.42612
6.43193
6.43773
6.44354
6.44934
6.45515
6.46095
6.46676
6.47256
6.47837
6.48417
6.48998
6.49578
6.50159
6.50739
6.5132
6.519
6.52481
6.53061
6.53642
6.54222
6.54803
6.55383
6.55964
6.56544
6.57125
6.57705
6.58286
6.58866
6.59447
6.60027
6.60608
6.61188
6.61769
6.62349
6.6293
6.6351
6.64091
6.64671
6.65252
6.65832
6.66413
6.66993
6.67574
6.68154
6.68735
6.69315
6.69896
6.70476
6.71057
6.71637
6.72218
6.72798
6.73379
6.73959
6.7454
6.7512
6.75701
6.76281
6.76862
6.77442
6.78023
6.78603
6.79184
6.79764
6.80345
6.80925
6.81506
6.82086
6.82667
6.83247
6.83828
6.84408
6.84989
6.85569
6.8615
6.8673
6.87311
6.87891
6.88472
6.89052
6.89633
6.90213
6.90794
6.91374
6.91955
6.92535
6.93116
6.93696
6.94277
6.94857
6.95438
6.96018
6.96599
6.97179
6.9776
6.9834
6.98921
6.99501
7.00082
7.00662
7.01243
7.01823
7.02404
7.02984
7.03565
7.04145
7.04726
7.05306
7.05887
7.06467
7.07048
7.07628
7.08209
7.08789
7.0937
7.0995
7.10531
7.11111
7.11692
7.12272
7.12853
7.13433
7.14014
7.14594
7.15175
7.15755
7.16336
7.16916
7.17497
7.18077
7.18658
7.19238
7.19819
7.20399
7.2098
7.2156
7.22141
7.22721
7.23302
7.23882
7.24463
7.25043
7.25624
7.26204
7.26785
7.27365
7.27946
7.28526
7.29107
7.29687
7.30268
7.30848
7.31429
7.32009
7.3259
7.3317
7.33751
7.34331
7.34912
7.35492
7.36073
7.36653
7.37234
7.37814
7.38395
7.38975
7.39556
7.40136
7.40717
7.41297
7.41878
7.42458
7.43039
7.43619
7.442
7.4478
7.45361
7.45941
7.46522
7.47102
7.47683
7.48263
7.48844
7.49424
7.50005
7.50585
7.51166
7.51746
7.52327
7.52907
7.53487
7.54068
7.54648
7.55229
7.55809
7.5639
7.56971
7.57551
7.58132
7.58712
7.59293
7.59873
7.60454
7.61034
7.61615
7.62195	302.794
7.62776	310.588
7.63356	316.565
7.63936	321.727
7.64517	326.595
7.65097	330.39
7.65678	334.422
7.66258	335.583
7.66839	335.583
7.67419	334.809
7.68	333.265
7.6858	330.963
7.69161	328.108
7.69741	323.404
7.70322	319.136
7.70902	316.017
7.71483	329.057
7.72063	329.057
7.72644	329.057
7.73224
7.73805
7.74385
7.74966
7.75546
7.76127
7.76707
7.77288
7.77868
7.78449
7.79029
7.7961
7.8019
7.80771
7.81351	330.009
7.81932	331.92
7.82512	330.963
7.83093	332.496
7.83673	338.503
7.84254	330.772
7.84834	332.496
7.85415	339.482
7.85995	337.527
7.86576	330.581
7.87156	331.154
7.87737	332.88
7.88317	330.772
7.88898	328.677
7.89478	328.108
7.90059	328.297
7.90639	327.729
7.9122	327.162
7.918	327.162
7.92381	326.973
7.92961	326.784
7.93542	327.351
7.94122	327.729
7.94703	328.297
7.95283	328.677
7.95864	329.437
7.96444	330.009
7.97025	330.199
7.97605	328.677
7.98186	329.628
7.98766	328.487
7.99347	330.199
7.99927	332.496
8.00508	333.458
8.01088	333.843
8.01669	332.88
8.02249	332.496
8.0283	331.346
8.0341
8.03991	327.351
8.04571	325.277
8.05152	323.03
8.05732	323.03
8.06313	322.099
8.06893	321.541
8.07474	320.799
8.08054	320.799
8.08635	320.614
8.09215	322.099
8.09796	325.841
8.10376	329.057
8.10957	332.496
8.11537	336.943
8.12118	343.229
8.12698	352.471
8.13279	361.126
8.13859	368.714
8.1444	376.679
8.1502	383.042
8.15601	388.165
8.16181	392.675
8.16762	395.864
8.17342	398.387
8.17923	398.617
8.18503	398.157
8.19084	397.927
8.19664	396.55
8.20245	395.178
8.20825	394.494
8.21406	392.902
8.21986	392.675
8.22567	389.963
8.23147	389.288
8.23728	385.484
8.24308	381.717
8.24889	380.396
8.25469	378.861
8.2605	377.987
8.2663	378.205
8.27211	377.115
8.27791	373.214
8.28372	361.962
8.28952	365.745
8.29533	370.422
8.30113	358.839
8.30694	355.743
8.31274	351.454	352.267
8.31855	351.048	350.846
8.32435	354.103	354.308
8.33016	356.155	355.743
8.33596	353.899	354.103
8.34177	352.267	352.267
8.34757	351.86	351.454
8.35338	351.657	351.251
8.35918	350.441	350.643
8.36499	350.036	350.238
8.37079	350.846	350.846
8.3766	351.86	703.721
8.3824	352.471	704.942
8.38821	352.674	705.756
8.39401	353.49	706.164
8.39982	353.082	704.942
8.40562	353.286	703.315
8.41143	351.86	701.286
8.41723	351.454	696.845
8.42304	349.632	696.442
8.42884	352.267	700.477
8.43465	348.624	698.86
8.44045	351.86	706.572
8.44626	348.02	693.231
8.45206	679.357
8.45787	706.98
8.46367	708.207
8.46948	703.315
8.47528	694.835
8.48109	702.503
8.48689	709.025
8.4927	713.545
8.4985	699.264
8.50431	705.756
8.51011	714.782
8.51592	681.716
8.52172	686.854
8.52753	714.369
8.53333	718.508	354.922
8.53914	722.253	353.694
8.54494	702.908	355.538
8.55075	734.453	355.949
8.55655	714.369	365.322
8.56236	722.67	367.014
8.56816	716.849	358.011
8.57397	702.503	352.878
8.57977	703.721	351.86
8.58558	709.435	352.471
8.59138	708.207	352.267
8.59719	709.435	352.471
8.60299	708.616	353.082
8.6088	706.98	353.49
8.6146	704.942	353.082
8.62041	699.264	352.064
8.62621	691.631	351.657
8.63202	708.207	352.267
8.63782	702.503	352.064
8.64363	703.721	351.048
8.64943	704.128	351.251
8.65524	705.756	350.441
8.66104	708.616	350.846
8.66685	708.616	353.082
8.67265	702.097	351.86
8.67846	702.097	351.657
8.68426	703.721	349.834
8.69007	705.756	355.127
8.69587	708.616	353.899
8.70168	707.798	352.064
8.70748	707.389	354.717
8.71329	705.349	352.267
8.71909	709.025	349.43
8.7249	721.002	350.441
8.7307	715.195	354.922
8.73651	715.195
8.74231	713.133	345.018
8.74812	721.002	342.832
8.75392	701.692	344.023
8.75973	340.268
8.76553	337.722
8.77134	339.09
8.77714	338.895
8.78295	340.268
8.78875	343.427
8.79456	345.416
8.80036	347.417
8.80617	349.632
8.81197	353.286
8.81778	354.513
8.82358	351.86
8.82939	353.899
8.83519	351.657
8.841	354.308
8.8468	352.878
8.85261	351.657
8.85841	351.048	405.585
8.86422	354.308	404.883
8.87002	356.566	397.238
8.87583	375.376	403.482
8.88163	369.141	397.697
8.88744	383.264	387.046
8.89324	386.822	390.188
8.89905	392.675	392.902
8.90485	396.321	396.55
8.91066	399.77	399.308
8.91646	400.001	400.001
8.92227	399.308	399.078
8.92807	394.95	396.321
8.93388	394.039	394.95
8.93968	393.129	393.584
8.94549	391.995	392.675
8.95129	390.865
8.9571	387.493
8.9629	382.821
8.96871	377.551
8.97451	370.422
8.98032	363.218
8.98612	354.513
8.99193	346.816
8.99773	340.268
9.00354	336.748
9.00934	337.332
9.01515	335.971
9.02095	333.458
9.02676	340.464
9.03256	346.415
9.03837
9.04417
9.04998
9.05578
9.06159
9.06739
9.0732
9.079
9.08481
9.09061
9.09642
9.10222
9.10803
9.11383	434.946
9.11964	428.958
9.12544	427.227	683.293
9.13125	431.942	681.716
9.13705	428.463	686.457
9.14286	427.227	686.854
9.14866	431.194	693.231
9.15447	433.692	696.442
9.16027	431.194	692.831
9.16608	434.946	689.239
9.17188	428.958	694.434
9.17769	433.191	697.65
9.18349	430.447	695.638
9.1893	430.447	692.831	384.15
9.1951	433.441	701.692	381.276
9.20091	433.942	691.631	371.708
9.20671	441.273	721.836	363.218
9.21252	433.441	694.434	366.591
9.21832	433.942	711.487	357.391
9.22413	425.749	717.264	358.218
9.22993	446.658	719.338	359.877
9.23574	428.215	718.508	359.254
9.24154	446.4	717.264	358.632
9.24735	433.942	715.608	358.218
9.25315	432.941	714.369	357.391
9.25896	429.454	715.195	357.598
9.26476	420.859	713.545	356.978
9.27057	433.692	713.545	356.772
9.27637	437.466	712.309	356.36
9.28218	711.076	355.127
9.28798	709.025	354.717
9.29379	709.025	354.103
9.29959	709.025	354.103
9.3054	708.207	353.694
9.3112	706.572	354.103
9.31701	706.164	353.694
9.32281	706.164	352.878
9.32862	704.534	353.082
9.33442	704.128	352.267
9.34023	707.389	352.674
9.34603	705.349	352.674
9.35184	705.756	352.878
9.35764	705.349	352.267
9.36345	704.128	352.267
9.36925	702.908	351.657	1405.82
9.37506	702.503	351.048	1401.76
9.38086	698.86	350.238	1400.95
9.38667	698.86	349.834	1400.14
9.39247	699.264	350.036	1400.14
9.39828	700.881	350.643	1400.14
9.40408	702.908	350.846	1401.76
9.40989	701.692	351.048	1403.38
9.41569	703.315	351.048	1405.01
9.4215	702.503	351.048	1404.19
9.4273	702.503	351.454	1403.38
9.43311	702.908	351.657	1404.19
9.43891	701.692	351.251	1403.38
9.44472	704.128	352.267	1404.19
9.45052	704.128	352.471	1410.7
9.45633	701.286	351.657	1398.53
9.46213	697.65	349.228	1402.57
9.46794	694.835	346.616	1413.96
9.47374	690.833	345.416	1376.89
9.47955	686.061	343.427	1361.86
9.48535	684.082	342.634	1374.5
9.49116	685.269	345.217	1363.43	425.995
9.49696	684.478	349.43	1316.99	426.487
9.50277	684.082	350.441	1333.83	427.721
9.50857	677.398	349.632	1314.71	433.191
9.51438	693.231	349.632	1337.69	435.701
9.52018	675.054	351.86	434.193
9.52599	678.181	348.624	436.708
9.53179	683.293	347.819	440.509
9.5376	682.11	353.899	440.763
9.5434	672.33	352.064	438.985
9.54921	665.761	342.832	436.708
9.55501	681.322	338.308	438.985
9.56082	683.687	342.634	441.018
9.56662	698.053	344.221	435.701
9.57243	701.692	347.819	437.719
9.57823	697.65	348.422	438.224
9.58404	682.898	349.632	437.719
9.58984	691.631	345.816	436.961
9.59565	702.503	348.422	437.971
9.60145	696.04	343.031	438.224
9.60726	701.286	345.217	435.449
9.61306	705.349	345.616	438.478
9.61887	705.756	349.834	436.961
9.62467	706.164	351.454	435.952
9.63048	348.825	433.441
9.63628	345.217	433.942
9.64209	348.221	431.443
9.64789	347.819	433.441
9.6537	349.632	434.946
9.6595	348.02	425.503
9.66531	353.49	426.241
9.67111	355.538	443.06
9.67692	357.391	454.203	441.783
9.68272	348.221	441.783	438.478
9.68853	347.417	444.085	440
9.69433	358.011	443.573	446.4
9.70014	351.454	443.06	438.478
9.70594	344.023	441.273	438.731
9.71175	353.286	446.142	439.238
9.71755	346.415	439.492	439.492
9.72336	345.217	445.885	441.528
9.72916	338.308	449.505	440.509
9.73497	349.43	445.37	440
9.74077	349.43	445.627	442.805
9.74658	348.624	442.549	441.783
9.75238	344.818	439.746	443.829	346.616
9.75819	346.016	433.191	446.916	347.016
9.76399	344.42	443.316	441.273	349.027
9.7698	438.224	440.763	347.016
9.7756	440.254	441.018	344.619
9.78141	436.708	437.971	346.415	521.14
9.78721	435.197	435.701	346.616	522.647
9.79302	434.444	433.441	346.616	522.949
9.79882	434.695	433.942	347.217	525.371
9.80463	433.441	433.692	347.819	527.5
9.81043	429.206	431.443	348.825	532.09
9.81624	429.702	348.825	531.476
9.82204	432.441	347.819	532.397
9.82785	429.95	348.825	527.805
9.83365	432.941	348.825	526.891
9.83946	432.191	346.816	525.978
9.84526	432.191	351.048	522.949
9.85107	436.204	349.43	529.331
9.85687	435.952	347.016	526.586	715.195
9.86268	436.456	350.238	526.891	704.534
9.86848	439.492	349.027	528.414	706.164
9.87429	442.805	351.86	528.109	701.286
9.88009	438.985	351.86	527.805	702.097
9.8859	436.961	348.02	529.331	706.98
9.8917	354.717	532.09	710.665
9.89751	349.228	531.783	705.349	436.961
9.90331	351.657	519.637	695.638	441.018
9.90912	348.221	524.159	695.236	436.708
9.91492	346.816	520.237	692.031	435.449
9.92073	345.616	520.839	695.236	440.763
9.92653	347.016	527.195	709.025	443.06
9.93234	350.238	527.195	693.231	442.805
9.93814	347.217	529.025	688.045	438.731
9.94394	348.221	525.675	692.431	435.952
9.94975	350.036	525.371	698.86	437.719
9.95555	351.657	529.637	704.942	440.509
9.96136	347.016	534.246	717.678	441.528
9.96716	346.215	532.09	695.236	440.509
9.97297	346.215	527.195	711.898	440.254
9.97878	346.816	523.856	724.76	438.224
9.98458	347.016	525.068	711.487	439.746
9.99039	361.544	516.942	734.453	441.528
9.99619	363.009	527.5	740.416	439.238
10.002	353.899	529.637	721.002	438.985
10.0078	358.011	534.554	718.923	434.444
10.0136	350.846	555.006	717.264	436.204
10.0194	348.422	543.898	697.65	435.952
10.0252	349.834	558.544	701.692	436.961
10.031	351.86	543.27	712.309	436.456
10.0368	351.251	535.482	701.286	437.466
10.0426	351.251	523.553	702.908	435.701
10.0484	348.624	703.721	435.701
10.0542	351.048	703.315	436.204
10.06	354.922	707.798	436.456
10.0659	350.643	719.338	435.197
10.0717	355.127	716.849	437.213
10.0775	356.155	711.898	435.952
10.0833	353.49	718.508	439.238
10.0891	352.674	717.678	438.224
10.0949	353.899	716.022	441.273
10.1007	352.878	701.692	439.238
10.1065	354.717	704.128	439.238
10.1123	353.082	712.309	438.224
10.1181	352.471	715.195	436.961	880.509
10.1239	358.632	704.942	434.444	880.509
10.1297	350.036	710.665	434.695	890.739
10.1355	350.643	709.025	435.449	876.955
10.1413	352.267	700.881	438.224	876.449
10.1471	350.441	712.309	436.456	876.449
10.1529	348.825	694.434	434.193	878.476
10.1587	352.064	436.456	871.401
10.1645	357.185	440.254	881.526
10.1703	352.267	441.783	883.565
10.1761	351.86	442.038	888.171
10.1819	357.598	437.466	897.453
10.1878	360.501	439.492	889.711
10.1936	358.011	440.509	887.145
10.1994	355.538	438.985	882.545
10.2052	364.901	438.478	892.284
10.211	362.799	450.284	902.131
10.2168	352.674	450.805	902.652
10.2226	356.566	437.213	900.569
10.2284	361.753	441.273	886.121
10.2342	358.011	422.076	847.083
10.24	353.899	416.025	860.398
10.2458	351.657	413.151	832.531
10.2516	400.463	837.837
10.2574	399.078	837.837
10.2632	400.232	824.396
10.269	394.266	819.647
10.2748	393.129	831.569
10.2806	411.246
10.2864	411.246
10.2922	429.454
10.298	425.749
10.3039	434.946
10.3097	435.952	486.803
10.3155	434.444	459.746
10.3213	433.191	450.805
10.3271	432.191	457.891
10.3329	433.191	462.409
10.3387	433.692	464.015
10.3445	435.197	466.972
10.3503	436.204	467.242
10.3561	433.191	465.357
10.3619	432.691	467.512
10.3677	424.521	465.357
10.3735	436.204	455.78
10.3793	440	442.805
10.3851	441.273	441.528
10.3909	444.085	439.492
10.3967	453.678	441.018
10.4025	444.342	441.273
10.4083	460.277	455.254
10.4141	452.631	453.678
10.42	447.433
10.4258	442.293
10.4316	441.273	466.703
10.4374	457.098	457.626
10.4432	454.465	469.406
10.449	469.406
10.4548	459.215
10.4606	461.076
10.4664	463.479
10.4722	468.323
10.478	469.135
10.4838	467.512
10.4896	465.626
10.4954	468.864
10.5012	467.242
10.507	467.782	700.477
10.5128	465.895	698.456
10.5186	464.819	698.053
10.5244	463.211	698.456
10.5302	464.551	698.86
10.5361	463.211	696.845
10.5419	462.676	696.442
10.5477	460.277	696.04
10.5535	461.609	695.236
10.5593	463.479	697.247
10.5651	463.479	697.247
10.5709	462.676	698.456
10.5767	463.747	698.86
10.5825	461.875	702.503
10.5883	462.142	700.881
10.5941	461.342	698.456
10.5999	460.277	694.835
10.6057	459.48	696.04
10.6115	457.626	695.638
10.6173	457.626	692.431
10.6231	461.609	696.04
10.6289	460.809	697.247
10.6347	447.95	704.534
10.6405	451.065	711.076
10.6463	450.805	705.349
10.6522	451.326	690.035
10.658	446.4	690.434
10.6638	438.224	693.632
10.6696	693.632
10.6754	691.232	434.444
10.6812	436.708
10.687	442.293
10.6928	437.719
10.6986	434.193
10.7044	446.658
10.7102	451.065
10.716	441.018
10.7218	440.254
10.7276	441.783
10.7334	444.599
10.7392	441.273
10.745	441.528
10.7508	446.916
10.7566	448.467
10.7624	446.4
10.7683	446.142
10.7741	447.691
10.7799	447.174
10.7857	444.856
10.7915	442.805
10.7973	435.197
10.8031	435.701
10.8089	425.258
10.8147	421.345
10.8205	412.674
10.8263	403.715
10.8321	400.926
10.8379	394.039
10.8437	386.375
10.8495	383.928
10.8553	383.042	325.841
10.8611	385.929	324.152
10.8669	389.288	323.217
10.8727	382.821	326.218
10.8785	390.865	327.729
10.8844	389.063	329.437
10.8902	388.165	333.458
10.896	389.963	332.688
10.9018	390.865	332.304
10.9076	394.722	330.772
10.9134	393.811	331.729
10.9192	396.321	340.071
10.925	396.55	334.229
10.9308	394.95	336.165
10.9366	393.356	334.036
10.9424	392.902	332.88
10.9482	391.543	332.304
10.954	388.838	330.772
10.9598	384.594	328.867
10.9656	388.838	328.677
10.9714	389.063	328.297
10.9772	393.584	324.902
10.983	395.178	327.54
10.9888	393.811	320.244
10.9946	389.513	321.17
11.0005	379.299	325.089
11.0063	389.513	331.729
11.0121	388.165	342.041
11.0179	391.769
11.0237	393.356
11.0295	394.494
11.0353	396.321
11.0411	396.55
11.0469	392.449
11.0527	389.063
11.0585	388.389
11.0643	389.513
11.0701	402.086
11.0759	390.188
11.0817	386.599
11.0875	390.639
11.0933	393.584
11.0991	395.407
11.1049	397.467
11.1107	399.078
11.1166	395.178
11.1224	398.617
11.1282	397.467
11.134	393.811
11.1398	395.178
11.1456	396.55
11.1514	396.092	787.167
11.1572	391.769	785.804
11.163	392.902	787.622
11.1688	392.449	786.713
11.1746	391.543	784.897
11.1804	391.091	782.634
11.1862	393.129	784.444
11.192	391.995	785.804
11.1978	391.317	777.228
11.2036	387.717	775.882
11.2094	385.929	767.857
11.2152	385.261	762.553
11.221	387.269	773.644
11.2268	390.188	778.575
11.2327	394.494	789.9
11.2385	397.697	791.727
11.2443	397.467	794.476
11.2501	394.266	786.258
11.2559	389.513	781.279	665.761
11.2617	387.941	775.882	662.691
11.2675	385.484	780.827	652.436
11.2733	395.407	783.991	633.131
11.2791	396.779	787.622	637.535
11.2849	392.902	788.077	652.436
11.2907	390.188	791.727	652.06	326.595
11.2965	388.389	794.017	648.304	328.867
11.3023	397.467	786.713	641.598	324.714
11.3081	389.063	788.532	644.942	325.089
11.3139	391.543	786.258	649.053	325.841
11.3197	389.288	789.9	647.93	328.487
11.3255	390.639	782.634	653.568	326.784
11.3313	387.717	773.644	656.595	330.39
11.3371	387.941	774.091	654.323	330.963
11.3429	388.614	778.126	652.813	330.39
11.3488	390.639	781.73	659.255	332.688
11.3546	390.865	783.991	660.017	332.496
11.3604	392.902	787.622	667.301	333.65
11.3662	390.188	790.813	665.761	333.458
11.372	395.178	790.813	668.072	333.073
11.3778	397.009	792.185	666.53	333.843
11.3836	393.129	783.086	660.78	333.65
11.3894	389.063	776.779	653.945	333.265
11.3952	383.928	786.713	651.683	333.843
11.401	388.838	804.636	664.608	333.265
11.4068	391.317	811.638	657.354	332.304
11.4126	390.188	800.002	662.691	330.581
11.4184	395.407	791.727	668.458	330.581
11.4242	393.584	786.713	664.608	327.351
11.43	388.165	776.779	657.354	327.162
11.4358	385.929	771.859	656.216	325.277
11.4416	389.063	655.837	323.965
11.4474	393.129	329.628
11.4532	395.864	326.03
11.459	396.55	324.339
11.4649	406.054	321.727
11.4707	391.543
11.4765	392.222
11.4823	390.414
11.4881	400.463
11.4939	396.092
11.4997	395.178
11.5055	387.717
11.5113	395.864
11.5171	384.816
11.5229	374.943
11.5287	371.493
11.5345	351.657
11.5403
11.5461
11.5519
11.5577
11.5635	448.467
11.5693	457.891
11.5751	457.362
11.581	465.895
11.5868	466.972
11.5926	465.626
11.5984	458.155
11.6042	461.076
11.61	455.78
11.6158	451.587
11.6216	446.916
11.6274	441.018	327.162
11.6332	430.447	324.527
11.639	426.734	321.541
11.6448	445.113	319.32
11.6506	450.805	322.658
11.6564	451.065	323.03
11.6622	453.941	323.591
11.668	461.342	324.152
11.6738	459.215	323.404
11.6796	459.48	321.727
11.6854	467.782	322.844
11.6912	464.283	326.218
11.6971	455.517	325.277
11.7029	453.155	331.154
11.7087	457.098	321.541
11.7145	468.323	311.847
11.7203	480.378	325.089
11.7261	487.084	336.359
11.7319	465.357	349.027
11.7377	467.242	347.618
11.7435	464.551	349.43
11.7493	461.076	345.816
11.7551	463.479	349.43
11.7609	461.875	345.217
11.7667	462.676	337.917
11.7725	466.433	341.055
11.7783	463.211	339.09
11.7841	463.747	337.917
11.7899	465.357	335.196
11.7957	464.819	339.286
11.8015	467.782	344.023
11.8073	468.052	344.619
11.8132	466.972	345.217
11.819	466.972	346.415
11.8248	465.895	349.027
11.8306	467.782	353.49
11.8364	468.864	346.215
11.8422	469.949	351.454
11.848	468.864	351.86	463.211
11.8538	466.164	349.228	463.747
11.8596	465.357	345.816	466.972
11.8654	465.626	343.229	464.551
11.8712	462.676	347.618	463.211
11.877	461.609	352.064	460.012
11.8828	462.676	345.816	462.944
11.8886	465.088	348.02	463.747
11.8944	466.164	350.036	462.676
11.9002	465.357	348.02	463.479
11.906	465.088	346.616	463.747
11.9118	464.283	346.415	463.747
11.9176	463.211	345.018	462.944
11.9234	462.142	346.016	462.409
11.9293	464.819	349.027	463.747
11.9351	460.012	346.215	461.076
11.9409	342.437	459.215
11.9467	350.441	454.991
11.9525	358.218	458.155
11.9583	356.566	456.57
11.9641	358.218	434.695
11.9699	365.956	423.297
11.9757	361.335	427.721
11.9815	369.994	428.958
11.9873
11.9931	463.479
11.9989	463.211
12.0047	463.747
12.0105	464.283
12.0163	461.342
12.0221	464.015
12.0279	461.076
12.0337	463.747
12.0395	463.747
12.0454	462.676
12.0512	465.357
12.057	467.242
12.0628	453.678
12.0686	447.433
12.0744	450.805
12.0802	446.658
12.086	447.691
12.0918	446.4
12.0976	447.174
12.1034	442.805
12.1092	443.316
12.115	442.549
12.1208	442.293
12.1266	443.06
12.1324	442.805
12.1382	444.599
12.144	445.627
12.1498	444.342
12.1556	443.573
12.1615	443.829
12.1673	441.018
12.1731	441.018
12.1789	443.06
12.1847	437.719
12.1905	445.37
12.1963	443.829
12.2021	448.467
12.2079	455.517
12.2137	463.211
12.2195	443.06
12.2253	459.48
12.2311	464.819
12.2369	461.875
12.2427	463.211
12.2485	466.703
12.2543	468.594
12.2601	471.853
12.2659	472.944
12.2717	469.135	440.509
12.2776	487.647	435.197
12.2834	478.163	454.728
12.2892	466.972	450.545
12.295	473.491	445.113
12.3008	463.747	446.916	347.417
12.3066	457.626	447.95	332.112
12.3124	452.893	441.273	333.265
12.3182	441.783	441.018	330.199
12.324	437.213	438.224	330.39
12.3298	437.213	439.238	329.057
12.3356	439.238	439.746	334.036
12.3414	439.746	440	335.777
12.3472	438.985	439.238	334.422
12.353	441.273	441.528	330.963
12.3588	442.293	442.293	332.88
12.3646	443.573	443.573	332.88
12.3704	443.316	333.65
12.3762	441.783	333.265
12.382	440.763	332.496
12.3878	443.829	334.036
12.3937	443.829	333.265
12.3995	446.142	331.154
12.4053	443.316	330.772
12.4111	441.783	330.39
12.4169	444.342	330.39
12.4227	442.038	331.537
12.4285	441.783	332.304
12.4343	440.509	328.108
12.4401	440.509	324.714
12.4459	441.528	314.56
12.4517	439.492	300.702
12.4575	441.273	319.32
12.4633	441.528	320.429
12.4691	439.238	316.383
12.4749	438.478
12.4807	440
12.4865	440.509
12.4923	441.273
12.4981	447.95
12.5039	445.627
12.5098
12.5156
12.5214
12.5272
12.533
12.5388
12.5446
12.5504
12.5562
12.562	390.865
12.5678	394.95
12.5736	394.494
12.5794	397.927
12.5852	394.95
12.591	372.783
12.5968	386.822
12.6026	391.317
12.6084	383.928
12.6142	379.957
12.62	376.027
12.6258	368.501
12.6317	361.753
12.6375	354.922
12.6433	350.846
12.6491	350.036
12.6549	345.616
12.6607	345.616
12.6665	338.112
12.6723	343.824
12.6781	349.834
12.6839	346.215
12.6897	348.422
12.6955	356.155
12.7013	369.141
12.7071	387.717
12.7129	386.152
12.7187
12.7245
12.7303
12.7361
12.742
12.7478
12.7536
12.7594
12.7652
12.771
12.7768
12.7826
12.7884
12.7942
12.8
12.8058
12.8116
12.8174
12.8232
12.829
12.8348
12.8406
12.8464	352.674
12.8522	360.085
12.858	346.616
12.8639	357.391
12.8697	370.85
12.8755	347.417
12.8813	349.43
12.8871	346.415
12.8929	344.42
12.8987	347.217
12.9045	350.846
12.9103	353.082
12.9161	352.064
12.9219	351.454
12.9277	354.308
12.9335	354.308
12.9393	352.471
12.9451	352.064
12.9509	350.643
12.9567	351.657
12.9625	351.251
12.9683	350.643
12.9741	349.834
12.98	350.238
12.9858	349.632
12.9916	348.422
12.9974	346.816
13.0032	351.454
13.009	344.023
13.0148	343.229
13.0206	351.86
13.0264	350.238
13.0322
13.038	690.833
13.0438	705.756
13.0496	699.264
13.0554	706.572
13.0612	701.692
13.067	700.881
13.0728	695.236
13.0786	696.04
13.0844	692.431
13.0902	673.886
13.0961	702.503
13.1019	704.942	414.825
13.1077	686.854	434.193
13.1135	690.434	434.695
13.1193	704.128	428.463
13.1251	696.442	425.503
13.1309	692.431	428.71
13.1367	692.431	429.454
13.1425	690.833	430.447
13.1483	693.231	431.443
13.1541	720.586	432.941
13.1599	705.349	433.692
13.1657	674.664	433.692
13.1715	671.942	433.441
13.1773	656.216	436.456
13.1831	434.444
13.1889	443.06
13.1947	444.085
13.2005	443.316
13.2063	433.692
13.2122	430.199
13.218	441.528
13.2238	435.952
13.2296	438.985
13.2354	427.227
13.2412	427.721
13.247	428.71
13.2528	429.454
13.2586	437.466
13.2644	446.658
13.2702	431.942
13.276	426.241
13.2818	430.945
13.2876	428.958
13.2934	426.981
13.2992	427.968
13.305	435.197	347.016
13.3108	422.32	341.055
13.3166	429.95	349.834
13.3224	426.981	345.616
13.3283	431.942	347.417
13.3341	439.746	346.415	521.14
13.3399	440.254	346.215	523.856
13.3457	426.487	343.031	521.441
13.3515	424.767	343.427	521.441
13.3573	439.238	347.217	522.345
13.3631	443.06	349.027	522.647
13.3689	421.102	349.228	522.044
13.3747	348.624	521.14	262.534
13.3805	348.825	522.044	263.902
13.3863	346.016	522.949	261.323
13.3921	348.02	525.371	261.777
13.3979	347.618	524.765	260.57
13.4037	348.221	523.553	261.323
13.4095	345.816	523.553	260.57
13.4153	347.217	524.765	262.079
13.4211	343.824	523.251	262.231
13.4269	343.427	520.839	262.231
13.4327	345.416	518.138	262.079
13.4385	346.816	520.839	262.382
13.4444	351.454	519.037	263.293
13.4502	350.441	519.037	261.777
13.456	344.42	518.737	261.173
13.4618	342.437	517.839	260.72
13.4676	341.844	516.644	259.818
13.4734	343.031	516.644	259.219
13.4792	350.036	506.304	259.069
13.485	342.239	503.97	255.798
13.4908	341.252	503.679	256.241
13.4966	354.103	503.388	262.534
13.5024	347.016	509.826	257.131
13.5082	339.679	511.891	259.818
13.514	338.895	514.262	257.428
13.5198	348.422	521.742	256.389
13.5256	358.632	515.749	258.919
13.5314	526.586	258.322
13.5372	518.438	259.069
13.543	539.829	261.626
13.5488	532.09	259.518
13.5546	532.705	259.069
13.5605	532.09	259.369
13.5663	533.013	260.419
13.5721	519.937	261.777
13.5779	511.595	261.626
13.5837	510.71	257.28
13.5895	509.826	257.131
13.5953	508.943	254.913
13.6011	511.3	256.389
13.6069	505.427	258.173
13.6127	498.469	248.947
13.6185	492.743	252.13
13.6243	502.807	259.219	521.742
13.6301	496.171	260.871	524.765
13.6359	505.427	258.77	534.863
13.6417	513.965	265.738	569.621
13.6475	520.839	265.431	572.59
13.6533	518.138	261.626	576.906
13.6591	506.889	271.478	575.242
13.6649	515.452	261.323	573.252
13.6707	527.5	576.24
13.6766	530.862	579.913
13.6824	521.742	581.59
13.6882	537.03	580.248
13.694	580.583
13.6998	581.255
13.7056	578.575
13.7114	579.913
13.7172	578.909
13.723	573.915
13.7288	574.578
13.7346	575.242
13.7404	574.247
13.7462	577.24
13.752	596.217
13.7578	611.564
13.7636	608.744
13.7694	605.238
13.7752	595.184
13.781	606.638
13.7868	593.811
13.7927	590.05
13.7985	601.752
13.8043	603.842
13.8101	610.505
13.8159	589.028
13.8217	574.578
13.8275
13.8333
13.8391
13.8449
13.8507
13.8565	307.731
13.8623	310.947
13.8681	308.621
13.8739	307.021
13.8797	307.376
13.8855	303.845
13.8913	297.249
13.8971	300.529
13.9029	301.746
13.9088	301.746
13.9146	297.764
13.9204	298.108
13.9262	298.798
13.932	298.971
13.9378	297.077
13.9436	296.734
13.9494	292.48
13.9552	294.344
13.961	292.818
13.9668	292.818
13.9726	291.636
13.9784	291.805
13.9842	291.131
13.99	290.795
13.9958	289.622
14.0016	289.12
14.0074	291.468
14.0132	296.734
14.019	292.311
14.0249	290.627
14.0307	288.453
14.0365	289.622
14.0423	293.495
14.0481	290.459
14.0539	290.124
14.0597	287.289
14.0655	289.957
14.0713	290.124
14.0771
14.0829
14.0887
14.0945
14.1003
14.1061
14.1119
14.1177
14.1235
14.1293
14.1351
14.141
14.1468
14.1526
14.1584
14.1642
14.17
14.1758
14.1816	295.195
14.1874	295.025
14.1932	295.707
14.199	296.905
14.2048	295.025
14.2106	292.311
14.2164	292.142
14.2222	295.195
14.228	295.878
14.2338	289.789
14.2396	286.792
14.2454	287.123
14.2512	295.366
14.2571	296.391
14.2629	294.344
14.2687	299.835
14.2745	298.281
14.2803	289.789
14.2861	287.954
14.2919	298.625
14.2977	298.971
14.3035	297.249
14.3093	291.3
14.3151	293.326
14.3209	292.311
14.3267	293.326
14.3325	299.143
14.3383	300.182
14.3441	297.936
14.3499	293.326
14.3557	284.975
14.3615	269.447
14.3673	268.67
14.3732	261.173	307.909
14.379	256.389	290.292
14.3848	246.799	294.855
14.3906	246.799	313.472
14.3964	246.372	312.027
14.4022	308.978
14.408	314.197
14.4138	313.834
14.4196	316.017
14.4254	326.973
14.4312	340.071
14.437	341.252
14.4428	349.632
14.4486	351.86
14.4544	352.267
14.4602	352.267
14.466	352.471
14.4718	350.846
14.4776	350.643
14.4834	350.036
14.4893	349.834
14.4951	351.048
14.5009	348.825
14.5067	351.048
14.5125	352.267
14.5183	351.657
14.5241	352.878
14.5299	354.308
14.5357	353.49
14.5415	355.949
14.5473	355.333
14.5531	354.922
14.5589	354.513
14.5647	353.286
14.5705	350.846
14.5763	349.43
14.5821	352.674	706.98
14.5879	351.048	705.756
14.5937	351.86	704.942
14.5995	353.49	700.477
14.6054	348.02	705.349
14.6112	350.238	708.616
14.617	351.251	704.534
14.6228	352.267	703.315
14.6286	352.064	705.349
14.6344	353.286	702.097
14.6402	351.657	703.721
14.646	356.155	712.309
14.6518	354.717	707.389
14.6576	353.082	710.255
14.6634	351.86	706.98
14.6692	351.251	702.097
14.675	350.846	703.315
14.6808	350.441	701.286
14.6866	347.618	688.443
14.6924	346.415	690.833
14.6982	343.229	685.665
14.704	337.722	676.225
14.7098	347.618	668.458
14.7156	339.286	649.428
14.7215	335.777	654.701	261.323
14.7273	335.583	663.074	259.369
14.7331	327.351	651.307	262.382
14.7389	324.714	653.945	261.777
14.7447	332.88	662.309	255.798
14.7505	326.973	658.114	255.06
14.7563	328.677	658.114	258.322
14.7621	332.496	661.926	263.293
14.7679	330.199	659.636	262.231
14.7737	331.92	661.162	262.686
14.7795	333.073	662.309	262.989
14.7853	338.503	664.608	261.474
14.7911	335.196	671.942	260.72
14.7969	333.65	674.275	265.584
14.8027	334.615	669.231	262.837
14.8085	335.389	672.33	260.57
14.8143	332.88	671.554	265.738
14.8201	334.809	672.719	265.738
14.8259	335.583	671.554	272.106	536.41
14.8317	335.196	650.555	267.586	541.391
14.8376	337.722	691.631	270.539	534.246
14.8434	342.239	690.035	274.316	533.937
14.8492	334.422	675.054	270.071	531.783
14.855	334.229	686.854	270.071	523.251
14.8608	334.229	679.75	268.67	522.647
14.8666	333.65	685.665	272.736	526.586
14.8724	325.841	667.686	529.943
14.8782	329.437	533.937
14.884	532.09	344.42
14.8898	533.629	332.496
14.8956	531.169	326.407
14.9014	525.371	326.407
14.9072	525.371	329.818
14.913	522.345	327.162
14.9188	525.371	330.963
14.9246	526.586	326.218
14.9304	528.109	338.699
14.9362	537.341	335.389
14.942	545.471	334.422
14.9478	547.365	338.112
14.9537	525.371	341.844
14.9595	508.943	343.229
14.9653	519.037	339.482
14.9711	518.737	332.688
14.9769	522.949	331.92
14.9827	522.044	332.88
14.9885	516.346	332.88
14.9943	523.856	332.88
15.0001	534.246	331.154
15.0059	529.637	330.39
15.0117	527.805	328.108
15.0175	524.765	328.487
15.0233	522.647	328.867
15.0291	512.187	330.199
15.0349	531.476	328.108
15.0407	543.898	326.973
15.0465	526.891	325.653
15.0523	515.749	330.009
15.0581	518.737	339.286
15.0639	521.14	331.346
15.0697	531.169	338.503
15.0756	522.647
15.0814
15.0872
15.093
15.0988
15.1046
15.1104
15.1162
15.122
15.1278	328.867
15.1336	334.229
15.1394	335.196
15.1452	336.943
15.151	338.503
15.1568	340.268
15.1626	338.895	387.717
15.1684	338.308	382.158
15.1742	330.963	393.811
15.18	327.918	387.046
15.1859	327.162	387.493
15.1917	330.199	391.995
15.1975	333.65	391.091	775.882
15.2033	339.482	390.639	786.258
15.2091	331.154	394.039	780.827
15.2149	342.239	394.494	778.575
15.2207	334.422	389.288	783.991
15.2265	326.973	389.288	782.182
15.2323	326.595	392.449	780.827
15.2381	326.595	391.091	781.73
15.2439	326.407	390.414	778.126
15.2497	327.162	390.414	770.968
15.2555	325.089	392.675	760.353
15.2613	324.902	392.675	777.228
15.2671	324.152	390.865	777.677
15.2729	323.03	394.494	768.744
15.2787	324.339	391.769	765.642
15.2845	325.465	387.717	775.882
15.2903	326.973	390.865	775.882
15.2961	326.595	391.543	777.228
15.3019	325.277	390.639	781.73
15.3078	325.089	392.902	784.444
15.3136	324.152	394.266	785.804
15.3194	324.527	388.614	783.991
15.3252	326.973	390.865	783.086
15.331	328.487	392.222	791.27
15.3368	330.772	388.614	784.444
15.3426	332.304	392.675	779.475
15.3484	335.583	395.635	763.434
15.3542	334.615	394.039	787.167
15.36	333.65	394.95	785.351
15.3658	330.009	390.188	781.279
15.3716	330.199	398.387	782.182
15.3774	328.487	393.584	757.723
15.3832	324.902	391.091	779.926
15.389	333.458	390.865	781.73
15.3948	332.496	394.494	781.279	524.159
15.4006	332.88	381.276	778.126	537.03
15.4064	329.057	377.333	771.413	519.937
15.4122	329.818	374.943	766.97	527.805
15.418	323.591	385.039	784.897	524.461
15.4239	325.465	384.816	774.091	524.159
15.4297	325.841	387.941	772.751	523.856
15.4355	328.487	387.493	777.228	526.282
15.4413	328.487	386.375	783.086	524.461
15.4471	331.729	391.317	772.751	527.195
15.4529	330.199	395.407	787.622	523.856
15.4587	331.346	392.222	786.258	523.856
15.4645	326.595	390.639	789.9	525.068
15.4703	319.32	387.717	788.077	530.555
15.4761	323.404	393.356	789.444	542.643	262.231
15.4819	387.717	792.642	542.016	259.518
15.4877	392.449	802.779	529.331	264.36
15.4935	392.222	788.077	517.54	265.125
15.4993	395.178	785.804	515.452	263.141
15.5051	385.707	774.986	516.346	260.57
15.5109	392.449	789.9	516.644	260.72
15.5167	399.078	806.032	518.737	258.919
15.5225	400.926	794.935	526.586	261.022
15.5283	392.222	785.351	528.414	261.474
15.5341	388.614	761.232	522.647	257.131
15.54	767.413	508.649	250.244
15.5458	772.305	512.483	246.372
15.5516	793.1	523.251	234.026
15.5574	509.237	230.538
15.5632	231.071
15.569	230.139
15.5748	230.272
15.5806	230.538
15.5864	229.873
15.5922	227.364
15.598	228.681
15.6038	231.071
15.6096	231.338
15.6154	231.338
15.6212	231.205
15.627	228.945
15.6328	228.417
15.6386	229.74
15.6444	230.272
15.6502	230.272
15.6561	231.739
15.6619	230.804
15.6677	233.891
15.6735	233.621
15.6793	231.739
15.6851	228.153
15.6909	228.153
15.6967	228.417
15.7025	231.071
15.7083	230.538
15.7141	241.441
15.7199	241.441
15.7257
15.7315
15.7373
15.7431
15.7489
15.7547
15.7605
15.7663
15.7722
15.778
15.7838
15.7896
15.7954
15.8012
15.807
15.8128
15.8186
15.8244
15.8302
15.836
15.8418	228.153
15.8476	232.007
15.8534	231.873
15.8592	231.873
15.865	232.813
15.8708	231.873
15.8766	232.947
15.8824	232.007
15.8883	232.007
15.8941	232.007
15.8999	230.804
15.9057	231.071
15.9115	234.026
15.9173	237.567
15.9231	226.316
15.9289	230.538
15.9347	238.117
15.9405	237.293
15.9463	238.668
15.9521	234.974
15.9579	234.703
15.9637	237.156
15.9695	234.432
15.9753	234.161
15.9811	234.026
15.9869	234.026
15.9927	231.739
15.9985	231.472	463.479
16.0044	230.938	461.076
16.0102	232.544	462.142
16.016	231.739	463.747
16.0218	233.082	466.433
16.0276	233.351	465.088
16.0334	233.217	464.283
16.0392	233.351	466.433
16.045	233.891	466.433
16.0508	231.338	465.088
16.0566	231.472	462.944
16.0624	231.205	464.283
16.0682	234.432	468.594
16.074	244.67	459.48
16.0798	242.139	462.676
16.0856	239.635	457.098
16.0914	237.019	464.283
16.0972	233.891	464.551
16.103	230.671	465.626
16.1088	224.752	465.626
16.1146	235.654	468.052
16.1205	234.161	470.492
16.1263	236.882	474.86
16.1321	234.839	469.677
16.1379	228.153	469.406
16.1437	223.716	473.218
16.1495	223.458	468.323
16.1553	226.708	467.782
16.1611	459.746
16.1669	468.864
16.1727	453.155
16.1785	451.065
16.1843	454.991
16.1901	451.587
16.1959	445.885
16.2017	456.043
16.2075	458.155
16.2133	466.164
16.2191	475.409
16.2249	456.043
16.2307	459.215
16.2366	474.86
16.2424	451.065
16.2482	455.254
16.254	453.678
16.2598
16.2656	276.703
16.2714	282.843
16.2772	284.318
16.283	288.453
16.2888	289.287
16.2946	291.805
16.3004	293.495
16.3062	293.326
16.312	294.855
16.3178	294.344
16.3236	295.025
16.3294	296.22
16.3352	299.662
16.341	300.702
16.3468	302.619
16.3527	301.921
16.3585	300.702
16.3643	292.311
16.3701	286.295
16.3759	286.13
16.3817	287.455
16.3875	289.455
16.3933	283.17
16.3991	263.75
16.4049	264.207
16.4107	265.278
16.4165	265.891
16.4223	265.891
16.4281	271.478
16.4339	287.123
16.4397	288.453	264.36
16.4455	292.818	263.445
16.4513	291.973	264.055
16.4571	288.453	264.971
16.4629	290.795	265.431
16.4688	283.334	265.431
16.4746	288.453	264.665
16.4804	289.957	262.079
16.4862	289.455	253.298
16.492	283.825	252.86
16.4978	284.975	250.389
16.5036	290.963	242.699
16.5094	288.787	237.156
16.5152	287.289	237.156	1904.94
16.521	278.306	234.703	1852.84
16.5268	267.586	230.405	1833.68
16.5326	267.123	229.74	1868.97
16.5384	264.971	236.199	1859.28
16.5442	266.045	237.842	1849.64
16.55	261.928	236.199	1822.07
16.5558	260.269	232.007	1828.39
16.5616	262.686	236.063	1829.45
16.5674	266.045	1837.92
16.5732	263.293	1847.5
16.579	263.141	1850.71
16.5849	262.534	1850.71
16.5907	263.141	1841.11
16.5965	262.231	1835.8
16.6023	261.323	1812.62
16.6081	262.079	1849.64
16.6139	263.293	1849.64	261.022
16.6197	263.293	1832.62	261.022
16.6255	264.207	1840.05	260.72
16.6313	263.293	1895.06	261.626
16.6371	262.989	1861.43	262.231
16.6429	261.323	1867.89	261.777	522.647
16.6487	260.269	1867.89	259.069	511.3
16.6545	259.219	1950.59	258.471	513.668
16.6603	259.818	259.518	517.839
16.6661	259.818	259.518	518.138
16.6719	259.818	259.969	519.037
16.6777	260.57	260.871	523.251
16.6835	260.871	261.323	525.675
16.6893	262.989	262.079	527.195
16.6951	263.75	262.837	528.109
16.701	263.598	262.382	529.025
16.7068	262.989	528.414
16.7126	261.626	528.109
16.7184	260.72	523.856
16.7242	259.818	519.637
16.73	261.173	526.586
16.7358	262.382	521.441
16.7416	260.72	517.839
16.7474	260.72	520.237
16.7532	260.269	520.839
16.759	260.871	519.037
16.7648	261.323	517.839
16.7706	261.323	519.337
16.7764	261.022	522.044
16.7822	260.72	525.675
16.788	260.269	521.14
16.7938	260.871	520.538
16.7996	262.231	520.839
16.8054	262.837	530.555
16.8112	260.419	527.195	493.028
16.8171	257.428	525.978	467.512
16.8229	258.024	523.251	473.218
16.8287	258.322	507.768	466.164
16.8345	257.726	519.337	464.015
16.8403	258.322	513.668	466.164
16.8461	256.093	517.54	471.308
16.8519	261.323	512.187	486.803
16.8577	259.518	511.891	497.319
16.8635	259.518	516.942	496.171
16.8693	261.626	507.182	489.057
16.8751	262.989	506.304	491.606
16.8809	261.928	510.71	479.823
16.8867	261.928	512.187	479.823
16.8925	261.173	515.749	484.278
16.8983	262.079	517.54	491.89
16.9041	259.219	515.749	489.057
16.9099	259.518	512.483	507.475
16.9157	260.871	509.531	493.028
16.9215	264.055	504.552	497.893
16.9273	261.022	518.737	489.905
16.9332	267.277	513.372
16.939	265.584	526.891
16.9448
16.9506
16.9564
16.9622
16.968
16.9738
16.9796
16.9854
16.9912
16.997
17.0028
17.0086
17.0144
17.0202
17.026
17.0318
17.0376
17.0434
17.0493
17.0551
17.0609
17.0667
17.0725
17.0783
17.0841
17.0899
17.0957
17.1015
17.1073
17.1131
17.1189
17.1247
17.1305
17.1363
17.1421
17.1479
17.1537
17.1595
17.1654
17.1712
17.177
17.1828
17.1886
17.1944
17.2002
17.206
17.2118
17.2176
17.2234
17.2292
17.235
17.2408
17.2466
17.2524
17.2582
17.264
17.2698
17.2756
17.2815
17.2873
17.2931
17.2989
17.3047	292.48
17.3105	294.684
17.3163	295.195
17.3221	294.684
17.3279	294.004
17.3337	292.48
17.3395	291.973
17.3453	291.468
17.3511	292.142
17.3569	292.48
17.3627	293.665
17.3685	292.987
17.3743	292.987
17.3801	293.326
17.3859	293.156
17.3917	293.495
17.3976	293.495
17.4034	292.818
17.4092	291.636
17.415	291.468
17.4208	292.142
17.4266	293.326
17.4324	294.004
17.4382	294.514
17.444	294.174
17.4498	294.004
17.4556	294.174
17.4614	294.684
17.4672	295.025
17.473	295.366
17.4788	295.366
17.4846	295.878
17.4904	295.878
17.4962	295.707
17.502	293.665
17.5078	292.818
17.5137	292.311
17.5195	291.636
17.5253	291.3
17.5311	291.3
17.5369	292.818
17.5427	293.665
17.5485	294.514
17.5543	295.707
17.5601	295.537
17.5659	295.366
17.5717
17.5775
17.5833
17.5891
17.5949
17.6007
17.6065
17.6123
17.6181
17.6239
17.6297
17.6356
17.6414
17.6472
17.653
17.6588
17.6646
17.6704
17.6762
17.682
17.6878
17.6936
17.6994
17.7052
17.711
17.7168
17.7226
17.7284
17.7342
17.74
17.7458
17.7517
17.7575
17.7633
17.7691
17.7749
17.7807
17.7865
17.7923
17.7981
17.8039
17.8097
17.8155
17.8213
17.8271
17.8329
17.8387
17.8445
17.8503
17.8561
17.8619
17.8678
17.8736
17.8794
17.8852
17.891
17.8968
17.9026
17.9084
17.9142
17.92
17.9258
17.9316
17.9374
17.9432
17.949
17.9548
17.9606
17.9664
17.9722
17.9781
17.9839
17.9897	580.919
17.9955	581.927
18.0013	585.636
18.0071	584.622
18.0129	583.273
18.0187	580.248
18.0245	579.244
18.0303	579.244
18.0361	578.909
18.0419	581.255
18.0477	580.919
18.0535	581.927
18.0593	582.263
18.0651	583.273
18.0709	582.936
18.0767	585.636
18.0825	581.59
18.0883	578.241
18.0941	579.244
18.1	577.573
18.1058	577.573
18.1116	581.927
18.1174	583.947
18.1232	585.636
18.129	585.636
18.1348	582.263
18.1406	576.573
18.1464	577.24
18.1522	579.913
18.158	584.96
18.1638	589.369
18.1696	591.756
18.1754	591.073
18.1812	589.709
18.187	589.028
18.1928	593.468
18.1986	590.05
18.2044	592.44
18.2102	590.391
18.2161	588.008
18.2219	586.313
18.2277	583.947
18.2335	583.273
18.2393	577.573
18.2451	569.951
18.2509	576.24
18.2567	574.247
18.2625
18.2683
18.2741
18.2799
18.2857
18.2915
18.2973
18.3031
18.3089
18.3147
18.3205
18.3263
18.3322
18.338
18.3438
18.3496
18.3554
18.3612
18.367
18.3728
18.3786
18.3844
18.3902
18.396
18.4018
18.4076
18.4134
18.4192
18.425
18.4308
18.4366
18.4424
18.4483
18.4541
18.4599
18.4657
18.4715
18.4773
18.4831
18.4889
18.4947
18.5005
18.5063
18.5121
18.5179
18.5237
18.5295
18.5353
18.5411
18.5469
18.5527
18.5585
18.5644
18.5702
18.576
18.5818
18.5876
18.5934
18.5992
18.605
18.6108	243.12
18.6166	242.699
18.6224	256.686
18.6282	264.207
18.634	262.534
18.6398	260.269
18.6456	259.069
18.6514	258.621
18.6572	258.621
18.663	259.369
18.6688	259.969
18.6746	260.419
18.6805	261.323
18.6863	262.534
18.6921	264.36
18.6979	266.199
18.7037	266.969
18.7095	267.586
18.7153	269.292
18.7211	271.322
18.7269	272.263
18.7327	276.543
18.7385	277.663
18.7443	276.863
18.7501
18.7559
18.7617
18.7675
18.7733
18.7791
18.7849
18.7907
18.7966
18.8024
18.8082
18.814
18.8198
18.8256
18.8314
18.8372
18.843
18.8488	392.675
18.8546	387.046
18.8604	385.261
18.8662	368.289
18.872	367.439
18.8778	348.221
18.8836	342.239
18.8894	336.359
18.8952	333.843
18.901	333.843
18.9068	332.88
18.9127	331.537
18.9185	330.39
18.9243	329.437
18.9301	328.867
18.9359	328.487
18.9417	327.54
18.9475	326.03
18.9533	325.653
18.9591	325.465
18.9649	325.653
18.9707	326.218
18.9765	327.54	655.08
18.9823	329.628	658.114
18.9881	330.963	661.544
18.9939	332.304	663.457
18.9997	332.88	664.992
19.0055	332.88	665.761
19.0113	332.304	664.992
19.0171	330.963	661.926
19.0229	328.677	656.216
19.0288	326.595	651.683
19.0346	325.089	648.678
19.0404	324.527	648.678
19.0462	324.902	650.93
19.052	325.089	650.93
19.0578	323.778	650.555
19.0636	322.471	646.434
19.0694	322.658	647.93
19.0752	323.778	649.804
19.081	325.089	651.307
19.0868	326.03	652.06
19.0926	326.407	652.436
19.0984	327.351	654.323
19.1042	327.729	655.458
19.11	328.297	655.837
19.1158	328.487	656.595
19.1216	328.297	655.837
19.1274	327.54	655.08
19.1332	326.407	653.19
19.139	326.973	654.701
19.1449	331.92	662.691
19.1507	326.218	659.636
19.1565	328.108	655.458
19.1623	331.346	663.457
19.1681	331.537	661.544
19.1739	330.963	659.636
19.1797	329.628	663.457
19.1855	329.247	658.494
19.1913	330.772	659.636
19.1971	332.496
19.2029	333.265
19.2087	333.073
19.2145	332.496
19.2203	331.537
19.2261	330.963
19.2319	330.581
19.2377	330.39
19.2435	330.581
19.2493	330.581
19.2551	330.581	660.398
19.261	330.39	660.017
19.2668	330.199	659.636
19.2726	329.628	658.114
19.2784	328.487	655.458
19.2842	327.162	652.436
19.29	326.973	650.179
19.2958	328.108	654.323
19.3016	328.487	658.874
19.3074	328.867	657.354
19.3132	329.057	657.354
19.319	329.057	659.255
19.3248	329.437	660.78
19.3306	329.818	663.074
19.3364	328.867	658.874
19.3422	328.867	657.734
19.348	328.867	656.595
19.3538	328.487	661.926
19.3596	661.544
19.3654	660.78	329.628
19.3712	659.255	329.628
19.3771	658.114	329.057
19.3829	658.874	329.247
19.3887	659.255	329.057
19.3945	658.494	329.247
19.4003	661.544	329.818
19.4061	658.494	328.487
19.4119	655.837	328.108
19.4177	653.945	327.54
19.4235	656.595	327.351
19.4293	658.494	328.677
19.4351	662.691	329.247
19.4409	660.398	328.867
19.4467	657.354	327.729
19.4525	657.354	329.247
19.4583	643.454	329.247	295.366
19.4641	652.813	330.772	295.707
19.4699	652.813	329.437	296.734
19.4757	658.114	330.581	296.049
19.4815	668.844	331.92	296.905
19.4873	689.239	330.009	296.905
19.4932	660.017	330.772	297.077
19.499	658.114	330.772	295.707
19.5048	657.354	329.057	294.855
19.5106	654.323	329.057	295.195
19.5164	654.701	329.437	294.855
19.5222	647.555	329.437	293.834
19.528	657.734	330.009	295.707
19.5338	661.544	330.581	296.049
19.5396	654.701	331.537	295.025
19.5454	652.06	329.437	294.684
19.5512	657.354	330.581	296.22
19.557	662.309	330.963	289.12
19.5628	659.255	330.009	294.514
19.5686	660.398	330.199	297.249
19.5744	655.837	329.247	299.316
19.5802	655.458	329.247	299.316
19.586	661.162	330.199	286.792
19.5918	658.494	329.247	284.811
19.5976	329.628
19.6034	329.628
19.6093	330.772
19.6151	330.009
19.6209	329.437
19.6267	331.346
19.6325	329.247
19.6383	327.729	655.458	328.487
19.6441	328.108	663.074	330.581
19.6499	327.162	665.376	330.39
19.6557	325.841	663.457	330.199
19.6615	328.867	662.691	330.581
19.6673	329.247	661.926	331.729
19.6731	330.772	662.309	331.92
19.6789	330.963	663.457	332.304
19.6847	334.229	664.224	331.92
19.6905	332.304	664.608	331.92
19.6963	331.537	663.074	331.537
19.7021	333.073	664.608	333.073
19.7079	333.073	675.835	333.65
19.7137	331.346	665.761	330.772
19.7195	332.112	657.734	330.963
19.7254	332.496	668.844	333.265
19.7312	660.017	330.963
19.737	662.309	331.346
19.7428	657.734	330.199
19.7486	656.974	330.199
19.7544	661.544	330.772
19.7602	661.544	331.346
19.766	669.617	332.112
19.7718	330.772
19.7776	330.009	663.841
19.7834	331.92	659.255
19.7892	331.537	669.231
19.795	331.346	665.761
19.8008	330.199	666.53
19.8066	329.818	664.224
19.8124	330.39	661.544
19.8182	330.772	662.691
19.824	331.154	664.224
19.8298	332.112	663.841
19.8356	332.112	662.691
19.8415	332.112	666.145
19.8473	331.346	668.072
19.8531	326.407	696.04
19.8589	325.841	692.031
19.8647	701.692
19.8705	671.554
19.8763	655.08	314.742
19.8821	628.031	313.653
19.8879	616.53	308.799
19.8937	305.076
19.8995	304.196
19.9053	303.144
19.9111	301.921
19.9169	300.529
19.9227	298.281
19.9285	295.878
19.9343	292.818
19.9401	289.789
19.9459	284.318
19.9517	279.595
19.9576	274.157
19.9634	268.981
19.9692	264.513
19.975	260.419
19.9808	258.471
19.9866	257.577
19.9924	257.28
19.9982	257.875
20.004	259.069
20.0098	259.969
20.0156	260.57
20.0214	261.173
20.0272	261.777
20.033	262.231
20.0388	262.534
20.0446	263.141
20.0504	263.902
20.0562	264.207
20.062	264.818
20.0678	264.36
20.0737	263.75
20.0795	263.293
20.0853	263.141
20.0911	262.686
20.0969	263.141
20.1027	263.445
20.1085	264.055
20.1143	265.125
20.1201	265.584	529.943
20.1259	266.199	532.397
20.1317	267.123	532.705
20.1375	267.741	532.705
20.1433	268.05	533.937
20.1491	268.205	534.246
20.1549	268.05	532.705
20.1607	267.123	532.705
20.1665	266.045	531.783
20.1723	265.125	530.555
20.1781	264.055	527.5
20.1839	262.231	525.371
20.1898	261.173	522.949
20.1956	260.419	522.345
20.2014	259.969	523.553
20.2072	260.269	520.839
20.213	260.72	522.345
20.2188	261.928	524.461
20.2246	263.445	526.891
20.2304	266.199	529.025
20.2362	268.826	534.554
20.242	274.791	534.246
20.2478	282.68	531.783
20.2536	286.792	542.33
20.2594	278.466	528.414
20.2652	270.695	536.41
20.271	529.025
20.2768	532.09
20.2826	534.863
20.2884	536.72
20.2942	532.397
20.3	531.476
20.3058	535.482
20.3117	533.321
20.3175	533.013
20.3233	536.101
20.3291	536.72	1709.9
20.3349	531.169	1725.77
20.3407	534.863	1726.77
20.3465	531.169	1722.78
20.3523	527.5	1720.8
20.3581	534.554	1727.77
20.3639	536.72	1735.77
20.3697	555.327	1734.77
20.3755	528.109	1729.76
20.3813	1717.82
20.3871	1703.98
20.3929	1713.85
20.3987	1722.78
20.4045	1717.82
20.4103	1732.76
20.4161	1738.78
20.4219	1731.76
20.4278	1719.8
20.4336	1683.44
20.4394	1773.27
20.4452
20.451
20.4568
20.4626
20.4684
20.4742
20.48
20.4858
20.4916
20.4974
20.5032
20.509
20.5148
20.5206
20.5264
20.5322
20.538
20.5439
20.5497
20.5555
20.5613
20.5671
20.5729
20.5787
20.5845
20.5903
20.5961
20.6019
20.6077
20.6135
20.6193
20.6251
20.6309
20.6367
20.6425
20.6483
20.6542
20.66
20.6658
20.6716
20.6774
20.6832
20.689
20.6948
20.7006
20.7064
20.7122
20.718
20.7238
20.7296
20.7354
20.7412
20.747
20.7528
20.7586
20.7644
20.7702
20.7761
20.7819
20.7877
20.7935
20.7993
20.8051
20.8109
20.8167
20.8225
20.8283
20.8341
20.8399
20.8457
20.8515
20.8573
20.8631
20.8689
20.8747
20.8805
20.8863
20.8922
20.898
20.9038
20.9096
20.9154
20.9212
20.927
20.9328
20.9386
20.9444
20.9502
20.956
20.9618
20.9676
20.9734
20.9792
20.985
20.9908
20.9966
21.0024
21.0083
21.0141
21.0199
21.0257
21.0315
21.0373
21.0431
21.0489
21.0547
21.0605
21.0663
21.0721
21.0779
21.0837
21.0895
21.0953
21.1011
21.1069
21.1127
21.1185
21.1244
21.1302
21.136
21.1418
21.1476
21.1534
21.1592
21.165
21.1708
21.1766
21.1824
21.1882
21.194
21.1998
21.2056
21.2114	602.796
21.2172	590.732
21.223	569.293
21.2288	577.907
21.2346	572.26
21.2405	567.323
21.2463	567.979
21.2521	576.24
21.2579	579.913
21.2637	582.263
21.2695	584.284
21.2753	585.636
21.2811	598.287
21.2869	607.34
21.2927	619.385
21.2985	611.564
21.3043	595.528
21.3101	588.688
21.3159	586.99
21.3217	586.99
21.3275	588.688
21.3333
21.3391
21.3449
21.3507
21.3566
21.3624
21.3682
21.374
21.3798
21.3856
21.3914
21.3972
21.403
21.4088
21.4146
21.4204
21.4262
21.432
21.4378
21.4436
21.4494	566.995
21.4552	602.796
21.461	587.33
21.4668	576.24
21.4727	577.573
21.4785	578.909
21.4843	581.255
21.4901	583.947
21.4959	586.651
21.5017	588.688
21.5075	595.184
21.5133	597.251
21.5191	598.978
21.5249	600.364
21.5307	601.405
21.5365	600.711
21.5423	590.05
21.5481	586.99
21.5539	591.415
21.5597	588.008
21.5655	594.154
21.5713
21.5771
21.5829
21.5888
21.5946
21.6004
21.6062
21.612
21.6178
21.6236
21.6294
21.6352
21.641
21.6468
21.6526
21.6584	598.632
21.6642	592.783
21.67	587.669
21.6758	581.255
21.6816	578.241
21.6874	578.241
21.6932	579.244
21.699	580.583
21.7049	579.244
21.7107	582.936
21.7165	583.273
21.7223	583.273
21.7281	583.947
21.7339	584.284
21.7397	587.669
21.7455	590.05
21.7513	592.098
21.7571	593.811
21.7629	594.497
21.7687	595.528
21.7745	595.184
21.7803	589.028
21.7861	584.96
21.7919	584.622
21.7977	585.298
21.8035	583.947
21.8093	585.298
21.8151	585.636
21.821	585.636
21.8268
21.8326
21.8384
21.8442
21.85
21.8558
21.8616
21.8674
21.8732
21.879
21.8848
21.8906
21.8964
21.9022
21.908
21.9138
21.9196
21.9254
21.9312
21.9371
21.9429
21.9487
21.9545
21.9603
21.9661
21.9719
21.9777
21.9835
21.9893
21.9951
22.0009
22.0067
22.0125
22.0183
22.0241
22.0299
22.0357
22.0415
22.0473
22.0532
22.059
22.0648
22.0706
22.0764
22.0822
22.088
22.0938
22.0996
22.1054
22.1112
22.117
22.1228
22.1286
22.1344
22.1402
22.146
22.1518
22.1576
22.1634
22.1693
22.1751
22.1809
22.1867
22.1925
22.1983	234.432
22.2041	234.297
22.2099	234.161
22.2157	231.873
22.2215	242.139
22.2273	236.063
22.2331	231.472
22.2389	217.348
22.2447	215.971
22.2505	216.971
22.2563	215.472
22.2621	209.701
22.2679	207.652
22.2737	213.861
22.2795	213.861
22.2854	213.861
22.2912	203.967
22.297	208.614
22.3028
22.3086
22.3144
22.3202
22.326
22.3318
22.3376
22.3434
22.3492
22.355
22.3608
22.3666
22.3724
22.3782
22.384
22.3898
22.3956
22.4015
22.4073
22.4131
22.4189
22.4247
22.4305
22.4363
22.4421
22.4479
22.4537
22.4595
22.4653
22.4711
22.4769
22.4827
22.4885
22.4943
22.5001
22.5059
22.5117
22.5176
22.5234
22.5292
22.535
22.5408
22.5466
22.5524
22.5582
22.564
22.5698
22.5756
22.5814
22.5872
22.593
22.5988
22.6046
22.6104
22.6162
22.622
22.6278
22.6336
22.6395
22.6453
22.6511
22.6569
22.6627
22.6685
22.6743
22.6801
22.6859
22.6917
22.6975
22.7033
22.7091
22.7149
22.7207
22.7265
22.7323
22.7381
22.7439
22.7498
22.7556
22.7614
22.7672
22.773
22.7788
22.7846
22.7904
22.7962
22.802
22.8078
22.8136
22.8194
22.8252
22.831	323.591
22.8368	322.285
22.8426	327.918
22.8484	322.099
22.8542	322.658
22.86	323.217
22.8659	322.658
22.8717	326.784	238.117
22.8775	325.277	240.328
22.8833	324.902	256.538
22.8891	325.841	256.538
22.8949	325.465	256.538
22.9007	326.407	256.093
22.9065	323.778	255.502
22.9123	324.714	256.834
22.9181	327.162	256.982
22.9239	326.218	252.714
22.9297	330.39	256.538
22.9355	327.918	258.471
22.9413	328.487	257.726
22.9471	332.688	258.77
22.9529	328.867	260.72
22.9587	331.729	259.069
22.9645	328.108	260.72
22.9703	331.729	259.369
22.9761	342.437	257.131
22.9819	340.268	257.428
22.9878	342.239	262.534
22.9936	348.02	264.665
22.9994	335.389	260.119
23.0052	327.54	257.875
23.011	327.162	259.969
23.0168	262.534
23.0226	261.777
23.0284	258.471
23.0342	261.022
23.04	260.871
23.0458	260.419
23.0516	261.323
23.0574	262.079
23.0632	256.834
23.069	251.839
23.0748	255.65
23.0806	253.152	679.75
23.0864	247.227	687.251
23.0922	244.246	697.65
23.098	245.661	707.798
23.1039	237.43	698.86
23.1097	235.79	704.534
23.1155	234.026	703.721
23.1213	233.217	692.831
23.1271	234.568	704.942
23.1329	234.432	702.097
23.1387	236.472	706.572
23.1445	236.745	711.487
23.1503	234.432	708.616
23.1561	234.839	713.545
23.1619	232.41	717.678
23.1677	235.79	719.754
23.1735	234.161	716.849
23.1793	235.382	716.849
23.1851	246.087	711.076
23.1909	243.261	729.38
23.1967	240.606	716.849
23.2025	242.139	725.598
23.2083	253.884	713.957
23.2141	252.422	716.022
23.22	256.241	736.152
23.2258	259.969	742.558
23.2316	261.323	758.161
23.2374	259.369	709.435
23.2432	266.814	716.436
23.249	716.436
23.2548	724.342
23.2606	729.801
23.2664	755.538
23.2722	725.179
23.278	724.342
23.2838	708.207
23.2896	679.357
23.2954	314.924
23.3012	318.951
23.307	330.581
23.3128	330.963
23.3186	326.03	262.231
23.3244	328.108	264.36
23.3302	331.729	265.584
23.3361	329.437	266.199
23.3419	331.154	264.818
23.3477	331.346	264.055
23.3535	327.54	264.207
23.3593	330.39	262.231
23.3651	329.437	264.36
23.3709	329.437	262.382
23.3767	330.963	265.278
23.3825	332.688	266.506
23.3883	332.496	266.045
23.3941	331.729	258.471
23.3999	325.465	262.231
23.4057	325.465	260.871
23.4115	322.658	258.621
23.4173	323.778	260.871	299.143
23.4231	328.297	263.445	294.855
23.4289	328.867	264.055	289.455
23.4347	325.465	259.518	289.789
23.4405	324.339	260.269	290.963
23.4463	323.965	265.125	291.3
23.4522	323.217	257.726	290.292
23.458	323.778	253.738	289.12
23.4638	320.984	256.982	287.787
23.4696	320.059	264.665	288.287
23.4754	319.874	266.353	290.292
23.4812	322.844	261.474	291.3
23.487	321.355	260.419	292.987
23.4928	321.541	261.474	295.878
23.4986	333.265	250.968	297.249
23.5044	337.917	257.28	295.025
23.5102	334.809	256.538	296.734
23.516	334.809	244.811	294.004
23.5218	341.646	244.529	304.9
23.5276	352.064	251.694	308.443
23.5334	346.215	248.372	307.909
23.5392	352.674	249.378	302.27
23.545	346.415	256.834	302.444
23.5508	335.389	252.568	303.319
23.5566	335.002	252.714	297.42
23.5624	341.055	249.378	306.312
23.5683	330.772	243.261	308.087
23.5741	232.141
23.5799
23.5857
23.5915
23.5973
23.6031	1829.45
23.6089	1849.64
23.6147	1843.24
23.6205	1818.91
23.6263	1829.45
23.6321	1815.76
23.6379	1832.62
23.6437	1865.73
23.6495	1833.68
23.6553	1825.23
23.6611	1844.3
23.6669	1832.62
23.6727	1828.39
23.6785	1851.77
23.6844	1861.43
23.6902	1852.84
23.696	1838.98
23.7018	1833.68
23.7076	1888.5
23.7134	1934.88
23.7192	1811.57
23.725	1831.56	520.839
23.7308	1859.28	523.553
23.7366	525.675
23.7424	526.891
23.7482	528.109
23.754	518.438
23.7598	521.441
23.7656	534.246
23.7714	516.346
23.7772	521.441
23.783	522.044
23.7888	546.417
23.7946	538.273
23.8005	534.554
23.8063	535.482
23.8121	540.766
23.8179	530.862
23.8237	540.766
23.8295	533.937
23.8353	536.101
23.8411	529.637
23.8469	530.249
23.8527	529.637
23.8585	530.862
23.8643	531.169
23.8701	526.586
23.8759	539.206
23.8817	537.03
23.8875	530.862
23.8933	529.943
23.8991	529.943
23.9049
23.9107
23.9166
23.9224
23.9282
23.934
23.9398
23.9456
23.9514
23.9572
23.963
23.9688
23.9746
23.9804
23.9862
23.992
23.9978
24.0036
24.0094
24.0152
24.021
24.0268	344.221
24.0327	344.818
24.0385	343.625
24.0443	346.016
24.0501	346.616
24.0559	347.417
24.0617	347.016
24.0675	348.422
24.0733	348.02
24.0791	347.819
24.0849	347.016
24.0907	347.819
24.0965	351.86
24.1023	349.027
24.1081	351.454
24.1139	346.616
24.1197	348.221
24.1255	349.43
24.1313	351.251
24.1371	350.846
24.1429	355.127
24.1488	354.103
24.1546	340.464
24.1604	341.055
24.1662	344.619
24.172	349.632
24.1778	340.464
24.1836	343.824
24.1894	347.217	260.269
24.1952	349.632	263.75
24.201	342.634	264.818
24.2068	350.238	265.278
24.2126	332.88	265.891
24.2184	333.265	266.199
24.2242	340.464	266.969
24.23	343.031	267.432
24.2358	347.819	265.584
24.2416	344.023	262.534
24.2474	344.818	262.837
24.2532	344.023	262.382
24.259	343.824	267.586
24.2649	353.286	268.205
24.2707	354.717	256.982
24.2765	353.286	256.538
24.2823	350.643	268.67
24.2881	346.215	267.432
24.2939	347.819	268.515
24.2997	348.624	269.136
24.3055	347.618	273.683
24.3113	346.215	271.478
24.3171	351.86	258.024
24.3229	356.155
24.3287	356.155
24.3345	341.449	349.027
24.3403	336.554	352.674
24.3461	347.217
24.3519	350.643
24.3577	367.863
24.3635	365.956
24.3693	361.962
24.3751	354.922
24.381	358.218
24.3868	358.425
24.3926	357.598
24.3984	357.185
24.4042	354.922
24.41	352.471
24.4158	351.251
24.4216	350.036
24.4274	347.217
24.4332	344.023
24.439	341.252
24.4448	338.895
24.4506	336.359
24.4564	335.196
24.4622	334.809
24.468	335.971
24.4738	334.809
24.4796	335.583
24.4854	334.422
24.4912	341.646
24.4971	338.112
24.5029	339.482
24.5087	338.112
24.5145	336.943
24.5203
24.5261
24.5319	356.155
24.5377	356.566
24.5435	341.252
24.5493	344.818
24.5551	349.228
24.5609	347.016
24.5667	351.454
24.5725	357.185
24.5783	352.878
24.5841	351.048
24.5899	355.538
24.5957	358.839
24.6015	355.127
24.6073	344.023
24.6132	345.416
24.619	353.286
24.6248	342.041
24.6306	344.818
24.6364	352.064
24.6422	352.471
24.648	354.922
24.6538	344.42
24.6596	348.422
24.6654	349.228
24.6712	348.422
24.677	336.359
24.6828	339.09	447.433
24.6886	343.625	431.443
24.6944	350.441	450.024
24.7002	362.171	442.038
24.706	345.616	458.685
24.7118	351.251	458.42
24.7176	353.286	456.043
24.7234	350.036	445.113
24.7293	336.943	439.492
24.7351	437.719
24.7409	436.708
24.7467	437.971
24.7525	438.731
24.7583	438.478
24.7641	439.492
24.7699	440.254
24.7757	441.528
24.7815	441.783
24.7873	440.254
24.7931	437.719
24.7989	432.941
24.8047	426.734
24.8105	416.747
24.8163	408.878
24.8221	393.584
24.8279	397.009
24.8337	411.246
24.8395	424.031
24.8454
24.8512
24.857
24.8628
24.8686
24.8744
24.8802
24.886
24.8918
24.8976
24.9034
24.9092
24.915
24.9208	382.821
24.9266	392.902
24.9324	393.584	796.314
24.9382	392.449	779.926
24.944	384.816	763.875
24.9498	387.493	778.575
24.9556	385.707	782.634
24.9615	388.838	784.444
24.9673	392.449	786.258
24.9731	395.864	791.27
24.9789	397.697	793.1
24.9847	398.157	794.476
24.9905	398.617	796.314
24.9963	397.927	795.854
25.0021	397.697	795.854
25.0079	397.697	796.314
25.0137	397.927	795.394
25.0195	397.697	795.394
25.0253	397.238	794.935
25.0311	397.009	794.017
25.0369	396.779	793.1
25.0427	396.55	793.1
25.0485	397.467	795.394
25.0543	397.697	796.314
25.0601	397.927	796.774
25.0659	398.157	797.695
25.0717	399.539	800.002
25.0776	400.926	801.852
25.0834	402.551	804.636
25.0892	403.948	806.964
25.095	404.182	806.964
25.1008	402.783	804.172
25.1066	399.77	794.476
25.1124	395.635	796.314
25.1182	403.948	792.642
25.124	397.467	807.43
25.1298	405.585	800.927
25.1356	405.585	800.927	446.658
25.1414	405.585	800.927	450.284
25.1472	450.024
25.153	451.848
25.1588	453.941
25.1646	455.517
25.1704	455.517
25.1762	457.626
25.182	458.685
25.1878	457.891
25.1937	458.95
25.1995	458.95
25.2053	458.685
25.2111	458.155
25.2169	455.254
25.2227	442.549
25.2285	434.946
25.2343	438.478
25.2401	434.444
25.2459	457.626
25.2517	456.834
25.2575
25.2633
25.2691
25.2749
25.2807
25.2865
25.2923
25.2981
25.3039
25.3097
25.3156
25.3214
25.3272
25.333
25.3388
25.3446
25.3504
25.3562
25.362
25.3678	351.048
25.3736	356.772
25.3794	356.978
25.3852	362.799
25.391	351.86
25.3968	354.103
25.4026	358.218
25.4084	356.155
25.4142	363.009
25.42	370.422
25.4258	380.616
25.4317	380.616
25.4375	370.422
25.4433	361.126
25.4491	358.218
25.4549	355.949
25.4607	354.308
25.4665	352.471
25.4723	351.251
25.4781	350.238
25.4839	349.228
25.4897	348.221
25.4955	347.417
25.5013	346.016
25.5071	343.625
25.5129	342.041
25.5187	340.268
25.5245	338.699
25.5303	337.137
25.5361	335.971
25.542	334.229
25.5478	334.036
25.5536	333.65
25.5594	333.843
25.5652	334.809
25.571	335.002
25.5768	334.422
25.5826	334.036
25.5884	334.229
25.5942	330.963
25.6	332.304
25.6058	337.722
25.6116
25.6174
25.6232
25.629
25.6348
25.6406
25.6464
25.6522
25.658
25.6639
25.6697
25.6755
25.6813
25.6871
25.6929
25.6987
25.7045	328.867
25.7103	345.616
25.7161	350.441
25.7219	332.112
25.7277	340.071
25.7335	338.308
25.7393	329.818
25.7451	329.628
25.7509	328.677	664.224
25.7567	328.487	663.841
25.7625	330.009	663.074
25.7683	331.346	663.074
25.7741	332.112	664.608
25.78	333.265	666.145
25.7858	333.843	665.761
25.7916	334.229	666.145
25.7974	334.809	667.686
25.8032	334.809	668.458
25.809	334.229	668.458
25.8148	334.036	668.844
25.8206	334.229	669.617
25.8264	335.389	671.942
25.8322	336.165	672.719
25.838	335.777	671.554
25.8438	334.615	670.391
25.8496	333.265	666.915
25.8554	333.458	666.915
25.8612	333.073	666.915
25.867	332.496	666.145
25.8728	333.073	666.53
25.8786	330.581	661.162	335.002
25.8844	329.247	653.945	329.628
25.8902	330.581	648.304	326.407
25.8961	327.918	658.114	334.229
25.9019	333.265	669.231	336.359
25.9077	334.809	670.391	336.359
25.9135	334.422	669.231	337.137	337.137
25.9193	334.809	669.617	337.332
25.9251	337.332	675.444	336.748
25.9309	337.332	675.054	338.112
25.9367	337.137	671.166	336.554	337.137
25.9425	339.286	671.554	335.777
25.9483	335.002	662.691	333.458
25.9541	659.255	333.843
25.9599	653.568	334.036
25.9657	651.683	332.304
25.9715	333.073
25.9773	357.804
25.9831	353.899
25.9889	357.598	323.217
25.9947	358.632	327.54
26.0005	358.218	326.03
26.0063	362.589	326.784
26.0122	360.085	327.54
26.018	356.772	328.297
26.0238	354.308	328.867
26.0296	352.674	329.247
26.0354	352.674	329.437
26.0412	352.674	329.437
26.047	352.674	328.867
26.0528	369.781	326.973
26.0586	369.781	324.339
26.0644	326.407
26.0702	328.487
26.076	326.595
26.0818	327.918
26.0876	322.844
26.0934	316.748
26.0992	318.767
26.105	318.399
26.1108	320.984
26.1166	321.541
26.1224	322.844
26.1283	322.471
26.1341	322.844
26.1399	323.965
26.1457	326.218
26.1515	330.963
26.1573	328.487
26.1631	333.073
26.1689	313.291
26.1747	308.621
26.1805	321.17
26.1863	321.541
26.1921	322.844
26.1979	324.339
26.2037	325.841
26.2095	327.54
26.2153	326.595
26.2211	328.108
26.2269	327.729
26.2327	330.199
26.2385	339.875
26.2444	345.416
26.2502	350.036
26.256	355.127
26.2618	361.544
26.2676	366.803
26.2734	370.208
26.2792	374.077
26.285	378.205
26.2908	381.276
26.2966	383.707
26.3024	387.941
26.3082	390.639
26.314	391.769
26.3198	393.584
26.3256	392.902
26.3314	393.811
26.3372	393.584
26.343	393.584
26.3488	393.356
26.3546	393.356
26.3605	393.811
26.3663	393.811
26.3721	391.995
26.3779	394.266
26.3837	394.494
26.3895	392.675
26.3953	393.811	393.584
26.4011	393.811	394.95
26.4069	395.864	397.238
26.4127	397.927	398.157
26.4185	399.308	398.847
26.4243	398.387	399.308
26.4301	397.697	399.308
26.4359	395.407	399.539
26.4417	395.635	395.635
26.4475	396.092	396.779
26.4533	397.697	398.847
26.4591	399.078	399.77
26.4649	399.539	400.463
26.4707	398.617	400.232
26.4766	396.55	398.617
26.4824	393.811	395.635
26.4882	392.222
26.494	386.599
26.4998	384.15
26.5056	385.039
26.5114	371.065	658.114
26.5172	359.461	641.598
26.523	366.591	679.75
26.5288	363.218	666.915
26.5346	377.333	656.595
26.5404	387.493	644.942
26.5462	385.929	635.329	316.748
26.552	385.929	631.67	314.197
26.5578	380.616	631.305	314.379
26.5636	636.063	316.748
26.5694	641.969	320.614
26.5752	646.434	322.471
26.581	649.804	324.902
26.5868	651.307	326.218
26.5927	650.179	325.841
26.5985	646.808	323.778
26.6043	650.555	325.277
26.6101	660.017	328.677
26.6159	654.323	328.108
26.6217	642.711	323.965
26.6275	640.117	320.799
26.6333	642.711	328.677
26.6391	650.93	315.106
26.6449	656.974	320.244
26.6507
26.6565
26.6623
26.6681
26.6739
26.6797
26.6855
26.6913
26.6971
26.7029
26.7088
26.7146
26.7204
26.7262
26.732
26.7378
26.7436
26.7494
26.7552
26.761
26.7668
26.7726	321.727
26.7784	329.818
26.7842	318.951
26.79	319.505
26.7958	321.727
26.8016	323.965
26.8074	329.818
26.8132	338.699
26.819	348.624
26.8249	356.772
26.8307	365.533
26.8365	373.214
26.8423	379.299
26.8481	384.594
26.8539	389.513
26.8597	392.902
26.8655	395.864
26.8713	397.238
26.8771	398.617
26.8829	399.77
26.8887	400.232
26.8945	400.463
26.9003	400.463
26.9061	401.158
26.9119	400.232
26.9177	398.157
26.9235	394.95
26.9293	390.639
26.9351	386.375
26.941	384.816
26.9468	379.957
26.9526	368.714
26.9584	371.493	348.825
26.9642	378.424	328.867
26.97	357.804	329.247
26.9758	323.404
26.9816	342.239
26.9874	334.809
26.9932	333.843
26.999	332.688
27.0048	330.199
27.0106	328.108
27.0164	326.784
27.0222	326.03
27.028	325.841
27.0338	326.407
27.0396	327.162
27.0454	328.108
27.0512	328.487
27.0571	329.247
27.0629	330.39
27.0687	330.772
27.0745	331.154
27.0803	331.537
27.0861	331.92
27.0919	332.88
27.0977	333.65
27.1035	335.002
27.1093	335.389
27.1151	335.971
27.1209	336.359
27.1267	336.554
27.1325	336.359
27.1383	334.422
27.1441	330.963
27.1499	326.784
27.1557	323.404
27.1615	318.767
27.1673	327.918
27.1732	334.229
27.179	327.162
27.1848	326.973
27.1906
27.1964
27.2022
27.208
27.2138
27.2196
27.2254
27.2312	282.028
27.237	284.646
27.2428	289.455
27.2486	292.649
27.2544	297.249
27.2602	295.707
27.266	295.195
27.2718	295.878
27.2776	295.025
27.2834	294.344
27.2893	292.987
27.2951	289.12
27.3009	285.305
27.3067	281.702
27.3125	276.224
27.3183	270.071
27.3241	264.513
27.3299	261.777
27.3357	258.621
27.3415	260.119
27.3473	258.77
27.3531	258.471
27.3589	257.577
27.3647	257.726
27.3705	258.621
27.3763	261.173
27.3821	263.902
27.3879	265.738
27.3937	265.584
27.3995	270.071
27.4054	271.635	1357.93
27.4112	270.852	1364.22
27.417	269.447	1368.96
27.4228	268.05	1371.33
27.4286	267.277	1355.58
27.4344	265.584	1339.23
27.4402	262.837	1322.32
27.446	262.382	1317.75	264.513
27.4518	262.837	1316.23	262.686
27.4576	264.055	1271.39	261.928
27.4634	261.626	1275.07	263.598
27.4692	261.626	1293.62	262.534
27.475	263.141	1300.36	262.231
27.4808	263.141	1302.61	262.079
27.4866	263.141	1309.4	262.534
27.4924	262.989	1315.47	262.837
27.4982	263.75	1313.95	263.141
27.504	263.902	1304.12	262.989
27.5098	263.75	1304.12	262.837
27.5156	263.293	1310.92	263.141
27.5215	262.534	1319.27	263.293
27.5273	261.777	1330.75	263.293
27.5331	261.022	1314.71	262.686
27.5389	1307.89	261.474
27.5447	1302.61	259.818
27.5505	1296.61	259.069
27.5563	1292.12	258.471
27.5621	1289.88	260.269
27.5679	1286.16	254.471
27.5737	1266.99	255.502
27.5795	1284.68	259.069
27.5853	1270.66	258.173
27.5911	1283.94	258.173
27.5969	1286.91	258.621
27.6027	1286.16	258.919
27.6085	1289.14	261.474
27.6143	1299.61	261.173
27.6201	1299.61	258.77
27.6259	1289.88
27.6317	1291.38
27.6376
27.6434
27.6492
27.655
27.6608
27.6666
27.6724
27.6782
27.684
27.6898
27.6956
27.7014
27.7072
27.713
27.7188
27.7246
27.7304
27.7362
27.742
27.7478
27.7537
27.7595
27.7653
27.7711
27.7769
27.7827
27.7885
27.7943
27.8001
27.8059
27.8117
27.8175
27.8233
27.8291
27.8349
27.8407
27.8465
27.8523
27.8581
27.8639	243.683
27.8698	245.803
27.8756	248.516
27.8814	251.113
27.8872	254.178
27.893	257.726
27.8988	260.119
27.9046	262.231
27.9104	264.36
27.9162	265.278
27.922	266.199
27.9278	264.513
27.9336	263.141
27.9394	262.079
27.9452	261.928
27.951	265.125
27.9568	265.584
27.9626	264.36
27.9684	264.055
27.9742	263.75
27.98	263.75
27.9858	264.055
27.9917	263.445
27.9975	262.079
28.0033	261.323
28.0091	261.323
28.0149	261.928
28.0207	262.686
28.0265	264.36
28.0323	265.278
28.0381	263.445
28.0439	263.445
28.0497	263.445
28.0555	256.389
28.0613	258.77
28.0671	258.919
28.0729	259.969
28.0787	266.045
28.0845	261.777
28.0903	263.445	262.079
28.0961	262.231	263.75
28.1019	264.36
28.1078	265.584
28.1136	266.66
28.1194	265.431
28.1252	264.055
28.131	275.745
28.1368	266.66
28.1426	264.36
28.1484	265.125
28.1542	263.902
28.16	263.75
28.1658	261.626
28.1716	261.323
28.1774	260.871
28.1832	260.871
28.189	261.022
28.1948	261.928
28.2006	263.293
28.2064	264.055
28.2122	264.513
28.2181	264.971	525.978
28.2239	264.971	525.978
28.2297	264.055	525.068
28.2355	262.534	524.159
28.2413	261.022	523.251
28.2471	260.72	522.949
28.2529	263.141	507.768
28.2587	258.173	511.595
28.2645	258.77	501.357
28.2703	256.389	508.649
28.2761	260.72	514.856
28.2819	509.826
28.2877	516.644
28.2935	528.109
28.2993	535.791
28.3051	533.937	278.949
28.3109	526.282	264.36
28.3167	522.647	264.818
28.3225	526.891	264.36
28.3283	529.025	255.06
28.3341	527.805	266.353
28.34	538.584	265.584
28.3458	525.675	264.207
28.3516	525.371	264.36
28.3574	527.195	263.902
28.3632	529.025	263.293
28.369	526.891	264.055
28.3748	526.891	264.055
28.3806	527.5	263.598
28.3864	525.675	263.141
28.3922	525.978	263.598
28.398	526.282	263.293
28.4038	527.195	263.445
28.4096	526.586	263.293
28.4154	527.195	263.445
28.4212	526.891	263.293
28.427	525.675	263.293
28.4328	524.461	262.534
28.4386	523.856	262.079
28.4444	522.647	261.777
28.4502	521.742	260.871
28.4561	521.441	260.72
28.4619	520.839	260.72
28.4677	520.839	260.72
28.4735	521.441	260.57
28.4793	521.14	260.57
28.4851	522.345	261.173
28.4909	524.461	262.231
28.4967	525.675	262.989
28.5025	526.282	263.141
28.5083	527.195	263.445
28.5141	527.805	263.75
28.5199	527.195	263.75
28.5257	527.5	264.207
28.5315	526.586	264.055
28.5373	524.159	268.515
28.5431	533.321	272.106
28.5489	543.27	272.736
28.5547	547.998	274.633
28.5605	545.786	277.343
28.5663	558.221	280.403
28.5722	531.783	281.702	264.971
28.578	533.321	282.843	283.661
28.5838	544.213	277.824
28.5896	278.466
28.5954	276.703
28.6012	282.843
28.607	286.295
28.6128	287.289
28.6186	288.787
28.6244	290.795
28.6302	292.311
28.636	292.142
28.6418	293.156
28.6476	293.495
28.6534	294.174
28.6592	294.855
28.665	295.707
28.6708	296.734
28.6766	297.592
28.6824	298.108
28.6883	299.143
28.6941	299.489
28.6999	300.009
28.7057	300.182
28.7115	299.489
28.7173	298.281
28.7231	297.42
28.7289	296.049
28.7347	294.855
28.7405	294.004
28.7463	293.665
28.7521	291.131
28.7579	292.987
28.7637	291.131
28.7695	291.805
28.7753	290.124
28.7811	290.795
28.7869	292.649
28.7927	297.764
28.7985
28.8044	299.143
28.8102	300.876
28.816	303.67
28.8218	299.835
28.8276	298.453
28.8334	297.077
28.8392	295.366
28.845	293.495
28.8508	291.805
28.8566	290.963
28.8624	290.627
28.8682	290.795
28.874	290.963
28.8798	290.459
28.8856	290.795
28.8914	291.131
28.8972	291.3
28.903	291.468
28.9088	291.468
28.9146	291.805
28.9205	292.311
28.9263	293.665
28.9321	294.344
28.9379	294.684
28.9437	295.707
28.9495	296.22
28.9553	296.905
28.9611	297.764
28.9669	298.625
28.9727	298.625
28.9785	298.108
28.9843	296.22
28.9901	294.514
28.9959	290.963
29.0017	283.007
29.0075	288.62
29.0133	286.792
29.0191
29.0249	278.627
29.0307	277.824
29.0366	277.343
29.0424	275.586
29.0482	274.633
29.054	276.224
29.0598	275.427
29.0656	278.466
29.0714	283.661
29.0772	286.957
29.083	292.311
29.0888	297.42
29.0946	302.619
29.1004	306.844
29.1062	309.335
29.112	299.835
29.1178
29.1236
29.1294
29.1352
29.141
