3.13469	3.33206	12829.6	19.5139
3.51782	3.78485	10751.1	25.9676
3.63973	3.78485	10676.8	17.575
4.44662	4.71365	2230.31	26.9694
5.358	5.63084	12851.9	25.7065
5.64245	5.8224	12123.6	26.2663
5.79918	5.99075	10819.6	22.1198
6.0488	6.29841	10813.4	27.6065
6.17651	6.36227	10819.6	20.7169
7.83673	8.07474	12081.6	40.0158
7.83673	8.07474	12081.6	40.0158
8.01669	8.37079	10832.1	31.4128
11.2791	11.4242	1930.41	65.6443
11.6564	12.0047	2176.85	76.1948
11.6738	11.8944	1133.99	48.6115
11.6854	11.8073	9996.4	24.2776
11.9002	12.115	1938.23	239.629
12.2543	12.4807	2413.97	35.8395
12.2776	12.4633	2730.01	24.973
13.7288	13.9204	5513.91	110.613
14.0887	14.4951	1719.8	118.846
14.2512	14.3673	2547.19	53.9159
14.7969	15.2091	2539.85	19.6427
15.9173	16.1146	1128.11	70.5976
16.0276	16.1553	977.55	46.5851
16.1611	16.73	1187.62	215.774
16.2424	16.4049	2171.83	158.179
16.4223	16.7184	2404.23	186.152
16.4223	16.7184	2404.23	186.152
16.7358	16.8925	1623.28	30.8471
17.9955	18.3902	1860.35	222.948
20.0504	20.3407	2341.19	64.6369
20.242	20.6077	2158.07	47.1566
20.242	20.6077	2158.07	47.1566
20.3407	20.4626	2649.23	25.9291
20.7586	20.898	2484.71	646.802
20.7702	21.2172	1190.37	249.713
20.8283	21.2695	2408.4	378.177
22.1402	22.384	2285.08	18.5724
22.4943	22.802	2191.99	105.627
23.0806	23.3186	2887.34	55.4149
23.2025	23.4115	1741.8	78.2511
24.8047	25.0079	1103.62	223.605
24.8976	25.0834	2256.22	113.804
25.0427	25.3156	1186.25	166.661
25.1704	25.333	2434.98	212.491
25.2169	25.3968	3770.46	87.2215
25.3388	25.5942	2326.36	319.299
25.4084	25.571	1160.5	160.258
25.6058	25.8206	2536.92	111.326
25.7277	26.1631	956.327	135.1
25.7741	25.9715	1815.76	98.3499
25.9947	26.1631	1574.33	27.2269
26.2618	26.4475	2091.8	31.0495
26.2618	26.5985	1878.71	31.3481
26.285	26.4185	1889.59	26.0513
27.0919	27.2312	847.573	59.5064
27.2602	27.3763	2091.8	35.5929
27.2893	27.6201	2569.36	51.5124
27.5621	27.6956	2579.77	58.6518
27.5969	27.893	3242.8	54.8291
27.7188	27.8407	1670.84	61.7528
27.8698	28.2529	1803.22	113.089
27.9104	28.3748	885.098	138.226
28.3341	28.7405	2663.04	18.7289
29.1817	29.3326	2337.14	35.0551
29.2281	29.5068	1996.18	54.7699
29.2978	29.501	10800.9	41.4804
29.3442	29.501	1005.03	92.0341
29.5474	29.7041	2487.58	22.352
29.5938	29.9421	1047.71	23.9824
