3.12308	3.32045	1737.78	1.5883
3.22757	3.58168	1770.2	4.03728
3.51782	3.74422	5310.72	1.79229
3.58168	3.88354	1767.13	8.27386
3.75002	4.27247	8874.97	3.87695
3.85451	4.03447	1771.22	4.46551
3.94159	4.21442	1769.17	4.79258
4.12154	4.42921	1760	10.6101
4.27247	4.70204	8869.84	6.1228
4.36535	4.64399	1766.11	23.244
4.55111	4.80073	1765.09	13.9828
4.66721	5.0039	8844.27	14.9767
4.7717	5.21868	1766.11	17.9264
4.92844	5.13161	8839.16	9.42246
5.07356	5.40444	5283.19	2.76048
5.11419	5.71211	2641.59	1.74555
5.14902	5.38703	1968.7	1.84661
5.22449	5.56118	3946.5	3.37915
5.4683	5.64245	3957.92	10.2936
5.57279	5.77016	10572.5	1.46196
5.64825	6.34485	3928.31	11.1971
5.86304	6.08363	1307.89	3.15809
6.08363	6.18812	1331.52	2.01767
6.34485	6.54803	3876.47	2.39859
6.47837	6.79764	3871.99	2.03456
6.69315	6.87311	3878.71	2.105
6.79764	6.91955	3849.69	2.76586
6.84989	7.07048	3851.91	4.01644
10.1355	10.3097	7929.57	6.08344
10.2168	10.4606	7911.27	6.25259
10.4664	10.7102	7897.57	4.45728
10.6173	10.8844	7920.41	13.9658
10.8902	11.0991	7924.99	3.95924
10.9598	11.1688	2994.35	3.31786
10.9598	11.1688	2994.35	3.31786
11.0295	11.2501	7911.27	3.54496
11.0991	11.2036	6006.02	1.4934
11.1688	11.3604	7906.7	4.8166
11.2675	11.4765	7938.73	2.75033
11.4126	11.5751	7947.91	2.74297
11.4416	11.6216	1741.8	13.1011
11.5287	11.7609	1774.29	21.492
11.668	11.8596	1766.11	11.1649
11.7435	11.906	8859.6	5.37297
11.7783	11.877	6706.57	3.94783
11.8828	12.1324	1785.6	9.76084
12.0628	12.1324	1766.11	1.64445
12.1034	12.4401	1764.07	6.87238
12.2137	12.4227	8874.97	1.5881
12.3472	12.6433	1770.2	6.8551
12.6375	12.8	1768.15	7.71867
12.7361	12.9045	8895.5	3.17259
12.7768	12.8813	1819.96	1.67428
12.8116	13.4153	8869.84	11.7954
12.9567	13.1193	1768.15	18.9483
13.0264	14.0249	1772.24	23.3993
13.2702	14.1119	5298.47	16.8629
13.3631	13.6882	1972.11	6.23604
13.6243	14.1119	1968.7	19.7003
13.7462	14.0481	1320.8	17.7491
13.8797	14.2745	2644.65	17.4603
13.9552	14.408	1325.38	41.8954
14.2571	14.9478	3898.92	15.078
14.3093	14.617	10603.1	2.81663
14.3441	14.7679	2638.54	6.43514
14.408	14.9537	1315.47	8.49668
14.4893	15.3252	1969.84	10.6697
14.8143	15.0059	5978.33	9.50921
14.9304	15.3426	1294.36	5.54155
14.9885	15.2439	3836.37	5.10582
15.0233	15.2845	5947.33	2.30527
15.0581	15.2613	1313.95	1.96842
22.3666	22.5814	4980.91	3.17442
22.5059	22.6975	1266.26	3.03404
22.535	22.7265	550.854	3.4822
22.535	23.2606	3863.05	5.16718
22.5872	22.9065	5001.09	1.70167
22.8775	23.0806	4455.46	25.6542
22.9645	23.1793	4447.75	26.5579
23.0806	23.2664	4437.48	20.9342
23.2664	23.487	4452.89	8.53971
23.3593	23.5276	636.431	2.14978
23.3593	23.5276	636.431	2.14978
23.5973	23.7714	3901.18	13.048
23.6611	23.8295	3960.21	18.5998
23.8527	24.1778	4452.89	14.7081
23.963	24.1546	10390.9	14.8543
25.7858	26.3082	5304.59	11.1605
25.8206	26.0528	2635.5	6.73671
25.9541	26.1631	9864.47	17.1289
26.0702	26.3082	9887.29	20.5983
26.1921	26.3837	1980.1	8.12815
26.2908	26.6913	1980.1	17.4207
26.343	26.6101	9847.39	8.12264
26.4766	27.3763	7934.15	15.861
26.5985	26.9235	1976.67	23.236
26.7842	26.9642	986.626	9.70431
26.8423	27.0629	3967.07	4.13498
26.9293	27.5679	1976.67	16.7367
26.9758	27.3763	8874.97	6.76834
27.0571	27.237	1982.39	14.5787
27.2951	27.9626	3967.07	17.3516
27.4112	28.0091	8890.36	7.22012
27.446	27.742	990.623	11.812
27.504	27.98	7943.32	22.4793
27.5273	27.9742	1978.96	16.3982
27.8407	28.3341	1974.39	13.1285
27.9278	28.2006	8859.6	21.1078
28.0381	28.1426	883.565	10.0143
28.0671	28.3806	1768.15	17.465
28.2413	28.5722	7911.27	14.1257
28.3341	28.5025	882.545	10.9978
28.4328	28.6883	1774.29	15.038
28.5605	28.7347	7961.69	5.10179
28.7231	28.9553	7952.5	2.15324
