3.99964	4.19701	2161.81	13.0551
4.01125	4.14476	1982.39	6.37286
4.10413	4.28989	2200.87	10.9339
4.42921	4.51628	2615.78	17.3491
4.49887	4.81234	5195.43	30.2487
4.59175	4.81814	3233.45	5.72464
4.69043	4.95746	5180.44	20.6534
4.74268	4.98649	2572.33	13.4458
8.39982	8.56236	1738.78	4.98327
8.60299	8.80036	1300.36	6.84667
8.70748	8.95129	1295.86	5.24224
8.78875	8.99773	643.082	4.60534
8.94549	9.39828	3288.07	28.7614
8.98612	9.1893	659.255	46.0459
9.02676	9.28218	1960.75	12.4486
9.1951	9.39247	655.458	3.52728
9.28218	9.4215	1879.79	3.74206
9.39828	9.70594	1737.78	21.7041
9.4215	9.58984	8702.37	51.3944
9.56662	9.7756	8697.35	62.7696
10.3039	10.5186	7793.34	7.55388
10.8495	11.1398	7317.79	4.93543
10.925	11.221	1348.55	5.03455
10.9772	11.4126	2667.66	17.4883
11.0701	11.3081	2588.73	5.66712
11.0991	11.4474	1312.43	29.2013
11.2443	11.401	3944.22	10.5652
11.8015	11.9583	3987.75	27.5689
11.8015	11.9583	3987.75	27.5689
11.9815	12.2311	2924.27	42.9099
12.0337	12.2427	1167.22	34.4739
12.2311	12.3762	2953.12	39.6917
12.2834	12.4111	1172.63	10.2688
12.353	12.6258	4668.88	23.8333
12.3762	12.6258	3103.53	42.1261
12.4227	12.5272	521.14	19.7548
12.4981	12.6258	1550.87	30.6824
12.4981	12.6258	1550.87	30.6824
12.6258	12.6897	1464.67	30.5288
12.6258	12.7942	4373.87	18.1275
12.6258	13.0612	2924.27	29.6793
12.6317	12.8	3507.82	16.2308
12.6491	12.8464	8798.41	21.0765
12.771	13.0728	3254.06	35.8261
12.8813	13.1483	2315.64	35.6082
12.9103	13.1019	1970.97	10.6436
12.9567	13.2238	786.258	15.7278
13.0438	13.1889	2635.5	11.3309
13.1773	13.5198	3233.45	61.5079
13.2238	13.4908	2072.55	77.6191
13.3515	13.543	2459.01	15.8647
13.3979	13.5314	818.701	22.3891
13.4676	14.1235	1457.08	108.161
13.4908	14.2919	2173.08	77.6191
13.4966	14.141	2915.83	99.8158
13.8855	14.0655	7861.16	7.61222
14.0307	14.2454	12536.6	69.8402
14.1468	14.2977	2874.03	13.5725
14.2512	14.3906	12580.1	7.39166
14.3673	14.5763	12493.2	12.3736
14.4718	14.617	3043.17	6.47103
14.5299	14.6518	2122.22	4.75481
14.5763	14.7331	2519.39	9.49058
14.7621	15.0465	3222.27	3.51242
17.7226	17.9955	2200.87	50.3273
17.8097	18.0013	2910.79	35.0141
17.9026	18.0361	2188.2	32.3059
18.0883	18.3902	2594.71	66.7492
18.1696	18.5992	2910.79	58.7773
18.2277	18.6514	2175.59	31.4372
18.2567	18.5179	1734.77	43.2186
18.3786	18.5818	2632.46	32.5775
18.4308	18.6921	1967.56	23.2227
18.5527	18.6398	1732.76	3.85735
18.5876	18.7443	2213.62	10.4039
25.7509	26.0818	3445.57	6.04952
25.8032	26.0296	573.583	4.80693
26.4069	26.5404	2326.36	5.77746
26.4475	26.6507	2319.65	6.4866
26.5404	26.7378	2298.31	4.5541
26.8249	27.1557	2763.33	16.3862
27.0571	28.2064	2191.99	58.0538
27.3299	27.5679	3469.53	11.0439
27.6085	27.9162	3461.53	7.65377
27.7478	28.0497	1739.78	7.15264
