0.859138	1.20744	6633.37	14.8457
0.957823	1.2771	1661.22	13.3645
1.06812	1.36998	2489.02	18.7405
1.2829	1.46286	2486.14	64.1997
1.35837	2.19429	9990.63	143.641
1.36998	1.6312	2491.89	123.197
1.54413	1.73569	2499.1	117.937
1.64281	2.81542	2496.21	179.627
2.22912	2.61224	5613.53	159.934
2.49034	2.81542	2808.39	140.757
2.54258	2.76898	8376.86	53.5971
2.64127	2.97796	5620.02	202.557
2.73995	2.99537	2808.39	189.149
2.91991	3.58748	2827.92	183.725
3.23338	3.71519	2970.23	139.203
3.33787	3.47719	5838.41	74.8887
3.62231	4.16798	2970.23	215.051
3.83129	4.1912	8905.78	158.679
4.15057	4.69624	2965.09	127.953
4.34213	4.72526	3332.05	103.326
4.37116	4.6498	9990.63	106.915
4.43501	4.60336	5926.75	51.6833
4.56272	5.49732	10002.2	107.114
4.63819	5.16063	3333.97	161.763
5.06776	5.32317	3330.12	248.302
5.32898	5.80499	3328.2	157.496
5.36961	5.55537	6606.6	76.3373
5.41605	5.64245	2497.66	119.79
5.47991	6.27519	9990.63	127.537
5.54957	5.82821	2494.77	110.034
5.73533	6.10685	2503.43	149.002
5.96753	6.2868	5006.87	100.437
6.02558	6.4029	2500.54	155.449
6.24036	6.6293	10013.7	113.577
6.33324	7.02404	2501.99	177.208
6.66993	7.20399	2798.67	115.477
6.71637	6.96599	8391.39	67.8401
6.84408	7.03565	5581.2	96.1315
6.96599	7.27946	8440	89.5877
7.11111	7.40136	2806.77	194.126
7.30848	7.53487	2797.06	168.021
7.40717	7.7961	2806.77	189.616
7.55809	7.67419	8508.52	82.0839
7.70322	7.99347	8834.05	117.369
7.7961	8.35918	2963.38	160.224
7.94122	8.33016	5943.9	114.466
7.99927	8.30694	8849.37	131.371
8.24308	8.4927	5954.2	162.932
8.29533	8.52172	2968.52	170.867
8.33596	9.39247	8895.5	138.91
8.4927	8.66685	2978.82	154.219
8.57977	8.81778	2973.67	112.22
8.74231	8.91066	2968.52	99.5429
8.78875	9.22993	3330.12	38.768
8.90485	9.32281	2971.95	42.8181
9.02095	9.22413	9961.82	70.2848
9.16608	9.40408	3328.2	132.603
9.24154	10.3271	9984.86	106.239
9.40989	10.1645	3330.12	145.132
9.87429	11.6738	2503.43	38.4647
10.1529	10.3329	3309.03	36.5415
10.2574	10.5361	9950.31	49.3972
10.3445	11.668	1253.89	80.0104
10.925	11.1224	9813.32	17.3319
11.1166	11.6622	7510.5	11.0152
11.1862	11.6274	5006.87	11.9683
11.5171	11.8248	1671.81	12.4232
11.5984	12.8	1483.4	38.023
11.7319	11.9002	1491.13	19.6859
11.877	12.2427	2978.82	19.2795
12.742	13.3979	1256.79	29.4351
13.4037	13.8971	1254.61	15.7588
13.7578	14.4776	1978.96	11.1744
14.0713	14.3673	7947.91	14.57
14.2164	14.4776	7915.84	13.2056
14.942	15.1162	9893	15.4763
15.0233	15.2323	9984.86	14.3791
15.1742	15.4471	9961.82	53.9762
15.3542	15.7373	9973.33	31.1314
15.3832	15.5458	12464.4	26.2028
15.5458	16.1321	12522.1	15.0537
15.9231	16.1146	5940.46	14.6145
16.0856	16.4455	2977.1	92.2273
16.103	16.3817	5947.33	45.7026
16.3527	16.9564	2959.96	138.129
16.6951	16.8112	5791.39	47.9059
16.759	16.8635	5691.89	37.6448
16.8112	17.4614	2808.39	117.612
17.0376	17.3743	5613.53	101.268
17.3685	18.2044	2785.77	156.19
17.7226	18.0419	2499.1	41.5594
17.949	18.3147	2490.45	46.7853
18.0593	18.4889	7458.62	42.5285
18.2219	19.1681	2497.66	58.3226
18.3902	18.5527	4338.64	11.3841
18.5237	19.2784	7488.84	53.536
18.5644	19.1216	3944.22	43.266
19.0984	19.4235	3787.93	26.736
19.1971	19.319	3748.75	11.0788
19.3248	19.9111	9332.36	18.2036
19.3887	20.1839	1253.89	18.9737
19.4351	19.737	3761.76	14.762
19.6963	19.9517	3763.94	22.5481
19.8298	20.2246	3740.1	32.4949
20.0504	20.2594	1868.97	10.8373
20.1839	20.6309	4966.54	14.9131
20.2362	20.6425	1661.22	55.4625
20.5264	21.1011	3727.16	16.2227
20.6483	20.7644	1694.17	14.313
20.7064	21.3391	1485.97	94.9632
20.8863	21.612	1867.89	25.7723
21.0547	21.2056	10481.3	13.6947
21.1476	21.3217	1415.6	25.1763
21.3217	21.5133	1405.82	21.65
21.4843	21.7919	1412.33	22.4066
21.6758	23.1445	1256.79	26.1493
22.1576	22.4305	1248.11	13.3072
22.2157	22.8717	2216.18	12.5342
22.7439	23.3302	1991.57	15.3562
23.696	24.6248	3337.83	81.5775
23.7656	24.1023	9984.86	63.6977
23.7946	24.0094	3341.68	66.1666
24.0268	24.468	9979.1	84.1
24.1836	24.4274	6691.09	39.2757
24.3461	24.5435	6698.83	55.5653
24.3926	24.5841	9990.63	59.4658
24.5087	24.9034	2222.59	34.2157
24.6596	24.8395	9973.33	36.9202
24.7351	25.0137	3324.36	19.0223
24.7931	25.0079	2978.82	28.7574
24.8454	25.124	8947.03	31.8947
24.9382	25.7393	2975.38	95.6091
25.1995	25.5361	8936.7	45.9918
25.5594	25.809	2860.78	55.1003
25.6406	25.78	8732.58	22.4754
25.7103	25.9309	2966.8	31.8928
25.7916	26.0818	2797.06	49.9881
25.8902	26.6101	2808.39	78.0341
26.0354	26.6507	8425.38	51.4691
26.4243	26.6101	2808.39	50.0722
26.6101	27.1325	2800.29	48.6338
26.6101	27.1325	2800.29	48.6338
26.6391	27.2718	8454.63	23.2256
26.8481	27.1848	2484.71	31.6825
26.8713	27.3879	4992.43	25.2341
27.0629	27.2312	2491.89	27.2587
27.3009	27.5505	1661.22	11.985
27.3589	27.6259	4401.75	13.748
27.4054	27.5911	2211.07	11.1988
27.4054	27.5911	2211.07	11.1988
27.6027	27.893	4386.52	12.0335
28.3051	29.6345	1255.34	13.5619
