0.02322	0.261224	1955.1	97.6735
0.261224	0.481814	1646.89	97.6735
0.534059	1.54413	1500.64	164.929
0.644354	0.899773	3196.31	69.7004
1.12617	1.47447	5947.33	57.7433
1.79955	2.59483	3316.68	74.1531
1.81696	2.90249	1659.3	114.083
2.80961	3.16372	1580.71	229.237
2.97215	3.26821	3082.09	243.163
3.16372	3.81968	1478.27	299.25
3.26821	3.8429	2949.71	252.168
4.31891	4.4176	2110	205.554
4.38277	4.5337	1288.4	433.311
4.46984	4.62658	5909.66	210.941
4.5395	4.81814	4455.46	96.5799
4.58594	4.81234	8003.19	72.6401
4.62658	5.05034	1481.69	367.428
4.7717	5.03293	2936.12	122.894
4.97487	5.33478	1476.56	392.87
5.33478	5.75274	1655.47	139.872
5.358	5.50893	3293.78	111.33
5.65406	5.97333	2244.52	161.433
5.73533	6.01977	8147.79	105.716
5.78757	5.96172	1124.86	127.334
5.78757	5.96172	1124.86	127.334
6.06041	6.6351	1313.19	664.123
9.27057	9.50857	2148.12	98.654
9.38667	9.57823	3166.91	88.6712
9.46213	9.73497	1667.95	149.587
9.64209	9.82785	1653.56	298.478
9.73497	9.97297	1585.29	256.854
9.79882	10.3619	3227.85	325.914
9.8859	10.3735	1636.46	841.773
10.4606	10.658	1293.62	278.074
10.6463	10.8321	2517.94	65.437
10.6754	10.9134	8096.19	47.4451
10.9192	11.3778	3324.36	326.614
10.9656	11.4358	1650.7	448.873
11.3488	11.5229	1482.54	416.959
11.401	11.5868	2335.79	82.1163
11.401	11.5868	2335.79	82.1163
11.5229	12.1615	1307.14	276.894
11.7377	12.0918	2525.22	68.0175
14.2745	14.5299	3034.39	349.864
14.2977	14.5473	1518.95	404.865
14.8201	15.1742	1660.26	569.992
14.884	15.18	3324.36	254.917
15.1452	15.4413	3353.29	311.7
15.389	15.7838	1343.88	542.036
15.5516	15.778	8119.6	352.064
15.7083	15.778	1350.89	690.256
15.778	16.0972	8885.23	352.064
15.778	16.1843	1468.91	968.577
15.9637	16.1263	10301.2	158.563
16.1495	16.2888	1196.57	47.5115
16.1495	16.2888	1196.57	47.5115
16.4513	17.0493	1316.99	331.332
16.7416	16.8983	2932.73	85.9639
19.3712	19.7776	1980.1	716.834
19.5744	19.8589	3907.94	458.354
19.7137	19.8589	1927.07	599.151
19.8589	20.1665	3293.78	302.268
19.8589	20.2826	1661.22	599.151
20.004	20.1781	3892.17	55.4335
20.2478	20.6542	1969.84	765.757
20.3987	20.5961	3939.67	270.745
20.5613	21.0721	1968.7	1253.08
20.9038	21.2869	4125.99	494.025
21.0373	21.3275	1815.76	748.636
21.3391	22.8542	3948.79	404.316
21.3914	22.622	1976.67	659.782
21.4668	21.6584	9836.03	62.5226
22.1054	22.3376	7934.15	237.633
22.5582	22.8136	3330.12	278.398
22.6743	22.8194	1661.22	282.434
22.8136	23.545	2948.01	278.398
22.8194	23.1735	1482.54	282.434
22.9529	23.278	2633.98	170.63
23.011	23.3825	4450.32	164.537
23.1445	23.4638	1468.91	404.884
24.23	24.4738	1454.55	1226.53
24.2881	24.4854	2925.96	826.418
24.6596	24.8163	1459.6	275.007
24.706	25.0195	3030.89	124.978
24.8221	25.2111	1612.99	194.745
24.9208	25.2285	3282.38	189.902
25.1472	25.3794	2958.25	282.45
25.2111	25.3446	1498.04	143.278
25.4258	25.6639	1415.6	539.799
25.7625	26.2792	2946.31	292.882
25.8612	26.1921	11853.5	131.586
25.9541	26.3198	1468.06	338.085
26.2269	26.4127	3930.58	121.571
26.2269	26.4417	1320.8	182.628
27.0106	27.2196	1618.59	51.0795
27.1557	27.3009	5243.66	81.6802
27.7769	27.9452	6359.48	50.7128
28.2239	28.427	3272.91	206.244
28.2471	28.5199	1708.91	239.135
28.34	28.5489	3064.34	72.5882
28.4386	28.6128	3503.77	42.988
28.4909	29.0191	3299.49	113.81
28.5896	29.083	1662.18	65.3854
