0.638549	0.818503	1288.4	40.5591
0.650159	0.835918	2550.14	31.6072
2.01433	2.30458	2612.76	140.243
2.92571	3.04181	2515.03	115.232
3.1405	3.34948	2612.76	361.258
3.35528	3.51202	2602.22	68.309
3.41914	3.6049	2640.07	106.169
3.46558	3.68036	7861.16	66.3891
3.63392	3.94159	2517.94	95.8697
3.74422	3.86032	7975.5	36.2065
3.94739	4.20281	2487.58	97.6645
4.20862	4.35955	2506.33	37.3491
4.24345	4.45823	2572.33	98.441
4.3015	4.51628	1194.5	62.7991
5.40444	5.5902	1142.54	198.344
5.54957	5.68308	4520.27	31.0795
5.60181	5.90367	2262.75	132.961
5.90948	6.10685	2241.93	259.254
5.98494	6.18812	4549.08	116.385
6.18812	6.42612	2314.3	78.3422
6.29841	6.40871	6867.3	32.508
6.44354	6.56544	2612.76	132.994
6.44354	6.69315	2548.67	129.815
6.54222	6.68154	1238.05	167.291
6.65252	6.82667	2306.29	84.074
7.30848	7.70902	2672.29	253.863
7.58712	7.76707	2629.42	182.696
7.59873	7.77868	5298.47	85.7944
7.63936	7.77288	1330.75	166.577
7.76707	8.0341	2653.83	178.509
7.94122	8.13859	1346.99	65.6782
8.10376	8.30113	2638.54	125.832
8.12118	8.2663	5301.53	66.4368
8.29533	8.42884	2605.23	113.507
8.33596	8.52753	2670.74	109.185
8.53333	8.7307	2630.93	36.9313
8.62041	8.87583	2608.24	223.344
8.74231	8.94549	1329.98	74.8477
8.90485	9.04417	1935.99	22.454
9.72916	9.85107	2512.13	145.745
9.75819	9.99039	2440.61	91.0662
9.86848	9.96136	1170.6	37.5215
9.96136	10.1471	2220.02	45.7101
10.0833	10.42	2223.87	44.935
12.1905	12.3704	2711.16	128.823
12.4285	12.5678	12514.9	99.762
12.4401	12.6491	2709.59	75.0091
12.591	12.7187	2615.78	179.203
12.7361	12.9858	2522.3	168.756
12.8522	12.9741	5067.97	85.0788
12.9625	13.2412	2434.98	142.379
13.0786	13.2122	1214.68	79.5465
14.3151	14.5241	2536.92	124.862
14.4312	14.5879	2720.57	147.963
14.5241	14.8201	2652.3	69.6164
14.5763	14.8608	1322.32	107.526
14.7098	14.8259	12067.7	45.2951
14.8027	15.0407	2612.76	144.663
15.151	15.5109	2400.07	221.658
15.2787	15.4935	1157.15	235.37
15.4529	15.9405	3690.74	21.196
16.6139	16.8925	2491.89	200.287
16.8809	17.0318	2007.74	149.49
16.8867	17.1363	2533.99	215.938
17.1363	17.4092	2523.76	129.313
17.2176	17.4034	4816.8	85.3658
17.2815	17.4324	1254.61	151.017
17.3976	17.5833	3018.66	82.8498
17.4266	17.6936	2489.02	229.975
17.6414	17.8097	1673.74	259.815
17.7575	17.9897	2442.02	143.649
17.8445	18.0071	6089.86	59.5584
17.8503	18.0883	1228.79	76.2651
17.9084	18.1058	4853.11	22.0949
17.9955	18.129	2434.98	72.7512
18.1232	18.2799	2736.33	168.755
18.2857	18.5179	2480.4	258.577
18.3554	18.5411	1238.05	158.738
18.5353	18.7675	2453.33	20.6252
18.7849	18.872	2558.99	65.1065
18.7849	18.8778	2553.09	68.3548
18.8836	19.081	2706.46	202.189
18.9881	19.1216	1388.87	82.4208
19.139	19.3887	2712.72	175.754
19.3945	19.7428	2633.98	197.376
19.4061	19.6209	1884.14	140.77
19.4815	19.7079	1308.65	83.5498
19.7544	19.9343	2640.07	83.0687
19.8473	20.0853	1334.6	35.4138
19.9343	20.1433	2666.12	133.581
19.9866	20.1898	1323.09	105.45
20.1898	20.3465	1281.71	165.735
20.2188	20.4916	2667.66	81.4883
20.3349	20.509	1487.69	77.4143
20.4103	20.7586	2437.79	199.805
20.9676	21.0779	2813.26	22.6001
21.0024	21.1882	2641.59	181.704
21.1127	21.374	5243.66	46.6519
22.3724	22.5756	4839.11	90.3512
22.4131	22.6395	2404.23	111.217
22.4479	22.5524	1203.51	81.6747
22.5466	22.6859	2400.07	62.4976
22.6917	22.8078	2362.93	70.5665
22.6975	22.8484	11867.2	23.1717
22.8136	23.2025	2316.97	104.608
22.8484	23.22	6999.45	58.4143
23.22	23.6263	2389	164.827
24.381	24.677	8086.84	87.1197
24.4564	24.6538	1341.56	109.622
24.5203	24.6828	5369.33	61.4738
24.6654	24.8976	2593.22	142.2
24.9034	25.0659	2630.93	87.6825
24.9731	25.1704	2656.9	119.664
25.2227	25.3388	2659.97	64.6191
25.2575	25.4607	2675.38	94.5463
25.3446	25.4665	7906.7	21.0026
25.4665	25.7277	2539.85	95.4136
25.5768	25.7451	1259.7	159.712
25.6755	25.8148	12151.6	41.9729
25.7161	25.8902	1161.84	273.9
25.838	26.047	2055.86	40.7517
26.3779	26.5462	1915.97	241.753
26.6333	26.8132	3860.82	79.6587
26.6681	26.8423	1983.54	165.197
26.8829	27.0454	1946.09	98.7673
26.9293	27.2196	1975.53	136.075
27.1499	27.3299	1736.77	115.923
27.237	27.4344	1886.32	147.981
27.5156	27.7362	1785.6	104.605
27.5737	27.7943	3610.61	92.2959
27.7827	28.0497	1632.68	163.777
