0
0.00580499
0.01161
0.017415
0.02322
0.0290249
0.0348299
0.0406349
0.0464399
0.0522449
0.0580499
0.0638549
0.0696599
0.0754649
0.0812698
0.0870748
0.0928798
0.0986848
0.10449
0.110295
0.1161
0.121905
0.12771
0.133515
0.13932
0.145125
0.15093
0.156735
0.16254
0.168345
0.17415
0.179955
0.18576
0.191565
0.19737
0.203175
0.20898
0.214785
0.22059
0.226395
0.2322
0.238005
0.24381
0.249615
0.255419
0.261224
0.267029
0.272834
0.278639
0.284444
0.290249
0.296054
0.301859
0.307664
0.313469
0.319274
0.325079
0.330884
0.336689
0.342494
0.348299
0.354104
0.359909
0.365714
0.371519
0.377324
0.383129
0.388934
0.394739
0.400544
0.406349
0.412154
0.417959
0.423764
0.429569
0.435374
0.441179
0.446984
0.452789
0.458594
0.464399
0.470204
0.476009
0.481814
0.487619
0.493424
0.499229
0.505034
0.510839
0.516644
0.522449
0.528254
0.534059
0.539864
0.545669
0.551474
0.557279
0.563084
0.568889
0.574694
0.580499
0.586304
0.592109
0.597914
0.603719
0.609524
0.615329
0.621134
0.626939
0.632744
0.638549
0.644354
0.650159
0.655964
0.661769
0.667574
0.673379
0.679184
0.684989
0.690794
0.696599
0.702404
0.708209
0.714014
0.719819
0.725624
0.731429
0.737234
0.743039
0.748844
0.754649
0.760454
0.766258
0.772063
0.777868
0.783673
0.789478
0.795283
0.801088
0.806893
0.812698
0.818503
0.824308
0.830113
0.835918
0.841723
0.847528
0.853333
0.859138
0.864943
0.870748
0.876553
0.882358
0.888163
0.893968
0.899773
0.905578
0.911383
0.917188
0.922993
0.928798
0.934603
0.940408
0.946213
0.952018
0.957823
0.963628
0.969433
0.975238
0.981043
0.986848
0.992653
0.998458
1.00426
1.01007
1.01587
1.02168
1.02748
1.03329
1.03909
1.0449
1.0507
1.05651
1.06231
1.06812
1.07392	264.818
1.07973	264.665
1.08553	267.123
1.09134	258.77
1.09714	256.241
1.10295	250.244
1.10875	248.229
1.11456	248.659
1.12036	248.372
1.12617	247.942
1.13197	246.942
1.13778	246.799
1.14358	246.657
1.14939	247.084
1.15519	247.084
1.161	247.084
1.1668	247.37
1.17261	247.799
1.17841	248.372
1.18422	248.372
1.19002	247.799
1.19583	247.084
1.20163	248.947
1.20744	247.656
1.21324	248.085
1.21905	249.811
1.22485	249.811
1.23066	248.516
1.23646	251.403
1.24227	248.947
1.24807	254.178	237.567	710.665
1.25388	254.766	240.189	718.508
1.25968	251.549	753.794
1.26549	254.324	755.538
1.27129	251.694	752.924
1.2771	250.1	750.319
1.2829	250.968	749.885
1.28871	252.13	752.924
1.29451	253.445	757.723
1.30032	256.389	768.3
1.30612	258.919	776.779
1.31193	261.173	788.532
1.31773	260.72	811.638
1.32354	258.919	801.389
1.32934	253.738	785.351
1.33515	256.093	779.025
1.34095	255.65	785.351
1.34676	255.798	788.988
1.35256	258.471	780.827
1.35837	256.538	774.091
1.36417	249.234	749.452
1.36998	252.276
1.37578	253.884
1.38159	249.955
1.38739
1.3932
1.399
1.40481
1.41061
1.41642
1.42222
1.42803
1.43383
1.43964	781.73
1.44544	749.452
1.45125	746.428
1.45705	781.73
1.46286	775.434
1.46866	773.644
1.47447	768.744
1.48027	761.672
1.48608	750.752
1.49188	728.117
1.49769	725.598
1.50349	731.489
1.5093	732.758
1.5151	751.62
1.52091	754.229
1.52671	750.319
1.53252	753.359
1.53832	768.3
1.54413	780.376
1.54993	809.297
1.55574	769.633
1.56154	764.317
1.56735	752.924
1.57315	749.885
1.57896	756.411
1.58476	756.411
1.59057	752.054
1.59637	747.723
1.60218	747.723
1.60798	763.434
1.61379	253.298
1.61959	271.635
1.6254	283.825
1.6312	288.12
1.63701	272.578
1.64281	272.893
1.64862	274.474
1.65442	270.852
1.66023	275.109
1.66603	279.111
1.67184	278.466
1.67764	279.111
1.68345	279.756
1.68925	280.565
1.69506	279.111
1.70086	276.703
1.70667	274.157
1.71247	271.008
1.71828	268.205
1.72408	265.431
1.72989	261.173
1.73569	259.369
1.7415	258.024
1.7473	257.131
1.75311	256.093
1.75891	256.834
1.76472	258.322
1.77052	260.269	546.102
1.77633	263.75	524.159
1.78213	264.971	529.331
1.78794	266.045	530.555
1.79374	266.814	530.555
1.79955	265.738	529.331
1.80535	265.431	529.025
1.81116	264.818	527.805
1.81696	263.75	529.025
1.82277	265.278	530.249
1.82857	266.045	531.783
1.83438	267.741	534.246
1.84018	266.353	533.321
1.84599	266.506	530.555
1.85179	264.971	529.025
1.8576	268.36	535.172
1.8634	269.136	536.41
1.86921	270.227	537.962	798.617
1.87501	274.791	529.943	796.774
1.88082	271.165	534.246	787.167
1.88662	260.269	522.044	780.827
1.89243	259.818	519.937	776.779
1.89823	258.322	516.644	775.882
1.90404	255.798	512.483	773.197
1.90984	257.131	513.075	770.522
1.91565	259.219	515.154	768.3
1.92145	259.969	516.346	766.084
1.92726	262.686	517.241	770.077
1.93306	259.219	519.037	770.522
1.93887	258.77	519.637	768.3
1.94467	262.231	519.937	770.077
1.95048	259.219	519.637	774.538
1.95628	258.471	516.644	755.101
1.96209	259.518	525.068	751.186
1.96789	259.518	518.438	763.434
1.9737	259.369	519.637	765.642
1.9795	259.969	520.237	755.538
1.98531	261.474	528.72	751.186	1818.91
1.99111	259.518	527.805	750.752	1884.14
1.99692	259.668	525.371	743.416	1881.97
2.00272	261.474	531.476	769.633	1865.73
2.00853	784.897	1889.59
2.01433	772.751	1919.29
2.02014	756.848	1848.57
2.02594	761.232	1871.13
2.03175	783.538	1874.37
2.03755	780.827	1893.96
2.04336	805.566	1913.76
2.04916	770.522	1897.25
2.05497	756.411	1907.14
2.06077	1931.53
2.06658	1835.8	301.572
2.07238	1828.39	304.196
2.07819	1831.56	304.9
2.08399	1818.91	304.372
2.0898	1807.39	302.27
2.0956	1791.8	298.281
2.10141	1792.83	298.108
2.10721	1761.02	296.734
2.11302	1749.86	292.48
2.11882	1751.89	291.636
2.12463	1728.77	289.622
2.13043	1731.76	288.787
2.13624	1703.98	288.787
2.14204	1736.77	290.292
2.14785	1754.92	291.3
2.15365	1735.77	292.142
2.15946	291.973
2.16526	294.004
2.17107	295.878
2.17687	294.855
2.18268	294.855
2.18848	294.344
2.19429	291.973
2.20009	292.649
2.2059	293.495
2.2117	294.344
2.21751	297.42
2.22331	292.48
2.22912	293.326
2.23492	291.973
2.24073	291.805
2.24653	291.805
2.25234	291.973
2.25814	288.953
2.26395	289.455
2.26975	289.455
2.27556	288.953
2.28136	286.626
2.28717	285.14
2.29297	285.305
2.29878	283.989
2.30458	283.007
2.31039	281.865
2.31619	283.498
2.322	283.661
2.3278	283.17
2.33361	285.305
2.33941	289.622
2.34522	291.3
2.35102	290.627
2.35683	292.649
2.36263	287.123
2.36844	284.811
2.37424	283.498
2.38005	293.326
2.38585	288.62
2.39166	299.835
2.39746
2.40327
2.40907
2.41488
2.42068
2.42649
2.43229
2.4381
2.4439
2.44971
2.45551
2.46132
2.46712
2.47293	323.404
2.47873	320.059
2.48454	312.568
2.49034	308.621
2.49615	298.281
2.50195	291.131
2.50776	288.62
2.51356	286.957
2.51937	283.498
2.52517	282.191
2.53098	275.109
2.53678	279.756
2.54258	282.354
2.54839	281.702
2.55419	280.241
2.56	276.703
2.5658	281.214
2.57161	281.214
2.57741	281.214
2.58322	277.984
2.58902	279.111
2.59483	277.183
2.60063	275.109
2.60644	276.703
2.61224
2.61805
2.62385
2.62966
2.63546
2.64127
2.64707
2.65288	313.291
2.65868	311.127
2.66449	309.335
2.67029	305.959
2.6761	301.572
2.6819	299.662
2.68771	296.22
2.69351	295.025
2.69932	294.004
2.70512	294.344
2.71093	295.195
2.71673	296.391
2.72254	295.707
2.72834	298.798
2.73415	299.662
2.73995	298.281	595.872
2.74576	296.049	584.96
2.75156	296.049	582.936
2.75737	296.22	582.599
2.76317	296.391	585.298
2.76898	297.592	568.635
2.77478	298.798	566.668
2.78059	299.489	559.189
2.78639	296.734	565.034
2.7922	296.734	573.583
2.798	295.025	568.635
2.80381	291.805	557.577
2.80961	295.195	565.034
2.81542	289.455	570.609
2.82122	288.953	571.599
2.82703	284.646	581.255
2.83283	286.792	562.429
2.83864	281.377	560.807
2.84444	277.343	555.006
2.85025	281.052	560.159
2.85605	274.633	560.159	302.794
2.86186	288.453	560.159	305.959
2.86766	287.123	570.28	305.782
2.87347	287.954	577.573	304.196
2.87927	290.459	564.381	303.494
2.88508	295.025	580.919	301.572
2.89088	294.344	584.622	299.835
2.89669	295.195	585.974	297.249
2.90249	296.22	591.073	296.049
2.9083	295.878	580.583	293.326
2.9141	294.174	588.348	291.805
2.91991	293.495	585.974	292.649
2.92571	289.789	581.59	290.627
2.93152	289.789	579.913	284.646
2.93732	280.89	561.455	280.565
2.94313	272.263	543.584	273.999
2.94893	271.792	559.836	274.633
2.95474	277.023	281.377
2.96054	289.12
2.96635	290.795
2.97215	291.468
2.97796	291.468
2.98376	295.366
2.98957	295.195
2.99537	294.684
3.00118	294.855
3.00698	290.124
3.01279	293.834
3.01859	284.646
3.0244	286.295
3.0302	295.878
3.03601	297.592
3.04181	294.855
3.04762	293.665
3.05342	288.453
3.05923	281.702
3.06503	283.334
3.07084	292.311
3.07664	298.453
3.08245	297.077
3.08825	294.514
3.09406	286.13
3.09986	288.453
3.10567
3.11147	218.986
3.11728	223.716
3.12308	228.813
3.12889	230.139
3.13469	232.544
3.1405	233.621
3.1463	233.082
3.15211	233.351
3.15791	234.432
3.16372	236.199	595.872
3.16952	229.342	585.636
3.17533	234.974	582.936	294.004
3.18113	234.703	584.284	294.174
3.18694	234.026	590.391	295.195
3.19274	235.382	620.459	296.391
3.19855	235.11	623.333	300.529
3.20435	236.336	619.028	307.731
3.21016	241.58	617.242	310.051
3.21596	242.84	608.393	303.319
3.22177	238.668	604.889	301.398
3.22757	233.756	586.313	309.335
3.23338	234.568	585.636	307.553
3.23918	232.947	591.756	301.05
3.24499	232.141	594.154	304.724
3.25079	233.486	611.211	309.693
3.2566	234.703	604.889	310.588
3.2624	234.974	626.582	311.487
3.26821	238.806	617.599	313.11
3.27401	238.668	622.613	312.749
3.27982	238.806	600.711	310.051
3.28562	233.621	590.05	306.489
3.29143	234.839	305.605
3.29723	237.293	297.42
3.30304	238.806	298.971
3.30884	237.705	312.207
3.31465	239.358	314.016
3.32045	241.162	303.319
3.32626	235.79	306.135
3.33206	237.156	303.494
3.33787	239.22	301.398
3.34367	238.53	298.971
3.34948	239.082	305.076
3.35528	239.496	296.905
3.36109	239.912	301.921
3.36689	239.773	295.707
3.3727	239.082	296.563
3.3785	243.683	301.746
3.38431	243.542	305.959
3.39011	243.542	304.9
3.39592	242.559	305.605	619.028
3.40172	236.472	299.316	664.608
3.40753	235.246	296.391	665.376
3.41333	244.529	300.009	656.974
3.41914	245.094	307.198	651.307
3.42494	245.803	303.494	667.686
3.43075	244.811	292.649	663.841
3.43655	240.745	287.289	653.568
3.44236	244.953	296.563	653.19	292.142
3.44816	245.803	287.289	652.813	290.124
3.45397	246.942	289.789	657.354	290.292
3.45977	243.542	657.734	292.987
3.46558	245.803	654.701	294.344
3.47138	247.37	665.376	293.156
3.47719	246.372	666.915	292.142
3.48299	246.229	660.78	291.636
3.4888	246.657	660.017	292.48
3.4946	245.519	632.765	292.649
3.50041	249.09	602.796	294.514
3.50621	249.09	599.324	296.905
3.51202	248.085	593.811	297.077
3.51782	238.117	597.251	296.22
3.52363	248.803	593.811	296.391
3.52943	248.085	587.669	295.537
3.53524	249.955	582.599	291.131
3.54104	247.799	577.907	286.626
3.54685	246.087	576.573	294.684
3.55265	248.516	581.59	291.973
3.55846	248.516	589.369	292.142
3.56426	244.387	601.058	295.025
3.57007	240.884	586.651	293.326
3.57587	246.087	589.369	293.834
3.58168	246.087	293.495
3.58748	245.236	295.195
3.59329	239.082	296.22
3.59909	237.567	299.316
3.6049	244.67	300.355
3.6107	241.86	300.355
3.61651	237.705	301.572
3.62231	232.544	316.017
3.62812	243.683	312.207	328.487
3.63392	240.884	313.834	329.247
3.63973	311.487	328.297
3.64553	309.693	319.32
3.65134	309.693	321.17
3.65714	317.664	322.471
3.66295	317.664	322.658
3.66875	328.108	322.471
3.67456	321.355
3.68036	317.848
3.68617	315.835
3.69197	313.291
3.69778	308.443
3.70358	310.409
3.70939	309.514
3.71519	308.265
3.721	301.05
3.7268	302.969
3.73261	303.845
3.73841	304.021
3.74422	301.572
3.75002	302.969
3.75583	302.969
3.76163	302.095
3.76744	298.798
3.77324	300.355
3.77905	304.021
3.78485	300.529
3.79066	305.429
3.79646	310.409
3.80227	314.924
3.80807	306.312
3.81388
3.81968
3.82549
3.83129
3.8371
3.8429
3.84871
3.85451
3.86032
3.86612
3.87193
3.87773
3.88354
3.88934
3.89515
3.90095
3.90676
3.91256
3.91837
3.92417
3.92998
3.93578
3.94159	223.846
3.94739	237.842
3.9532	236.063
3.959	234.297
3.96481	234.432
3.97061	229.608
3.97642	229.608
3.98222	228.681
3.98803	226.316
3.99383	224.752
3.99964	222.942
4.00544	218.102
4.01125	214.355
4.01705	221.274
4.02286	223.329
4.02866	227.758
4.03447	230.272
4.04027	230.671
4.04608	230.139
4.05188	228.945
4.05769	224.752
4.06349	221.914
4.0693	217.599
4.0751	216.721
4.08091	213.737
4.08671	212.752
4.09252	211.526
4.09832	210.794
4.10413	208.976
4.10993	210.065
4.11574	206.218
4.12154	201.508
4.12735	209.944
4.13315	211.648
4.13896	213.49
4.14476	1557.15
4.15057	1560.75
4.15637	1564.36
4.16218	1566.17
4.16798	1558.05
4.17379	1552.66
4.17959	1547.29
4.1854	1543.72
4.1912	1520.71
4.19701	1519.83
4.20281	1518.95
4.20862	1522.46
4.21442	1507.59
4.22023	1525.99
4.22603	1533.94
4.23184	1523.34
4.23764	1520.71
4.24345	1536.6
4.24925	1550.87
4.25506	1522.46	1863.58
4.26086	1515.45	1791.8
4.26667	1519.83	1782.51
4.27247	1519.83	1786.63
4.27828	1546.4	1796.98
4.28408	1541.93	1779.42
4.28989	1531.28	1796.98
4.29569	1518.07	1792.83
4.3015	1511.08	1794.91
4.3073	1514.57	1789.73
4.31311	1519.83	1788.7
4.31891	1525.11	1788.7
4.32472	1525.11	1787.66
4.33052	1522.46	1786.63
4.33633	1518.95	1783.54
4.34213	1511.08	1783.54
4.34794	1513.7	1783.54
4.35374	1532.17	1781.48	299.489
4.35955	1588.95	1782.51	299.143
4.36535	1598.16	1794.91	299.662
4.37116	1793.87	298.453
4.37696	1766.11	298.108
4.38277	1774.29	299.489
4.38857	1765.09	299.662
4.39438	1800.1	298.971
4.40018	1780.45	301.746
4.40599	1786.63	301.921
4.41179	1781.48	304.196
4.4176	305.076
4.4234	307.198
4.42921	309.156
4.43501	308.799
4.44082	305.605
4.44662	304.724
4.45243	304.021
4.45823	310.947	348.825
4.46404	321.913	344.221
4.46984	323.591	342.437
4.47565	330.39	323.591
4.48145	335.196	337.722
4.48726	337.917	339.875
4.49306	336.748	337.527
4.49887	336.554	336.165
4.50467	335.389	334.229
4.51048	332.88	331.92
4.51628	331.154	330.581
4.52209	327.54	328.108	295.707
4.52789	326.03	327.351	295.025
4.5337	325.653	326.03	293.834
4.5395	326.03	324.902	292.142
4.54531	326.973	324.339	292.649
4.55111	323.217	292.142
4.55692	322.471	291.973
4.56272	321.541	291.468
4.56853	320.614	291.636
4.57433	318.951	290.795
4.58014	319.689	289.455
4.58594	318.767	287.787
4.59175	319.689	286.295
4.59755	317.664	285.8
4.60336	316.748	284.318
4.60916	317.298	283.661
4.61497	314.56	281.539
4.62077	314.379	283.661
4.62658	312.929	283.17
4.63238	311.127	284.646
4.63819	310.947	285.14
4.64399	310.947	284.318
4.6498	315.47	284.318
4.6556	309.872	285.634
4.66141	304.9	280.403
4.66721	281.702
4.67302	278.466
4.67882	279.756
4.68463	279.756
4.69043
4.69624
4.70204
4.70785
4.71365
4.71946
4.72526
4.73107
4.73687
4.74268
4.74848
4.75429
4.76009
4.7659
4.7717
4.77751
4.78331
4.78912
4.79492
4.80073
4.80653
4.81234
4.81814
4.82395
4.82975
4.83556
4.84136	419.888
4.84717	435.701
4.85297	428.958
4.85878	430.447
4.86458	430.447
4.87039	431.942
4.87619	433.441
4.882	436.961
4.8878	447.95
4.89361	452.109
4.89941	459.48
4.90522	460.809
4.91102	450.805
4.91683	437.466
4.92263	435.701
4.92844	437.466
4.93424	439.238
4.94005	442.805
4.94585	445.37
4.95166	445.885
4.95746	447.691
4.96327	447.95
4.96907	447.174
4.97487	439.238
4.98068	436.456
4.98649	438.224
4.99229	435.701
4.9981	435.701
5.0039	445.37
5.00971	446.142
5.01551	450.545
5.02132
5.02712
5.03293
5.03873
5.04454
5.05034
5.05615
5.06195
5.06776
5.07356
5.07936
5.08517
5.09097
5.09678
5.10258
5.10839
5.11419
5.12
5.1258
5.13161
5.13741
5.14322
5.14902	431.692
5.15483	433.441
5.16063	436.456
5.16644	436.204
5.17225	434.444
5.17805	433.191
5.18385	430.696
5.18966	429.702
5.19546	427.227
5.20127	426.981
5.20707	425.749
5.21288	424.521
5.21868	421.589
5.22449	418.193	418.193
5.23029	420.13	419.888
5.2361	422.808	421.102
5.2419	428.215	421.102
5.24771	435.449	420.13
5.25351	442.805	420.373
5.25932	443.06	425.012
5.26512	443.573	437.213
5.27093	441.783	437.213
5.27673	437.971	435.197
5.28254	437.213	426.734
5.28834	430.945	423.297
5.29415	423.297	422.076
5.29995	420.373	422.076
5.30576	420.616	422.808
5.31156	423.786	423.297
5.31737	424.031	423.542
5.32317	424.276	423.786
5.32898	424.521	424.521
5.33478	424.521	424.521
5.34059	424.031	424.276
5.34639	424.031	424.031
5.3522	424.521	424.521
5.358	425.749	425.749
5.36381	425.503	425.503
5.36961	424.031	423.542
5.37542	422.564	422.32
5.38122	421.833	422.076
5.38703	421.102	421.589
5.39283	420.373	420.616
5.39864	419.645	420.13	1678.58
5.40444	418.677	419.403	1674.71
5.41025	417.952	418.677	1666.02
5.41605	417.228	417.952	1656.43
5.42186	414.586	413.629	1656.43
5.42766	415.545	415.305	1661.22
5.43347	417.228	417.952	1664.1
5.43927	416.265	416.747	1666.02
5.44508	416.506	416.265	1665.06
5.45088	416.987	1665.06
5.45669	417.711	1667.95
5.46249	417.469	1669.88
5.4683	417.469	1670.84
5.4741	417.469	1666.99
5.47991	418.435	1666.02
5.48571	419.888	1673.74
5.49152	421.102	1687.33
5.49732	423.297	1698.09
5.50313	422.564	1685.38
5.50893	422.808	1678.58
5.51474	422.564	1676.64
5.52054	421.589	1686.36
5.52635	420.373	1708.91
5.53215	419.645
5.53796	419.888
5.54376	419.645
5.54957	420.373
5.55537
5.56118
5.56698
5.57279
5.57859
5.5844
5.5902
5.59601
5.60181
5.60762
5.61342
5.61923
5.62503
5.63084
5.63664	420.373
5.64245	420.13
5.64825	417.469
5.65406	416.265
5.65986	414.825	414.825
5.66567	417.711	417.711
5.67147	418.435	418.435
5.67728	413.629	413.629
5.68308	414.825	412.913
5.68889	429.454	413.868
5.69469	402.086	424.521
5.7005	420.13	427.721
5.7063	426.487	429.206
5.71211	434.946	434.946
5.71791	435.952	436.204
5.72372	434.193	434.444
5.72952	427.474	428.958
5.73533	427.721	427.968
5.74113	426.734	425.749
5.74694	421.833	422.32
5.75274	421.102	421.345
5.75855	420.373
5.76435	417.952
5.77016	416.265
5.77596	415.785
5.78177	416.025
5.78757	416.265
5.79338	414.346
5.79918	412.436
5.80499	407.463
5.81079	423.297
5.8166	413.868
5.8224	413.629
5.82821	411.96
5.83401	408.17
5.83982	400.695
5.84562	399.308
5.85143	407.463
5.85723
5.86304
5.86884
5.87465
5.88045
5.88626
5.89206
5.89787
5.90367
5.90948
5.91528
5.92109
5.92689
5.9327
5.9385
5.94431
5.95011
5.95592
5.96172
5.96753
5.97333
5.97914
5.98494
5.99075
5.99655
6.00236
6.00816
6.01397
6.01977
6.02558
6.03138
6.03719
6.04299
6.0488
6.0546
6.06041
6.06621
6.07202
6.07782
6.08363
6.08943
6.09524
6.10104
6.10685
6.11265
6.11846
6.12426
6.13007
6.13587
6.14168	711.487
6.14748	707.798
6.15329	700.072
6.15909	704.942
6.1649	705.349
6.1707	703.315
6.17651	700.881
6.18231	696.442
6.18812	692.831
6.19392	696.845
6.19973	691.631
6.20553	684.873
6.21134	679.75
6.21714	683.293
6.22295	693.231
6.22875	691.631
6.23456	691.631
6.24036	690.035
6.24617	696.442
6.25197	691.631
6.25778	689.239
6.26358	694.434
6.26939	693.632
6.27519	687.648	230.804
6.281	695.638	231.338
6.2868	696.845	231.338
6.29261	699.264	231.606
6.29841	695.638	230.938
6.30422	695.236	231.739
6.31002	694.033	231.071
6.31583	696.845	230.938
6.32163	697.65	230.671
6.32744	697.65	229.342
6.33324	697.247	230.006
6.33905	693.231	228.945
6.34485	693.632	227.495
6.35066	715.608	225.924
6.35646	714.369	224.363
6.36227	706.164	223.716
6.36807	709.435	224.493
6.37388	708.207	222.814
6.37968	707.798	221.274
6.38549	708.616	220.509
6.39129	708.616	220.636
6.3971	709.025	220.254
6.4029	703.315	218.986
6.40871	704.534	217.85
6.41451	706.98	220
6.42032	696.845	231.873
6.42612	703.315	227.89
6.43193	697.65	231.472
6.43773	701.692	231.071
6.44354	703.315	231.472
6.44934	698.053	225.924
6.45515	706.98	231.472
6.46095	707.389	232.41
6.46676	704.128	231.338
6.47256	701.286
6.47837	691.232
6.48417	692.831
6.48998	690.434
6.49578	686.854
6.50159	681.716
6.50739	681.716	344.42
6.5132	695.638	351.251
6.519	691.232	352.064
6.52481	698.053	351.86
6.53061	696.442	352.471
6.53642	696.845	351.86
6.54222	694.434	348.221
6.54803	693.231	349.027
6.55383	691.631	350.441
6.55964	694.835	351.86
6.56544	697.247	350.643
6.57125	696.845	350.846
6.57705	696.442	348.221
6.58286	697.65	347.819
6.58866	696.442	348.624
6.59447	694.835	348.02
6.60027	696.04	349.43
6.60608	700.881	349.834
6.61188	696.442	348.624
6.61769	696.845	347.417
6.62349	702.503	345.416
6.6293	694.835	346.816
6.6351	695.638	348.825	266.814
6.64091	694.835	347.618	284.482
6.64671	695.236	349.027	282.843
6.65252	696.04	348.221	283.825
6.65832	694.434	347.819	285.8
6.66413	696.845	349.632	284.811
6.66993	702.908	348.624	282.68
6.67574	698.456	346.215	281.539
6.68154	702.097	349.834	280.403
6.68735	710.665	350.643	279.918
6.69315	703.721	352.064	279.918
6.69896	704.128	353.082	280.403
6.70476	707.798	353.899	281.702
6.71057	714.369	356.566	284.153
6.71637	714.369	352.267	286.13
6.72218	713.545	352.064	286.13
6.72798	710.665	355.127	286.13
6.73379	709.435	354.922	284.975
6.73959	704.942	354.308	284.318
6.7454	709.025	355.538	283.17
6.7512	706.164	355.538	282.843
6.75701	705.349	354.308	283.498
6.76281	707.389	354.308	283.989
6.76862	708.616	355.333	284.811
6.77442	709.435	356.155	284.975
6.78023	709.025	354.717	284.975
6.78603	707.389	352.064	288.62
6.79184	696.04	350.036	293.326
6.79764	690.434	348.825	292.48
6.80345	686.854	348.221	295.707
6.80925	338.895	298.108
6.81506	342.239	303.67
6.82086	348.221	305.076
6.82667	352.267
6.83247	349.834
6.83828	352.674
6.84408	351.048
6.84989	349.228
6.85569	350.238	308.978
6.8615	350.238	307.731
6.8673	351.251	307.198
6.87311	350.238	305.429
6.87891	353.082	306.844
6.88472	350.238	308.443
6.89052	363.638	310.409
6.89633	358.011	312.568
6.90213	349.43	313.11
6.90794	354.103	312.388
6.91374	353.49	311.487
6.91955	344.818	309.156
6.92535	343.625	306.666
6.93116	353.694	304.196
6.93696	346.616	304.372
6.94277	350.846	299.835
6.94857	350.441	299.489
6.95438	297.077
6.96018	297.936
6.96599	300.876
6.97179	302.619
6.9776	303.319
6.9834	298.971
6.98921	302.27
6.99501	300.702
7.00082	301.224
7.00662	301.746
7.01243	302.969	1938.23
7.01823	304.548	1943.84
7.02404	304.548	1925.96
7.02984	303.845	1929.3
7.03565	300.182	1918.19
7.04145	299.489	1921.51
7.04726	303.67	1895.06
7.05306	1829.45
7.05887	1830.51
7.06467	1836.86
7.07048	1829.45
7.07628	1847.5
7.08209	1860.35
7.08789	1900.54
7.0937	1810.53
7.0995	1794.91
7.10531	1842.17
7.11111	1870.05
7.11692	1893.96
7.12272	1868.97
7.12853	1818.91
7.13433	1804.26
7.14014	1858.2
7.14594	1900.54
7.15175
7.15755
7.16336
7.16916
7.17497	740.844
7.18077	731.912	244.246
7.18658	727.276	242.98
7.19238	727.697	241.302
7.19819	730.223	240.05
7.20399	729.38	241.86
7.2098	734.029	241.72
7.2156	728.959	241.162
7.22141	721.419	241.023
7.22721	733.181	241.023
7.23302	733.181	241.162
7.23882	734.453	241.441
7.24463	732.758	239.496
7.25043	723.505	240.745
7.25624	724.342	240.467
7.26204	722.253	239.496
7.26785	722.67	239.358
7.27365	724.76	239.358
7.27946	723.505	239.082
7.28526	722.253	237.842
7.29107	721.002	238.392
7.29687	716.022	238.117
7.30268	716.436	237.705
7.30848	717.678	237.705
7.31429	715.608	237.019
7.32009	717.264	235.926
7.3259	697.65	235.382
7.3317	671.942	232.41
7.33751	712.309	232.544
7.34331	717.678	236.199
7.34912	235.382
7.35492	236.882
7.36073	238.806
7.36653
7.37234
7.37814
7.38395
7.38975
7.39556
7.40136
7.40717
7.41297
7.41878
7.42458
7.43039
7.43619
7.442
7.4478
7.45361
7.45941
7.46522
7.47102
7.47683
7.48263
7.48844
7.49424
7.50005
7.50585
7.51166
7.51746
7.52327
7.52907
7.53487
7.54068	244.529
7.54648	243.12
7.55229	251.694
7.55809	258.173
7.5639	271.635
7.56971	280.241
7.57551	286.295
7.58132	289.455
7.58712	294.004
7.59293	293.665
7.59873	294.174
7.60454	290.627
7.61034	290.795
7.61615	292.142
7.62195	294.174
7.62776	294.684
7.63356	297.077
7.63936	300.876
7.64517	303.845
7.65097	305.605
7.65678	308.265
7.66258	313.11	308.265
7.66839	319.32	324.527
7.67419	318.951	329.628
7.68	324.527	332.304
7.6858	324.527	333.073
7.69161	332.88	333.073
7.69741	335.971	333.65
7.70322	334.422	330.39
7.70902	326.595	328.677
7.71483	323.965	326.03
7.72063	322.099	323.965
7.72644	322.285	323.03
7.73224	324.902	323.965
7.73805	325.653	325.089
7.74385	322.285
7.74966	322.099
7.75546	321.727
7.76127	321.727
7.76707	321.727	298.625
7.77288	319.874	295.878
7.77868	319.136	295.878
7.78449	317.298	294.174
7.79029	316.748	294.514
7.7961	315.835	293.495
7.8019	314.379	291.468
7.80771	311.847	290.459
7.81351	314.197	290.124
7.81932	314.016	290.124
7.82512	312.568	289.455
7.83093	311.847	292.818
7.83673	308.265	296.22
7.84254	304.724	297.077
7.84834	307.198	307.376
7.85415	311.667	312.929
7.85995	314.379	314.924
7.86576	314.742	314.742
7.87156	315.47
7.87737
7.88317
7.88898
7.89478
7.90059
7.90639
7.9122
7.918
7.92381
7.92961
7.93542
7.94122
7.94703
7.95283
7.95864
7.96444
7.97025
7.97605
7.98186
7.98766
7.99347
7.99927
8.00508
8.01088
8.01669
8.02249
8.0283
8.0341
8.03991
8.04571
8.05152
8.05732
8.06313
8.06893
8.07474
8.08054
8.08635
8.09215
8.09796
8.10376
8.10957
8.11537
8.12118
8.12698
8.13279
8.13859
8.1444
8.1502
8.15601
8.16181
8.16762
8.17342
8.17923
8.18503
8.19084
8.19664
8.20245
8.20825
8.21406
8.21986
8.22567
8.23147
8.23728
8.24308
8.24889
8.25469
8.2605
8.2663
8.27211
8.27791
8.28372
8.28952
8.29533
8.30113
8.30694
8.31274
8.31855
8.32435
8.33016
8.33596
8.34177
8.34757
8.35338
8.35918
8.36499
8.37079
8.3766
8.3824
8.38821
8.39401	433.191
8.39982	432.691
8.40562	428.463
8.41143	422.32
8.41723	419.403
8.42304	419.645	419.645
8.42884	420.859	427.227
8.43465	430.945	430.447	866.883
8.44045	431.692	432.191	864.383
8.44626	432.691	444.085	867.384
8.45206	426.241	444.085	870.898
8.45787	415.785	443.316	880.509
8.46367	438.985	441.783	878.984
8.46948	433.191	435.701	873.417
8.47528	433.692	434.444	866.382
8.48109	433.942	434.946	870.395
8.48689	431.942	432.941	866.883
8.4927	428.958	429.206	859.404
8.4985	428.958	428.958	857.421
8.50431	430.945	430.945	860.398
8.51011	434.193	433.942	866.382
8.51592	434.946	870.395
8.52172	435.197	870.898
8.52753	433.441	867.885
8.53333	432.441	865.382
8.53914	431.692	864.383
8.54494	430.447	860.398
8.55075	428.463	857.421
8.55655	429.95	857.916
8.56236	430.696	862.388
8.56816	430.199	861.89
8.57397	427.474	855.936
8.57977	426.734	851.498
8.58558	427.227	852.975
8.59138	426.241	851.99
8.59719	425.995	851.498
8.60299	425.749	849.533
8.6088	423.542	845.128
8.6146	420.13	839.775	1685.38
8.62041	418.435	840.746	1680.52
8.62621	420.13	842.691	1676.64
8.63202	422.076	842.691	1678.58
8.63782	423.053	844.64	1685.38
8.64363	423.542	847.083	1695.15
8.64943	423.542	847.573	1690.26
8.65524	423.297	847.573	1693.19
8.66104	421.345	842.691	1686.36
8.66685	419.645	837.837	1681.49
8.67265	418.919	835.904	1677.61
8.67846	418.193	835.904	1675.67
8.68426	417.469	833.975	1678.58
8.69007	416.506	830.609	1682.46
8.69587	422.808	812.576	1694.17
8.70168	415.305	823.444	1702.01
8.70748	410.772	818.701	1689.28
8.71329	424.521	851.006	1678.58
8.71909	422.076	840.746	1677.61
8.7249	422.32	841.718	1680.52
8.7307	839.775	1686.36
8.73651	829.171	1687.33
8.74231	826.78	1678.58
8.74812	1672.77
8.75392	1677.61
8.75973	1682.46
8.76553	1697.1
8.77134	1689.28
8.77714
8.78295
8.78875
8.79456
8.80036
8.80617
8.81197
8.81778
8.82358
8.82939
8.83519
8.841
8.8468
8.85261
8.85841
8.86422
8.87002
8.87583
8.88163
8.88744
8.89324
8.89905
8.90485
8.91066
8.91646
8.92227
8.92807
8.93388
8.93968
8.94549
8.95129
8.9571
8.9629
8.96871
8.97451
8.98032
8.98612
8.99193
8.99773
9.00354
9.00934
9.01515
9.02095
9.02676
9.03256
9.03837
9.04417
9.04998
9.05578
9.06159
9.06739
9.0732
9.079
9.08481
9.09061
9.09642
9.10222
9.10803
9.11383	360.501
9.11964	361.544
9.12544	355.949
9.13125	347.016
9.13705	341.055
9.14286	343.031
9.14866	345.018
9.15447	346.415
9.16027	348.422
9.16608	349.027
9.17188	349.228
9.17769	346.016
9.18349	347.417
9.1893	345.416
9.1951	345.616
9.20091	345.217
9.20671	346.215
9.21252	348.624
9.21832	345.018
9.22413	347.819
9.22993	344.818
9.23574	340.661
9.24154	338.503	727.697
9.24735	325.841	730.645
9.25315	337.722	734.453
9.25896	330.009	696.442
9.26476	330.009	725.179
9.27057	340.071	718.923
9.27637	354.103	714.369
9.28218	715.608
9.28798	710.255
9.29379	716.849
9.29959	718.093
9.3054	707.798
9.3112	717.264
9.31701	718.093
9.32281	716.849
9.32862	720.586
9.33442	726.856
9.34023	725.598
9.34603	723.923
9.35184	715.195
9.35764	711.487	421.102
9.36345	698.456	421.102
9.36925	707.798	419.888
9.37506	711.076	422.808
9.38086	710.665	423.786
9.38667	700.881	428.71
9.39247	703.315	428.71
9.39828	704.534	430.199
9.40408	702.097	427.474
9.40989	698.456	419.888
9.41569	704.942	424.276
9.4215	701.286	426.734
9.4273	696.04	415.305
9.43311	696.442	402.783
9.43891	699.668	384.816
9.44472	700.072	384.816
9.45052	699.668	382.821
9.45633	705.349	386.822
9.46213	718.923
9.46794	716.849
9.47374	730.223
9.47955	713.957
9.48535	712.721
9.49116	707.389
9.49696	691.232
9.50277	707.798
9.50857	684.873
9.51438	677.007
9.52018	705.349	226.446
9.52599	706.164	226.054
9.53179	703.721	220
9.5376	700.477	225.012
9.5434	702.503	214.603
9.54921	695.236	227.364
9.55501	692.031	226.185
9.56082	692.431	233.351
9.56662	700.881	233.351
9.57243	710.255	231.071
9.57823	706.98	231.873
9.58404	707.389	226.839
9.58984	709.025	230.139	352.267
9.59565	697.65	231.071	353.899
9.60145	698.86	233.082	352.674
9.60726	702.097	220.254	352.064
9.61306	703.721	231.338	352.064
9.61887	706.98	230.804	352.267
9.62467	704.942	233.351	353.286
9.63048	701.286	233.082	351.251
9.63628	703.721	234.974	351.86
9.64209	705.349	232.947	351.86
9.64789	706.164	232.947	351.86
9.6537	703.315	239.22	351.86
9.6595	698.86	241.72	351.454
9.66531	702.097	237.156	352.674
9.67111	703.721	234.839	352.471
9.67692	703.315	237.156	352.674
9.68272	700.881	232.813	355.538
9.68853	702.908	233.217	351.86
9.69433	699.668	233.891	350.846
9.70014	702.908	234.568	350.238
9.70594	702.908	235.79	353.49
9.71175	700.881	236.199	349.43
9.71755	694.033	234.026	348.624
9.72336	696.845	227.495	350.036
9.72916	702.503	231.739	351.048
9.73497	694.434	233.217	349.834
9.74077	698.456	239.22	348.825
9.74658	700.881	240.745	350.238
9.75238	702.503	237.293	350.238
9.75819	702.908	235.11	352.674
9.76399	701.692	235.11	349.43
9.7698	699.264	231.739	351.454
9.7756	704.942	231.739	352.064
9.78141	703.721	241.72	351.454
9.78721	704.942	351.454
9.79302	701.286	351.454
9.79882	699.264	351.454
9.80463	698.456	350.036
9.81043	701.692	349.027
9.81624	703.315	350.238
9.82204	703.315	350.441
9.82785	699.668	349.228
9.83365	702.503	350.036
9.83946	701.692	350.238
9.84526	702.097	350.036
9.85107	700.072	350.441
9.85687	700.477	350.036
9.86268	700.881	350.238
9.86848	703.721	351.048
9.87429	701.286	349.228	287.787
9.88009	697.247	351.657	288.787
9.8859	700.477	353.49	287.455
9.8917	698.456	350.643	288.787
9.89751	706.164	347.819	288.787
9.90331	718.093	357.185	286.626
9.90912	723.923	360.293	286.461
9.91492	701.692	352.878	285.965
9.92073	704.942	350.238	284.975
9.92653	348.825	285.965
9.93234	348.825	286.295
9.93814	347.217	285.8
9.94394	348.825	284.975
9.94975	348.02	283.661
9.95555	349.43	283.825
9.96136	352.064	283.498
9.96716	351.657	282.517
9.97297	348.624	281.214
9.97878	347.417	282.191
9.98458	345.217	283.989
9.99039	353.49	284.975
9.99619	353.694	284.318
10.002	352.878	285.965
10.0078	344.023	287.621
10.0136	349.834	288.787
10.0194	356.772	291.468
10.0252	353.49	294.004
10.031	350.643	296.22
10.0368
10.0426
10.0484
10.0542
10.06
10.0659
10.0717
10.0775	309.872
10.0833	309.693
10.0891	307.731
10.0949	304.372
10.1007	303.494
10.1065	300.182
10.1123	297.592
10.1181	298.625
10.1239	297.077
10.1297	297.249
10.1355	295.878
10.1413	299.143
10.1471	300.876
10.1529	303.144
10.1587	304.196
10.1645	304.724	606.989
10.1703	304.196	607.34
10.1761	302.969	605.238
10.1819	302.794	606.288
10.1878	302.095	603.144
10.1936	304.548	608.744
10.1994	304.724	612.271
10.2052	304.9	612.625
10.211	304.724	608.744
10.2168	305.076	610.505
10.2226	304.9	607.691
10.2284	302.969	609.8
10.2342	305.959	614.397
10.24	302.444	616.886
10.2458	304.021	610.505
10.2516	306.666	608.393
10.2574	608.393
10.2632	602.448
10.269	603.493
10.2748	610.153
10.2806	586.651
10.2864	609.096
10.2922	613.333
10.298	587.33
10.3039	605.238
10.3097	597.596
10.3155	610.505
10.3213	605.938
10.3271	600.017
10.3329	600.364
10.3387	601.405
10.3445	587.669
10.3503	575.575
10.3561	605.938
10.3619	605.938
10.3677	597.596	932.866
10.3735	623.333	923.217
10.3793	930.713
10.3851	940.984
10.3909	942.072
10.3967	944.796
10.4025	946.435	238.53
10.4083	939.897	238.944
10.4141	948.077	237.705
10.42	946.982	237.293
10.4258	948.077	236.472
10.4316	948.077	236.336
10.4374	944.796	235.79
10.4432	944.796	235.11
10.449	939.355	234.161
10.4548	935.024	232.813
10.4606	935.024	232.41
10.4664	925.887	232.813
10.4722	926.958	233.082
10.478	940.984	233.217
10.4838	933.405	234.026
10.4896	939.897	233.756
10.4954	942.616	234.568
10.5012	940.441	234.703
10.507	925.887	233.082
10.5128	925.887	232.678
10.5186	894.348	233.082
10.5244	914.724	232.007
10.5302	928.029	229.342
10.5361	931.789	231.472
10.5419	913.141	230.405
10.5477	230.139
10.5535	226.316
10.5593	226.97
10.5651	236.882
10.5709	236.882	465.895
10.5767	230.538	468.864
10.5825	230.405	469.406
10.5883	468.864
10.5941	467.782
10.5999	471.853
10.6057	468.864
10.6115	469.406
10.6173	471.308
10.6231	469.135
10.6289	468.323
10.6347	468.864
10.6405	467.512
10.6463	471.308
10.6522	471.036
10.658	485.96
10.6638	473.491
10.6696	468.864
10.6754	467.512
10.6812	480.101
10.687	471.853
10.6928	464.551
10.6986	467.782
10.7044	471.036
10.7102	462.142
10.716	480.101
10.7218	474.586
10.7276	467.242	319.505
10.7334	320.244
10.7392	320.429
10.745	320.799
10.7508	320.059
10.7566	319.689
10.7624	319.32
10.7683	318.399
10.7741	317.114
10.7799	320.244
10.7857	320.244
10.7915	321.17
10.7973	322.844
10.8031	322.844
10.8089	322.844
10.8147	323.965
10.8205	324.714
10.8263	324.902
10.8321	323.778
10.8379	325.089
10.8437	323.778
10.8495	324.527
10.8553	326.407
10.8611	324.714
10.8669	324.339
10.8727	326.03
10.8785	317.664
10.8844	316.017	312.749
10.8902	315.288	312.027
10.896	312.568	306.844
10.9018	306.135	303.67
10.9076	304.724	302.969
10.9134	304.9	303.494
10.9192	302.969	301.398
10.925	302.27	302.444
10.9308	299.316	299.662
10.9366	301.921	298.453
10.9424	299.489	298.108
10.9482	300.876	298.798
10.954	299.489	298.281
10.9598	297.592	297.42
10.9656	297.249	296.905
10.9714	297.936	297.077
10.9772	297.592
10.983	294.855	307.021
10.9888	291.3	306.312
10.9946	293.156	295.537
11.0005	292.649	295.366
11.0063	289.455	305.253
11.0121	288.787	304.021
11.0179	290.124	308.978
11.0237	287.455	304.196
11.0295	287.123	304.196
11.0353	288.62	299.835
11.0411	291.3	295.537
11.0469	294.684	294.855
11.0527	297.936	296.391
11.0585	301.746	301.746
11.0643	302.619
11.0701	299.835
11.0759
11.0817
11.0875
11.0933
11.0991
11.1049
11.1107
11.1166
11.1224
11.1282
11.134
11.1398
11.1456
11.1514
11.1572
11.163
11.1688
11.1746
11.1804
11.1862
11.192
11.1978
11.2036
11.2094
11.2152
11.221
11.2268
11.2327
11.2385
11.2443
11.2501
11.2559
11.2617
11.2675
11.2733
11.2791
11.2849
11.2907
11.2965
11.3023
11.3081
11.3139
11.3197
11.3255
11.3313
11.3371
11.3429
11.3488
11.3546
11.3604
11.3662
11.372
11.3778
11.3836
11.3894
11.3952
11.401
11.4068
11.4126
11.4184
11.4242
11.43
11.4358
11.4416
11.4474
11.4532
11.459
11.4649
11.4707
11.4765
11.4823
11.4881
11.4939
11.4997
11.5055
11.5113
11.5171
11.5229
11.5287
11.5345
11.5403
11.5461
11.5519
11.5577
11.5635
11.5693
11.5751
11.581
11.5868
11.5926
11.5984
11.6042
11.61
11.6158
11.6216
11.6274
11.6332
11.639
11.6448
11.6506
11.6564
11.6622
11.668
11.6738
11.6796
11.6854
11.6912
11.6971
11.7029
11.7087
11.7145	432.441
11.7203	428.215
11.7261	427.721
11.7319	425.995
11.7377	426.487	1702.01
11.7435	426.241	1698.09
11.7493	424.276	1696.12
11.7551	423.542	1696.12
11.7609	424.276	1698.09
11.7667	424.276	1695.15
11.7725	425.258	1694.17
11.7783	422.32	1692.21
11.7841	422.076	1689.28
11.7899	423.542	1687.33
11.7957	422.564	1688.3
11.8015	424.767	1693.19
11.8073	424.031	1695.15
11.8132	424.031	1699.07
11.819	423.297	1695.15
11.8248	422.564	1683.44	423.297
11.8306	424.521	1695.15	396.321
11.8364	426.487	1703	424.521
11.8422	425.995	1703.98	405.117
11.848	422.564	1698.09	419.645
11.8538	422.076	1688.3	419.403
11.8596	422.32	1683.44	419.161
11.8654	419.888	1680.52	420.616
11.8712	415.305	1674.71	417.711
11.877	413.629	1676.64	415.545
11.8828	417.469	1671.81	418.193
11.8886	421.102	1702.01	424.276
11.8944	423.542	1702.01	425.995
11.9002	422.32	1687.33	423.297
11.906	421.102	1691.23	424.031
11.9118	417.469	1698.09	418.919
11.9176	400.232	1679.55	418.919
11.9234	416.506	1709.9	416.506
11.9293	417.228	1685.38	421.102
11.9351	418.435	1675.67	418.435
11.9409	417.952	1673.74	415.545
11.9467	416.025	1678.58	416.265
11.9525	422.076	1687.33	414.107
11.9583	422.076	1701.03	413.629
11.9641	423.542	420.616
11.9699	415.305	415.065
11.9757	414.107	413.151
11.9815	419.888	424.276
11.9873	422.32	422.564
11.9931	421.102	420.616
11.9989	416.506	418.435
12.0047	415.065	416.987
12.0105	419.403	421.589
12.0163	422.564
12.0221	420.13
12.0279	418.435
12.0337	419.645	417.952
12.0395	421.102	416.506
12.0454	421.833	417.469
12.0512	422.808	423.297
12.057	423.542	423.053
12.0628	423.053	419.645
12.0686	421.833	416.747
12.0744	417.469	416.747
12.0802	416.025	414.825
12.086	416.987	427.227
12.0918	419.161	426.487
12.0976	429.206	429.702
12.1034	427.474	429.95
12.1092	426.241	429.206
12.115	425.749	430.447
12.1208	417.228	429.206
12.1266	423.053	430.447
12.1324	415.305	428.958
12.1382	417.228	422.076
12.144	421.102	420.13
12.1498	413.868	418.919
12.1556	418.919	419.403
12.1615	421.833	421.102
12.1673	422.808	422.076
12.1731	417.952	422.076
12.1789	416.025	422.564
12.1847	411.96	423.053
12.1905	397.697	422.808
12.1963	405.585	422.32
12.2021	425.503	421.589
12.2079	424.521	418.193
12.2137	415.065
12.2195	413.39
12.2253	413.39
12.2311	411.722
12.2369	412.198
12.2427	414.107
12.2485	416.506
12.2543	417.228
12.2601	416.506
12.2659	415.065
12.2717	418.919
12.2776	419.161
12.2834	420.859
12.2892	419.403
12.295	423.297
12.3008	425.503
12.3066
12.3124
12.3182
12.324
12.3298
12.3356
12.3414
12.3472
12.353
12.3588
12.3646
12.3704
12.3762
12.382
12.3878
12.3937
12.3995
12.4053
12.4111
12.4169
12.4227
12.4285
12.4343	358.632
12.4401	357.185
12.4459	354.717
12.4517	365.533	720.17
12.4575	364.058	723.505
12.4633	363.638	720.586
12.4691	361.544	716.022
12.4749	361.335	711.898
12.4807	360.709	712.309
12.4865	360.293	716.022
12.4923	360.709	722.67
12.4981	357.185	726.437
12.5039	357.391	728.538
12.5098	359.046	731.067
12.5156	355.949	733.605
12.5214	367.014	734.029
12.5272	366.167	732.758
12.533	365.533	730.645
12.5388	348.221	729.801
12.5446	350.846	729.801
12.5504	360.918	731.067
12.5562	360.918	729.801
12.562	350.238	725.179
12.5678	717.678
12.5736	713.133
12.5794	708.616
12.5852	704.942
12.591	704.942
12.5968	705.756
12.6026	704.942
12.6084	702.908
12.6142	702.908
12.62	703.721
12.6258	698.86
12.6317	690.833
12.6375	692.031
12.6433	705.756
12.6491	716.436
12.6549	721.002
12.6607	718.093
12.6665	702.503
12.6723	694.033
12.6781	697.247
12.6839	704.942
12.6897	706.98
12.6955	707.798
12.7013	704.534
12.7071	696.04
12.7129	688.045
12.7187	693.231
12.7245	704.128
12.7303	709.435
12.7361	709.845
12.742	706.572
12.7478	698.86
12.7536	694.835
12.7594	698.053
12.7652	704.942
12.771	706.572
12.7768	704.534
12.7826	700.477
12.7884	700.072
12.7942	700.881
12.8	702.097
12.8058	702.503
12.8116	703.315
12.8174	704.128
12.8232	704.942
12.829	705.349
12.8348	704.128
12.8406	701.692
12.8464	699.668
12.8522	702.503
12.858	707.798
12.8639	709.435
12.8697	707.798
12.8755	701.286	244.105
12.8813	694.835	234.703
12.8871	692.031	225.663
12.8929	694.434	238.53
12.8987	701.286	237.842
12.9045	704.128	234.974
12.9103	706.572	232.947
12.9161	708.616	232.275
12.9219	708.207	231.472
12.9277	705.756	231.338
12.9335	703.721	231.338
12.9393	698.456	229.342
12.9451	700.881	228.153
12.9509	702.908	228.681
12.9567	697.247	226.97
12.9625	697.247	225.272
12.9683	692.031	223.587
12.9741	702.097	221.786	373.43
12.98	708.616	221.274	349.43
12.9858	704.534	220	350.036
12.9916	696.442	222.428	351.657
12.9974	699.668	222.685	349.632
13.0032	699.668	231.205	351.251
13.009	698.86	232.275	350.643
13.0148	698.456	224.623	351.86
13.0206	698.053	226.97	351.657
13.0264	696.845	231.739	348.221
13.0322	696.845	225.403	349.43
13.038	695.236	227.233	351.454
13.0438	693.632	230.006	350.846
13.0496	694.835	352.064
13.0554	697.65	353.286
13.0612	700.477	354.922
13.067	702.097	355.949
13.0728	699.668	369.781
13.0786	698.86	364.479
13.0844	700.477	352.674
13.0902	704.534	350.441
13.0961	707.798	360.501
13.1019	707.389	353.694
13.1077	705.349	354.308
13.1135	704.534	352.267
13.1193	704.534	351.86
13.1251	702.908	351.251
13.1309	701.692	352.064
13.1367	700.881	352.878
13.1425	700.881	352.064
13.1483	702.097	351.251
13.1541	704.942	355.743
13.1599	706.572	344.42
13.1657	710.255	352.267
13.1715	692.831
13.1773	696.442
13.1831	701.286
13.1889	700.477
13.1947	696.845
13.2005	696.04
13.2063	697.65
13.2122	702.097
13.218	702.097
13.2238	702.097
13.2296	705.756
13.2354	706.164
13.2412	701.286
13.247	690.434	237.156
13.2528	686.061	225.272
13.2586	692.831	212.506
13.2644	207.652
13.2702	206.456
13.276	204.912
13.2818	203.732
13.2876	203.027
13.2934	201.741
13.2992	198.963
13.305	196.678
13.3108	195.094
13.3166	194.756
13.3224	192.075
13.3283	191.742
13.3341	190.088
13.3399	188.775
13.3457	187.905
13.3515	182.345
13.3573	198.275
13.3631	198.734
13.3689	202.091
13.3747	202.324
13.3805	202.208
13.3863	199.885
13.3921
13.3979
13.4037
13.4095
13.4153
13.4211
13.4269
13.4327
13.4385
13.4444
13.4502
13.456
13.4618
13.4676
13.4734
13.4792
13.485
13.4908
13.4966
13.5024
13.5082
13.514
13.5198
13.5256
13.5314
13.5372
13.543
13.5488
13.5546
13.5605
13.5663
13.5721
13.5779
13.5837
13.5895
13.5953
13.6011
13.6069
13.6127
13.6185
13.6243
13.6301
13.6359
13.6417
13.6475
13.6533
13.6591
13.6649
13.6707
13.6766
13.6824
13.6882
13.694
13.6998
13.7056
13.7114
13.7172
13.723
13.7288
13.7346
13.7404
13.7462
13.752
13.7578
13.7636
13.7694
13.7752
13.781
13.7868
13.7927
13.7985
13.8043
13.8101
13.8159
13.8217
13.8275
13.8333
13.8391
13.8449
13.8507
13.8565
13.8623
13.8681
13.8739
13.8797
13.8855
13.8913
13.8971
13.9029
13.9088
13.9146
13.9204
13.9262
13.932
13.9378
13.9436
13.9494
13.9552
13.961
13.9668
13.9726
13.9784
13.9842
13.99
13.9958
14.0016
14.0074
14.0132	237.019
14.019	236.745
14.0249	240.05
14.0307	234.703
14.0365	237.156
14.0423	237.43
14.0481	236.745
14.0539	236.336
14.0597	233.621
14.0655	229.74
14.0713	226.316
14.0771	218.607
14.0829	220.127
14.0887	213.737
14.0945	208.373
14.1003	208.012
14.1061	207.413
14.1119	208.494
14.1177	206.695
14.1235	209.459
14.1293	205.149
14.1351	218.102
14.141	212.138
14.1468
14.1526
14.1584
14.1642
14.17
14.1758
14.1816
14.1874
14.1932
14.199
14.2048
14.2106
14.2164
14.2222
14.228
14.2338
14.2396
14.2454
14.2512
14.2571
14.2629
14.2687
14.2745
14.2803
14.2861	413.868
14.2919	413.151
14.2977	412.436
14.3035	412.198
14.3093	411.722	204.794
14.3151	411.009	204.912
14.3209	410.297	204.912
14.3267	409.824	204.912	619.028
14.3325	409.587	204.912	617.956
14.3383	409.587	204.794	617.242
14.3441	409.351	205.386	616.886
14.3499	408.406	204.085	615.462
14.3557	406.523	203.027	611.564
14.3615	403.948	202.091	610.505
14.3673	401.854	201.275	608.393
14.3732	398.847	200.579	607.34
14.379	398.157	200.347	606.638
14.3848	397.009	199.654	603.842
14.3906	397.467	198.963	597.941
14.3964	400.001	198.734	588.688
14.4022	403.482	200.463	598.632
14.408	406.523	201.741	606.638
14.4138	409.587	205.03	615.462
14.4196	411.96	205.861	617.599
14.4254	411.96	206.695	621.177
14.4312	414.107	212.383	615.818
14.437	426.241	210.187	607.691
14.4428	425.258	210.673	617.599
14.4486	440.254	212.138	617.599
14.4544	433.441	209.944	625.136
14.4602	430.447	208.253	630.576
14.466	427.474	211.038	628.394
14.4718	427.474	210.673	622.973
14.4776	211.404	625.497
14.4834	210.916	623.333	208.976
14.4893	213.121	621.177	206.456
14.4951	207.413	615.462	205.149
14.5009	205.861	611.211	204.912
14.5067	205.742	613.687	205.149
14.5125	205.623	613.333	204.912
14.5183	205.742	614.042	204.794
14.5241	205.505	616.174	205.03
14.5299	204.912	616.53	204.675
14.5357	204.557	616.53	204.794
14.5415	204.675	615.107	204.794
14.5473	616.174	204.085
14.5531	616.886	204.085
14.5589	616.53	203.849
14.5647	616.886	204.203
14.5705	613.687	204.085
14.5763	611.211	203.967
14.5821	608.393	203.849
14.5879	607.691	203.496
14.5937	606.288	203.027
14.5995	608.393	201.974
14.6054	607.34	203.144
14.6112	606.638	203.379
14.617	208.735
14.6228	202.675
14.6286
14.6344
14.6402
14.646
14.6518
14.6576
14.6634
14.6692
14.675	207.652
14.6808	208.494
14.6866	208.976
14.6924	209.338
14.6982	209.338
14.704	208.976
14.7098	209.338
14.7156	208.735
14.7215	207.532
14.7273	206.695
14.7331	205.98
14.7389	205.267
14.7447	204.675
14.7505	203.967
14.7563	202.91
14.7621	208.494
14.7679	206.099
14.7737	207.892
14.7795	208.735
14.7853	209.217
14.7911	209.58
14.7969	209.58
14.8027	212.629	215.846
14.8085	219.239	218.859
14.8143	227.101	225.142
14.8201	230.405	227.89
14.8259	233.891	218.228
14.8317	235.382	221.274
14.8376	237.979	224.623
14.8434	234.026	225.793
14.8492	231.606	223.716
14.855	226.577	222.171
14.8608	223.716	220.509
14.8666	220.509	219.366
14.8724	215.722	217.85
14.8782	205.98	216.221
14.884	202.558	214.231
14.8898	210.308	211.16
14.8956	212.629	208.855
14.9014	211.038	207.772
14.9072	207.293
14.913	204.675
14.9188	203.849
14.9246	205.623
14.9304	207.532
14.9362	208.494
14.942	209.217
14.9478	210.794	420.13
14.9537	211.893	424.031
14.9595	213.121	427.968
14.9653	213.984	430.696
14.9711	215.846	434.193
14.9769	218.102	435.449
14.9827	217.473	440.509
14.9885	218.354	432.941
14.9943	220.891	439.746
15.0001	222.171	443.829
15.0059	221.786	443.829
15.0117	221.786	444.856
15.0175	222.428	445.885
15.0233	222.814	445.885
15.0291	223.975	447.174
15.0349	224.623	449.765
15.0407	224.234	450.284
15.0465	224.493	453.155
15.0523	226.185	454.465
15.0581	228.417	454.991
15.0639	228.813	455.78
15.0697	230.139	458.155
15.0756	230.938	461.609
15.0814	232.544	465.088
15.0872	233.351	467.512
15.093	234.974	468.864
15.0988	236.063	471.58
15.1046	236.336	473.218
15.1104	236.745	474.586
15.1162	237.567	475.409
15.122	237.842	476.784
15.1278	477.336	238.117
15.1336	477.336	237.842
15.1394	475.959	237.293
15.1452	474.312	237.156
15.151	473.218	236.745
15.1568	472.671	236.199
15.1626	472.125	235.79
15.1684	469.135	234.839
15.1742	467.512	234.568
15.18	469.677	234.839
15.1859	470.22	234.432
15.1917	469.677	234.297
15.1975	468.594	234.161
15.2033	467.512	233.621
15.2091	464.015	232.544
15.2149	462.142	231.205
15.2207	465.626	229.342
15.2265	461.342	230.538
15.2323	468.594	234.161
15.2381	236.336
15.2439	239.082
15.2497	240.05
15.2555	239.773
15.2613	240.189
15.2671	239.358
15.2729	237.567	1161.84
15.2787	234.974	1162.51
15.2845	233.351	1157.15
15.2903	232.141	1150.48
15.2961	231.205	1149.82
15.3019	230.538	1151.81
15.3078	230.405	1153.15
15.3136	229.342	1150.48
15.3194	229.21	1151.81
15.3252	230.139	1155.15
15.331	231.205	1160.5
15.3368	232.544	1163.85
15.3426	233.621	1165.87
15.3484	234.703	1167.22
15.3542	235.382	1167.89
15.36	235.11	1169.92
15.3658	234.297	1169.92
15.3716	233.217	1167.89
15.3774	232.41	1164.53
15.3832	232.007	1162.51
15.389	231.606	1159.16
15.3948	230.938	1155.81
15.4006	230.405	1155.15
15.4064	229.873	1158.49
15.4122	229.74	1160.5
15.418	229.608	1159.16
15.4239	229.475	1156.48
15.4297	229.608	1155.15
15.4355	229.873	1151.81
15.4413	230.405	1150.48
15.4471	230.671	1150.48
15.4529	230.405	1151.15
15.4587	230.139	1151.81
15.4645	230.006	1151.15
15.4703	230.006	1150.48	1382.46
15.4761	230.139	1150.48	1382.46
15.4819	230.671	1151.15	1380.87
15.4877	231.338	1154.48	1383.26
15.4935	231.205	1157.82	1385.66
15.4993	231.071	1157.82	1384.86
15.5051	230.671	1157.15	1388.07
15.5109	230.272	1157.15	1391.28
15.5167	230.405	1158.49	1395.3
15.5225	230.272	1152.48	1390.47
15.5283	229.608	1133.34	1372.92
15.5341	228.681	1139.24	1358.71
15.54	228.022	1138.58	1353.23
15.5458	227.495	1137.93	1336.14
15.5516	227.364	1124.86	1372.12
15.5574	229.342	1109.37	1437.85
15.5632	230.671	1135.96	1389.67
15.569	230.006	1155.15	1384.06
15.5748	230.405	1157.82	1367.37
15.5806	226.316	1158.49	1317.75
15.5864	226.97	1178.06	1305.63
15.5922	231.071	1159.16	1305.63
15.598	229.74	1159.83	1305.63
15.6038	230.272	1158.49
15.6096	231.606
15.6154
15.6212
15.627
15.6328
15.6386
15.6444
15.6502
15.6561
15.6619
15.6677
15.6735
15.6793
15.6851
15.6909
15.6967
15.7025
15.7083
15.7141
15.7199
15.7257
15.7315
15.7373
15.7431
15.7489
15.7547
15.7605
15.7663
15.7722
15.778
15.7838
15.7896
15.7954
15.8012
15.807
15.8128
15.8186
15.8244
15.8302
15.836
15.8418
15.8476
15.8534
15.8592
15.865
15.8708
15.8766
15.8824
15.8883
15.8941
15.8999
15.9057
15.9115
15.9173
15.9231
15.9289
15.9347
15.9405
15.9463
15.9521
15.9579
15.9637	467.512
15.9695	474.038
15.9753	493.598
15.9811	514.559
15.9869	547.998
15.9927	538.895
15.9985	558.544
16.0044	580.583
16.0102	584.96	300.182
16.016	605.938	303.67
16.0218	617.599	315.106
16.0276	625.497	316.565
16.0334	625.136	316.748
16.0392	623.693	313.472
16.045	626.582	310.588
16.0508	628.031	309.514
16.0566	625.859	313.291
16.0624	625.136	314.379
16.0682	622.973	314.379
16.074	619.385	313.834
16.0798	622.613	312.568
16.0856	611.211	312.749
16.0914	629.121	314.197
16.0972	609.448	303.845
16.103	609.096	311.667
16.1088
16.1146
16.1205
16.1263
16.1321
16.1379
16.1437
16.1495
16.1553
16.1611
16.1669
16.1727
16.1785
16.1843
16.1901
16.1959
16.2017
16.2075
16.2133
16.2191
16.2249
16.2307
16.2366
16.2424
16.2482
16.254
16.2598
16.2656
16.2714
16.2772	1788.7
16.283	1767.13
16.2888	1762.03
16.2946	1757.97
16.3004	1755.94
16.3062	1822.07
16.312	1816.81
16.3178	1848.57
16.3236	1831.56
16.3294	1841.11
16.3352	1864.66
16.341	1852.84
16.3468	1833.68
16.3527	1791.8
16.3585	1868.97
16.3643	1781.48
16.3701	1756.95
16.3759	1772.24
16.3817	1763.05
16.3875	1787.66
16.3933	1793.87
16.3991	1794.91
16.4049	1758.98	333.073
16.4107	1781.48	334.809
16.4165	1803.22	329.437
16.4223	1763.05	323.217
16.4281	1764.07	308.443
16.4339	1806.35	309.335
16.4397	1868.97	309.156
16.4455	1844.3	304.372
16.4513	1835.8	301.05
16.4571	297.592
16.4629	292.987
16.4688	293.665
16.4746	292.142
16.4804	289.12
16.4862	291.3
16.492	290.124
16.4978	290.292
16.5036	291.131
16.5094	292.48
16.5152	293.834
16.521	294.344
16.5268	295.366
16.5326	297.764
16.5384	298.971
16.5442	302.095
16.55	302.619
16.5558	303.494
16.5616	304.548
16.5674	304.548
16.5732	303.494
16.579	301.224
16.5849	303.845
16.5907	295.366
16.5965	292.987
16.6023	290.795
16.6081	290.124
16.6139	291.468
16.6197	291.636
16.6255	290.963
16.6313	292.311
16.6371	294.344
16.6429	296.391	1479.98
16.6487	298.108	1495.45
16.6545	302.794	1502.37
16.6603	302.619	1493.72
16.6661	302.969	1505.85
16.6719	304.9	1508.46
16.6777	306.135	1502.37
16.6835	302.27	1502.37
16.6893	303.319	1504.11
16.6951	300.702	1502.37
16.701	296.734	1504.11
16.7068	295.707	1457.92
16.7126	296.22	1471.45
16.7184	296.563	1498.9
16.7242	301.05	1497.17
16.73	301.746	1500.64
16.7358	302.27	1470.6
16.7416	305.959	1506.72
16.7474	1434.53	312.388
16.7532	1389.67	314.016
16.759	314.379
16.7648	314.924
16.7706	311.847
16.7764	313.291
16.7822	304.9
16.788	306.135
16.7938	308.799
16.7996	312.027
16.8054	313.11
16.8112	316.2
16.8171	318.032
16.8229	318.951
16.8287	321.541
16.8345	321.541
16.8403	319.32
16.8461	314.197
16.8519	309.872
16.8577	304.9
16.8635	300.355
16.8693	296.905
16.8751	296.049
16.8809	305.605
16.8867	316.931
16.8925	306.135
16.8983	310.051
16.9041	307.909
16.9099	302.444
16.9157	303.67
16.9215	301.05
16.9273
16.9332
16.939
16.9448
16.9506
16.9564
16.9622
16.968
16.9738
16.9796
16.9854
16.9912
16.997
17.0028
17.0086	1801.14
17.0144	1833.68
17.0202	1840.05
17.026	1830.51
17.0318	1842.17
17.0376	1853.92
17.0434	1862.5
17.0493	1866.81
17.0551	1872.21
17.0609	1877.62
17.0667	1873.29
17.0725	1873.29
17.0783	1877.62
17.0841	1875.46
17.0899	1857.13
17.0957	1860.35
17.1015	1864.66
17.1073	1868.97
17.1131	1865.73
17.1189	1873.29
17.1247	1881.97
17.1305	1878.71
17.1363	1887.41
17.1421	1883.06
17.1479	1874.37
17.1537	1884.14
17.1595	1891.78
17.1654	1876.54
17.1712	1889.59
17.177	1883.06
17.1828	1884.14
17.1886	1875.46
17.1944	1884.14
17.2002
17.206
17.2118
17.2176
17.2234
17.2292
17.235
17.2408	332.688
17.2466	332.688
17.2524	336.359
17.2582	333.265
17.264	324.152
17.2698	315.106
17.2756	310.409
17.2815	310.409
17.2873	297.249
17.2931	297.077
17.2989	304.372
17.3047	303.67
17.3105	309.872
17.3163	314.379
17.3221	322.658
17.3279	326.973
17.3337	324.152
17.3395	322.285
17.3453	333.265
17.3511	341.646
17.3569	337.137
17.3627
17.3685
17.3743
17.3801
17.3859
17.3917
17.3976
17.4034
17.4092
17.415
17.4208
17.4266
17.4324
17.4382
17.444
17.4498
17.4556
17.4614
17.4672
17.473
17.4788
17.4846
17.4904
17.4962
17.502
17.5078
17.5137
17.5195
17.5253
17.5311
17.5369
17.5427
17.5485
17.5543
17.5601
17.5659
17.5717
17.5775
17.5833
17.5891
17.5949
17.6007
17.6065
17.6123
17.6181
17.6239
17.6297
17.6356
17.6414
17.6472	222.556
17.653	224.234
17.6588	224.623
17.6646	226.316
17.6704	228.549
17.6762	218.733
17.682	215.722
17.6878	214.603
17.6936	220
17.6994	223.2
17.7052	220.127
17.711	218.48
17.7168	216.971
17.7226	215.597
17.7284	214.727
17.7342	214.603
17.74	224.234
17.7458	220.764
17.7517	219.746
17.7575	226.839
17.7633	226.839
17.7691
17.7749
17.7807
17.7865
17.7923
17.7981
17.8039
17.8097
17.8155
17.8213
17.8271
17.8329
17.8387
17.8445
17.8503
17.8561
17.8619
17.8678
17.8736
17.8794
17.8852
17.891
17.8968
17.9026
17.9084
17.9142
17.92
17.9258
17.9316
17.9374
17.9432
17.949
17.9548
17.9606
17.9664
17.9722
17.9781
17.9839
17.9897
17.9955
18.0013
18.0071
18.0129
18.0187
18.0245
18.0303
18.0361
18.0419
18.0477	266.199
18.0535	271.635
18.0593	276.224
18.0651	278.788
18.0709	277.183
18.0767	276.703
18.0825	274.633
18.0883	272.106
18.0941	267.741
18.1	264.665
18.1058	261.474
18.1116	267.741
18.1174	263.902
18.1232	261.474
18.129	254.913
18.1348	253.884
18.1406	254.618
18.1464	257.875
18.1522	257.875
18.158	256.686
18.1638	256.538
18.1696	252.422
18.1754	251.839
18.1812	250.968
18.187	250.968
18.1928	249.523
18.1986	268.515
18.2044	270.695
18.2102	273.367
18.2161	268.205
18.2219	267.586
18.2277	267.741
18.2335	269.915
18.2393	269.292
18.2451	268.826
18.2509	269.759
18.2567	271.322
18.2625	271.478
18.2683	271.478
18.2741	271.008
18.2799	270.071
18.2857	268.826
18.2915	268.515
18.2973	267.432
18.3031	267.432
18.3089	267.123
18.3147	266.353
18.3205	266.969
18.3263	265.278
18.3322	261.173
18.338	265.738
18.3438	264.513
18.3496	265.431
18.3554	264.665
18.3612	263.445
18.367	260.871
18.3728	257.875
18.3786	255.06
18.3844	254.471
18.3902	254.178
18.396	254.766
18.4018	253.884
18.4076	256.538	752.489	247.942
18.4134	256.686	766.084	250.678
18.4192	257.131	764.317	253.884
18.425	256.241	766.97	255.502
18.4308	257.28	771.413	256.834
18.4366	257.726	776.779	259.369
18.4424	257.875	777.677	260.269
18.4483	259.668	777.228	259.219
18.4541	260.57	779.475	260.119	548.631
18.4599	260.57	779.025	260.119	541.391
18.4657	260.57	775.434	259.219	541.391
18.4715	258.471	774.986	258.621	544.527
18.4773	257.131	773.644	257.28	543.27
18.4831	256.982	770.077	257.875	539.829
18.4889	256.389	772.751	257.28	541.078
18.4947	255.502	770.522	255.946	542.33
18.5005	752.054	253.591	552.447
18.5063	755.974	256.686	545.471
18.5121	757.723	251.113	538.584
18.5179	765.642	254.766	540.766
18.5237	763.434	254.618	533.321
18.5295	763.434	254.618	542.643
18.5353	769.633	255.06	546.102
18.5411	772.751	256.389	548.631
18.5469	768.744	255.946	559.512
18.5527	769.633	256.982	560.807	898.491
18.5585	770.968	257.131	555.006	901.61
18.5644	770.077	256.686	561.455	900.049
18.5702	768.3	256.389	554.686	898.491
18.576	769.633	256.389	557.899	896.935
18.5818	770.968	256.093	555.006	896.935
18.5876	771.859	255.946	567.323	894.865
18.5934	768.3	255.946	555.648	895.382
18.5992	767.413	255.65	558.544	893.316
18.605	766.97	255.355	546.102	895.382
18.6108	761.672	254.766	544.527	872.912
18.6166	761.232	254.913	537.962	868.386
18.6224	766.084	255.65	529.331	871.401
18.6282	763.434	255.65	544.213	860.398
18.634	763.434	254.178	546.417	858.908
18.6398	758.161	254.178	546.417	862.886
18.6456	748.587	255.502	546.417	868.888
18.6514	755.538	256.686	846.105
18.6572	756.848	256.538	858.412
18.663	769.633	253.591	873.417
18.6688	256.241	874.426
18.6746	256.982	861.89
18.6805	256.389	858.908	236.472
18.6863	256.982	829.65	235.518
18.6921	256.538	840.261	238.117
18.6979	256.834	832.05	236.063
18.7037	256.389	829.171	235.926
18.7095	259.369	237.567
18.7153	260.871	243.542
18.7211	264.513	239.773
18.7269	237.43
18.7327	236.609
18.7385	235.11
18.7443	233.756
18.7501	232.813
18.7559	232.141
18.7617	231.606
18.7675	230.804
18.7733	230.272
18.7791	228.813
18.7849	227.758
18.7907	227.89
18.7966	229.475
18.8024	230.139
18.8082	229.078
18.814	234.839
18.8198	230.405
18.8256	227.233
18.8314	230.538
18.8372	228.945
18.843
18.8488
18.8546
18.8604
18.8662
18.872
18.8778
18.8836
18.8894
18.8952
18.901
18.9068
18.9127
18.9185
18.9243
18.9301
18.9359
18.9417
18.9475
18.9533
18.9591
18.9649
18.9707
18.9765
18.9823
18.9881
18.9939
18.9997
19.0055
19.0113
19.0171
19.0229
19.0288
19.0346
19.0404
19.0462
19.052
19.0578
19.0636
19.0694
19.0752
19.081
19.0868
19.0926
19.0984
19.1042
19.11
19.1158
19.1216
19.1274
19.1332
19.139
19.1449
19.1507
19.1565
19.1623
19.1681
19.1739
19.1797
19.1855
19.1913
19.1971
19.2029
19.2087
19.2145
19.2203
19.2261
19.2319
19.2377
19.2435
19.2493
19.2551
19.261
19.2668
19.2726
19.2784
19.2842
19.29
19.2958
19.3016
19.3074
19.3132
19.319
19.3248
19.3306
19.3364
19.3422	241.999
19.348	253.445
19.3538	254.324
19.3596	255.946
19.3654	259.518
19.3712	247.942
19.3771	247.227
19.3829	246.799
19.3887	246.942
19.3945	247.37
19.4003	245.094
19.4061	245.803
19.4119	245.519
19.4177	243.823
19.4235	240.05
19.4293	239.773
19.4351	240.745
19.4409	236.472
19.4467	239.635
19.4525	239.22
19.4583	237.293
19.4641	242.98
19.4699	243.964
19.4757	242.279
19.4815	231.606
19.4873	231.739
19.4932	236.882
19.499	241.58
19.5048	241.58
19.5106	241.72
19.5164	246.657
19.5222	243.261
19.528	250.389
19.5338	249.234
19.5396	247.656
19.5454	249.234
19.5512	244.105
19.557	254.618
19.5628	250.1
19.5686	250.1
19.5744	238.392
19.5802	232.678
19.586	237.705
19.5918	237.979
19.5976
19.6034
19.6093
19.6151	216.721
19.6209	220.509
19.6267	220.127
19.6325	215.099
19.6383	212.752
19.6441	211.648
19.6499	209.097
19.6557	206.695
19.6615	204.557
19.6673	202.675
19.6731	199.885
19.6789	195.432
19.6847	192.965
19.6905	197.475
19.6963	194.869
19.7021	198.963
19.7079	194.756
19.7137	201.508
19.7195	196.906
19.7254	207.892
19.7312
19.737
19.7428
19.7486
19.7544
19.7602
19.766
19.7718
19.7776
19.7834
19.7892
19.795
19.8008
19.8066
19.8124
19.8182
19.824
19.8298
19.8356
19.8415
19.8473	206.576
19.8531	205.505
19.8589	205.03
19.8647	204.321
19.8705	204.085
19.8763	203.144
19.8821	202.91
19.8879	202.091	406.054
19.8937	201.624	404.415
19.8995	201.043	403.715
19.9053	200.579	403.715
19.9111	199.77	404.182
19.9169	200.232	401.622
19.9227	197.361	392.902
19.9285	197.133	396.092
19.9343	197.818	394.266
19.9401	202.324	399.539
19.9459	202.324	399.539
19.9517	199.309	392.675
19.9576	200	399.078	604.54
19.9634	203.027	402.086	608.042
19.9692	202.675	407.228	607.34
19.975	199.193	406.758	609.096
19.9808	198.39	397.009	609.448
19.9866	204.203	404.182	611.917
19.9924	206.218	409.351	615.818
19.9982	209.823	418.193	624.054
20.004	210.673	416.506	623.693
20.0098	208.494	396.092	625.859
20.0156	205.267	404.182	632.4
20.0214	203.496	402.318	611.211
20.0272	200	403.249	615.462
20.033	201.974	394.722	619.028
20.0388	208.133	407.699	623.333
20.0446	208.855	625.136
20.0504	210.065	627.669
20.0562	210.673	627.669
20.062	213.49	624.054
20.0678	211.038	628.394
20.0737	205.505
20.0795	210.794
20.0853	212.383
20.0911
20.0969
20.1027
20.1085
20.1143
20.1201
20.1259
20.1317
20.1375
20.1433
20.1491
20.1549	428.71
20.1607	423.297
20.1665	422.32
20.1723	422.076
20.1781	426.487
20.1839	433.692
20.1898	435.701
20.1956	447.691
20.2014	449.765
20.2072	468.864
20.213	474.586
20.2188	492.175
20.2246	505.135
20.2304	505.135
20.2362	505.135
20.242	505.135
20.2478	475.135
20.2536	448.727
20.2594	451.848
20.2652
20.271
20.2768
20.2826
20.2884
20.2942
20.3
20.3058
20.3117
20.3175
20.3233
20.3291
20.3349
20.3407
20.3465
20.3523
20.3581
20.3639
20.3697
20.3755
20.3813
20.3871	223.2
20.3929	224.882
20.3987	225.924
20.4045	225.403
20.4103	225.533
20.4161	223.458
20.4219	218.859
20.4278	215.971
20.4336	213.614
20.4394	208.373
20.4452	197.589
20.451	193.97
20.4568	188.014
20.4626	198.275
20.4684	198.275
20.4742	206.934
20.48	214.975
20.4858
20.4916
20.4974
20.5032
20.509
20.5148
20.5206
20.5264
20.5322
20.538
20.5439
20.5497	422.32
20.5555	409.351
20.5613	417.952
20.5671	425.012
20.5729	425.503
20.5787	424.031
20.5845	412.436
20.5903	417.228
20.5961	413.629
20.6019	409.114
20.6077	404.883	206.695
20.6135	394.039	206.576
20.6193	387.941	205.623
20.6251	375.593	204.912
20.6309	367.439	205.505
20.6367	365.956	209.459
20.6425	363.848	210.065
20.6483	377.551	208.855
20.6542	401.39	207.532
20.66	405.585	205.861
20.6658	403.948	203.849
20.6716	202.208
20.6774	200.927
20.6832	199.885
20.689	198.849
20.6948	196.224
20.7006	194.307
20.7064	192.519
20.7122	190.859
20.718	190.198
20.7238	195.885
20.7296	195.885
20.7354	195.885
20.7412	195.658
20.747	188.014
20.7528	191.964	209.459
20.7586	192.408	213.121
20.7644	197.932	220.382
20.7702	201.508	217.85
20.7761	201.508	216.971
20.7819	214.851	217.097
20.7877	214.727	216.221
20.7935	212.998	215.348
20.7993	214.975
20.8051	210.551
20.8109	207.053
20.8167	202.792
20.8225	201.159
20.8283	200
20.8341	198.849
20.8399	195.432
20.8457	191.632
20.8515	188.557
20.8573	184.357
20.8631	180.876
20.8689	178.18
20.8747	176.643
20.8805	171.614
20.8863	168.764
20.8922	165.673
20.898	165.482
20.9038	163.865
20.9096	162.639
20.9154	161.422
20.9212	159.752
20.927	157.189
20.9328	156.736
20.9386	154.668
20.9444	153.866
20.9502	153.245
20.956	152.362
20.9618	150.786
20.9676	148.453
20.9734
20.9792
20.985
20.9908
20.9966
21.0024
21.0083
21.0141
21.0199
21.0257
21.0315
21.0373
21.0431
21.0489
21.0547
21.0605
21.0663
21.0721
21.0779
21.0837
21.0895
21.0953
21.1011
21.1069
21.1127
21.1185
21.1244
21.1302
21.136
21.1418
21.1476
21.1534
21.1592
21.165
21.1708
21.1766
21.1824
21.1882
21.194
21.1998
21.2056
21.2114
21.2172
21.223
21.2288
21.2346
21.2405
21.2463
21.2521
21.2579
21.2637
21.2695
21.2753
21.2811
21.2869
21.2927
21.2985
21.3043
21.3101
21.3159
21.3217	178.592
21.3275	177.769
21.3333	178.489
21.3391	178.489
21.3449	178.902
21.3507	178.799
21.3566	178.18
21.3624	177.974
21.3682	177.564
21.374	175.22
21.3798	175.423
21.3856	175.423	501.646
21.3914	175.423	494.454
21.3972	175.423	493.028
21.403	175.423	492.175
21.4088	167.598	491.606
21.4146	164.909	497.893
21.4204	165.769	503.097
21.4262	171.119	508.649
21.432	172.21	504.552
21.4378	517.839
21.4436	521.14
21.4494	526.891
21.4552	529.025
21.461	515.749
21.4668	515.452
21.4727	513.372
21.4785	513.372
21.4843	534.246
21.4901	533.629
21.4959	533.321
21.5017	531.783
21.5075	537.651
21.5133	557.255
21.5191	545.786
21.5249	533.629
21.5307	526.586
21.5365	531.476
21.5423	533.321
21.5481	541.704
21.5539	529.943
21.5597	522.345
21.5655	526.586
21.5713	521.742
21.5771	540.766
21.5829	548.315
21.5888	546.733
21.5946	555.006
21.6004	553.086
21.6062	554.045
21.612	537.962
21.6178	540.766
21.6236	533.937
21.6294	525.371
21.6352	526.586
21.641	548.315
21.6468	555.969
21.6526	544.213
21.6584	533.321
21.6642	551.809
21.67	548.948
21.6758	540.141
21.6816
21.6874
21.6932
21.699
21.7049
21.7107
21.7165
21.7223
21.7281
21.7339
21.7397
21.7455
21.7513
21.7571
21.7629
21.7687
21.7745
21.7803
21.7861
21.7919
21.7977
21.8035
21.8093
21.8151
21.821
21.8268
21.8326
21.8384
21.8442
21.85
21.8558
21.8616
21.8674
21.8732
21.879
21.8848
21.8906
21.8964
21.9022
21.908
21.9138
21.9196
21.9254
21.9312
21.9371
21.9429
21.9487
21.9545
21.9603
21.9661
21.9719
21.9777
21.9835
21.9893
21.9951
22.0009
22.0067
22.0125
22.0183
22.0241
22.0299
22.0357
22.0415
22.0473
22.0532
22.059
22.0648
22.0706
22.0764
22.0822
22.088
22.0938
22.0996
22.1054
22.1112
22.117
22.1228
22.1286
22.1344
22.1402
22.146
22.1518
22.1576
22.1634
22.1693
22.1751
22.1809
22.1867
22.1925
22.1983
22.2041
22.2099
22.2157
22.2215
22.2273
22.2331
22.2389
22.2447
22.2505
22.2563
22.2621
22.2679
22.2737
22.2795
22.2854
22.2912
22.297
22.3028
22.3086
22.3144
22.3202
22.326
22.3318
22.3376
22.3434
22.3492
22.355
22.3608
22.3666
22.3724
22.3782
22.384
22.3898	256.389
22.3956	257.131
22.4015	267.895
22.4073	258.919
22.4131	259.369
22.4189	256.241
22.4247	256.241
22.4305	253.591
22.4363	254.031
22.4421	253.152
22.4479	253.298
22.4537	254.031
22.4595	253.591
22.4653	252.276
22.4711	253.298
22.4769	252.86
22.4827	255.06
22.4885	255.355
22.4943	257.28
22.5001	259.219
22.5059	259.369
22.5117	260.57
22.5176	261.474
22.5234	262.231
22.5292	261.474
22.535	261.777
22.5408	262.837
22.5466	270.539
22.5524	258.173
22.5582	259.668
22.564	260.871
22.5698	261.022	267.895
22.5756	267.123	268.205
22.5814	268.67
22.5872	269.447
22.593	270.539
22.5988	271.635
22.6046	271.792
22.6104	271.949
22.6162	271.478
22.622	270.852
22.6278	270.071
22.6336	270.852
22.6395	271.635
22.6453	272.421
22.6511	272.736
22.6569	271.949
22.6627	272.263
22.6685	271.949
22.6743	271.949
22.6801	271.635
22.6859	271.165
22.6917	272.578
22.6975	272.578
22.7033	273.051
22.7091	271.635
22.7149	274.157
22.7207	274.316
22.7265	273.051
22.7323	271.792
22.7381
22.7439
22.7498
22.7556
22.7614
22.7672
22.773
22.7788
22.7846
22.7904
22.7962
22.802
22.8078
22.8136
22.8194
22.8252
22.831
22.8368
22.8426
22.8484
22.8542
22.86
22.8659
22.8717
22.8775
22.8833
22.8891
22.8949
22.9007
22.9065
22.9123
22.9181
22.9239
22.9297
22.9355
22.9413
22.9471
22.9529	633.497
22.9587	616.886
22.9645	620.459
22.9703	624.775
22.9761	616.174	309.514
22.9819	604.19	300.355
22.9878	601.058	302.095
22.9936	587.33	296.049
22.9994	579.244	308.621
23.0052	579.244	309.514
23.011	569.621	309.693
23.0168	567.979	309.335
23.0226	575.907	308.978
23.0284	583.273	309.335
23.0342	582.599	309.156
23.04	581.927	310.23
23.0458	585.636	309.514
23.0516	598.632	310.409
23.0574	594.841	310.051
23.0632	598.978	308.978
23.069	601.752	308.443
23.0748	598.632	309.872
23.0806	601.058	301.572
23.0864	601.752	301.398
23.0922	599.671	299.662
23.098	597.251	298.798
23.1039	597.596	299.143
23.1097	593.811	297.592
23.1155	591.756	295.366
23.1213	605.588	294.344
23.1271	605.588	296.391
23.1329	592.783	299.489
23.1387	606.288	305.605
23.1445	609.8	311.127
23.1503	614.042	310.947
23.1561	610.858	311.127
23.1619	599.324	307.376
23.1677	577.573	297.249
23.1735	598.287	301.921
23.1793	598.287	299.143
23.1851	596.906	298.108
23.1909	598.978	296.734
23.1967	602.448	298.625
23.2025	602.1	301.921
23.2083	593.468	296.905
23.2141	597.251	307.021
23.22	597.251	311.667
23.2258	578.575	299.835
23.2316	295.878
23.2374
23.2432
23.249
23.2548
23.2606
23.2664
23.2722
23.278
23.2838
23.2896
23.2954
23.3012
23.307
23.3128
23.3186
23.3244
23.3302
23.3361
23.3419
23.3477
23.3535
23.3593	304.548
23.3651	304.372
23.3709	307.376
23.3767	309.693
23.3825	312.388
23.3883	311.487
23.3941	310.768
23.3999	307.909
23.4057	307.553
23.4115	307.376
23.4173	307.376
23.4231	307.376
23.4289	307.909
23.4347	308.799
23.4405	308.443
23.4463	310.768
23.4522	310.051
23.458	309.872
23.4638	310.947
23.4696	311.127	1866.81
23.4754	310.768	1865.73
23.4812	310.409	1864.66
23.487	310.588	1865.73
23.4928	310.23	1868.97
23.4986	310.409	1870.05
23.5044	311.667	1870.05
23.5102	310.588	1872.21
23.516	311.487	1875.46
23.5218	311.667	1867.89	277.343
23.5276	310.768	1872.21	276.863
23.5334	312.027	1872.21	279.433
23.5392	312.568	1871.13	282.354
23.545	315.288	1884.14	293.156
23.5508	316.565	1907.14	293.834
23.5566	318.399	1863.58	296.563
23.5624	315.106	1846.43	302.095
23.5683	305.429	1878.71	304.548
23.5741	308.978	1870.05	311.487
23.5799	311.307	1825.23	320.799	670.779
23.5857	313.834	1841.11	323.03	639.748
23.5915	315.106	1877.62	323.03	638.64
23.5973	317.848	322.099	635.329
23.6031	308.265	320.244	634.229
23.6089	310.051	315.106	630.94
23.6147	311.127	314.016	635.696
23.6205	323.778	316.383	633.131
23.6263	307.021	311.667	624.054
23.6321	304.548	305.605	609.096
23.6379	298.798	304.196	606.288
23.6437	301.746	604.54
23.6495	299.316	597.941
23.6553	297.249	593.811
23.6611	295.025	589.709
23.6669	291.131	581.255
23.6727	287.289	575.242
23.6785	282.354	563.079
23.6844	278.627	556.933
23.6902	275.268	553.406
23.696	270.071	540.141
23.7018	263.598	532.09
23.7076	259.668	523.553
23.7134	254.031	519.937
23.7192	245.378	519.937
23.725	242.98	542.016
23.7308	259.969	547.998
23.7366	252.13	549.9
23.7424	245.803	541.704
23.7482	237.567	553.725
23.754	252.422	550.218
23.7598	245.661	543.27
23.7656	245.094
23.7714	240.05
23.7772
23.783
23.7888
23.7946
23.8005
23.8063
23.8121
23.8179
23.8237
23.8295
23.8353
23.8411
23.8469
23.8527
23.8585
23.8643
23.8701
23.8759
23.8817
23.8875
23.8933
23.8991
23.9049
23.9107
23.9166
23.9224
23.9282
23.934
23.9398
23.9456
23.9514
23.9572
23.963
23.9688
23.9746
23.9804
23.9862
23.992
23.9978
24.0036
24.0094
24.0152
24.021
24.0268
24.0327
24.0385
24.0443
24.0501
24.0559
24.0617
24.0675
24.0733
24.0791
24.0849
24.0907
24.0965
24.1023
24.1081
24.1139
24.1197
24.1255
24.1313	489.905
24.1371	476.234
24.1429	465.357
24.1488	466.433
24.1546	472.125
24.1604	473.764
24.1662	474.312
24.172	474.312
24.1778	475.684
24.1836	473.491
24.1894	472.944
24.1952	472.398
24.201	471.853
24.2068	470.764
24.2126	469.406
24.2184	467.512
24.2242	466.433
24.23	466.164
24.2358	465.895
24.2416	465.357
24.2474	465.357
24.2532	465.357
24.259	465.357
24.2649	465.088
24.2707	463.211
24.2765	461.609
24.2823	459.48
24.2881	456.834
24.2939	451.326
24.2997	445.37
24.3055	436.204
24.3113	434.946
24.3171	437.719
24.3229	443.316	268.826
24.3287	444.856	268.05
24.3345	271.322
24.3403	270.852
24.3461	269.915
24.3519	270.071
24.3577	271.322
24.3635	271.792
24.3693	271.165
24.3751	267.432
24.381	262.079
24.3868	257.875
24.3926	251.549
24.3984	244.67
24.4042	243.261
24.41	241.999
24.4158	239.358
24.4216	237.567
24.4274	235.654
24.4332	235.79
24.439	235.382
24.4448	235.654
24.4506	236.063
24.4564	236.336
24.4622	236.609
24.468	236.609
24.4738	237.705
24.4796	237.293
24.4854	237.019	472.671
24.4912	237.293	474.586
24.4971	238.53	477.887
24.5029	237.705	475.135
24.5087	237.705	476.509
24.5145	239.635	478.163
24.5203	240.328	478.163
24.5261	241.302	482.882
24.5319	241.58	483.161
24.5377	240.884	480.933
24.5435	242.419	485.118
24.5493	244.67	487.365
24.5551	244.811	485.118
24.5609	245.378	489.057
24.5667	246.372	494.169
24.5725	249.234	499.622
24.5783	250.244	500.778
24.5841	251.549	501.936
24.5899	253.298	506.596
24.5957	253.152	505.719
24.6015	254.031	506.889
24.6073	255.946	512.779
24.6132	256.834	512.779
24.619	254.178	508.943
24.6248	252.714	505.719
24.6306	253.006	504.844
24.6364	256.093	505.427
24.6422	255.207	508.062
24.648	254.471
24.6538	246.514
24.6596	252.86
24.6654	254.471
24.6712	254.618
24.677
24.6828
24.6886
24.6944
24.7002
24.706
24.7118
24.7176
24.7234
24.7293	273.841
24.7351	273.367
24.7409	272.736
24.7467	289.622
24.7525	274.316
24.7583	273.999
24.7641	274.157
24.7699	273.683
24.7757	272.893
24.7815	272.893
24.7873	272.106
24.7931	270.539
24.7989	269.447
24.8047	267.277
24.8105	264.207
24.8163	260.72
24.8221	259.069
24.8279	257.28
24.8337	255.946
24.8395	257.28
24.8454	257.28
24.8512	258.621
24.857	259.818
24.8628	259.969
24.8686	258.471
24.8744	259.219
24.8802	259.969
24.886	261.173
24.8918	259.969
24.8976	261.323
24.9034	261.173
24.9092	260.871
24.915	261.323
24.9208	260.871
24.9266	262.231
24.9324	262.382
24.9382	261.928
24.944	259.969
24.9498
24.9556
24.9615	261.928
24.9673	261.323
24.9731	262.079
24.9789	261.474
24.9847	261.474
24.9905	260.419
24.9963	260.419
25.0021	259.818
25.0079	259.069
25.0137	258.77
25.0195	258.77
25.0253	257.875
25.0311	256.093
25.0369	255.65
25.0427	261.626
25.0485	252.422
25.0543	257.726
25.0601	249.811
25.0659	254.618
25.0717	254.031
25.0776	245.661
25.0834	263.902
25.0892	275.586
25.095	259.668
25.1008	255.946
25.1066	253.445
25.1124
25.1182
25.124
25.1298
25.1356
25.1414
25.1472	217.473
25.153	232.813
25.1588	231.472
25.1646	232.141
25.1704	230.804
25.1762	232.544
25.182	232.544
25.1878	230.671
25.1937	229.74
25.1995	229.342
25.2053	228.417
25.2111	227.364
25.2169	227.101
25.2227	226.054
25.2285	225.142
25.2343	224.493
25.2401	223.716
25.2459	221.914
25.2517	222.299
25.2575	221.402
25.2633	221.274
25.2691	220.636
25.2749	222.043
25.2807	222.685
25.2865	223.458
25.2923	223.846
25.2981	225.663
25.3039	226.054
25.3097	228.285	730.223
25.3156	230.405	695.236
25.3214	233.217	701.286
25.3272	235.382	706.164
25.333	236.336	710.665
25.3388	239.496	713.957
25.3446	237.156	713.133
25.3504	236.472	714.369
25.3562	234.026	705.349
25.362	239.358	710.665
25.3678	228.549	684.082
25.3736	234.974	721.002
25.3794	238.668	719.338
25.3852	717.678
25.391	706.98
25.3968	704.942
25.4026	722.253
25.4084	694.033
25.4142	686.854
25.42	692.031
25.4258
25.4317
25.4375
25.4433
25.4491
25.4549
25.4607
25.4665
25.4723
25.4781
25.4839
25.4897
25.4955
25.5013
25.5071
25.5129
25.5187
25.5245
25.5303
25.5361
25.542
25.5478
25.5536
25.5594
25.5652
25.571
25.5768
25.5826
25.5884
25.5942
25.6
25.6058
25.6116
25.6174
25.6232
25.629
25.6348
25.6406
25.6464
25.6522
25.658
25.6639
25.6697
25.6755
25.6813
25.6871
25.6929
25.6987
25.7045
25.7103
25.7161
25.7219
25.7277
25.7335
25.7393
25.7451
25.7509
25.7567
25.7625
25.7683
25.7741
25.78
25.7858
25.7916
25.7974
25.8032
25.809
25.8148
25.8206
25.8264
25.8322
25.838
25.8438
25.8496
25.8554
25.8612
25.867
25.8728
25.8786
25.8844
25.8902
25.8961
25.9019
25.9077
25.9135
25.9193
25.9251
25.9309
25.9367
25.9425
25.9483
25.9541
25.9599
25.9657
25.9715
25.9773
25.9831
25.9889
25.9947
26.0005
26.0063
26.0122
26.018
26.0238
26.0296
26.0354
26.0412
26.047
26.0528
26.0586
26.0644
26.0702
26.076
26.0818
26.0876
26.0934
26.0992
26.105
26.1108
26.1166
26.1224
26.1283
26.1341
26.1399
26.1457
26.1515
26.1573
26.1631
26.1689
26.1747	611.211
26.1805	618.67
26.1863	634.595
26.1921	624.414
26.1979	619.743
26.2037	614.042
26.2095	634.229
26.2153	638.64
26.2211	642.711
26.2269	640.117
26.2327	644.57
26.2385	643.454
26.2444	645.688
26.2502	640.117
26.256	636.798
26.2618	640.857
26.2676	635.329
26.2734	637.903
26.2792	644.57
26.285	644.57
26.2908	614.752
26.2966	605.588
26.3024	636.063
26.3082
26.314
26.3198
26.3256
26.3314
26.3372
26.343
26.3488	212.016
26.3546	217.976
26.3605	217.222
26.3663	215.099
26.3721	214.479
26.3779	213.737
26.3837	211.526
26.3895	210.187
26.3953	209.097
26.4011	209.459
26.4069	205.386
26.4127	202.91
26.4185	209.701
26.4243	203.732
26.4301	203.967
26.4359	202.675
26.4417
26.4475
26.4533
26.4591
26.4649
26.4707
26.4766
26.4824
26.4882
26.494
26.4998
26.5056	200.927
26.5114	201.624
26.5172	201.741
26.523	203.614
26.5288	204.439
26.5346	205.386
26.5404	203.496
26.5462	204.085
26.552	204.794
26.5578	204.557
26.5636	204.794
26.5694	206.099
26.5752	207.892
26.581	208.976
26.5868	210.187
26.5927	211.404
26.5985	211.771
26.6043	212.016
26.6101	211.526
26.6159	211.282
26.6217	210.065
26.6275	208.614
26.6333	207.173
26.6391	205.623
26.6449	202.441
26.6507	200
26.6565	199.193
26.6623	197.361
26.6681	195.32
26.6739	193.076
26.6797	191.742
26.6855	191.853
26.6913	194.756
26.6971	197.019
26.7029	199.309
26.7088	197.589
26.7146	200.116
26.7204	197.818
26.7262	202.091
26.732	206.814
26.7378	211.526
26.7436	213.244
26.7494	215.224
26.7552	223.458
26.761	223.975
26.7668	222.685
26.7726	218.859
26.7784	216.096	714.369
26.7842	213.984	669.231
26.79	210.794	635.696
26.7958	213.121	642.34
26.8016	218.859	643.826
26.8074	212.752	633.131
26.8132	211.282	632.765
26.819	211.282	625.136
26.8249	211.526	626.22
26.8307	212.383	634.229
26.8365	213.367	640.117
26.8423	213.244	639.009
26.8481	214.355	640.487
26.8539	214.603	642.711
26.8597	213.737	642.711
26.8655	213.614	640.857
26.8713	212.138	641.228
26.8771	211.893	638.271
26.8829	211.16	634.595
26.8887	211.648	634.962
26.8945	211.648	630.576
26.9003	210.673	628.031
26.9061	210.551	632.765
26.9119	209.097	624.054
26.9177	213.614	628.031
26.9235	211.404	639.379
26.9293	222.299	640.117
26.9351	229.21	625.497
26.941	219.873	616.886
26.9468	213.861	633.863	407.699
26.9526	203.379	622.613	420.859
26.9584	213.984	625.136	402.086
26.9642	202.091	638.271	409.824
26.97	204.557	635.696	409.587
26.9758	202.792	647.555	400.232
26.9816	202.91	652.06	400.695
26.9874	201.275	647.181	398.847
26.9932	204.557	626.944	400.926
26.999	198.963	638.64	398.157
27.0048	199.539	625.859	399.77
27.0106	198.963	624.054	399.77
27.0164	200.463	625.859	400.001
27.0222	201.974	606.288	400.926
27.028	202.091	403.948
27.0338	200.927	406.993
27.0396	202.441	408.878
27.0454	205.742	408.642
27.0512	203.967	405.117
27.0571	204.557	396.092
27.0629	203.144	400.001
27.0687	204.439	386.599
27.0745	202.792	395.864
27.0803	204.321	397.467
27.0861	204.439	391.995
27.0919	204.439	403.249
27.0977	204.439	387.717
27.1035	206.934	395.864
27.1093	214.231	396.321
27.1151	204.203	397.467
27.1209	201.624	402.318
27.1267	202.675	413.629
27.1325	202.91	394.266
27.1383	204.557	398.617
27.1441	213.737
27.1499	218.48
27.1557	220.764
27.1615	216.971
27.1673
27.1732
27.179
27.1848
27.1906
27.1964
27.2022
27.208
27.2138
27.2196
27.2254
27.2312
27.237
27.2428
27.2486
27.2544
27.2602
27.266
27.2718
27.2776	205.386
27.2834	208.012
27.2893	209.823
27.2951	224.234
27.3009	226.708
27.3067	229.078
27.3125	227.101
27.3183	223.071
27.3241	219.239
27.3299	219.112
27.3357	216.971
27.3415	215.846
27.3473	215.597
27.3531	214.851
27.3589	216.221
27.3647	213.367
27.3705	211.771
27.3763	210.429
27.3821	209.338
27.3879	208.735
27.3937	208.614
27.3995	208.494
27.4054	209.217	421.589
27.4112	209.944	422.564
27.417	211.038	421.833
27.4228	211.038	421.102
27.4286	211.038	422.32
27.4344	211.526	422.076
27.4402	211.404	422.076
27.446	211.282	420.373
27.4518	211.16	421.345
27.4576	210.916	421.833
27.4634	210.794	421.102
27.4692	210.916	422.076
27.475	210.673	421.589
27.4808	210.794	420.616
27.4866	211.893	424.767
27.4924	213.244	426.734
27.4982	214.355	430.696
27.504	214.603	431.443
27.5098	216.345	434.946
27.5156	217.222	435.701	232.275
27.5215	217.222	434.695	216.345
27.5273	216.846	432.941	216.345
27.5331	215.472	429.454	229.608
27.5389	212.752	424.521	214.975
27.5447	210.794	420.616	212.998
27.5505	210.794	421.102	212.875
27.5563	213.121	419.645	211.771
27.5621	214.975	428.215	213.861
27.5679	216.971	433.942	216.345
27.5737	218.102	434.946	217.85
27.5795	218.733	438.224	219.366
27.5853	219.492	438.985	220.382
27.5911	220	439.492	220.636
27.5969	218.986	437.466	219.492
27.6027	434.193	216.345
27.6085	427.474	214.231
27.6143	420.373	210.794
27.6201	413.868	208.253
27.6259	408.878	206.934
27.6317	408.642	206.576
27.6376	411.009	205.03
27.6434	204.557	406.288
27.6492	206.814	410.297
27.655	206.814	410.061
27.6608	207.293	413.39
27.6666	209.459	418.193
27.6724	212.752	426.734
27.6782	217.473	435.197
27.684	223.587	444.599
27.6898	227.627	466.703
27.6956	234.703	482.882
27.7014	239.082	483.161
27.7072	242.699	482.882
27.713	489.905	247.084
27.7188	494.454	246.229
27.7246	494.74	244.529
27.7304	493.883	245.378
27.7362	491.039	245.803
27.742	491.89	244.953
27.7478	491.039	244.246
27.7537	488.211	243.401
27.7595	485.118	241.86
27.7653	482.324	240.606
27.7711	482.324	239.496
27.7769	479.823	238.668
27.7827	477.336	237.979
27.7885	473.491	236.745
27.7943	472.944	236.745
27.8001	473.491	236.882
27.8059	473.491	237.156
27.8117	473.218	237.979
27.8175	474.312	238.117
27.8233	474.038	237.842
27.8291	474.86	237.979
27.8349	474.312	237.705
27.8407	474.586	237.705
27.8465	473.764	237.019
27.8523	472.125	236.199
27.8581	469.949	235.11
27.8639	468.323	233.756
27.8698	464.283	232.275
27.8756	459.215	230.139
27.8814	461.609	231.472
27.8872	455.517	226.054
27.893	462.676	232.678
27.8988	474.312	238.392
27.9046	478.163	234.297
27.9104	481.767	232.41
27.9162	497.319	230.272
27.922	501.357	224.493
27.9278	510.415	228.285
27.9336	480.101
27.9394
27.9452
27.951
27.9568
27.9626
27.9684
27.9742
27.98
27.9858
27.9917
27.9975
28.0033
28.0091
28.0149
28.0207
28.0265
28.0323
28.0381
28.0439
28.0497
28.0555
28.0613
28.0671
28.0729
28.0787
28.0845
28.0903
28.0961
28.1019
28.1078
28.1136
28.1194
28.1252
28.131
28.1368
28.1426
28.1484
28.1542
28.16
28.1658
28.1716
28.1774
28.1832
28.189
28.1948
28.2006
28.2064
28.2122
28.2181
28.2239
28.2297
28.2355
28.2413
28.2471
28.2529
28.2587
28.2645
28.2703
28.2761
28.2819
28.2877
28.2935
28.2993
28.3051
28.3109
28.3167
28.3225
28.3283
28.3341
28.34
28.3458
28.3516
28.3574
28.3632
28.369
28.3748
28.3806
28.3864
28.3922
28.398
28.4038
28.4096
28.4154
28.4212
28.427
28.4328
28.4386
28.4444
28.4502
28.4561
28.4619
28.4677
28.4735
28.4793
28.4851
28.4909
28.4967
28.5025
28.5083
28.5141
28.5199
28.5257
28.5315
28.5373
28.5431
28.5489
28.5547
28.5605
28.5663
28.5722
28.578
28.5838
28.5896
28.5954
28.6012
28.607
28.6128
28.6186
28.6244
28.6302
28.636
28.6418
28.6476
28.6534
28.6592
28.665
28.6708
28.6766
28.6824
28.6883
28.6941
28.6999
28.7057
28.7115
28.7173
28.7231
28.7289
28.7347
28.7405
28.7463
28.7521
28.7579
28.7637
28.7695
28.7753
28.7811
28.7869
28.7927
28.7985
28.8044
28.8102
28.816
28.8218
28.8276
28.8334
28.8392
28.845
28.8508
28.8566
28.8624
28.8682
28.874
28.8798
28.8856
28.8914
28.8972
28.903
28.9088
28.9146
28.9205
28.9263
28.9321
28.9379
28.9437
28.9495
28.9553
28.9611
28.9669
28.9727
28.9785
28.9843
28.9901
28.9959
29.0017
29.0075
29.0133
29.0191
29.0249
29.0307
29.0366
29.0424
29.0482
29.054
29.0598
29.0656
29.0714
29.0772
29.083
29.0888
29.0946
29.1004
29.1062
29.112
29.1178	242.699
29.1236	246.229
29.1294	232.275
29.1352	219.239
29.141	222.685
29.1468	221.914
29.1527	230.272
29.1585	220.382
29.1643	223.587
29.1701	221.147
29.1759	217.976
29.1817	213.121
29.1875	205.98
29.1933	203.614
29.1991	212.138
29.2049	223.458
29.2107	224.493
29.2165	222.556
29.2223	225.533
29.2281	233.351
29.2339	231.873
29.2397	230.006
29.2455	220
29.2513	221.019
29.2571	229.078
29.2629	227.89
29.2688	228.285
29.2746	228.022
29.2804	218.733
29.2862	218.733
29.292	218.733	235.246
29.2978	218.733	236.609
29.3036	218.607	237.979
29.3094	237.293
29.3152	238.53
29.321	238.255
29.3268	236.882
29.3326	235.926
29.3384	234.297
29.3442	231.071
29.35	228.681
29.3558	227.495
29.3616	227.495
29.3674	231.606
29.3732	231.205
29.379	231.205
29.3849	232.007
29.3907	231.739
29.3965	228.681
29.4023	238.255
29.4081	235.11
29.4139	234.568
29.4197
29.4255
29.4313
29.4371
29.4429
29.4487
29.4545
29.4603
29.4661
29.4719
29.4777
29.4835
29.4893
29.4951
29.501
29.5068
29.5126
29.5184
29.5242
29.53
29.5358
29.5416
29.5474
29.5532
29.559
29.5648
29.5706
29.5764
29.5822
29.588
29.5938
29.5996
29.6054
29.6112
29.6171
29.6229
29.6287
29.6345
29.6403
29.6461
29.6519
29.6577
29.6635
29.6693
29.6751
29.6809
29.6867
29.6925
29.6983
29.7041
29.7099
29.7157
29.7215
29.7273
29.7332
29.739
29.7448
29.7506
29.7564
29.7622
29.768
29.7738
29.7796
29.7854
29.7912
29.797
29.8028
29.8086
29.8144
29.8202
29.826
29.8318
29.8376
29.8434
29.8493
29.8551
29.8609
29.8667
29.8725
29.8783
29.8841
29.8899
29.8957
29.9015
29.9073
29.9131
