0.400544	0.563084	1909.34	45.3024
0.772063	1.05651	1898.34	233.357
1.2771	1.7473	1716.82	207.711
1.84018	2.04916	3362.98	126.141
1.93306	2.20009	2047.56	235.891
2.4439	2.61224	1938.23	172.074
2.82703	2.92571	3220.4	102.475
3.26821	3.46558	2649.23	171.149
3.47138	3.79066	2902.39	58.9023
4.4176	4.85878	2447.67	245.568
5.09678	5.41605	3546.53	91.981
5.20127	5.36961	6557.18	102.692
5.32317	5.52635	2099.06	42.2118
5.47991	5.73533	2590.22	84.2136
5.61923	6.06621	2310.29	633.958
5.71211	5.96753	4827.94	391.663
6.37968	6.6351	2541.32	496.122
6.40871	6.61188	5085.57	339.621
6.77442	7.03565	2887.34	259.593
7.03565	7.3317	2850.88	68.6795
7.74966	8.05732	3701.41	289.408
7.77288	7.96444	7575.86	70.788
8.06313	8.21406	1267.73	117.503
8.12118	8.44626	3878.71	144.137
8.2605	8.44045	6196.31	177.233
8.4927	8.65524	1457.08	92.6522
8.52753	8.64943	1457.08	75.455
8.75973	9.17769	1649.74	715.242
9.00354	9.15447	3284.28	180.203
9.28218	9.63628	1422.15	650.82
9.64209	10.1123	1367.37	73.2795
10.4374	10.6522	960.201	117.148
10.5244	10.8031	2000.8	43.2033
11.1166	11.1978	951.368	118.877
11.4184	11.8364	3001.27	62.6008
11.5461	11.8132	1881.97	36.7485
11.9351	12.3298	1666.99	269.057
12.0105	12.144	818.228	62.4128
13.1599	13.2644	1836.86	200.716
13.9436	14.4602	1393.69	236.925
14.9362	15.0581	1887.41	95.7125
16.3236	16.6255	1023.19	671.74
16.3585	16.6139	2038.12	443.553
17.8736	18.0709	1648.79	101.258
17.9781	18.2625	2145.64	955.204
18.2625	18.4424	1853.92	865.498
18.4424	18.5818	1714.84	476.914
18.576	18.7907	3618.96	232.638
18.5818	18.7849	1793.87	249.709
18.7849	18.9997	1696.12	255.364
19.0926	19.2958	1384.06	259.258
19.3596	19.4699	1400.95	155.708
19.4235	19.8531	1725.77	424.403
19.9227	20.0853	3282.38	137.143
19.9982	20.3	1429.56	212.736
20.2072	20.4974	2844.3	50.6467
21.4494	21.5655	2483.27	204.949
22.326	22.4537	1684.41	54.3327
22.6975	22.9761	2884.01	52.3573
24.201	24.3693	1842.17	172.031
24.6422	25.1356	1409.88	124.934
26.0934	26.256	3735.78	38.0047
26.7088	26.8423	1953.97	49.2642
26.7552	26.8423	2103.91	78.4404
28.7869	28.9611	3168.74	314.968
28.8972	29.4429	2533.99	821.258
29.1294	29.4255	5094.39	323.857
29.5126	29.9712	2855.83	370.108
29.7622	29.977	4528.11	81.7222
29.7622	29.977	4528.11	81.7222
